144.5,28.5,24,29
143.18545899228093,28.861411688225758,23.93458776800162,29.154806618894554
143.82436843005942,29.404203599158123,23.852391217388163,29.109576095217076
144.50612804344664,30.463636850752007,23.818301855497193,29.060760308429458
144.40172368316365,30.621488343226865,23.868835225134806,29.079270937943544
144.67862433733816,30.086847919587875,23.83951467688331,29.097143971195653
145.113570177326,30.79740364829665,23.805322733979622,29.096349567572958
144.41912470185343,30.61925087948542,23.830841120608955,29.15547698577441
144.7903418600308,30.55733989287541,23.802275541474998,29.159359356082962
144.68272560117617,30.42321046096034,23.780504509250825,29.187015056074717
143.76474484625942,29.66065242491848,23.778889748980898,29.159151658859113
142.76669538916462,29.472844026560345,23.769158852074284,29.240376406262794
141.68482972771616,28.854466360497366,23.77690458117541,29.231415881836632
140.28884390023975,28.52480203852214,23.802603691267397,29.275023061629977
138.97457532055753,27.670512197217107,23.769699762909045,29.219653826851125
138.81153750989495,27.370504883491247,23.737903553770835,29.130701822413506
138.2874938979285,27.26614131839267,23.738651099893044,29.22181557742374
137.06252759535326,26.991634596136528,23.733323905086266,29.26637798548278
137.85241760324286,26.58061779239686,23.60875469424632,29.137084030629957
137.21979399439167,25.80176646707541,23.54736976988176,29.029628767111177
136.47649157128683,26.354545581980044,23.580096571009324,29.08794921657742
136.29563354691274,25.888501498582364,23.501726910662537,28.99888846331358
136.30569753861352,25.949927576857725,23.500685396225748,28.988217277372048
136.17206984582091,25.996156421044354,23.531660519340722,28.994996636134616
136.38594597393822,26.228129342756517,23.57391174878576,29.042515626923546
136.47321216286693,26.404035800974277,23.636396346807988,29.027459327318848
137.55286246031787,26.917414276596148,23.586350588942228,29.09287499875577
138.4577954554821,26.94889355401019,23.51665078590013,29.122856148584287
139.4922923383391,27.425967560391488,23.404084236716017,29.265263964869852
140.18660132419424,27.347835445418532,23.273159078878997,29.278301973611956
141.46085938335605,28.400819444785974,23.221242634780246,29.41656591419287
142.06737521565498,28.017686888103707,23.176743699331297,29.423578240921053
142.810994360705,28.72574433679739,23.165902923574468,29.4428298548786
144.5033776809574,29.637897916342865,23.13002444186787,29.46553092408965
145.1639249628334,29.79513660823904,23.13469918334508,29.48590000707701
145.63650619125423,28.80742187762353,23.17469123604783,29.55853153091484
146.37443115756994,29.79014625923174,23.15498968941797,29.500583273145807
148.01180383704022,29.836624054593592,23.070696429323846,29.48531060967296
147.85564363629547,29.400052156431524,23.022422498595155,29.47678345415384
149.58914707638996,30.26112072209697,22.874560105787143,29.463009617424387
150.3020008066292,30.18417650031918,22.81241975918507,29.507761047425397
150.98577505361004,30.120088142111086,22.824945885470214,29.49585662642284
152.4698174515716,30.33335299421794,22.73214194663328,29.390391513616905
153.4187024328249,29.835167351694857,22.71356648218884,29.43048292481511
154.29104078707684,30.55538300025843,22.68395036538265,29.38293135219053
155.23264534853047,30.32497186368694,22.72041623503676,29.383720029771528
156.25877301232134,29.85436294226146,22.812215081878225,29.533141963217734
156.7677317202178,29.96859391799407,22.86482593489937,29.615219227555652
158.76835340899834,30.48127059009459,22.737853473323383,29.643188079361394
159.928285417766,31.266038984393543,22.696577512352427,29.613464690078366
161.3781995774194,31.36070586818561,22.718922931525224,29.651117777762707
161.89529064651717,31.542964398728365,22.773796689135064,29.690381564465053
163.88070110925676,31.90858720810263,22.754595388747422,29.68734913674893
164.83881618123394,31.29265634505598,22.709905910419586,29.671867084232
165.80872357311074,31.865667016854918,22.685581515536235,29.65576920350187
167.04487431002107,31.56743531896449,22.708196242353385,29.59995101692723
168.36449399743526,32.46899971846246,22.775105730363734,29.697390226354127
168.11906620425526,32.20096849489772,23.03921501090044,29.982276882458443
169.70050701345002,32.24508722991715,23.13701192225027,30.084315811674408
170.4090120986485,33.23094063268577,23.210858876181934,30.18183813211371
170.46899903337487,33.47413353198766,23.24556274050816,30.256175221025952
170.65952754600724,32.985373313916426,23.338100559584664,30.296830804263152
170.65715141459307,33.24971885354919,23.45434287088113,30.448479061392884
169.35054519887694,33.25877559549397,23.60744821422443,30.609933749004476
168.7381104797718,32.89746186343611,23.6078235528177,30.532005209072825
167.7715299692689,32.73686335376323,23.581627550584347,30.553485904804443
165.99868457147286,32.46955803581072,23.726015531692767,30.665259253521892
164.18029596393916,32.49646667701733,23.719177024103928,30.693115406975508
162.7151328224142,31.949690564694688,23.769835309793596,30.712798403257757
160.07069701949436,31.912594464576344,23.568473017470442,30.72805484204272
159.30198888324017,39.57083752699575,23.330964773301005,29.360762671671676
157.4768062330095,30.995876553833373,23.499596036363016,29.40635646247886
154.6442142677224,30.604215302385967,23.460124796496576,29.701071350141206
153.98698287002543,30.927029413158728,23.33164592624107,29.569123288641304
152.25069531754454,29.835430205744494,23.391729709639154,29.560832483804248
151.73026194828108,29.309468322421964,23.410291555626063,29.62542992646325
150.66562382921597,28.453766020842068,23.444655741601782,29.665174702390686
150.09235628882553,27.91922577008909,23.545532710810416,29.80604798524964
149.93849886449408,27.995990734867128,23.548329806730514,29.743827960745744
149.91333780523854,27.598201497246947,23.528049500798826,29.80152787496621
150.29142305729917,27.777038441398275,23.521736899204413,29.980472994250988
151.45020380381334,26.74367308694257,23.505790882784364,30.087478204009262
152.26147931923438,26.80749911529458,23.58825610732101,30.232765292870276
152.31004076255533,27.480465522659117,23.628733106142843,30.25214553127231
153.59924413647,27.147974594653256,23.5071456541967,30.150719778298125
154.8759405292053,26.78213588422438,23.364105098798074,30.085208559515063
155.35417096388278,27.227549367793863,23.45362396767859,30.184694705111852
156.9594891905321,28.25496584989845,23.49127900684211,30.351472287014737
158.26608376880904,28.21726939248222,23.519521420341306,30.308624472872857
158.02993568343095,28.3215716764295,23.559308735039366,30.26293504536869
159.25169152444707,28.31714633412956,23.58447290482905,30.277278555495315
158.45289029915162,28.412917726577817,23.585964296231133,30.298654394880682
158.75193829597808,28.52220683543849,23.565971666092157,30.379091043511426
159.42764552650647,28.682482618514932,23.369045530154402,30.43539696670599
159.0808324488909,29.09191319584198,23.15442004220468,30.327824204595693
158.9301289410057,28.928290926231178,22.99809184731793,30.466618079535447
159.74976787887564,28.55815195072273,22.904796093999302,30.46657528842206
158.93420326872572,27.840783231368054,22.89557592617659,30.373818892635875
158.956442088655,27.996669074568562,22.910985624747774,30.37529536373608
158.95385977802397,27.23327008172788,22.915014959716807,30.47969597431063
158.75144947371575,27.15020195484921,22.931994164848923,30.487346130016903
158.5522194678171,27.212647240802703,22.82078570721715,30.164023544717466
158.8982625660592,26.610423993335722,22.674840598741845,29.980745640084777
158.97963307045566,26.561852294932837,22.462937086617053,29.75235239839224
159.1928764379461,27.950413737459556,22.320915754000897,29.57312298982501
159.2405405040279,27.983423570357775,22.226856072706518,29.442344091924745
160.3224596637809,27.601205740455942,22.149622109966312,29.38206634278142
160.37015122559794,28.2650872380053,22.09848893444636,29.361132561778778
160.28162353694563,27.733642589716695,22.2422835155319,29.468007523200495
159.65148686800555,27.85780368898436,22.361880474208267,29.587946423526855
160.6623078659224,27.731452383189517,22.490682747554814,29.736697104116793
160.0745373051289,27.05218615882884,22.578502163705128,29.773751066777056
160.5592004512732,27.693893764141237,22.687838028475234,29.95209232397147
160.04870580934102,27.10478254579045,22.8090041235579,30.05899124668836
160.36027494606643,27.348275898613394,22.69131180729089,29.988510831478262
160.65338941065116,27.80443235017526,22.523095646151578,29.809379524156842
160.30060430653538,27.538546885498093,22.546838428426426,29.799009015980662
159.83406737075157,28.865360575393698,22.55981381643159,29.795013613270747
160.49757045730934,28.002289036261903,22.577190048597096,29.837844752294835
160.13259450438505,28.23940593857622,22.457838470482645,29.85118144207958
160.83593606393083,28.74847472360777,22.32958891271616,29.765045581954528
160.21727901022982,28.68844022669479,22.304909731124404,29.789331856227967
160.85189317865948,29.09646533379031,22.328756121323455,29.93778451307346
161.25525488468367,29.116723047846392,22.311288030300926,30.01921984544504
161.91251583182552,29.361585265360237,22.32388191017189,30.07145094106081
161.30881805295468,29.715881322427347,22.389464428133927,30.07547658186281
161.0869783618647,29.105229420863232,22.373361239713322,29.923074640247687
161.8958380956972,29.401841376048772,22.283749772803677,29.800456520491696
160.98859806153345,28.82719337667607,22.353954748052544,29.874635765658912
161.07067631512064,28.7338882301174,22.262009983279302,29.789597115352027
160.53805955161374,29.008542490479023,22.043293777512623,29.873026708032103
160.7844521158569,29.261687230530722,21.849748195086853,29.9104983024717
160.78013601959304,28.321448387328203,21.775130535553334,30.05342906810037
160.4052455325319,28.42653527755668,21.664584265870683,30.087739384408934
159.93792515551968,28.324958001171574,21.64892563768536,30.11997705204159
160.8502748409316,28.460997928846947,21.62078560066275,30.150223965327548
160.3651117085813,28.76041498510937,21.730620470366716,30.13657824162716
159.71445068595423,29.356107826279437,21.820007233867347,30.09930048756309
160.29268617241658,29.073659839677823,21.830912063936413,30.096615820450307
159.77372224898525,28.819261660796272,21.80499713736159,30.047054701025303
160.38331782374902,29.728748741541825,21.59134051751999,30.1418030546404
159.91903898929846,29.667637966480633,21.524138520455107,29.90756912967085
159.99587623619465,29.222659906788728,21.571814447376163,29.773737392952665
160.58587492437667,29.875832582959834,21.351296641400904,29.675854278922223
161.0660845949211,29.938423689787037,21.27609508614725,29.706844519624962
161.7842394026955,29.859307062751782,21.225820912950805,29.83444223239053
160.1607192748881,29.67929703461436,20.93884598988521,30.027069870876865
161.51822227018775,29.59850295915341,20.937793971148682,30.025520302763617
162.62929266251754,29.490698336851047,20.96439648215864,30.13806522638684
161.40027533085106,29.341946644822393,20.967618380370162,30.276362681999284
162.6372556911249,28.827424930423646,20.978710960680043,30.447969751868104
162.53011345183953,28.78787663392977,20.9528089267805,30.569039935706687
162.5279219855474,28.316305723397875,20.87423541861795,30.7274484613298
161.9818756361172,27.721375304723626,20.887230250466335,30.837062730952162
161.76499243086047,28.01148438475848,20.946841228993943,30.926887204892772
160.80548070311062,27.767560078130238,21.032655408294335,30.87863930487792
160.87861262991038,27.297735929019133,20.99686640195192,30.8942978303035
160.6483090515926,27.758752407849016,21.06228454153007,30.88380478486755
160.4349347527193,27.338410909748777,21.066906369257143,30.90229344322318
161.1156947902295,28.35263228365844,20.9800186289459,31.000091425689497
160.72270070057243,28.014272523178697,21.042800884225922,31.016790654843717
160.21979817662705,27.630440471062705,21.082441581607046,30.94990682215935
160.67860331334404,27.10928708095981,21.1199835217465,31.045839484037042
160.3026540809072,27.328253371069295,21.172191942694006,31.150985683992335
160.36817851273364,27.2864960431547,21.159288105307663,31.153417049542607
160.55468153583027,26.895830649302876,21.09856721417233,31.246079824627238
160.89339287996947,26.91436130546542,21.066116075404878,31.332155151897183
161.33402272428086,26.70193339993665,21.00900098860396,31.393299844256603
161.1760743410498,28.29892731131826,20.884339559951982,31.407859136819308
161.23601246249203,27.087522229195535,20.81005469378939,31.355462449105527
161.55363236691213,28.25499153469636,20.712450449753245,31.412402919829958
160.42864643015542,28.18496775997049,20.77638812069095,31.355299374606634
161.35201852969675,28.0044148738833,20.788844756836284,31.286666386786504
159.92372720953142,28.19875259495234,20.905490568553677,31.105861413145707
158.60962503769974,27.993034825035558,20.612594534180502,31.089473498837645
159.67522706124686,27.26736402306569,20.616664182078345,30.806870329103376
160.03282488275448,27.53824573598417,20.549535655800447,30.505326585721473
159.47549136072735,28.28224232645499,20.542351017191795,30.237172739267745
158.74695356516423,28.042846453096892,20.43399036430706,30.004524757247072
159.0727184933979,28.011450733739263,20.26529273101668,29.761812708375352
158.6848865474958,28.55983658570824,20.14236641572095,29.638491367119737
158.79964765807267,28.392843766053083,20.1041938648582,29.63210667919579
158.73381183893045,28.074753057508097,20.04479654092623,29.758631249762473
159.23283239613085,28.732306703729265,20.048097723125814,29.823199345656324
158.93904706659396,28.10079019224022,20.174167588504133,29.856812779591746
158.75512418565273,27.38764307261531,20.253952685255996,29.956578708065805
159.75653707759568,27.77484602344731,20.402688161593478,30.191156776090224
159.29093443778896,27.594635333654946,20.43724974299142,30.19810815803053
158.84227674717516,27.38114661918971,20.48210402459435,30.214784646685807
159.33393144162486,28.523762322194557,20.689897617262353,30.272443026442712
159.66702904108254,27.881403922280953,20.750637506981494,30.263847753516014
159.0741156150398,27.34159123682872,20.811769296429645,30.16978530875429
159.47477929830129,27.827947318272244,20.77683165749916,30.19764368152703
160.05624751968418,28.454544705322107,20.64709047192024,30.115727980188836
160.3896416600148,27.800026576409287,20.546946919442743,30.041974387779494
159.8266982446284,28.543333632955914,20.48538882490731,29.964896278752708
160.3851978347583,28.284614031287575,20.460601606393745,30.05051961943374
160.25383175925788,29.48634666547065,20.385265391343857,30.080662644600917
161.52813484124192,28.772694035894943,20.361975704197697,30.10256154789448
160.6997323479114,28.99666284766984,20.41295216722282,30.156399904340418
160.94112872441494,29.110641884751885,20.4146685246665,30.25195357968232
161.04180440893705,29.10404523893838,20.45338690259343,30.40127119908815
160.95045621832114,28.435278258727948,20.48737750331913,30.325775846421546
160.86728131492478,28.942166152763978,20.47040197472841,30.36719193285358
160.52606220139918,28.03785800667233,20.482570474072702,30.332780752540838
160.77333119511027,28.309826541915335,20.600239720556342,30.584987631086666
159.8139105919899,28.506403289895292,20.62075309934346,30.626038177084602
159.8086753498871,28.49384638512247,20.734595524102232,30.799351470382497
160.40429845110393,28.102005157614485,20.805514629667265,30.81085903058874
160.06840100043632,27.641476498749967,20.87443918588681,30.811014870980898
160.04048825659578,28.44489840245619,20.9140805372964,30.8284552117847
160.9697019538765,28.600681214130873,20.941884922787153,30.924105928738754
160.4286724321309,27.932911806725826,21.058518236526787,30.83896398221157
161.18454930280785,28.577125641313287,21.187629701891275,30.928123154619897
161.1870875294967,28.30959920723587,21.17776850055541,30.917713950879133
161.07018077031364,28.856200189305717,21.25343040723579,30.8968897876809
160.87591003037878,28.227331413087093,21.406518862598958,30.94058408049749
160.1396700566999,28.079668521430715,21.541934901379683,30.8699792171523
160.56649479077512,27.988730770132072,21.65267434018501,30.819393878213063
160.93949205857115,28.97955193941985,21.67397427108848,30.736735852648675
160.297331000326,28.35513273138919,21.704207985784333,30.69326176584897
160.63387159479234,27.53926461609097,21.743017375121585,30.64546713745188
159.75655782507434,27.358969759144333,21.87766457932203,30.67898107190714
159.7833992076227,26.680800635203312,21.96720740958036,30.61893879515387
159.5679083435282,26.269288589232044,22.08865366418423,30.63469653253555
159.76908842214294,25.15809696178804,22.20564045939308,30.642117543389745
159.48993387147488,23.336526482330125,22.186644601432004,30.629552573503084
158.65538111060573,21.83774523613915,22.29387466063829,30.575738484693023
158.5515863283016,19.588502647856536,22.323259673907412,30.55053486807587
158.32047020802582,18.411016764404835,22.421027720876392,30.524579549102807
157.89105660936423,16.211398321827744,22.64631953306778,30.577985516898597
158.17640473442748,13.66559872978366,22.707447299512324,30.64758581869306
157.31921575290556,12.222800951658524,22.717766376981814,30.65480655995615
157.06992658065968,9.6873183873372,22.82111845151314,30.789325975555585
157.6511424488433,7.761804839558772,23.07911081888276,31.06556903066139
156.82276071947186,5.955360008531459,23.15075300363121,31.251820327924147
157.62985670928109,4.984318682918161,23.367852937998997,31.4367492296848
156.89504157142227,5.260602053102877,23.482361958795625,31.558520293632842
157.57043427141298,4.562231141084849,23.603480002150732,31.690479569718153
157.89282160822438,6.7541582906467355,23.626972042147116,31.66082611059072
157.51669017347606,7.006893212917225,23.661840798103146,31.572875477818844
158.11236072401556,9.442738371139946,23.656960311228556,31.47035878350475
158.39017904049078,11.685331573147433,23.692130698942307,31.47653876590335
157.65570768190454,13.989170639988876,23.847730964065544,31.61245861653443
157.63156825493775,16.221138990572328,23.89893016316958,31.558916107109464
157.65837958124783,18.356342111622624,23.93494157140908,31.414343853198577
157.719535582533,20.239391662110464,23.891099605226128,31.3516811268872
157.9113793544239,21.49430131583737,23.823598340502805,31.108995055364783
158.93172063940332,22.416235685922572,23.661217987073822,30.929153290826097
158.45286823755325,24.003284971075896,23.519109806307426,30.809450396178626
158.94807813219552,25.003337697370213,23.376156843461807,30.665605004854026
159.06152777521166,24.773006816413623,23.335828991569713,30.635305304507916
159.25102178568028,24.690767944095544,23.368785747405905,30.601962758220957
159.39267621649267,25.43470687824493,23.520459841236907,30.63180523160462
158.2216345916053,24.10493854602447,23.684922680092484,30.85523616789612
158.55056479770667,22.70114367541918,23.814237029185065,31.062290754764057
158.2173585553395,22.467967712844,23.734597964007914,31.139197583660067
157.73153485951127,21.76770683168056,23.666388325749494,31.20149576944123
157.81619518090895,21.99652053498334,23.68785106441622,31.194500398567943
157.6500958987024,21.70597433765235,23.661802646731722,31.470005710128646
157.4025829349966,22.111515227510402,23.81683879276366,31.640591985470067
157.85468874395588,21.95161874620048,23.8650978350547,31.72635300262292
157.3882871475929,21.30408548303697,23.73873328505149,31.5777810850031
157.83683717184172,21.03231987634878,23.64735636725683,31.456794001660885
157.540274229918,22.030001834048754,23.463474730905446,31.434312595492504
157.74949160786278,22.09304720582923,23.14674799975607,31.30235729877803
158.72561471960063,21.55267710275035,22.86667897182939,31.26864371236377
158.03230001313173,22.60429468299732,22.614331930032378,31.063073933301414
159.09597671194166,23.478032991146883,22.42228603515912,30.964114687226285
159.23285936905836,23.67104965600781,21.953929243412375,30.80605221095235
159.71241336869977,23.715028852420296,21.239330002316862,30.505265152155616
160.56487933803294,24.563581370759564,20.41599075459523,30.385873843428126
161.5351673278275,25.332819659954154,19.687327406994598,30.1718059154372
161.83257853645478,24.87279115186326,18.96888608896413,29.926477327714267
162.48148565422485,25.112881983881884,18.1951661966094,29.978665575347705
164.22573487784274,24.31585168995267,17.52809604832383,29.844048651990924
164.9488800627134,25.729663027873492,16.964867564416217,29.704445490233145
165.6232144896074,24.16475492675481,16.337393752761628,29.81034211010356
166.4953017213519,24.316305712721256,15.804276833027215,29.803086583187913
167.01814395039503,24.041957616987965,15.283396847864184,30.04727411839114
167.69508275049708,23.770668738824988,14.836435329565445,30.346192840345722
167.87709515967572,24.141114931821892,14.531391285342558,30.44035634205104
167.8730802389011,24.197595383437665,14.324063510348015,30.34999257852074
167.38867416800693,23.945460692871595,14.138863806547695,30.276128018956165
167.38307363080904,23.484594402891503,13.96807865331192,30.300130904073054
167.67415624727914,24.70450119166967,13.812894392661718,29.99851880166015
167.15977554628287,25.197552573308947,13.81240600732367,29.59976813541606
166.77953473049809,25.62436186210365,13.684706548538296,29.2715915024258
166.78362774721143,25.526930999673745,13.645220894244849,29.020099612955324
167.10737692978915,24.69812687632097,13.616556965029192,29.00142938771415
166.58567786912482,24.668282528460114,13.798147799618478,28.894197928149076
165.22565146534055,24.004368699436036,14.186637372857824,29.092566443512293
164.3878136053505,25.09208367982921,14.410403073917038,29.223091177473872
164.19192445856405,23.452344225996193,14.61718172273361,29.1731936260182
162.19440078494344,22.755896693884075,15.144472083356778,29.34632386156049
162.75463064213847,22.09912236016374,15.60059348945776,29.703401443452762
162.91851557877015,22.363363093374424,15.740518345760945,29.94447822793548
160.5106532944092,22.59378718800398,16.252382726952376,30.529954410967935
159.94928941048332,22.175492282960064,16.727882075023366,31.02425015391137
159.39836380170797,22.802846282246726,17.3159352345411,30.54971509940695
158.75683087622423,23.52624585840093,17.819860493887184,30.216406886238865
158.3532289361804,23.77302764762299,18.151576664929472,29.924005586446935
158.10990038853754,23.518819700886375,18.76072469524275,30.052389894226806
158.03360829708978,22.82691895002224,19.234471101954178,30.260922388272277
155.850861814763,22.646022934812855,19.793836041552822,30.54465162358845
156.34607247718844,23.274876135555452,20.000944747906164,30.63576364346709
156.4132164246724,21.998873544232833,20.41248227474834,30.845706114396627
156.26417563063134,21.84241870424824,21.02133055976045,31.16104422147158
156.06432827026418,21.319082141377628,21.457705148149813,31.473571527071968
155.50283235981817,20.467030855660838,21.85363009453771,31.633611722483206
156.0903606930219,19.985639347440173,22.41705685708533,31.850478968393837
155.67031094248966,19.736310998567966,22.87398855486229,31.98612153435381
155.05284418022543,19.766029884644514,23.196642294711346,32.1028829152664
154.63348161960357,19.251117054040655,23.532065557053087,32.15976455524914
154.45270097556443,20.021018451529276,24.148630416641712,32.158595583666674
153.77305344869572,20.29371212251797,24.321951468494685,32.375026591050705
154.6867293287698,19.839266615940236,24.42833233716888,32.54290616345224
154.73212273904906,19.54049646724573,24.500692533970064,32.6002048617583
155.12090965626896,20.412011062092514,24.33260194156512,32.55971177817435
154.67967370786516,19.96693219370347,23.972569956918303,32.44440269614293
155.07940101263813,19.901221424070712,23.507928822981143,32.583021991728685
155.48426586418975,19.537215991754785,22.93424851865777,32.33289691294776
155.2939059490559,20.68569373027669,22.414947987978852,32.13814027509157
155.2804111757527,21.441178079705633,21.859421937241812,32.06713086387712
155.84196978682752,22.60322531934554,21.455849662239537,32.11934768678236
156.39374072462465,20.77151168886016,20.97138064116418,32.259485982527906
158.4580055393962,21.428714451580994,20.780974714623973,32.32700341736761
158.13091118651354,22.008209180680304,20.269864362428795,32.37512388730009
157.64256718966806,22.988567190232025,19.953337558146114,32.255589980890434
157.19046829972632,20.816790354830715,19.76618883572551,32.20209040996332
156.32501498983729,21.670878592106003,19.63518809256566,32.14363639234481
156.47460725871935,22.222449610893243,19.44172242079218,31.904776366756114
156.23671479724177,21.49050517274044,19.53203707263681,31.56531276789539
156.60042116977635,20.49152528258343,19.867945441154088,31.792793465148197
156.86622428952828,20.513451453802766,20.358916964253986,32.05270528715731
156.78932614073688,19.341586168871245,21.09944010614756,32.32617080231759
156.83736088052575,18.994145774244593,21.68726126730541,32.44265694015793
156.81100652225408,19.468801207091417,22.047190830263336,32.60520623052355
156.0848499520868,19.643166473476292,22.366637707208262,32.76643020987309
155.85659374397002,19.299444997148044,22.703956882441695,32.85555202271712
156.33378793129057,19.190592000081395,23.00277547610807,32.86285224988646
156.23265040620151,19.345048182342158,23.24360288130741,33.00019047306673
154.44424313121823,19.406573103008242,23.309012440124103,33.014080574571324
155.24336459482143,19.69174756565203,23.413335302140403,33.01259605443893
155.47270353894908,19.675939552116382,23.358577438518505,33.00739961959759
156.78469182882245,19.634156242130686,23.369632797324634,32.98879534750918
157.4398657104787,20.072376776684635,23.316468466591182,32.753520250157266
156.85630160088755,19.816170104126343,23.32298016870651,32.56548090991771
157.9281102252768,20.43447479545787,23.374299910665904,32.319067814886644
157.6223501892055,21.120703208054287,23.57561727098796,31.99143821251791
158.82615133914925,21.625706399642993,23.494771925293573,31.723743485815557
157.94779971285817,22.009968998748946,23.6189591513788,31.423081579105656
158.9298787164416,21.71884261602134,23.542401089280318,31.04490157669282
158.66859994166808,22.079665043137013,23.513091869036703,30.664990833770535
159.5601671422779,22.612876520556625,23.434997207425837,30.459943330019257
158.87434184523076,23.039258294039957,23.397030496718198,30.201837502187878
158.80632466595307,23.408269275539574,23.217015309270238,30.011094360656994
159.94383234555875,23.810046416219148,23.05242089236536,29.92238609427435
159.48482380011583,23.5163669658087,22.862121919370267,30.131185286499974
160.4545610945852,23.10884514185288,22.50938055243933,30.109512222890466
160.16038962425156,24.287762158179397,22.492899486549106,29.969412050253297
160.73548957334958,22.680931544396408,22.1668248186654,30.09095882927191
159.9661406290966,21.80092157345193,21.89430361098761,30.088812628697188
160.03013184900053,22.3475509321774,21.77393118535387,30.001285136259984
159.80755355074666,21.78476069618862,21.64529782767613,29.96833406164482
158.48747834491502,21.644049004518624,21.77663652707439,30.024954608209036
158.59352665219362,21.7000549868489,21.789115134055724,30.256558592702383
158.4809720630928,21.74757220507979,21.82886258418522,30.30637886574664
158.2616512776289,21.80141770805382,21.875508725120312,30.3808856839191
158.74654155252097,21.561716164976175,21.837356044942222,30.331659645909813
158.5791473285741,21.907963636385222,21.905431499452558,30.44358279009733
158.20422168035472,21.78848521907958,21.914786279663563,30.382418466347183
159.34988417330473,21.801305319383594,21.830871629304358,30.25467911531992
158.69691097527098,22.096687783487518,21.936805460712733,30.321367306866858
158.65636870132627,21.617596216044284,21.764702650222784,30.334489592563568
158.9289510618858,21.513856632939756,21.66973938088211,30.439326796304005
159.34284192885104,21.230073861958523,21.421596187696444,30.50299347924242
158.59504588170313,20.989181853404347,21.033869857767385,30.556769923461445
159.4560366667662,21.23964673513118,20.729471157170952,30.74167015707046
159.45977185916323,20.398543019406375,20.39489736618604,30.79491376043322
159.4668249554584,20.9476861747588,20.30721983434607,31.001025747991918
159.97939340837644,20.54947974568945,19.912496997208915,31.102656647073765
161.09123689906082,20.504525082870206,19.49554624669038,30.974406729247782
160.78960945212802,21.191500545786532,19.23606425977671,30.892422003290008
161.16248461115785,21.463940547436735,19.000274712324035,30.853320670300576
161.04562290730223,20.690367651482134,18.860058963503008,31.0074362955838
161.90004271256396,21.188483545001013,18.50821398188576,30.98096623778646
161.55391190813944,20.340608531581598,18.30329199364696,30.80480020894597
161.31714268036455,21.127634081634895,18.208734407517323,30.778114774275164
161.2876820262958,20.333321336215676,18.336477674852333,31.003406682235493
161.87583091546765,20.847695926573486,18.604120178376682,31.066498722375584
162.344489157157,20.85786123598649,18.72232780579202,31.26249998781452
162.57917267452189,20.433594913961464,18.811823159196237,31.550406840314892
162.7040617458736,20.000199784202486,19.035229751075725,31.81610553613122
162.04295724700398,20.37111912506577,19.43596363637677,31.880879465221604
162.38605392247342,20.38092518783634,19.5122364180787,31.9077653254011
160.9504336606061,20.39414197968651,19.6606602361096,31.961254641304606
159.5897165540321,21.125786107585427,20.455070561623348,31.773537850999023
159.93352736065376,21.141373272251375,21.149201677795947,31.444786706777215
157.37415896750917,21.268266027505106,21.90013727466251,31.246573024307256
158.62617401009962,20.908214173514835,22.384549610441084,31.139093061671648
156.80967685653377,21.733821685930966,23.225347166931904,31.005776357991117
158.8376651674454,20.760608997066388,23.437887085635953,31.073313367113705
159.60738508879277,21.168124492316498,22.866877821649876,31.415894819583762
160.08702493940882,21.047749304692992,22.475625914778895,31.517997817339772
159.58159174066338,21.168547252956643,22.32375792296468,31.460326148765436
159.54482474660068,21.510223121471974,22.10759894295996,31.366600366362764
158.8172662034045,21.048743173310278,21.924601576990238,31.07062918377532
158.58349278263236,21.164334253118458,21.584274454224857,30.74758019565774
158.63802777599463,21.125224910492825,21.329879462445813,30.417575698946038
158.29781920005263,21.79280433898927,20.905583770434845,30.19233078715121
159.5474670628956,22.586593449119743,20.634509938059466,30.117344405726932
160.0610391488505,22.04070399388155,20.50152740774741,30.005812111293036
161.15868937973642,23.025862187661915,20.378742910483666,30.036341632850966
162.23062771199378,23.187156918739095,20.000320061429118,30.02286203731571
162.2504981695449,22.87846409471202,19.7698251052512,30.048873407301322
163.007807972176,23.18277803455787,19.42763863788261,30.25061555562857
163.00859393280135,23.73630094947473,19.31459190460118,30.23747684363848
163.73040461335145,23.269891623969837,19.40819459783749,30.225679713341044
164.2062216872329,24.287683667207617,19.524694519517382,30.31801387027369
163.37598153091645,24.10243323972855,19.572229752346807,30.334551677965813
162.67759328660043,23.023021767721275,19.658670843258534,30.457727706544574
162.71306481113817,23.011032210979582,19.611946461481573,30.428794376151693
162.57422808026342,22.730150622576414,19.49659550845333,30.29961800732662
162.43794484888008,22.964792407809316,19.487027170070604,30.10249288078858
162.0378974217293,23.293140711817863,19.52978433497248,29.944975904243122
161.65031569808232,23.85309658103519,19.518527138936804,29.77051053784064
161.95664922514825,23.989239718802875,19.533181030067873,29.695573870249753
162.21702189729507,24.355187006058514,19.48827926435125,29.699336153229016
162.78822025675584,23.587350656331893,19.522195945698307,29.765344636640688
162.81288745558302,24.023972025400397,19.26056950268908,29.956310048413652
162.94294060959731,23.331623247801936,19.264339930824583,30.092407239879194
162.9887081809476,24.038747058636183,18.85900966859998,30.266840720009714
163.3586887594517,23.11620783259952,18.49975044092263,30.356790550027984
163.87967477517168,23.917593443516616,18.24866111612485,30.448398061828744
164.80862569675222,23.391071257050683,18.015406771094554,30.702164175483258
165.07851512026576,22.891032873337732,18.045500720602924,30.779454766704482
165.15380053715074,24.42106213473521,18.124671296253926,30.7473484381234
164.81067637452364,23.438996601236326,18.428052404444255,30.529626449167182
163.27321127515953,23.495666808001367,18.760581003288465,30.349600470821105
163.99649391746925,23.96015249657429,19.113752814501836,30.155730316667203
163.83871971885767,23.42777459121384,19.29786241997312,30.08673485423289
164.4300247239221,25.135859867151687,19.323611174492726,30.14378131285524
162.1713209388519,23.51655234217703,19.325641223118236,29.901764772915033
159.97132962472,23.353952917387147,19.027997260653276,29.548149568959335
160.5667844796356,23.283395512445114,19.029560247126376,29.557014904317946
160.47576604108244,23.258610040723113,19.17467822705093,29.678736897733533
160.2952728594998,23.005548693536234,19.336439864850625,29.72141217031812
161.2816709409303,23.427438076337026,19.54196363301985,30.03547508715062
161.68985795825796,23.712255688241335,19.746719206518836,30.156888008636184
161.8792784232137,23.80447646638378,19.6873575930804,30.266555081577984
162.55634349550297,23.94258066895177,19.651258044281214,30.46111950907407
162.51163746948686,22.798941932015943,19.73284384812962,30.62845670203141
162.91467527129998,23.348425091978434,19.759794713257193,30.714700252444867
162.50459852908168,22.785949537689433,19.871547650189385,30.650969281707688
162.9557035365972,23.4564017535377,19.87415307056785,30.669459400334638
162.85682482139586,23.046757572897135,19.84006662711211,30.599211619266526
162.65890381624277,23.564296547023847,19.77268583573293,30.491017726150737
162.69998163232466,23.30285369613756,19.72691373183152,30.405328501070134
162.51726946350865,23.041330348438706,19.708332850719252,30.309185278426607
161.7370564695923,22.880399728334726,19.706551974195012,30.077848240684283
161.0958697039967,23.002460875668493,19.701893735633703,29.93573343939348
161.28414337215935,22.963609183262534,19.60105474686737,29.800178870680806
161.24795723173847,22.594369676667284,19.50913324678624,29.63736627506088
160.62700445615778,22.467943920243407,19.40422273502036,29.50593168227586
160.71148275653326,22.263868765005174,19.18975736958521,29.563800277359256
161.8701823542694,22.792797379939074,18.877331585672984,29.513413893667607
162.78724411355867,22.059607350654503,18.6994494840256,29.562149570713615
162.47930830612736,22.803787286114634,18.350148033225835,29.793312175989637
163.43215376967026,22.638608331136666,18.09585504963674,29.885631471553292
163.57176619672137,22.46506032938843,17.930365610575976,29.867450035693924
161.6957193535464,22.035033611648746,17.90743822072352,29.894943468369483
160.00788369871805,21.079293295858225,17.88842950718685,29.873458821325038
160.09911014344675,21.108748246544664,18.120875519907273,29.68810128704334
160.39125666073633,20.227654283038984,18.052634373793953,29.675076806942577
161.35342507558968,20.762447306688273,18.18872115668188,29.878436878952467
161.65468811252535,20.3044444725939,18.356992633488815,30.041851890860702
162.02022744338186,19.90818490387651,18.454319054001598,30.287751493802986
162.0949676819342,20.025128447024144,18.486120501144637,30.359101134507
162.10715384198934,20.068204023777163,18.44940863562051,30.395070570018827
161.90409382226505,20.104330919935613,18.440620742787566,30.410554464634018
161.52073055107405,19.965191284010835,18.451203894037246,30.3125841847105
161.25762350255778,20.710840240506414,18.50899948230171,30.257187079100017
161.38365680755453,19.41662272028257,18.65919114924762,30.316187200190406
161.90734172016798,20.06140660454963,18.814076573044154,30.50339901177256
162.01757780982996,18.665207819763403,18.92881719064664,30.6458920918278
162.71553443553535,18.892813420321417,19.159199505794742,31.099590092333788
161.72338759008235,19.838294222968145,19.3218200418698,30.922635149409103
161.67340592071085,17.868497180821436,19.619349323615495,31.36201179595838
161.59979677387213,17.527663278948737,19.539578437443303,31.582701955975526
161.3214881915867,16.78664953252263,19.678485923602707,31.919079777273165
160.87812802167048,17.084997722437333,19.802881274593105,31.70650055371093
159.75943528737835,17.518727017161293,19.947365751737557,31.550558881014872
157.75174659081907,17.93605434249131,19.99505315385882,31.622105831383283
157.75835408102893,17.851316147646642,20.09284973072011,31.60174530176491
156.3564527818738,17.45850485220919,20.496860849919628,31.866179037468605
156.03171230021994,18.848219547248156,20.833389175554963,31.956052635443044
156.34093236396694,18.10420896411854,21.235603011149898,32.08235693520905
156.24360089998495,18.376612301526634,21.546325324353987,31.94206245717211
156.5931293465684,18.178005190925955,21.549371926784946,31.53897870283331
156.71883211833494,18.09684493467376,21.3093032015893,31.148587966939868
157.38630129672677,17.56048773101867,20.785754708296675,30.73870585764086
157.46029370656765,17.80753270813007,20.408697884058263,30.275049152146583
157.87729055736003,17.440348557823793,19.834566217986463,30.333061494774206
159.19066771364155,17.779893531013613,19.560506893674127,30.413996632413276
159.53414977920212,18.012014454750698,19.445149696623535,30.412299732801728
159.5882316532942,16.591774798205034,19.251925121005353,30.514512339426382
160.80510739227148,16.148005599471176,19.29435109704555,30.75039935444781
160.97257604722893,15.940603927631955,19.418130924705764,30.94698441626113
161.31894922917508,14.983604623998943,19.620380011787013,31.280254492643365
160.90840900860772,15.191381640004861,19.738124392874585,31.49165412207333
161.844577713884,14.080885047129707,20.147602988028762,31.978760231445772
161.9773399469533,12.360407806321383,20.480453425092247,32.44573380943693
161.33733927003482,13.326069303799216,20.794218843241207,32.600268921094425
161.31055627417123,12.51397619862372,21.112221318351573,32.84878827467967
161.93859793323037,13.46860429986658,21.383645305378508,33.075752527363626
160.45435163164746,12.35733742562607,22.064539060201454,33.05108459470756
160.6816021166707,12.176335251889931,22.664464044973716,33.169025266776245
159.34332891486923,12.097713237559901,23.263434526564307,33.14078448377268
160.0934330137543,11.455185130741349,23.61285823434993,33.1523367978355
160.32521097999992,11.365020083499552,23.99150872037292,33.16894668689288
159.4392606833753,13.017564728033669,24.38647371238775,33.05170834997308
158.60183724544723,11.752619090231754,24.926923677576447,32.9014274206056
158.32277742259464,12.757430856423689,25.39262894416177,32.68891468419646
158.10625824438912,12.34535366671356,25.76622526471891,32.48983910698983
157.99873678535883,12.576002780025092,26.083669379736126,32.25580841390749
158.01569326769442,12.426158926463561,26.33233857887572,32.07540967522214
157.6902943292412,12.703454816373275,26.68387613750289,31.822740991582673
157.61352298913314,11.030195828300256,27.042158537348236,31.564658061356642
156.83372545835383,12.045659890809317,27.427471048095153,31.249660875059224
157.38216430349834,10.051395713455745,27.907229910616753,31.12803603152418
156.53360235568388,11.10952712499317,28.384575745332572,30.750614026854482
156.11280961559245,11.61569698467635,28.814727230745426,30.389384777783075
156.06683592238693,9.19538791724399,29.256094777211604,30.19896415150888
155.83595437915147,10.46235805545256,29.88573170818687,29.860555243347353
156.28790069981866,11.911334594861751,30.354669100154823,29.442104127190714
155.3286158506523,12.15877749530302,30.930265447008946,28.860698406972332
155.75237066637416,12.04364204417133,31.3257174606916,28.267754182244442
155.8199383060851,11.953410719281838,31.54942368989664,27.88568851981716
155.26099829445783,12.874200538438915,31.607851537057098,27.670605434924024
156.16399952628737,13.101097157695667,31.56160563849202,27.48000678721748
156.31893704707102,13.876282834866249,31.528502619172087,27.330515769637792
155.9376483337647,14.193002343362396,31.324187326515847,27.369497135145192
156.08485977155016,16.10951592441338,31.39877242580802,26.925516880468155
155.83893748640006,16.538746859843194,31.324906272708112,26.916259311442634
155.34534116125084,17.55194898356421,31.135112467089183,26.87007311686467
156.30374573076503,19.409463959862137,31.35555756618946,26.632731715217915
155.79510134682877,20.438432590355507,31.38339808472191,26.488368315353306
155.63990018789343,20.764630610436196,31.5337095984926,26.339437391215945
155.28901528749185,21.26026265415819,31.681207164855866,26.19644312398528
155.403842190453,20.77267462852268,31.652475594780146,26.27911567527155
155.26424113996202,21.182730826306525,31.804949757110005,26.247806320685157
155.15975515659485,20.572025749637163,31.89106045770817,26.28467501017195
155.79168945401466,20.63733353410349,32.1422886465066,26.133145039380256
155.81712708909578,21.22142352877894,32.21692599119057,26.170450155543882
156.0060805269491,22.245668256834886,32.316534276521374,26.25196510540733
156.47039157706254,22.810797024032787,32.48094119851129,26.4160114650545
156.5891650615317,22.107761926333104,32.571375105541904,26.604715322677674
156.7656929852883,23.840504751167295,32.54492588930768,26.782159226994896
157.2146333228351,23.721327553858323,32.62613501075722,26.889091876789376
156.91525099216878,23.902159303055534,32.63887687784318,27.057737280658603
157.52484109460983,23.404165323134663,32.54636023859676,27.25105875519074
158.0379412859398,22.899365047004977,32.54509080991629,27.407523125618756
157.92211127381336,23.09987421735886,32.55465656656246,27.631766806929424
158.05298292841,22.397609565099792,32.60745668340604,27.77027307162975
157.72853151698766,22.719546139732707,32.66611408054956,27.845207738869345
157.32695601633395,21.465941735623154,32.66798273560835,27.95980051353438
156.76242741356924,21.225106371742037,32.76406534034582,27.919213794053874
155.77072546122204,20.801337944599574,32.86248475178464,27.91877074511767
155.669140768104,20.986429014098125,32.92498026221198,27.87869706988476
155.59432221773386,21.040404519579702,32.976876615917746,27.856692648629934
155.84241742719945,21.481030150063027,32.94977367848526,27.871748498449715
155.8360136439295,21.10155377222091,32.935099486058085,27.911783288244973
155.8453626297525,20.801065852866806,32.91103148888912,27.97762755327612
155.90357562632948,21.081795061955745,32.89172280798766,28.016132680897503
155.81718971642886,20.49513043523723,32.883239808753395,28.03367530084302
155.88492303389222,21.32058827822205,32.8671538416323,28.046781464505635
155.96110735601525,21.498136544304074,32.84329686463789,28.0764772006178
156.10815525651458,21.99881443701703,32.82147460413604,28.11606682592034
156.4738253956938,21.45498800295284,32.80528515890747,28.169575530917008
156.6684785592846,21.71788566659199,32.76700083680702,28.23748919564311
155.498739306704,21.968387483929632,32.74436419723864,28.2715531192564
155.4139403885067,21.20619290659586,32.68153625452902,28.33050211984832
155.51801788621333,21.518465856315323,32.59021153357847,28.40983134486389
155.36556254187866,21.852865454868912,32.50747974926536,28.488152706972254
155.16078248849664,21.499865018381797,32.39100979240027,28.58967027353856
155.04647164906027,22.405826130150473,32.2673156281677,28.70374196937377
155.45532102485586,21.881559901211357,32.155080584023565,28.83687606795329
155.59206476996843,20.759023031541624,32.020305783078925,29.003363467342194
155.80299487094305,20.34647693431019,31.84581443839421,29.19262019303599
155.21155646081203,19.995675905333634,31.70127984546348,29.344035795739313
155.19450005422144,19.35823796177887,31.49911825233077,29.57250159907809
155.09640609329938,19.592144875205015,31.174453668014138,29.855242929887243
155.10966648387992,18.41966084362825,30.850436568035935,30.135644142378535
155.66694670277158,18.35107854247472,30.49099175849512,30.40201981283898
156.1169378719955,18.18235389789495,30.161757689605214,30.673313787553024
155.40251678514454,17.779391639216836,29.726857154147282,30.956538114365124
155.5610029041887,17.018004561896177,29.365767834148585,31.31666120699472
156.0867610501235,17.29248422188313,28.859564900585905,31.610936008820286
156.43693153690748,16.785851807418027,28.44512732124017,31.810419039864602
157.03366006302505,16.202041723612624,27.91980305098745,31.93926257135175
