61.5,32.5,11,35
61.45871674801339,30.684276805700392,11.08646107146285,34.954197910663424
62.61811663910613,31.960983777963328,11.05629558950931,34.75008578117051
62.81612720339056,32.088428006486005,11.067081168322645,34.89441734370409
64.31876001309969,31.89433727401057,10.893384743698071,34.67693169439715
65.0592752646319,31.71699418196826,10.77123654863994,34.20889067511263
65.93447813694446,31.925504186569903,10.61807590117515,33.73557502141743
65.09990521925789,32.387424216720625,10.549413032172085,33.6723368035194
66.48895396962219,32.746119334755114,10.412198977183234,33.784356226359264
67.70681159752405,32.77973517673326,10.305799383763542,33.84936814587091
68.10852905207258,32.96838866234054,10.349724191558707,33.87106387570044
68.89813655368785,34.53872670058452,10.32737631097833,33.67770611471847
69.49522916583395,34.23515271858671,10.462152578270917,33.90653734845323
71.40701173779739,32.92523367457331,10.457169969134082,33.860916995699384
72.93381965599737,33.76560488117319,10.494789293561743,33.92478989889062
72.73755752451547,33.699597057123825,10.576569837186177,33.78727176379194
73.22909991297328,34.13848544163106,10.671046915586723,33.3148828135908
74.14485689953602,34.77700829798007,10.60528811900542,32.92388684835983
75.2380248804346,35.12173950430313,10.431677748867823,32.80784400663656
77.98209790358965,38.71406182263382,10.520260523358498,32.35323515183552
78.52347478201405,38.89441250085379,10.661019892882983,32.24910282329628
78.55214007718433,38.47488817755483,10.72872209999821,32.61159981793955
79.13721390335431,38.546442953428254,10.815232763316837,32.78626292287186
78.83919507540989,37.10257728740301,11.039209911669744,33.143525552606064
78.65849610651439,38.00576543072994,11.320610779327051,33.52562988156805
79.09431061723495,37.09499870438782,11.502344365841843,33.85308171785062
79.66407975807687,36.25621846092352,11.59669542551238,33.87155359317643
80.50280850184275,39.46839070163349,11.738975372367833,33.23353981167715
81.41860747081385,37.473092861662074,11.432193828277864,33.432254645596416
82.84936980236714,37.17052483325246,11.247967234171531,33.716831081558404
84.05031983630829,39.47697580055253,11.101394629439255,33.51313887519923
106.5655223022845,46.62445845143226,11.030790417701668,33.54037911695784
107.45661335427775,47.23062268887228,10.978687130129046,33.56159928328263
108.26516043229111,45.529557886044614,10.857432212269144,33.22748897881223
108.6529548547636,45.47807306108726,10.76289575408486,33.04447628815268
108.87078862695778,45.702667458544006,10.632378748379478,32.91816054917409
109.06906017198206,45.730299614552436,10.524272786397928,32.78582616486395
107.30050723973194,44.22165300468669,10.476468734974077,32.60181184942393
107.9970737179702,45.030193730449184,10.419635197900636,32.405889426905894
108.58884969662992,45.683395659522034,10.337337942195584,32.23615615820722
106.5855452512844,45.59804611449104,10.258576769104872,31.922079049405227
107.41530475995928,44.7514034124776,10.217806655029644,31.717188498613385
108.13312986256634,44.982441072153755,10.169858080407904,31.573056007201064
108.71193612749244,44.834845746613425,10.147644653720356,31.51032586260263
107.32655633407417,44.68586938089913,10.144043822237194,31.429898951067813
108.4266396322103,46.60517931846285,10.16063905343382,31.280708359082453
103.37412948113831,43.00762305965992,10.182482742723783,31.28189406547006
103.5425661530763,42.76195951871597,10.195771547323458,31.280171376764315
103.57718404846742,42.23321716951186,10.208770049763649,31.28618126552593
103.76770481300558,41.52382270556586,10.210678945835333,31.290307236226457
106.37528131342218,42.37309961432039,10.240378011042175,31.330544526848815
104.48814087004286,43.030077485350695,10.315603464527484,31.383340813253472
105.29480345958481,43.731396868998445,10.405090837895676,31.399504903356956
106.07422166368879,45.007290397212216,10.43253477560446,31.43427380472361
106.78240005397656,45.60861859096377,10.435657722773975,31.42702146995486
107.51792374937837,46.11093385180834,10.435487979370263,31.399744699925115
107.97590965108415,46.88550191025094,10.47242296335419,31.37038182789771
108.75091043236118,45.2814091800622,10.53447801376855,31.285461686010795
106.82046419721458,45.48134164395721,10.643519402213638,31.139390742872344
107.82620728935086,46.60114213930296,10.72643696168496,31.02413314741399
108.59610069047893,47.612937630301374,10.771860840390415,30.915002586025675
106.87090866491275,46.228674434423354,10.73998943269101,30.754005986601296
109.90043140856629,47.65451571308415,10.727015951609514,30.582094614200976
107.91864022342652,48.50263463117975,10.672946287129525,30.592349082811705
108.44030580543259,48.10906886110283,10.617139930570556,30.59639885302233
108.84448765849557,47.382202692721165,10.587413872073366,30.57816492315356
106.8137312859755,47.79633528768516,10.523544670549768,30.62882672564196
107.63739672681675,46.09327231412205,10.343418121218972,30.579903157997666
108.56895937663027,46.19449252484421,10.149676466649593,30.514466381854213
107.10727495173386,46.45709045944894,10.00398952077288,30.40620342332552
108.02704289928079,46.425475093026236,10,30.45788658232882
108.829744014889,46.78735527548224,10,30.62752837663084
107.20723536983132,46.52745081964992,10,30.559329957401005
108.14438870921731,46.534919733191884,10,30.61711396181761
108.95082566514611,46.83260854835205,10,30.74856234363183
107.39682373777032,46.72598413535701,10,30.731537848350968
108.28802612796426,46.783553843746134,10,30.723736889872352
109.06761184707284,47.15499137452141,10,30.942516789430965
107.37352561686677,47.351209489105266,10.004472089623548,31.00406613212452
108.12388179078698,47.612846704152524,10,31.037906601188478
108.66848275437951,46.190279529535886,10,30.985944793347777
109.10057315602899,46.69801057420649,10,31.133646962009806
107.35040673986077,47.01554962641296,10,31.081897521899695
108.05921385064721,47.42110357570314,10,31.136067688523955
108.47205129638314,47.813762657925345,10,31.279118509732474
109.0036770440638,46.43831223780476,10,31.231958932798353
107.29465714469552,46.83214504211986,10,31.24409372013372
108.0600073672831,47.281314535886075,10,31.31946830939496
108.49638000503182,48.04402548734898,10,31.518447403631015
109.14329514279962,46.19589184538526,10,31.40986077139024
107.58469376340508,46.80601099540835,10,31.46508843661506
108.42001340165734,47.065937605918165,10,31.493238293102443
108.90507406368852,47.51974198942236,10,31.611336413339252
107.30838495247599,47.7873888206017,10.069618714292119,31.565424481537054
108.31270152702928,45.81787074684387,10,31.466179665154993
108.82426524534822,46.78755377806915,10,31.684581852216155
107.15964009090993,46.865700260300386,10.084341022377544,31.52579233626424
108.08044066544183,47.228669749077405,10.083590941810458,31.463568423235802
108.7479254009155,47.38918063538941,10.029011018211117,31.436674651348035
109.29561174288392,46.09255304899462,10,31.324537701868934
107.73011863604188,46.587655315752414,10,31.299402462329162
108.56530678644776,46.79571979276957,10,31.292162235721392
109.00103333964944,47.206455520673245,10,31.44342868827738
107.3623595573008,47.28646157277225,10,31.373974770252815
108.21017489209771,47.42639088041796,10,31.371746603302757
108.70926943793893,46.29834131023125,10,31.26231501438235
109.18826514855027,47.04021304060526,10,31.426002808021238
107.61961287632585,47.339439697270215,10,31.362760104127357
108.54459345713258,46.071225042273994,10,31.126900376415342
109.02832779660821,46.68117542191141,10,31.272831469099724
107.40714452043176,47.117053065964775,10,31.322618825493734
108.3132365681231,47.21584855839116,10,31.34181683292669
108.78931242600083,47.540566833048516,10,31.502751920956342
109.30129695311189,46.4637228488528,10,31.38015948621058
107.67421081402331,46.867143608980115,10.011970473062405,31.382495841474736
108.48580187931657,47.148107972622455,10,31.47349302275558
108.98153016343713,47.581903800836606,10,31.63742852792548
107.64212285123646,46.225836384219605,10.02238867148995,31.166326046935247
108.56351468339562,46.78709325466589,10,31.132422239895824
109.04241860285401,47.731102538710445,10,31.32398350197638
107.54487395659089,46.24047861715458,10,31.189331066996694
108.45595163479447,46.78200310799899,10,31.087571531661776
108.86124498024583,47.42520233619331,10,31.353295429780584
109.3667954839766,46.272147060337055,10,31.32872036595354
107.82253140583634,46.598648945419086,10,31.147132055899192
108.6757771410048,46.656213134351546,10,31.069487061004363
109.17624831572175,47.37511150837102,10,31.423903752906824
107.67434549704194,45.7463113621089,10,31.139636789266525
108.6211158670485,46.27167291795719,10,31.137091158267566
109.1507202424109,47.08841880974684,10,31.296006529725197
107.50023627653718,47.50817023689293,10,31.331878946276515
108.53652191534638,46.06794902437683,10,31.153205723039058
109.10850030556321,46.92407838775793,10,31.33724540478517
107.4849219955504,47.280871398934096,10,31.36229134616269
108.2558033503592,47.51603498924751,10,31.362774340477884
108.78256005421281,46.23324248564254,10,31.264271336899856
109.33045572414994,46.96557097870255,10,31.435061852916064
107.64412797531823,47.21992306286217,10.01091896163743,31.391763327583124
108.46989786997437,47.43952988452175,10,31.46204255840948
109.03532451763749,46.09538990346287,10,31.3112150070995
107.5170868076384,46.4856416160167,10,31.26039957074993
108.3185686506331,46.88440980540671,10,31.322444483645473
108.8031032718718,47.50074911102791,10,31.469418134137086
109.32414991036057,45.98721364361532,10,31.381516239143544
107.76813799515367,46.36048147999082,10,31.30402994860232
108.49776590242982,46.75798529191965,10,31.273078888122022
108.9846500493586,47.532319560633724,10,31.427620585335923
109.52016696706414,45.99444278279337,10,31.270532649317406
108.01482734456658,46.34741905770431,10,31.245811479004498
108.52702060714364,47.13763584726351,10,31.373896285773238
109.03006872907281,47.995481285452286,10,31.49098052536249
107.48033544793725,46.324051970323296,10,31.226514078563586
108.43159333243966,46.77997853456863,10,31.145957990058584
108.83641255274415,47.500854337748336,10,31.279480851167413
109.37362015619874,46.082174475417965,10,31.160416101111977
107.83076978102326,46.66573729193291,10,31.181404157504694
108.6305147446692,46.98664952006708,10,31.134327900222402
109.066694740206,47.44021901270938,10,31.252825468702156
107.56536698713899,45.74718254408296,10,31.036168370173122
108.50120139494538,46.016793816435154,10,30.94840174640342
107.04237735643983,46.440990712143204,10,30.689709130677013
107.96782666817307,46.8314738997382,10,30.71163251979596
108.64108407869935,47.08825167368872,10,30.844606467611023
107.30007183924317,45.53609811414151,10,30.625996840565904
108.35559595003724,46.256944481264036,10,30.433169114675042
109.09013480320573,46.99860340650603,10,30.36115144653358
107.47793621197343,47.30295177840356,10,30.363783960226773
108.28344881907105,47.26349571000851,10,30.359267587483465
108.77860105410218,47.709141785480774,10,30.566443144172904
107.43693244829774,46.25104069987006,10,30.33984116958134
108.29496425762773,46.78088844935969,10,30.382780815789467
108.80049991980195,47.54759277122796,10,30.56013705700165
107.45328867807984,46.13396998002299,10,30.319886101249363
108.32602876797318,46.52394658955589,10,30.36903122603275
108.86406368389726,47.34452971614805,10,30.62819492032004
107.51974541321397,45.753015102983404,10,30.479581518933273
108.23533541336656,46.63659215353924,10,30.619623224324894
108.96492493525147,47.323024426642554,10,30.913059809366743
107.5924927033484,45.77779718704324,10,30.774293898245542
108.35205018892884,46.72242231348608,10,30.87147405193031
109.1430001296103,47.363177654449615,10,31.194889717735776
107.5951041020453,47.995396742447,10,31.26815655787718
108.59603238478303,46.32020985396838,10,31.15565878332074
109.07670620456338,47.34332589830358,10,31.437678771753
107.56293133273721,45.685008343671846,10,31.250478202915886
108.55964455381036,46.056800142180364,10,31.159432190203663
106.96506140008569,46.63683761866972,10,31.035411967640282
107.77388975396752,47.11984444499176,10,30.950283379598105
108.28552720323205,47.780705562556584,10,30.87879992067543
108.5956810452044,48.56559315684285,10,30.821119229783555
106.54369888082147,46.847329700547746,10,30.704726992974976
107.04653625983775,48.24968591096372,10.004611453934888,30.687952451705407
107.73590651527047,46.08394351398432,10,30.63237135821302
108.53368220105767,47.12346104711694,10,30.634359746613924
109.28785964795728,46.14127248186081,10.112804182891466,30.69356464831302
107.8534159296548,46.97656304671416,10.132576009373722,30.686925140386712
108.34570747867369,47.97359657772041,10.17977148532582,30.694536783589665
106.68703551784459,46.23112946039501,10.24145010470741,30.753206732199196
105.36581237967974,47.07257988778518,10.28797701038587,30.801761322708465
106.25121415864277,45.05984518313431,10.35804824360513,31.02802924351535
104.86579759905968,44.819056304296005,10.408164409493722,31.102598740703442
105.75172768735199,45.34411335270396,10.45230445606889,31.118046176861778
104.24038763355611,43.80965363578233,10.471593536210088,31.145537044726026
104.58675731980044,43.72581075554208,10.501992794111603,31.136217111890076
108.1665282895799,47.08212738275805,10.48182654119819,31.147220484655396
108.9692805239172,45.25327965654984,10.470518749731527,31.147451432829868
109.22624895758709,46.211325105954934,10.467466882620633,31.146034220047216
107.67371976264323,46.80502745679607,10.451991806169257,31.06010118088631
108.39526262711615,47.483420638513756,10.339233945685006,31.079256809256965
95.56902328087284,40.605784454220185,10.60272605064722,31.124640719592154
108.74240395080025,47.48297186907093,10.44741864450823,31.26826756072806
108.69675943744608,46.00928257036921,10.33381315832479,31.200298915776155
108.71423323028084,46.14902666871433,10.215017804050515,31.334803809477087
108.99016784007608,46.78093671217094,10.083504619692587,31.506042197104563
109.29150842209586,46.93466399901673,10.031813500723674,31.746247497375396
107.90071730315685,45.81873939766599,10,31.513024068240924
108.6967743486166,46.60849269739872,10,31.70543433507797
108.88480047881603,47.35114790859393,10,31.77417471587205
109.07357560098171,47.456831032229886,10,31.941307767887942
109.25035719573498,47.86566085074682,10,32.10635193582385
107.81457261741161,46.691152360501164,10,32.130144755167095
108.63484261929989,46.9328684210465,10,32.236818167676276
109.19704948365688,46.33998851041764,10,32.49730242474026
107.51886020600796,46.826740159140186,10,32.50496286745326
108.45546071231365,45.46985151284635,10,32.25248926358708
108.95628856122494,46.452569800508606,10,32.272960600516896
109.33801998198032,47.03253421808144,10,32.25851561680404
107.84376420080662,45.640130569373746,10,32.16971074876837
108.76769234240055,46.60409295560529,10,32.07879481019047
109.19521461427212,47.49394773828477,10,32.32463704079099
107.70445261895657,46.46845690041173,10,32.21169139987141
108.48112325370312,47.24824140518833,10,32.25356031661063
108.95959161221981,46.89439629477012,10,32.38997363429459
109.45524917542934,46.28872249382232,10,32.410452024039614
107.7740216846095,46.74049209867539,10.034315914943548,32.233452008917375
108.56558003434822,47.539550848884204,10.021032374912792,32.34796990641081
109.01922203600407,46.81125815891802,10,32.39109085934885
107.57259966433048,45.596493816592314,10,32.29010625740969
108.51973886787891,46.64167457008425,10,32.22542457716228
108.99396108090878,47.593150565605654,10,32.35716773458748
109.4673172980547,46.637644010647534,10,32.41504251690514
107.80224289473973,47.19810296683035,10.012541403828408,32.38746369011844
108.69651307165623,45.75389380864486,10,32.143676520191796
109.16060511767864,46.8307475517006,10,32.10268642414076
107.48442491704992,47.30326590379503,10.004711780651974,32.07921918654277
108.4557499140501,45.92925681545522,10,31.82747196710423
109.14558981359005,46.56914690856073,10,31.895802575914256
107.71956507846441,45.32140030050165,10.080756783788871,31.440560223032172
108.3958031383154,46.47626741484888,10.011160374284337,31.190662143553425
108.87072764337063,46.84295599560028,10,31.384866351927485
109.34021891653538,47.23131598277118,10,31.548064836047452
107.96905410739471,45.92250788214221,10.049054405039755,31.117355498670122
108.9359371215105,46.31678788644129,10,31.053402063653667
109.38484765589237,47.19832647232738,10,31.383079732732313
107.69770933687687,47.46153518462345,10,31.37920973197974
108.61537475883961,45.90946808862936,10,31.091257656496612
109.07509361207485,46.676106548458456,10,31.338474234686927
107.40781842172146,47.015294388126215,10,31.350535156990205
108.21038226783276,47.449092983932104,10,31.559727940544754
108.8079970252766,47.51094885627914,10.02126218433105,31.609110259847935
107.45147228512664,46.271249810660585,10.043707454731091,31.218415482280122
108.3836530894041,46.75721073876256,10,31.245984960037656
108.86490614712238,47.491802646781906,10,31.48130491864191
109.4013873487711,45.854974686835654,10,31.431869331576408
107.88421727716923,46.46211876544114,10,31.460129163257037
108.71178086102009,46.668968648677065,10,31.61885202041952
107.13660518340521,47.082077931855956,10.007477829610252,31.583071331239932
108.04471341264305,47.49241230933562,10.091625174044431,31.496297580076238
108.63594793264687,47.546821144529545,10.074604799655681,31.57748591247215
107.02630296884324,48.05235843915843,10.169139821562265,31.541262991095394
108.06261283915389,46.39507046359793,10.0500062850883,31.679442095445147
108.7188978344202,47.02570041258202,10,31.84021026220476
107.142509652586,47.737982554686724,10.11456001120564,31.75808360292669
108.20868695146505,46.02395593947394,10.037718556986965,31.800065866631666
108.94534827768803,46.68865486528516,10,31.869182643419585
107.58496518552573,45.50133537586012,10.022086975569096,31.499927045243282
108.26955272257328,46.490188740962374,10,31.53903693109713
108.97872884571552,47.20014179530186,10,31.692283245323132
107.65178843322303,46.05761601505663,10.036350717486812,31.3128603185089
108.62666918337345,46.49506830393096,10,31.356920961211596
109.04385797679424,47.24425024464977,10,31.45989618156535
107.41856019198895,47.92088517939162,10,31.54471496755346
108.41621796786785,46.257531678909956,10,31.502352630671943
108.898413464427,46.853296101444286,10,31.6480764024856
107.51478123765665,45.61327313218801,10.020193187366374,31.31318403418967
108.48832522332668,46.19291604804731,10,31.37419434695655
108.99238358438015,47.03251111898669,10,31.56950781759611
107.63767251087037,45.92861839659578,10.021360909684361,31.225581464663698
108.6335721462965,46.50445732120555,10,31.23738389727399
109.11828701198101,47.04761077072824,10,31.418667163366848
107.42033033072948,47.47225888416187,10,31.559606145964626
108.36603220681276,47.78941614814553,10.021030229728893,31.578606923707138
109.08855657279491,46.09613556177389,10,31.672165729430755
107.49129085242748,46.35638895002833,10,31.580406189650542
108.42171810567379,46.93131922835028,10,31.624039714503837
109.13616828620434,47.10756052577117,10,31.586977866465343
107.80406523740606,45.781708534735735,10.026680777543447,31.17548018265792
108.73104660212994,46.246764791509605,10,31.108523332123642
109.23650173842907,47.24115937492611,10,31.35914981088998
107.58923844993114,47.69541890870878,10,31.362792689621344
108.537149772048,46.14252592937527,10,31.089032482822063
109.03063686192036,46.8771076424805,10,31.26900500383907
107.37917885480095,46.922978650361834,10.01107236151357,31.215182628617484
108.16505797207355,47.120694895120984,10,31.29318336544615
108.65602116286755,47.56832532501768,10,31.422706116950362
109.17904202640057,46.20203395812468,10,31.302258884381995
107.64320723712444,46.40204331561377,10,31.094861236570146
108.58445034921169,46.85263707724591,10,30.9858372641596
109.02274532616138,47.579566724181994,10,31.113019187137706
107.54892487823963,45.87574438068471,10,30.91363848922932
108.15314908325672,46.67533787135212,10,30.931647948591223
108.87221206724644,46.93297836662957,10,30.968034648313417
109.28473125398159,47.39744829676054,10,31.02856336257541
107.5792977564247,47.4735064439392,10.021320362347083,30.85690033218632
108.19728671014309,45.98668851195639,10,30.790110418716633
108.77879510819912,46.742300439698184,10,30.73323298161378
107.15240024030209,47.153054086643095,10,30.568517553549615
108.03374235332012,47.22765728695514,10,30.39256292969527
108.48021797835827,47.290326354671045,10,30.42563570105516
109.07401739060879,45.727705389149754,10,30.367022336916467
107.40542365642666,48.15063910044463,10.01032513315917,30.277257476277395
108.14958123862743,46.5049428645362,10,30.09162110135354
108.5595020800829,46.98127612783767,10,30.10108768432015
108.97248558700085,47.12285533989251,10,30.12338861055798
109.39173395931721,47.119530067642145,10,30.11569253499076
107.73199148476124,46.77840783399391,10,30.07012542735131
108.4777035266161,46.93980603428252,10,29.99094907970779
108.95604880154133,47.35776020737951,10,29.9478080794191
109.44903357326984,47.35174894889512,10,29.93258378961733
107.88283796608448,47.119029461183914,10,29.78487699639731
108.62593765556812,47.046564898330786,10,29.871400488087772
109.10128672420979,47.5141028108777,10,29.817344434093037
107.57800634205341,47.2857372917626,10,29.78548374172859
108.34656818211079,47.5652704925861,10,29.8716621172842
108.85126687586308,47.757965860356634,10,29.846573531992618
107.52901901304722,46.09437227003158,10,29.633489192028104
108.26888252794743,46.89309721486688,10,29.593832323559592
109.0456463843584,47.31026109572905,10,29.700020556860892
107.4905768185854,47.13838367802128,10,29.605849219066283
108.43847669661045,46.94508167109508,10,29.515114561234412
109.15693320333958,47.29548040479125,10,29.73009012793784
107.62479378283024,47.326576508926905,10,29.79226405407167
108.35941763222218,47.62482923808438,10,29.964885964683713
108.75511644780636,47.59295837737772,10,30.061953540785925
109.19531424343586,47.6212042107211,10,30.08456540355243
107.56940741837025,47.665998765101385,10,30.009233026398892
108.39068038761616,47.4810278314177,10,29.957284724384166
108.86170496046543,47.625822613082676,10,29.923736449430063
109.3225045055151,47.707603830996035,10,29.95195331417384
107.74922786653042,47.52405868948969,10,29.853864213431784
108.51055060327053,47.651910336619906,10,30.01581054590324
108.97546537220478,47.72376501696437,10,30.053474691998748
109.48631973564625,47.94621260631811,10,30.052768555144212
107.8861450701952,48.1651262186238,10,30.03314891634445
108.70037414133549,46.636436025125455,10,29.849449257641066
107.24795962870121,46.64835889455436,10,29.829542327354794
108.21193815767765,46.4945033668502,10,29.905031987985826
108.6541269570589,47.199827043167716,10,30.093264211080175
109.15893693268299,47.48095379021604,10,30.174795955249504
107.60389168560505,47.66165664932609,10,30.28496752374968
108.4227227717638,47.82756234558313,10,30.432013350454806
109.08808334171772,46.67192774734942,10,30.34001158706811
107.52436204254627,46.96767641840093,10,30.32503731053211
108.35421784222126,47.01799651084999,10,30.33649546930435
108.81668765842915,47.11335225565804,10,30.330153677855098
109.283625587821,47.35329257720338,10,30.43621554155457
107.97479759156704,45.8504745183686,10,30.18261627714406
108.89128975570202,46.96186016545978,10,30.038451588491476
109.32154916226864,47.63808301054412,10,30.10684604248021
107.76695428788662,47.75385376130134,10,30.055192789409375
108.62266771495342,47.761280924524065,10,30.09348188228928
109.12901817262173,48.22593798444898,10,30.21911943022509
107.6186698526144,46.33816579100287,10,30.076023918817143
108.48017399013042,46.81256692519664,10,30.15991360599601
108.92728962004185,47.52572650582857,10,30.259506491164643
109.46781660616398,48.07103235086156,10,30.332049283940165
108.05311395227909,46.449659563482776,10,30.28901848197349
108.63157232105732,47.388112013469275,10,30.563545619354006
108.86271741986275,47.530916362836976,10,30.700258776640474
109.10729701817036,47.39651573177572,10,30.760943984228078
109.30605332553387,47.31581692146884,10,30.904886364130277
109.50016798079014,47.07172832542814,10,30.958240460413172
107.77811254560947,47.366220757486616,10,30.755584949151917
108.4200931340456,47.43514145922414,10,30.79738687863508
109.05908812582493,47.92806381169122,10,30.72504653580726
109.24423748254776,48.20190726772546,10,30.724440378972538
101.20619632504498,42.719592482101945,10.1623831649201,30.4143325921263
100.94181462449941,41.67380702287185,10.162170483209428,30.419933824078313
100.68178131167143,40.93973121688929,10.168188234487184,30.528370331940337
100.83096273328923,42.072689646000015,10.170604167658833,30.543023980768453
101.42624942201553,41.72376518011034,10.173195854064268,30.544053309104655
101.86712930274521,41.76163664322957,10.175716535796429,30.543946672879983
105.10492610874533,43.6673224779269,10.230238051359652,30.56329662023031
105.64601972137483,47.68252681407702,10.398112457303363,30.461403382195215
106.07243414361626,48.18820936808049,10.505894479367123,30.407768746276137
106.77025197336359,45.468266385860716,10.49887609701787,30.64277971834508
107.29757294590968,48.79829095646741,10.528019566621424,30.67020482792514
107.75049058230216,48.3052012601332,10.668044941991665,30.57893108414948
108.4943036732794,46.951131836633884,10.67679050610042,30.61895574581486
109.06748954352442,47.90781789642228,10.681258213585556,30.573314720598415
107.58837034239816,46.73471623191917,10.651544621895804,30.524605329878074
108.22869191517913,47.94915576174364,10.624832760284667,30.51980306580714
108.69628572351873,47.916957499139606,10.569548281289356,30.43465925607525
109.12886186225853,48.1072887693126,10.507747644511015,30.453234348480724
107.09770459478254,49.527417807563005,10.480951328175179,30.50213881241571
107.735031644635,48.34302134334767,10.417891214027792,30.551301356401183
108.68563313014957,47.01314468873788,10.31417204484041,30.487138850267378
107.12677821858468,48.04211406657659,10.250557624424646,30.453852098831902
108.10361823119203,48.41572923102052,10.208299255818524,30.419266644993627
108.9057455669181,46.480229924667775,10.030900267693104,30.656932051522364
107.41041977703571,47.21229245285328,10,30.653488552806675
108.4082022281332,47.57969034032705,10.030370270839683,30.674392650829727
109.12168069183826,47.98636688543522,10,30.75302241402602
107.78708179295063,46.631223605238574,10,30.544009133492185
108.5360941439867,47.59252875257002,10,30.698115261863958
107.18773253262043,46.16631648046139,10,30.46725805063383
108.22916455566883,47.39143831839053,10,30.39274083618608
108.75880594551563,48.16812499947787,10,30.488308752469045
107.4411736279726,46.84463863444273,10,30.262211957774298
108.23670633137226,47.677927841343674,10,30.473926581386955
108.82668919861317,48.26823650792129,10,30.439414418481668
107.28192074611886,48.64492684573398,10.06021976440941,30.392223315667422
108.31069454419512,46.93031331372733,10.01031181478702,30.314058450054244
108.75097854435444,47.5271103291558,10,30.29584226496146
109.17086996138096,48.247019631708866,10,30.33069633498809
107.71131600439548,47.03920320166321,10,30.146381980952818
108.46313615143299,47.66593850317015,10,30.083072129281707
108.90089891850948,48.27485838279987,10,30.14774431956145
109.33757834136486,47.28521688444371,10,30.24246792334469
107.7979313582182,47.70124330195974,10,30.183055972235213
108.58009396493435,48.17550470106306,10,30.12801579951304
109.04215954244137,47.034783474120054,10,30.221554372326057
107.50565694272518,47.56436724767068,10,30.217189004561348
108.3486001342535,48.16914569383063,10,30.251805042958914
108.78820122778416,46.97590721253306,10,30.415460531478743
107.30243195593357,47.98468523852938,10,30.373596513253794
108.17191596329212,46.79297249882495,10,30.343242495516044
108.54990963637829,47.686138935575,10,30.557415069403643
106.99389082122552,48.27127899325319,10.052753658519038,30.513026877951685
108.04947467680996,46.44319464955047,10.0168616069113,30.47124544061653
108.70718286931515,47.87626975579318,10,30.519991239483645
107.13400629932468,48.760205927659555,10.045081272228842,30.453610132437607
108.18316350877285,47.11773351645281,10,30.42832946809573
108.88514719903469,48.450436719846365,10,30.581686794218765
107.41516660153866,46.87293661064314,10,30.47284562201548
108.36729429662228,47.95624235064068,10,30.43378593607253
108.99249140918255,48.73614956307355,10,30.373404074988517
109.42945621907711,47.86886485993982,10,30.55131664379261
107.84606694243863,48.75114015492075,10.024566877633063,30.475317122136712
108.51643185317516,47.34689742534165,10,30.570519996150864
107.21073274314404,46.181671590743846,10,30.296784653627732
108.11310349404812,47.37145109582593,10,30.43472413665813
108.69601993262768,47.953513032288335,10,30.406761710304682
107.06310688595838,48.60893095302084,10.089318143509502,30.257035316318923
107.9524798463714,47.58089737232176,10.010690406773108,30.204258435892744
108.75899355113506,48.20936594669186,10,30.2192555580113
109.16799183189869,47.43298935588997,10,30.27613469233572
107.61018021404743,47.941754928799874,10,30.20337561120174
108.47742046415806,46.86205664792283,10,30.036631769208263
108.87228555977345,48.209946897685754,10,30.256616793592944
109.3390381783247,47.25075509624227,10,30.30040093969279
107.79421393573284,47.831550777446964,10,30.142699972447904
108.60002009570599,48.52208131463678,10,30.10459520261844
109.00102837383747,47.593236706626456,10,30.180171104964167
107.45022900402546,48.42221690273548,10,30.03005802185866
108.34223605692387,47.458325509188555,10,29.942268737877075
108.79044909775257,48.318373145635945,10,29.938268316476133
109.25045897066593,47.66788403230786,10,30.12263792344235
107.77560915052891,48.20565164457039,10,29.987711498374853
108.63493885099888,47.31536508910537,10,29.94180207489632
109.0558603554964,48.31033223659316,10,30.044784745405348
107.54684837162495,47.14491474091963,10,29.94268807514658
108.3317850381136,48.0129532841803,10,29.983749341019344
108.74688236415386,47.073871355081785,10,30.11166655519629
109.18868698179722,48.05350112304285,10,30.138915746347834
107.69251610338688,46.86943283926155,10,30.037976395712796
108.56707359850407,48.16456996141146,10,30.064487439270046
108.98730035126209,47.584383780189896,10,30.163763729516212
109.44717536866665,48.849030358792696,10,30.21969138606182
107.94022499024868,47.57072648727092,10,30.09974468765335
108.75744508206844,48.53645146702532,10,30.218475401743788
109.21958874166012,47.68579758376129,10,30.434772067502802
107.6448331899877,48.36418506881968,10.069843296719483,30.334597358120586
108.37741439044476,47.12227252396026,10,30.557006251016304
109.07903580367565,48.592341760977774,10,30.63495111095039
107.65575151145458,47.24781297062011,10,30.62272499835213
108.26783941686153,48.05582243812938,10,30.579855148378442
108.94845370948315,48.81260333964638,10,30.539224730384728
107.47097377479076,47.39603805841661,10,30.37994582514713
108.24798445403576,48.25056835817416,10,30.384433289863907
108.66433285176754,47.52122716138962,10,30.43910169207708
107.09777165337175,48.332809821452535,10.043000412309766,30.358588025241048
108.17375069078822,46.87760351461899,10.008831129133313,30.27953277963995
106.63268432408171,47.44838208042154,10.089569829114334,30.170073822130014
107.61686316822875,48.123281772751426,10.122932330868466,30.147298420471934
108.59044955735251,47.07105716055603,10.007240651749665,30.13999298902472
109.06500016152859,47.91895281235795,10,30.152652122012977
107.50562833249569,48.65321887570355,10,30.08984261342481
108.39130036532879,47.584985506736714,10,29.98077183190353
108.9312401264906,48.38070280933729,10,30.006784126116422
107.49569173321363,47.01700036551598,10.038568195397914,29.94372914246694
108.3461102694273,47.987229927571015,10,29.948739874619083
108.82211618125439,48.65409774952627,10,30.00546710607478
109.28458400070667,47.44376722390878,10,30.064455755881546
107.73257763683796,47.8488327580822,10,29.855901433044796
108.48456175625324,48.440263387045576,10,29.837375664391114
109.06394149363041,49.508973023547995,10,29.823211405805836
107.43656922876835,48.00485122928582,10,29.829608919272207
108.2279825661474,48.713388006279075,10.059680043877464,29.591952737035562
108.96992118656635,47.44717859993353,10,29.6535265656721
107.4762340337038,48.13488074671645,10,29.622260298343754
108.32401029029292,48.87152599522412,10.070159271184565,29.4821396192529
109.02465088665485,47.50209139476329,10,29.578502459166867
107.53376623780954,48.36784663922566,10.00254461583637,29.470725371540656
108.1451753526926,48.90319405254982,10,29.39690773834326
108.83635480701923,47.66218501638457,10,29.44331742368036
107.3588754683733,48.417251308886904,10,29.408450937651814
108.15629495295252,49.45446302010273,10.019039400172929,29.339459405707842
108.91955269873142,48.16329708654618,10,29.36526055878591
107.28688028974712,48.89335412296392,10.074570138784651,29.266860372211415
108.16153421668909,47.119576458512036,10.027531123783135,29.097330578053047
108.6568898409605,48.05202406885826,10,29.13283182361578
109.1505783945322,48.536335852661985,10,29.199599467518038
107.69889046251774,46.694405659409554,10,29.189144658939288
108.51619298756123,47.31398895330128,10,29.199942785206122
109.02713842689991,48.302244722992526,10,29.296290294667013
107.51553340256214,48.76263674032654,10,29.389628030857757
108.10589022934437,49.09991318399061,10,29.408313938333237
108.87793989479542,47.747010091364686,10,29.48361956854663
107.41042549908161,48.309705208116746,10,29.47991793939737
108.22006600222392,48.80676790282708,10.025658297113509,29.379987212547643
108.932279124856,47.81489531867362,10,29.501962227808914
107.4302983622392,48.46405442705995,10.07026215580305,29.4711076951183
108.26827248974256,48.87478099330963,10.103514759866146,29.353549416210846
109.0599287301302,47.234103336663495,10,29.498247014659373
107.59624905884266,47.89180275739415,10,29.436805325564688
108.18461026251316,48.55479686934543,10,29.411036995117637
108.78330041468143,49.268837706595036,10,29.344068392060077
107.20512308180332,47.70338717065235,10,29.27531488478285
107.95441128313541,48.42124837349641,10,29.344509981498
108.50660617649555,49.17959291564889,10,29.318643331618393
106.88964815437794,47.64360756183501,10,29.21924591714531
107.70758351350835,48.27853329510278,10.055981136063522,29.174991236155126
108.48577323446493,49.08278683194145,10.01255533318082,29.20771283832008
108.99362464249134,47.59977254883149,10,29.321444813734946
107.51086266338825,48.513189485293225,10,29.355901753303847
108.14135660231113,47.76203936646939,10,29.310404191841105
108.78576762974262,48.548881347256625,10,29.392337705776267
107.22533488567402,48.975779006825235,10.091047191704703,29.268506821739603
108.14220590419646,47.043262756919496,10.021248469212132,29.1328455234859
108.67506368458271,47.69679148985554,10,29.2066634066586
109.150838509202,48.15597241625907,10,29.222725536948634
107.60917843878269,48.294732133129756,10,29.17925782251516
108.3768569380045,48.559772261283385,10,29.15306951109315
108.84371711313725,46.95878310996162,10,29.188202968918564
109.30775780975819,47.69191983186428,10,29.20085737583651
107.78661341965199,47.89258400062986,10,29.219022743339604
108.54331995546818,48.00708490064591,10,29.060697135948764
108.99264495074749,48.43534515646688,10,29.069219191559938
107.48969679073798,48.68230951329645,10.081493606243384,28.93696189585238
108.37890546023846,47.007068754658825,10,28.933668388713574
108.83815430104733,47.52099559175361,10,28.939264006706924
109.34270213544369,48.38489806007436,10,29.023882418492242
107.7721396535635,48.61038185969557,10,28.9962043268773
108.62962566316128,46.88443061282854,10,29.02905469658794
109.08013547956944,47.65456710929596,10,29.046074641885514
107.50450851023197,47.74454292412221,10,28.942615239846948
108.29106779396534,48.25055259733926,10,28.898567218333493
108.72722680866718,48.71346494156147,10,28.907301159878703
109.18845595419407,47.07012101131647,10,29.011861067793006
107.6671320348978,47.441625214877966,10,28.883973488821724
108.49462921917439,48.13346193079107,10,28.909640796245696
108.91454569995403,48.398624607893915,10,28.981750256016294
109.33709274232388,48.79026711942262,10,28.948144381156062
107.88362811505795,46.95343989308279,10,28.885016044605386
108.67022018134594,47.54750475960503,10,28.85786880114676
109.15363623201847,48.353336730834066,10,28.889893179802282
107.5700382143259,48.79394649372702,10,28.791521833356736
108.44184817373753,47.25566591821601,10,28.8008344015388
108.90873591601849,48.20040943269443,10,28.804895622780315
107.37293652415315,48.906962564013256,10.04454900383871,28.762238426304776
108.2235265225172,47.39654241804954,10,28.76606254582315
108.69327802956104,48.472033984236006,10,28.83354068855092
109.11625976860523,49.184198636531384,10,28.88225792517416
107.70639796555042,47.41715194068358,10,28.797584770620375
108.50761766731739,48.27573380845598,10,28.778571073794755
108.95791082084179,48.904000004079094,10,28.74977110251617
107.21260499397431,49.476659737047356,10.033779721667102,28.633691648748542
108.16540549695492,47.38862809983215,10,28.54539020378809
108.88405893743038,48.1157279386026,10,28.6202703211309
107.45583759868958,48.639498020951784,10.005648123724882,28.51849904919759
108.16378814548248,48.975631519560466,10.0152530258895,28.392019028794493
108.79468624293804,48.114158302301504,10,28.48075165811374
107.31101481616497,48.93214086994008,10,28.398138401956473
108.02205358445644,49.415762751860626,10,28.307473863178707
108.76095555722713,48.00342527756741,10,28.486206362195432
107.08736743778368,48.89494996554361,10.24012129008014,28.149309196478622
107.83025216878319,49.25889663915273,10.18931886909675,28.104922040037213
108.54427198477197,49.86433596316772,10.008375418035017,28.24056810743081
107.10997442901134,48.411885164733384,10,28.1988096624904
107.9435114711523,49.26494964302401,10,28.32064012420596
108.66750310361385,48.43452498304356,10,28.47854270973847
106.91788881888124,49.41348581811725,10.014697643714499,28.38875482293154
107.86721895635128,47.782866824232855,10,28.461914884064587
108.66340838372707,48.823972835750695,10,28.617338711935272
107.09380634850282,49.77127437723149,10.018241212248427,28.603448614966112
107.99680630862713,48.27661563272021,10,28.642630157714883
108.63801585137844,48.96821278324007,10,28.739874685143473
106.90154745976588,49.90250611960267,10.025349531561915,28.66121454134894
107.8930799216032,48.49782128230016,10,28.73463303072752
108.49876128137112,49.4160956705119,10,28.821151704827415
108.96212895214558,48.196619935644904,10,29.165504166001224
109.41951768100262,48.87458300717634,10,29.18110950944958
108.01598553359509,47.30705905353677,10,29.14880855503439
108.45439098775387,48.47161206598099,10,29.214387560129463
108.94788067042828,47.195565938635156,10,29.311205948167697
107.53206138312817,47.971581533450134,10,29.253181630714856
108.2533717006445,48.84199529475349,10,29.24245319010125
108.77751110494137,47.65584049351213,10,29.362335929867292
107.35215340554714,48.43107618555277,10,29.37064092441761
108.16688865694323,49.54803771668095,10.05973204428119,29.240862673791494
108.96419666707516,48.16342622880279,10,29.31201464658762
107.39777425225435,49.03413168219532,10.070207738958644,29.266757618968196
108.31541371756599,47.40098894561832,10.019693217400604,29.142790025105597
108.80095137655735,48.627241642877024,10,29.224549433520927
109.3233689814806,47.30317168572253,10,29.38065610465059
107.94292266666889,47.949270811779265,10,29.238070636922814
108.74733032286167,48.9464748387379,10,29.26158283866656
109.27664847671986,47.888051954707706,10,29.443985252120317
107.62267189956424,48.95780769995621,10.061602865920108,29.42825830370704
108.37259013950825,47.726084573787446,10,29.51322912841701
109.18260844051838,48.73998175621371,10,29.630279772414582
107.68968851864338,47.21072467134402,10,29.491115853012115
108.38832373917103,48.04008949001871,10,29.63827665660359
108.97380782663822,48.81983292438463,10,29.654100852591913
107.48615027964115,47.15717688245313,10,29.517084740883014
108.38770104944706,47.689666669152686,10,29.388505342578505
109.09926058351994,48.479692729734865,10,29.540574689004472
107.54449443845013,49.07872451213513,10.053785734811242,29.398279852460163
108.33676256239414,47.53404783103467,10,29.434786544510334
109.06645376980305,48.40353588578488,10,29.540225146008435
107.46099778540564,49.10511675570977,10.106407860365863,29.40314628903982
108.23839665949345,47.625794023277514,10,29.481140995161056
108.94309736788273,48.57733615414671,10,29.561336200051702
107.31250060637728,49.0936209960209,10.0526733489844,29.402685764884236
108.29000890784341,47.41124975483808,10.01909901633108,29.27349647692518
108.7483332902193,48.137469791217036,10,29.43707291131601
107.15881419798544,48.53090754701632,10.05599464732785,29.330854190450776
107.95772454130092,49.30530650788128,10.083523482333842,29.220530804662936
108.72215010225773,47.94900950209454,10,29.361298596677706
107.12317998423138,48.58990326707196,10.077212458571609,29.2687219584465
107.9568749788343,49.20622209130911,10.112630491864849,29.17603518143979
108.70757712423801,47.79264886992688,10,29.219518112927997
109.22801168262959,48.596488530443935,10,29.28986654095547
107.82297439873219,47.03380810401953,10,29.288678149877278
108.66678865253925,47.98585817650628,10,29.24469400984764
109.13066132366657,48.90516529966233,10,29.37029933369544
107.62143322011298,47.39038100967139,10.000439153503066,29.25309242959225
108.32122768461704,48.27403584186378,10,29.124263428507017
108.80072657763958,48.88108602934343,10,29.207601079022268
109.35888110101223,47.63722613808011,10,29.312084453315272
107.96590469777584,48.669974667178856,10,29.2159268850546
108.90448258817196,47.38477926719384,10,29.21076307572592
109.41517399251461,48.713936174089,10,29.287793910296813
107.98321531713009,47.16649717096378,10,29.163458192410896
108.81869249045849,48.14459255125793,10,29.095774201956566
109.25100983679295,49.06524118414761,10,29.091999800518945
107.85561622679234,47.5870365582366,10,28.91863424345731
108.5991053134203,48.931944988528414,10,28.8845822010652
109.1336665302515,47.858007197122014,10,28.961289838016185
107.59933210909367,48.53906039188209,10,28.932701476755312
108.49610032141209,47.180451388485736,10,28.920803282147254
108.93289424479008,48.534858345263025,10,28.923631633912503
109.39644505083561,49.318896265178054,10,28.98683609708385
107.98805250227451,47.881770657789474,10,28.920536507722826
108.7241133004427,48.86802813135122,10,28.954640060355203
109.2394912391901,47.70666311130512,10,29.02258742375063
107.66304601728916,48.49142496838289,10,29.01757751212347
108.62250585854053,47.06537857683226,10,29.039101266370356
109.1387901455164,48.37828799065255,10,29.081418796990867
107.55354036381532,49.20010636938934,10.000976085847839,28.937773218029875
108.5031653791666,47.7942340410864,10,28.895632939256732
108.96485088765621,48.63906963279464,10,29.018752388088178
109.4479074627161,47.55808663049748,10,29.142930716824953
107.8545339256525,48.57676705531679,10,29.075588373236428
108.78043891489506,47.22633715557584,10,29.05562035480146
109.2140629440546,48.35994704350172,10,29.025603223297853
107.5887081772089,49.213638181539686,10,29.071189139322446
108.52802635729313,47.84001250726801,10,29.129806807522172
109.01460342109203,48.77642601135923,10,29.18875560767408
107.63174311816692,47.3413151151065,10,29.13581136357371
108.54473374783993,48.23728207358427,10,29.016664516892515
109.01532910764217,49.163879193414466,10,29.08920968477149
107.6433726400137,47.6625955195322,10,29.02321977011536
108.38237808644772,48.97589349353812,10,29.026132555852904
108.84407468140125,47.851666481086944,10,29.140985868932763
109.27138648927212,48.691308110989894,10,29.260142707889372
107.95503579080105,47.07844365706284,10,29.195052686071232
108.81078927218914,48.04034536302852,10,29.20111141574907
109.2706234306097,48.99702410421317,10,29.294946545074115
107.8686960786581,47.546889915301605,10,29.276793892852673
108.60227982699871,48.81962277736378,10,29.23475710473296
109.13408677279949,47.70941242587765,10,29.389112257854762
107.69614033401012,48.635719738653314,10,29.244311133661466
108.64053826034069,47.33042047725301,10,29.263291118559255
109.08785153925419,48.81070956656851,10,29.314177535722916
107.52401851076269,49.75092291046594,10.093309224478745,29.149236182324426
108.47428217862993,48.461301814500004,10.003626071712382,29.183649720920734
108.99385090172291,47.22215897381233,10,29.30829842223932
107.52074332535267,48.184301742397494,10,29.186175055479133
108.28859384357929,49.166090895620385,10,29.141333326067354
108.78999890387058,48.00399911511879,10,29.26258619821251
109.25190035998821,49.01867195648023,10,29.3503667419148
107.53802506288571,47.70501651604637,10.259104020184623,28.834386149393843
108.420765020639,48.84658531504904,10.15922917288484,28.926341773052933
109.03467306508165,47.88536399160945,10.00670519444265,29.1531287163875
107.52150144342443,48.864455511848924,10.018051670713033,29.140717846929068
108.53586511313915,47.46936240954925,10,29.219768425689175
109.05115722119808,48.567286049470866,10,29.33519209807067
107.2940036313148,50.202451026638336,10.30937115223972,28.994186770658345
108.129969585749,49.02962581798252,10.287929169709516,28.967338675701917
109.02946693770352,47.84901127346799,10.060113736544789,29.116266987295674
107.54643227895652,49.0449312934899,10.029148504325661,29.193572960511734
108.57175694406033,47.72372872834998,10,29.28080087903009
109.11674688756466,48.602018224145745,10,29.495454182474887
107.61461807243963,49.85921665701976,10.03693694963178,29.438927800125292
108.40263263881207,48.538734763154814,10,29.484547998072475
109.06928233802319,49.41367845266407,10,29.521141880307315
107.74220947921276,47.90204263368308,10,29.35697765286708
108.50685016810894,48.63780064245813,10,29.34089977237142
106.98734667257992,49.63425857486753,10.02453784432953,29.166295002790356
107.89972772314366,48.30328280808208,10.007945942596272,29.107824268447427
108.61823908984661,49.72409747314263,10,29.004436849260788
109.18568412959576,48.96718423544674,10,28.942525252257237
107.60477428138256,47.653210930328164,10,28.85939870232288
107.93657122552395,49.407143358440784,10,28.853500322538068
108.60336224734783,47.98081301521676,10,28.86442445388663
109.18527126083063,49.603430231853594,10.01636895995762,28.832966132215752
107.48545760951278,49.018775105529386,10.052540490193413,28.77763220075161
108.16103675936328,47.70007714537677,10.05961170842911,28.796840216698932
106.17620039109028,49.93753960152088,10.10561844460893,28.74103275512482
106.64446292810982,48.83014056688893,10.114359021319052,28.747993958009936
107.50937729171007,46.46135740823347,10.14794563072744,28.98114476323591
106.16303857323908,45.860167448106864,10.156120227627294,29.07386858798435
106.92479889673632,45.231560691201,10.156932819234498,29.0897055825929
106.88111060785354,44.70643983296953,10.157088571745138,29.090369943671003
106.83184584479089,44.56242611477598,10.157714853673083,29.090521727744875
106.6806004764479,44.59317515294123,10.158241068950954,29.09079230242298
101.9255451740795,44.60698243764617,10.157528423870883,29.08415066663332
97.5194009694226,43.655168494136106,10.14237466399522,29.088370093990044
97.80857513683699,42.820869945489335,10.149451288826004,29.09932804543245
108.29021486151179,48.86456601240312,10.13108188891491,29.119019232222577
108.56936724725217,47.52772532700942,10.08791794890461,29.217534854413778
107.04018888830578,48.23742986882053,10.066296916019219,29.283115175469906
107.95567825271377,46.98132072968304,10.052931073632063,29.24907405051611
94.10695582513267,40.18371227004225,10.230169477378235,29.716151473948088
92.9028618746554,40.641543391167595,10.20515034326808,30.247566744438483
108.61946682296228,46.74365882423858,10.038810945311546,30.356404268189102
108.93356791138649,48.49813306182638,10,30.55857544480792
109.30173978209496,47.577645413006586,10,30.69197911673798
107.72783163576024,48.86510067406546,10.010284535314696,30.6755407511449
108.56291708350182,48.012787972304515,10,30.84992251948917
108.92136135697365,48.8402441279773,10,30.833568476690655
107.53487495615659,47.6125518863117,10.003086307951264,30.69193090344227
108.1968540251255,48.673178893346595,10,30.59717949862541
108.98244354128838,47.69768160766452,10,30.580234931577078
107.34674725871065,49.013171348918135,10.071683626556833,30.44691346336734
108.41912222069479,47.63338396535488,10.066768583417398,30.261541226175616
108.91956868767738,48.97823682605235,10,30.290101038227924
109.42081037163734,48.03414006089374,10,30.506184726244737
107.74637130546513,49.174324947126365,10.109392153264224,30.41962994668416
108.52621276088675,48.10695160982523,10.013796371060218,30.289950866739296
108.93211427330971,47.41850105860453,10,30.287025781093252
109.41770994663239,48.54834657957258,10,30.378399421163984
107.98855221056175,47.28720812871776,10.010903601184864,30.160023523267295
108.88397204875946,48.420654474891464,10,30.031621984636935
109.2815851867199,47.65073261819552,10,30.04381009652735
107.72918912768364,48.34386781895578,10,29.95149931262158
108.63933691382408,47.11686198602626,10,29.90510638215189
109.06702283024788,48.05279283739887,10,29.86102742953637
107.51226678490639,49.0687088108916,10,29.80685649615411
108.2648957669735,47.7082856552964,10,29.83536648646744
108.90446326136589,48.57183750419927,10,29.84054614246723
107.30064338559025,49.55222628629971,10.089188394663466,29.76128968403266
108.19001956770958,48.276788000863434,10.005028744734492,29.80363778391216
108.84507450461388,49.13818817936515,10,29.87979143691849
109.38424083590508,47.94635444452095,10,30.01203983922409
107.89095674799043,48.41719698901892,10.010989390886664,29.91913639552615
108.86618795990944,47.16418041860849,10,29.797226497406587
107.4406674615557,47.8141652875984,10.00954095283845,29.65448153378742
108.28672421963624,48.58499204463487,10.094880501595902,29.490782025909535
108.94113518525432,49.20932104557053,10.031034018014465,29.579167905454536
107.41900160424034,47.72089973750145,10.01573515907686,29.37798956746063
108.3094370663166,48.395636505738665,10,29.182496882159597
108.76383104920387,49.205139465688866,10,29.28946266102018
109.31438413262367,48.01064342786279,10,29.303483108483245
107.71111238907571,48.77972692296575,10.023799222493267,29.220144499815714
108.61225840449333,47.40830230377079,10,29.218908664734567
109.09010684490204,48.23835223738941,10,29.24271177639443
107.51559602019282,48.849660149675714,10.01031091219005,29.124057419564743
108.42914134263992,47.381751091152914,10,29.112731028248522
108.96423363685608,48.466125943968464,10,29.16411319670189
109.51001954078674,47.290607298790846,10,29.275250613323603
107.97087466716766,48.04479839914592,10,29.1572431923147
108.66541331588873,48.87644995865894,10.016409286267589,29.095068174637525
109.21397745609283,47.61105960940611,10,29.18005262184618
107.65749740600586,48.319235195474164,10,29.19835044034118
108.39247113466263,49.09512927449542,10,29.21304494545327
108.92861008644104,48.13060034399135,10,29.315752832782827
107.30714982677944,49.33817626874987,10.045445562810755,29.332940889958298
108.27445273840497,47.64681694011526,10.002048269032034,29.214560437577866
108.7539592385292,48.429687472017434,10,29.3632832037677
107.07331339244035,49.25378468311055,10.092800424019742,29.36559348987158
108.04321288450132,47.47067654285027,10.049067747919352,29.214315282629688
108.49225950241089,48.30847773137207,10,29.31321649426253
109.09836238622665,49.16596901018495,10,29.26047885259899
107.69526821374893,47.6586644411225,10,29.188978590928375
108.39221888780594,48.76163577924595,10,29.22404157378486
108.88426366448402,47.631359617198044,10,29.29505470377361
109.3288554251194,48.38462940884773,10,29.37807920548096
107.66751835812926,49.221925915481336,10.079311707222473,29.35275386570617
108.43793794512749,47.8851557871565,10,29.40173328937855
108.98573032021523,48.937578595767555,10,29.541826999396438
107.44303992390633,47.398406176505866,10,29.361059956663706
108.29497399926186,48.38703395802443,10,29.202108574725507
108.8246657550335,49.34568216732163,10,29.30022448675857
109.3216844201088,48.272150322889715,10,29.512902518311908
107.71759793493604,48.8227217306344,10.06749623351385,29.39886006560024
108.48136866092682,47.67692729383709,10,29.445554196229168
109.17787200212479,48.61857346003779,10,29.48253790962703
107.36604090944208,49.58117910304536,10.36945314376996,29.034230419807862
108.16796579253416,48.34436030077925,10.14260406709231,29.14086601399463
108.80108788430847,49.085996631015135,10.056367222067566,29.21548198057516
109.35220628976822,47.88972750916969,10,29.360608496360783
107.70785613206165,48.64057456882548,10.071206781325003,29.230830075100652
108.37042030903542,49.286886304887915,10.0113138514192,29.28516190235322
108.91150242090225,48.08776415412944,10,29.39687332499444
107.31022668156817,48.92503837242759,10.070658082290606,29.305832187821352
108.2515359963852,47.306102730828954,10.032883197888154,29.150072251154743
108.7579015493393,48.49710487340241,10,29.27323282768692
109.31672030687332,47.26272511157786,10,29.34490406207514
107.85210651159286,48.070064164303645,10,29.270330345814244
108.62633067369461,48.660426817875894,10,29.332272475269473
107.02188775562615,49.29197245390721,10.073827433121778,29.245213150342767
107.98031262851717,47.618632559914815,10.006772194366434,29.09994743318535
108.73699915409088,48.577917984141564,10,29.16960049506358
109.25039219856262,47.262422557089806,10,29.29213464216636
107.74784123897552,47.981638767035975,10,29.223471080229956
108.5166586637497,48.956561475175846,10,29.262106351091635
109.00483855605125,47.671974844233425,10,29.343065597015784
107.5530854165554,48.26946176770703,10,29.21441288463584
108.27758923172951,49.2473922043374,10,29.242389019851352
108.81177082657814,47.93127059428833,10,29.35437285960891
107.16065616975763,48.45467425143707,10.081539540081451,29.1946052067189
108.08977833390236,47.06254826855512,10,29.231303585522973
108.53525501489639,48.259835190192376,10,29.249053217132477
109.02981355786324,49.18358256219018,10,29.35895021202848
107.49833455681801,47.66336256574729,10,29.149880393512888
108.28484311699867,48.78206374158863,10,29.26616127509132
108.772201359272,47.595842292387324,10,29.375349054170204
107.29887503385544,48.240079789232354,10,29.181849651186006
108.0855712890625,49.26660551959102,10,29.233773175591367
108.55434623360634,48.11537977247316,10,29.34490448893413
106.93097592628136,48.71819030806756,10.084785973307788,29.227392791791658
107.70523732818494,49.58840600912633,10.137319387647928,29.181137944354
108.50874158740044,48.28602605597135,10,29.260778784425547
108.97681653499603,49.07086694447877,10,29.389029846804323
107.45399188995361,47.54971305214343,10,29.221417225133457
108.22876846790314,48.698852719596,10,29.323167072662404
108.84786832332611,49.35794362906294,10,29.369116465963014
107.43866550922394,47.81700556756499,10,29.258778576812922
108.20597273111343,48.78181152221364,10,29.325826780850278
108.83160746097565,49.596124939696175,10,29.33659112973835
107.34104120731354,48.23512049314045,10,29.156840875205763
108.12238597869873,49.32908463481369,10,29.26079987518447
108.5962630212307,48.32720689491397,10,29.49460973349343
106.97618261030499,49.113583149404306,10.077160953458474,29.425804720926948
107.87654261674058,47.49874068032209,10.009136758534677,29.282463288089172
108.6016421020031,48.585421864603546,10,29.395870071213885
107.09612110680422,47.624438674126644,10.208271852610878,28.92325871054477
107.88912325432098,48.43710053317098,10.12994785447527,28.981927616738936
108.7204021654289,49.199798237164416,10.064033480135407,29.073767869305037
109.25703546404839,47.98182804720703,10,29.279269301542207
107.67413887381554,48.64336847002057,10,29.338097587918906
108.3104142844677,49.17952445011054,10,29.501013689414986
108.99946048855782,47.99084255421262,10,29.5300634343511
107.41571867900399,48.68151099226096,10.094359210385747,29.45690784411256
108.22264521338289,49.415468447553785,10.15802379413952,29.47515213896362
108.99059376120567,48.06856019129546,10,29.54141185063799
107.64501318335533,46.758862650970755,10,29.225675619870778
108.39452585577965,47.571362062204805,10,29.166940115464502
108.88964593410492,48.5489700756994,10,29.38799242763241
107.31990675546442,49.18601287695964,10.084889085735611,29.301483119057252
108.27567424849487,47.52870533183867,10.050423572941293,29.138256116785143
108.81481647491455,48.56593640641466,10,29.38841540661328
107.31347011153503,49.13554062598418,10.102026251463045,29.28790206444384
108.24820341522101,47.5525115182902,10.038808308946997,29.229715685257812
108.71729823946953,48.38624665871258,10,29.34782592027457
107.10110465237244,48.94984478266872,10.074244607513265,29.320566992117854
108.05253389207115,47.21767748934009,10.003860359835816,29.12098475252694
108.59310010075569,48.41273599798339,10,29.24387871393906
109.12988010048866,47.22483350196295,10,29.3863806359116
107.69113829731941,47.921858852125716,10,29.25163588956555
108.47975954413414,48.927063056839756,10,29.3661437952162
109.1823944747448,47.66962851264398,10,29.277893033449065
107.64749810099602,48.203086350286966,10,29.318006796181894
108.25252881646156,48.868311483286135,10,29.379977298921347
109.00555321574211,47.552837064792485,10,29.335301050077955
107.56459841132164,48.125882615100394,10,29.274106275527206
108.3928237259388,48.787297943844045,10,29.349380762540633
109.06218913197517,49.40461135605443,10,29.393170571725815
107.5874505341053,47.77377515945904,10,29.280380837231046
108.38837984204292,48.80256104577569,10,29.36283825656858
108.96455225348473,49.47829306040019,10,29.420965782914983
109.28757625818253,48.005982056020855,10,29.46024807380866
107.75628744231284,48.48520322697668,10.095549252299065,29.41230452979053
108.4231800584579,49.02722123289243,10.049153775257954,29.419883718001756
109.16667854785919,47.54582129637659,10,29.519865826751207
107.6983015537262,48.03423843016881,10,29.378909454521995
108.33282494544983,48.64966670883503,10,29.489545430873328
108.92718487977982,49.385485126152005,10,29.61726548596412
107.38349884748459,47.65524058748592,10,29.45565182586953
108.29534751176834,48.207705520525415,10,29.313683156689944
108.91339462995529,48.89713910120489,10,29.393191210861392
107.45127695798874,47.37274571712493,10,29.293746234255078
108.24711579084396,48.29544811288952,10,29.32349605717446
108.88216418027878,48.84880590243776,10,29.453656369763443
109.1846835911274,47.43170616184203,10,29.606952416201494
107.75100579857826,48.23205885080381,10,29.638346666726427
108.45257011055946,48.9338167001151,10,29.768179766855667
109.28506609797478,47.39001501879558,10,29.754201317589803
109.61391940712929,48.44371075231306,10,29.87455180726566
108.16621997952461,46.85980018604934,10,29.748867986408705
108.90517821907997,47.68964650910534,10,29.93203150904365
109.39509636163712,48.25508064022878,10,30.001978089974564
109.26777043938637,47.09072619492109,10,30.00340741287144
107.69324079155922,47.07940153043515,10,29.84897025443087
108.46131345629692,47.361809348749134,10,29.830507421510028
109.25869116187096,47.74034949925634,10,29.829587379742442
108.01576074957848,45.61942051824188,10,29.728936072057003
108.96158590912819,48.419883125619165,10,29.706726658541445
107.56812086701393,46.25168962247922,10,29.695444063380904
107.89851736312681,47.80224979208386,10.030412807353859,29.704602092167832
107.73198019661382,46.78772317912441,10.030991987429566,29.705253704851263
103.53410331858068,45.1342217869895,10.11939558480443,29.72854767831482
104.13106843568151,47.091633111961336,10.1963150553452,29.710732255315104
105.06141832798679,47.55632413787456,10.246900432706706,29.677307554219556
105.86764533136461,46.16733978385064,10.284588618791616,29.678472768767637
106.17573688988253,48.01402174484327,10.36737593880566,29.587365621684725
106.40151787178418,49.866590381388676,10.365424774553365,29.588794920783243
106.77477471838093,49.511384862731475,10.386916631267555,29.56328034326381
107.23145995489239,48.469399448956295,10.40889389412645,29.5418801724316
107.65114179671595,51.124630607985495,10.447353563293033,29.545987804476972
107.97899500836182,50.42031611219858,10.530816379999159,29.470520745788352
108.39160279102136,50.08331722617853,10.58379514680289,29.42902585206077
108.57919003812663,49.73750540427753,10.604374513065984,29.39156554057484
108.90079368051971,48.524661487108176,10.55663217311928,29.38557770238242
107.11567352995002,47.47092557488565,10.407324487274435,29.262688780443813
107.69156114246509,48.324457101160746,10.316694687087109,29.180607012035146
108.44761550918219,47.5931569472443,10.238840480744887,29.100262054098078
106.83792764681957,48.45631175143426,10.115064874522263,29.036331114503273
107.66358433186514,49.073178079411456,10.057035038481095,29.0175936043466
108.71214725077152,47.6579599735426,10,28.95326825373689
109.28870888054371,48.56424887294219,10,29.09651232669524
107.95664377510548,46.71080126669744,10,29.067845453079382
108.84565980732441,47.480843424397044,10,29.06181553621685
109.38608177006245,48.201602833630545,10,29.170676709281224
107.84881265461445,48.729630967755554,10,29.282028311323867
108.85781665146351,47.121173543827815,10,29.366080352859157
107.43767936527729,47.66631343600878,10,29.34969495002036
108.39436115324497,48.13341179133847,10,29.192353112064534
108.96442998945713,49.034391114575584,10,29.297695653105567
109.5103864222765,47.784637230854614,10,29.456027387527488
107.90358956158161,48.30809229553666,10,29.45853689965814
108.57218910753727,48.683765549407894,10,29.604609725373614
107.03067543533575,49.031314631909126,10.019254427609212,29.533401423862212
