219.5,87.5,32,15
218.03192875521012,86.62990250682313,32.067150876191704,14.953356037627074
216.65201402513003,87.46440063785482,32.158270104570875,14.90811415769719
215.57591702377727,86.94281212653526,32.257562839271046,14.880975700104074
213.1202272697053,88.06904303120011,32.37319315994547,14.738780337841634
213.13126975092962,88.07485463391598,32.18825348131506,14.832573288761473
211.55542660896612,88.03154451675857,32.04923766067361,14.804405482557499
209.98600949313666,87.9187693869903,31.863684103559923,14.757403818103805
209.7851021442754,87.81842088975715,31.63894925933223,14.59992994560387
208.91389121936103,88.65847336905212,31.48407527652697,14.451553969939345
207.41768673375498,88.09088290514717,31.2810666051457,14.311214453832923
205.65674372776027,89.0090670040142,31.578727334466087,14.179112088999865
203.7453804297715,87.64853131842163,31.995441633766983,14.102683088252007
201.2520608881261,88.5420969092117,32.01810814854582,13.946888357248676
199.01351160794908,89.33323121097386,32.51409089087615,13.787290714150645
197.00689208417793,90.21920222312357,32.89896489859299,13.848631041345072
194.9265672632034,89.39042733984454,33.40151393553111,14.002220198467112
192.6876796494505,90.63508282300508,33.809865487499785,13.849199353224531
191.79648129019407,90.23153012725,34.13950317853157,13.933628765597275
191.34446092103224,89.33398639839447,34.32474873653452,13.952644674846383
189.0151498859895,90.49403228651985,34.28447821323617,13.781271970937558
186.21295486332164,90.75314585655372,34.193620131588276,13.73262428910652
183.89753991217765,91.24705552804707,34.64851381179983,13.790770498449845
183.2186763676703,91.32698723210572,34.825659688770756,13.885211469557312
181.69356897287446,90.24323273408379,34.976482350371725,13.949795165003016
179.82384211683683,90.76057899193978,35.070035812965806,13.844085324366585
178.49671394275776,91.53392971290954,35.02317774500149,13.922351099872426
175.6959722047021,91.3183480853632,35.159016861524194,13.853036087295447
174.26860602888038,91.51279654107262,35.34736332411428,13.92399646089934
172.6911379194313,92.38309279932443,35.70805286942843,13.899100994490306
170.81106689032754,92.73073444892093,35.6258477825554,13.952011793769922
168.6518022599816,92.63022067304524,36.0374997639657,14.055098021406488
166.84483559195934,93.0082226444286,36.04618441035868,14.028712389568128
165.6325736474262,91.61976513101412,36.21294586732661,14.10605723741147
164.14722551299639,92.00723187641599,36.18735765132297,14.065828479502644
161.69042938710504,92.84917884416137,36.574632306670054,14.306140800878332
159.79676210250577,93.05801799909621,37.072268036681,14.44744617459477
157.64710846790524,93.69918148534236,37.28916735452711,14.575505406821996
155.3920683443734,94.22474355326476,37.48182616528092,14.602049222561078
153.6512350031976,94.16152012953262,37.916413046073124,14.794461789546395
152.0187456122249,93.91026255241145,38.28201996560701,14.777894933996418
150.6577399813165,94.02150225422517,38.5668073161384,14.749179293081461
149.21597627360097,94.17995686716166,38.816235963335174,14.683946000807948
146.87974994488656,94.26008139035706,38.90179220123888,14.664635296034726
144.50543027026592,94.8277934025246,39.16493645999552,14.69241188853618
141.89881607626435,95.2913249669083,39.11217459073549,14.767243233798332
142.09880098990882,95.05362248140574,39.29222405866217,14.671147188186636
138.88422629112443,95.65806375006446,39.2728976185234,14.698063367414301
137.55059627447633,95.28799743666677,39.36723685256422,14.6776236799473
133.24049926879894,95.98556387476081,39.68259077602842,14.806690051119427
132.65640664081894,96.14353938967142,39.79078264571981,14.885339263674542
131.22255930692756,95.76646544283666,39.87231374500587,14.86476255464479
127.87760946607789,96.70049847180974,40.303125387307006,15.023503566477062
127.1665117449487,96.00080009456613,40.49404562872155,15.071335079150632
124.37470899992599,96.36249812800817,40.89944753600331,15.209758756376646
122.09915806654979,97.27584762332759,41.07361630491635,15.312058474462779
120.06368661301114,97.87458251395513,41.25713974978967,15.297192171639415
117.93933158379738,97.34408446401994,41.39232537126651,15.194996595369961
115.3472420311389,97.53036734926991,41.545933015859596,15.241804903382224
115.23113971192438,97.84555028146669,41.388483017905585,15.318676163431713
112.53472366489757,97.27403072131371,41.47981431468749,15.235688510284916
110.24157424662444,98.02292705677573,41.71355930678183,15.209227078107519
107.88677361304195,98.10613517318465,41.962442895876734,15.360319632206396
106.52978491712012,98.67901834990114,42.425768689743705,15.57441071876823
104.12629400874314,98.94175024251818,42.322283358670504,15.690037624623791
102.23819038714004,99.14128075652552,42.259922868112085,15.773187858596799
100.02104909462707,99.30855363584564,42.371462037305484,15.890085116485627
97.34760732277883,99.04079981951188,42.475397525734635,15.91778781894304
95.64313660535598,99.90589574697151,42.44743500702809,16.017890096256462
93.21244313061956,100.66453731710773,42.362197677478704,16.06123703906811
89.79289033820939,100.70533420534115,42.41256024319506,15.998938034898424
88.1519485775489,101.20074035366628,42.79623824579351,16.0640608826726
85.92662946179304,101.48117317300482,42.93452334314995,15.98698891989502
84.51677806419292,102.14912279561779,43.11410229420346,16.086149222093425
81.83641667665049,101.70427689122724,43.3807570189038,15.982949182787193
79.63691561017554,102.0472697499921,43.46127198449531,16.02053184513647
76.83273603087352,101.86538338771078,43.80833868551877,15.963115887381377
72.85302433854596,102.205387161602,44.26887977647273,15.875970528414983
70.11214856178707,103.2373570697183,44.977455613590365,16.05192200284709
68.07743648299342,103.30773634164048,45.388329985563644,16.09742398041462
66.31289324047093,103.64212385236262,45.709258692822374,16.167934368420877
63.95130402848076,103.56078340629321,45.9001228162656,16.21430408294833
61.73415360170638,103.50680447152135,46.006956705092676,16.345387653144666
60.152971697880176,104.3788962876848,46.09495179745883,16.285682184536952
56.53829913047866,104.46327383054806,46.38117502216665,16.210821833789083
53.75998346086865,104.66951614718339,46.57000707931269,16.333527902003112
51.333313521946636,104.94517480753194,46.8993825520969,16.330188148025044
48.26339700091087,105.28168002923978,47.35436871611668,16.272638517654887
46.61158953516379,105.80309897796813,47.327343808438485,16.40190760147563
44.23742850962937,105.70714897624666,47.505541233347664,16.43708304763807
41.63210387925247,106.34870563250736,47.50458685259145,16.447215885133424
39.957920412963716,106.43708543835771,47.59945904563647,16.49662055480097
37.359557008321175,106.65159313436855,47.72710216427826,16.431417162338704
34.87589554299788,107.0004792991057,47.763861168228054,16.426971842542294
31.957163143981063,107.34210526719335,47.72150895728953,16.402586192644776
28.498390463660584,107.39629189042033,47.86641265914753,16.54050923277376
26.6610116506309,107.86078539761057,48.23115889833556,16.658790609048786
24.516954373170098,107.73747364111004,48.32017057468661,16.69403404266123
21.1484604014653,108.03356500067659,48.1091661932671,16.76853684513076
18.696119207684617,108.35829033674553,48.149503507128514,16.858231511528203
15.593059028663799,108.30682882752492,48.46593680386034,16.946024780306246
