233.5,62.5,22,30
232.33682065158524,61.27201173941782,22.181344172369677,30.304522787720146
233.27727702711448,62.52148006212664,22.22376399329454,30.498245520354267
233.13457635151426,61.705528594771664,22.19716235782546,30.515089794557017
232.81012722981052,61.58853314530262,22.226567235945144,30.621962985169713
233.72395869085864,61.58431390329484,22.221332063482695,30.409759394242684
232.70037927863575,60.58779919597895,22.437201000500163,30.574106147817947
233.5309078880897,61.62711392250226,22.420066706587704,30.684984656044524
232.7081499457068,61.67269720563091,22.57168229228124,30.81946567339108
232.3311418474355,61.1655360585594,22.77340340005585,30.91607229885582
232.3879335246407,60.74713754637874,22.862524937207915,31.025361374341713
232.65761014535062,60.977265757405625,23.00063445242183,31.009062668514513
231.90849668258267,60.62476275526179,23.014998977902778,31.003470680858825
232.41120220704246,60.50843503126936,22.92039786312244,30.911899928263104
232.63614035803704,61.87309282182869,22.863867632376607,30.850812496558497
232.5709925843612,60.294812661145,22.73318737182306,30.75806971543258
233.01852508785655,60.30620094325045,22.549308356596462,30.718309606767704
232.77891116958025,60.08389073384903,22.550518326537528,30.826894386522923
232.82991122820545,61.10338130550621,22.521987922617416,30.8621908825976
232.5916629808497,59.338681838654125,22.542161657939086,30.776198561876726
232.65428174471904,59.889535915083954,22.4034321392243,30.704980807424054
232.85646244263938,59.432570500057395,22.46422083145546,30.66052581232001
232.0218730955186,60.20580190427963,22.34825102430086,30.68029985747508
232.61036008455514,59.590409394003636,22.262464642548863,30.782911169111355
232.82571318521724,59.96926979290205,22.317365797057747,30.854832428733356
233.08843335914753,59.17786644821416,22.331324775044763,30.83214509573974
232.0261314167738,59.521596509213424,22.28662834202792,30.81230491736
232.09735587395042,59.969823924947804,22.171474625966237,30.969038052237973
231.48943991292253,59.11409768190603,22.377998805903186,31.12462525054076
231.4700851299903,58.94259732292058,22.40320621074908,31.06149955874261
230.8202664755407,60.719225543667285,22.545547815760365,30.96144584170598
230.78311578480898,60.61146238744729,22.624330623198343,31.041234034662978
231.3094385851415,59.37139833282451,22.735576337993507,30.974657613192598
230.1606197644733,60.07074826694565,22.68794882925973,30.97068807446386
231.1258349472922,58.91994952512773,22.59686666060524,30.79798970353123
231.9897125981934,59.83118454256445,22.5487596389466,30.848308932383066
231.86232840128716,59.43376835458028,22.65979448662124,30.872652867360955
232.06133877978692,59.03216992730027,22.494197452365693,30.75330536176016
231.94527766835438,59.783901298770346,22.50213727810365,30.712188457366757
231.82488575293218,59.413181449010246,22.54179639612326,30.641268048988238
231.31087589686317,59.72349707343174,22.445317383323804,30.619182947491755
231.97987447566055,58.742801000536076,22.48101714898498,30.45085106755676
231.67775963061263,60.37034260756618,22.52398059562304,30.4695412852745
232.77233171021626,59.6835876425547,22.33908958544834,30.29143919575858
232.37793119012525,59.15084000408804,22.32903436723803,30.426130577695254
232.61368786122233,59.452606584287565,22.30077066789285,30.462916645468514
233.02576098138238,60.14274320518177,22.248916803137345,30.424183382661106
232.6894094641033,59.91082389479126,22.18483919423234,30.583471832543708
233.10077358913225,59.51662221998939,22.201332004450485,30.617460564132163
232.25917996579454,60.38063131862221,22.287124069469996,30.694100422171996
233.15661443500977,60.125544369087784,22.210849443707417,30.6995003468222
232.54316143831224,60.212454325963016,22.118605108466287,30.58863240764249
232.69336169657214,59.65855306642251,22.239860723690896,30.6788385627022
233.63109022152273,61.14108281587431,22.1724143711545,30.76139602241676
233.07320675075565,60.65190984311495,22.210079320081547,30.851957486886906
232.56351368194373,60.12333166496521,22.331711921004143,30.86095472071935
232.90987019116008,60.95624783343527,22.554642654192737,30.990582488721543
232.7978850900561,61.45532376827959,22.530178640616615,30.99640124204926
233.01228580887602,60.60011502131234,22.62203110646115,31.04411248007098
233.17063596223764,61.28908158556336,22.455178873458824,30.97787135100437
233.07259928537616,61.4374561937474,22.452373521680215,30.80629711897218
232.96568871603353,61.83157930984704,22.372354222237977,30.689255930565636
232.24608489128755,61.974409003976014,22.35090940114122,30.80949219269449
232.63291964627317,62.000297417274965,22.29598011600824,30.895592487664324
233.46133699839353,61.780344337713885,22.20609871319729,30.99410681515005
232.67402799479012,61.89916334280892,22.207066717924537,31.11308029520961
232.65845412175227,62.204789136788634,22.10021919112539,31.062354124578068
231.9639782253825,61.523019644211956,22.257757381035972,31.037045997075772
233.34980047542123,61.58993260124073,22.057420063270534,30.887483028148687
232.7720679956376,61.11482073848506,22.12784135409084,30.91935331528266
233.52857264837877,62.19276432100013,22.103800182534886,30.826119691817453
233.04156272358847,61.87885613109929,22.260055809493537,30.96788799904262
232.7085612385861,62.32539929133463,22.346026967307274,30.88085573426271
232.5134327877928,61.102475186098914,22.452684760436313,30.853227773240597
232.56981586767208,61.493787258702035,22.350502359031985,30.80005617844559
233.17655405624262,62.243901529565036,22.331525832164,30.989701212883826
232.91656204077663,61.302325815749974,22.459341579633502,31.012609558467442
232.49238864464283,61.31111918857575,22.568312124971875,31.0043774032542
231.93425531122028,61.07339165675327,22.665118590553543,31.174405690489998
232.05397270459622,62.07066087025899,22.732860900406973,31.125080342931078
232.35958124705425,62.27053367804141,22.658340070697978,30.981024169523987
231.3652518298743,61.69275581833605,22.724752687330234,31.13611223089179
232.24738757269785,61.613664079853265,22.68984059003459,30.987160632526642
231.39039726833593,61.66296507144444,22.665584890660575,31.03545820049747
232.28742760332293,62.37876253393078,22.50519300101342,31.25744787501973
232.0493691252859,61.06829407123823,22.626461780846594,31.146043749303146
231.90081901898998,62.02088915723458,22.597210142213523,31.247967272455103
231.98841589278513,61.1328934180457,22.629159403332167,31.118573018182097
232.03011686304592,60.71424241636779,22.598095098119067,30.95933960112013
233.02908780062845,61.09309935032532,22.598951235687498,30.944548635312316
232.43926608951858,60.743470866899656,22.58496253205273,30.93363062438425
232.2992002351867,61.466925616140415,22.490318503192437,30.853545275988182
231.90346820780528,61.336932816554224,22.505100240698386,30.826839835359912
233.3091507979998,61.598218105648,22.333060202216053,30.924588564022798
233.4148578205627,61.3452211395523,22.348934984390297,30.99147445230513
232.42823986013153,60.970069791483006,22.247988394876696,31.06517704983379
232.59500964033728,60.71965924068745,22.360132641599794,30.93754817498067
232.44016875629177,61.77271467333169,22.318824591117867,31.008015831420693
231.97966287132732,61.662199067611326,22.382689740296332,31.17081862090512
232.91811633324153,61.287972670542615,22.318330023346565,31.120279019641544
232.62587299265303,61.28621182144567,22.26254462362528,30.89756832325936
232.95133516721646,61.93240384139905,22.124892559959825,30.755489077664127
231.8746533704886,61.31567892131534,22.118050789188235,30.905303110794193
233.18705026514243,62.216876306026194,21.95737095060997,31.064437357867234
232.2307163643263,61.57887190179309,21.979199771567483,31.172088794049507
232.54243648116932,60.757107952427845,21.966417527860223,31.111669387100672
232.4123443299669,61.08151656894511,22.082098058006274,31.12597421198087
232.7848751297987,61.72874419831179,22.08709987768473,31.166308348579864
232.14172058672963,61.58875092981903,22.067380120896853,31.11222053735409
232.25724943431285,60.88429330797056,22.175338446028434,31.162323568106995
232.47840873987042,62.29808539202558,22.238007849611343,31.222923709002696
231.85855308155092,61.34722845733459,22.282727816076374,31.353248928444188
232.6541613454753,61.46073673058345,22.20681323105295,31.330419283396616
232.15576514037392,61.608545755131914,22.305605281720506,31.50326453595833
232.5455095686208,61.480908322018934,22.312026137541356,31.49982550114134
233.28108749464653,61.491687175447694,22.14517297790322,31.374345829519225
232.79575054078865,61.713101600506185,22.169766498980337,31.36726981825227
232.24494900984791,62.01453461027007,22.353792413377956,31.33701209082732
233.07401906634897,61.727274007452,22.42338412429703,31.200275123474558
232.7316003029275,62.47905458044714,22.563812078061865,31.22728663030105
232.4090956369663,61.4547830928044,22.44481115941587,30.992443613536363
232.19666971787643,62.03208565638536,22.45056187855414,30.929842547119673
233.73675879649676,62.78541168164291,22.332292061767568,30.983910463493004
233.203650632886,62.28255570261623,22.416146237843158,31.000251777453816
233.72008649566627,61.71263595807886,22.456627922049783,31.124330487147738
233.04426843287297,62.636317121285,22.450722367300397,31.223056117163992
233.41245977254897,62.45965323699076,22.450397923116828,31.135667023073957
232.69163450938242,62.036193807232024,22.49876222127,31.160729205059226
232.7047040783397,61.22394033907698,22.613741237285193,31.360132596180403
232.21865130760983,62.67346637803151,22.75384074150963,31.12052413513841
232.21163213393393,61.8799399102378,22.839395923060888,31.08550091697064
231.73000004086984,61.35581336654033,22.840761305478107,31.074223030931144
232.31997603680966,61.796271921539,22.934049879852104,30.95372803149136
233.70494932189905,60.757649984995155,22.885669986766857,30.85294880467976
233.38885627492942,60.37365814488047,22.91676815288781,30.89180418376547
233.89608775738978,61.63607106085058,22.892972471502105,31.025559131854543
233.29802934656135,60.2433380598479,23.029525656379185,30.951304426920224
234.44950069943528,60.756793252164286,22.952537244836016,31.1657697270256
234.56428481369167,60.52107161741357,22.884304454813172,31.26933217529902
233.63549554421053,60.68891772465308,22.835571720200637,31.297815042073047
233.36441115787,60.816406606422504,22.81831460243595,31.4920878574145
233.4372855897368,60.82339013582754,22.815009023094714,31.40466290934558
233.24491910941572,61.079229776903645,22.790337765540013,31.456344318263923
232.82341266824764,61.621237391200886,22.87956402439826,31.415297362832273
233.22258639947196,61.96056780870138,22.90124981418879,31.48230112438891
232.1933606076248,61.557608180979194,23.030478337275223,31.360466216091215
232.25086567006744,62.61808717002291,23.040889647030863,31.189358320401237
232.63720164100226,62.008990973759595,22.971401415736324,31.10370673786074
232.68925181051193,62.25588174582137,22.989847250349115,31.143223268936314
233.11563825223516,62.40388907446887,23.024586871957137,31.229596309337992
233.03198918303113,61.71473213453596,23.003246263626774,31.255752000383936
232.91839173292502,62.16156728793202,22.947684567035292,31.250989722194404
233.68934280272933,61.60389269186007,23.09553154909264,31.246516650620666
233.09595547043887,62.25738982066044,22.95047797709367,31.241872437270406
233.01627621428193,62.47898630962655,22.89195910140708,31.28528119946003
232.6146242488855,61.46738469374877,22.88547832179269,31.349711175867384
233.71998410501644,62.00566898978124,22.65748756766064,31.365818508103594
233.40023315110224,61.702066297516794,22.447042917013555,31.487880320540427
234.03522081875096,61.579055411637945,22.425592009130085,31.618683102747053
233.26329035150417,61.12817069372845,22.31760736924471,31.428256670073925
233.44559714026374,61.576879338449494,22.468576055195243,31.513957378278167
233.70830611577537,60.911466705952044,22.440636440267767,31.589943222954464
233.8075183694657,61.25864114274815,22.498644615162874,31.555903187252877
232.82313620332334,60.7056608522974,22.43332653472788,31.261772477680438
233.3588095870463,61.350284492343945,22.459955736596566,31.30971582563911
233.23452472951956,60.878264684693576,22.305169793595645,31.30562072061437
232.81835647316143,60.98602088876893,22.205948710582124,31.19972196946135
232.750514567178,61.348303482741976,22.328907456155374,31.192128059705862
233.44181240855843,61.65558393393349,22.292186440562162,31.192064580494826
232.541029806278,61.957837137085235,22.35919878486298,31.258872413693293
233.02902346203427,60.706319179655885,22.447974900131175,31.18097785713171
233.82060350884817,61.646195202460476,22.363081265014717,31.16101339487367
233.3331887130789,61.3819956398394,22.352593089886838,31.13597314137741
232.77517936783954,61.16498139607853,22.338953915794928,31.1393711834188
233.49439902010124,61.25376503324085,22.377490767506277,31.403957571537326
233.21102804615478,61.823520497391556,22.467093272240117,31.379879144075144
233.47314609367518,61.49175055910359,22.330884189547497,31.378935592649672
233.13094419154595,61.89541518188901,22.338430820363072,31.358139702791735
233.53109213479837,60.9990860749811,22.53329366579564,31.530442310528446
233.90175470972827,62.145873944286095,22.514943054738982,31.608120062366453
232.9516590786036,61.97555782287056,22.552566415376987,31.666226765799326
233.11730019175894,61.8142080649647,22.653478332599974,31.575933088938317
233.92228361105686,61.2572099408816,22.787944181763592,31.41201087911959
233.2392329651066,61.872519945782,22.910602223007995,31.589005934893443
233.32679864491175,61.204822389226734,22.872978331859642,31.45158386546307
233.0602961245855,61.67506255225908,22.81852458316354,31.517257480552875
234.12279008998905,62.413585397846795,22.8312550914586,31.365694396265255
233.17477595550673,61.15243294459265,22.882791044177242,31.503269202141837
232.99486544312765,61.69196696817531,22.861752932353948,31.53184607055726
233.00535806979994,62.378015280140445,22.668605563435516,31.420901952501627
233.9735217917995,61.11835511023138,22.56974781643496,31.338982611075856
233.44133086251418,62.00961884039138,22.687411995505062,31.381795421751953
234.53904078712876,61.80790926862523,22.53920665433251,31.459207735545636
234.31494077108275,61.78009833525179,22.532711878895103,31.438305895975567
233.98866795065868,61.57624725554282,22.53588124658801,31.366492890302954
233.92471436651215,61.21972793168146,22.46464059440835,31.2034016723793
234.2567081925936,61.80633680053237,22.477439007347083,31.22608175228918
234.4797563744584,61.98752311662795,22.554041701673373,31.28568744474974
233.912824783183,61.93680052322459,22.53515260398885,31.391488475201044
233.58250769392393,61.668104779267836,22.519648023847644,31.13408963556558
233.41734942222396,62.068278456047636,22.46500913125631,31.176731726738637
233.5569054828096,61.365962965613676,22.357547896620655,31.300126297465567
233.16801109697312,61.554927500542796,22.308179528515517,31.424142544398865
233.65407939051659,61.522063949222414,22.36361450038092,31.442726090862006
233.23832802479697,61.52765282150412,22.4859043922167,31.30024566175308
232.9041358684474,61.206076328563896,22.526304121537954,31.449311100569698
233.0122307561104,61.70705423791949,22.458012558287248,31.440545451192914
232.93998344731642,61.213506350699824,22.399752469730885,31.53410358506066
232.96218940156942,61.76690415139423,22.274400053872533,31.35887493733091
233.00205009397573,61.790946898317074,22.2192867875195,31.387980885736425
232.54175101263723,61.55728701272231,22.2457604422924,31.396907917629996
232.8238532924247,61.27507998393821,22.367566422249165,31.4194352283148
232.31005957665758,61.701101858793386,22.30599686850052,31.46054997403063
232.60114486188118,61.25688891589265,22.21044413142928,31.399551950644778
232.45124415830577,61.75968221057888,22.150466925727997,31.277155456696974
232.0469262219732,61.734520277971434,22.19639824717319,31.342296237528256
232.59425429536026,62.10346006455113,22.264921021144932,31.30523556066251
232.09255245746493,61.608203580545194,22.274932110227486,31.30944621248557
232.92578439095098,62.50677997470912,22.14357239879584,31.43740078404388
232.21610810785256,62.171052712782455,22.09685395535679,31.536877334912905
232.48448078068571,61.76945890295804,22.121978409781242,31.503139865202442
231.32195992298358,61.26329878438449,22.21618158796937,31.368654458314218
232.92769205718773,61.96402340472128,22.200638740612057,31.353062203686466
232.284064994216,61.55610733678074,22.377324104729947,31.34075288868559
232.80952419836493,62.20045835611657,22.376919202367805,31.214875599960525
232.1425139234507,61.51201374191892,22.355144368742838,31.175972363145863
232.52805386346694,61.90029498498261,22.3948821476116,31.160279558853667
232.17975871158316,61.63146810557058,22.41480672805536,31.19045096780512
233.3671841952098,60.3466255262353,22.446089412535475,31.104348658519147
232.5228952349554,59.35978183233578,22.556068833746153,31.050182557396067
233.20233188744612,58.32306905428343,22.63273393990519,30.956618071767977
233.24904714000925,56.969925758771,22.76331127970384,30.98956315011279
234.71943565901097,54.86302866639274,22.706601300263646,30.96279394223015
234.9390667430892,52.01888871360214,22.638556561745066,31.113321219484938
234.8227971885558,49.10632059435181,22.724451614968533,31.134043185677246
234.53861558294403,46.85804521110811,23.164807578148018,31.43271797560213
234.7049901492505,44.596566036644546,23.438738004289085,31.428909547490687
232.54578145310043,42.62335996406033,23.81726668084517,31.48552042884993
233.06988980681916,42.14323668624288,24.063195319095573,30.968301116488608
231.38890997507713,40.25385487699727,24.267694054616438,30.759681369348712
230.84498695645487,38.68717351319317,24.54158722864452,30.562904698382084
229.60624623396274,37.22241038831328,24.599643901366225,30.523465417746362
228.86120810221755,35.740199489256824,24.647035514435473,30.382850241906024
228.6428118881223,34.99166371307168,24.698102116600918,30.293674230914196
228.2484132623,33.460716939866124,24.772797338445127,30.231480920483264
227.70817628834664,32.36430820952848,24.748256604535783,30.30415043766185
226.36201297806815,30.884560328358834,24.940458532175853,30.350992038547894
226.52973256480524,29.65723714428075,24.813620863265953,30.358209226558802
226.06800406685824,27.507703397147335,24.87856569599771,30.515740485016302
224.84069212090776,25.986715650827627,24.77039156467479,30.287239159571
224.44312056255555,24.447793085176162,24.62262126833146,30.315292239558623
223.8496170848001,24.89397088634756,24.478616809314467,30.40022148590586
223.0622354396284,24.504945459689562,24.326061455134212,30.31765583407583
222.89604930731747,26.818013415330036,24.276765152098637,30.386183447422567
223.08180691462252,28.13921963904092,24.21821530075263,30.505509300324285
223.65884942273576,31.212057544586095,24.230661489703415,30.37430645065972
223.94011672217545,34.57448787384012,24.14521495477937,30.74509646506426
223.7864899866665,37.12051744646328,24.200769753025796,31.182098160424626
223.7823356141728,38.15514265161667,24.395958818323777,31.677424137523253
224.7056801535133,41.709789767193925,24.599738661304166,31.839261421871665
223.92144313182484,43.44131921803383,24.755863719009096,31.973649915516557
223.71437432044797,46.98349460723563,24.73094083255797,31.91166423034417
223.77150894230093,50.496557220760046,24.569916681035398,31.37557501403752
224.1742710956011,52.593393152420184,24.475045262256245,31.410937097708217
225.15900634950904,55.552777377732205,24.231268099510242,31.173391085896423
224.92788312221734,58.10150862125508,24.220349608252818,31.052791983097514
226.09094488162944,59.95800486340403,24.017963901470868,30.87317047047929
225.86485260547175,61.40192957550161,23.89887512691243,30.659435273579057
225.5369390477924,63.05699869946663,24.007922192470275,30.51438353344625
224.84482898355387,65.9186829226181,24.22890355713814,30.607842384354008
226.8194261651222,67.33362993891167,24.140699718293497,30.27704546060781
226.36740653491094,69.61941043862846,24.071122319074718,30.368663858757234
226.06202949908555,71.1949103348216,23.96685352876793,30.281235281046847
225.32232149289786,74.23227000988915,24.01729586636918,30.313676499149064
225.54842785307855,76.58601838840852,24.040717124851472,30.775961426985813
225.13020178442034,78.43096187942183,24.190865348574608,31.098923299024136
224.0606859362962,79.34156851822817,24.317373393699842,31.379465163623372
224.26431041216324,79.80726961123666,24.259971073254313,31.910043797308532
224.34743834267746,81.65015801686573,24.335630587220134,32.21425745884396
223.02581500436025,82.62009411754369,24.470831828902778,32.534938617473415
223.59922813266869,84.16856900999093,24.539181796994452,32.80806596575762
223.45178900247916,84.0972368168792,24.561430498333454,33.08277034598249
223.8045113052644,84.91914468040792,24.719583464612736,33.37234154080767
223.54078033972735,85.48616252205423,24.91402688415312,33.37271993432016
223.05403330154374,85.58778149282094,25.03042565936906,33.332136020129546
222.58347409338157,85.6261531113462,25.077836859907453,33.35958004811752
223.43766370764004,84.73172895184231,25.167154460232652,33.501642273413445
223.11460610760932,84.16094354028016,25.427128389895028,33.63165551749724
224.3099057725532,84.34588011458551,25.56136464655511,33.65793188499216
223.9093634358688,84.43228839653963,25.509632320965306,33.69392784099186
223.4403052058387,84.72478391910998,25.517514229595765,33.70465029205937
224.60077171154424,85.432763061023,25.848017308654036,33.51523781893282
224.02029526108174,87.15944795888885,26.058949836711477,33.76378209523786
224.38545193031942,88.00660149661218,26.424013108992046,33.57803782305963
224.9701815795532,89.89156500117926,26.79062260763596,33.76899705393094
226.32603745035473,89.79056099279094,26.97257474924215,33.97994436392076
227.60484660267224,90.27843425474236,27.274325722561233,34.00166476182427
228.91611871630903,89.9087521437748,27.58629244156144,33.995090682672945
230.09738351474815,89.10376581021379,27.823106382967538,34.1843792505976
231.44125542260917,88.37247116306035,28.160044612228397,34.360106290761706
232.76410687416296,87.80689145714213,28.651820299132407,34.407663870208324
234.9464810083891,87.08707139851667,29.191504804270185,34.413361669496595
236.22572046414302,87.08542885424573,29.267115362672037,34.33898650290436
241.30307209735608,87.0427102922475,29.617008806450997,34.65536826038469
243.20145968606397,86.72068056701075,30.194983766364334,34.82987847217644
245.10099204912584,85.58691932756523,30.492466167010598,35.302597212473415
246.56282239313188,85.23277524436565,30.75224306482918,35.828870332395255
249.0835502848628,84.93144961383834,31.03720615801528,36.064854352591794
249.16559327408856,84.70414809126754,31.037652349263475,36.25335094121521
252.23580697380885,84.18688911990833,30.86750368975211,36.564112809028245
252.42549138979402,83.90143661451359,30.826481547721233,36.73116982739753
252.8091601998344,82.73312623982534,30.7146801620193,36.8176587312998
256.80671037051,82.48079100657282,30.45237172130283,37.09484866706602
257.0953831925863,81.63407802985623,30.21419382107148,37.087842915978
257.3730988984142,81.5050191737934,29.977876826253485,37.1008421591038
257.51814559983046,80.15293442819078,29.907155889627465,37.09546055434653
257.9387411354821,80.73539540503091,29.72037911447443,36.80085355637759
258.2958293041212,80.29356895024355,29.529308577348104,36.31684689716572
258.68435299158523,80.38060926212518,29.002475481117962,36.026794715606464
259.125554676541,80.66727631338989,28.625431105213426,35.87397257406029
259.5537289827181,79.35046543363475,28.683990246326825,35.51069520561039
259.63305359129737,78.82611499310755,28.240071917773445,35.30652838799536
259.7604603231586,76.9934047401989,27.893648275699583,35.02310756042337
259.4550835693687,73.62707661864619,28.13581232242966,34.781532083558076
259.3445719619895,69.88975021178202,28.254821457498032,34.449357828957574
258.8755986912602,66.55499770338207,28.278993150972244,34.11842367873474
261.39823870112826,62.85400256105901,27.564137440013035,34.1313858910237
260.7941227351719,59.84925701748044,27.142950045143476,33.961740701935724
262.1836668616145,56.56854271437318,26.65833162563243,33.74248388334556
261.2383661041119,53.94290439699463,26.5384045761845,33.720873765020386
260.3664416810288,51.1509401316106,26.701371349901905,33.69849765025012
261.4801973680761,47.634759504150594,26.53557128714755,33.80453882918135
260.48746109996245,44.7468835638785,26.772422598017855,33.64918032764547
262.010542631914,41.306637244042435,26.575121943706407,34.12992368829538
261.36906088660834,38.45209235364885,26.634371201873073,34.60422123656912
260.7476212807421,35.52920105067838,26.847959141442043,35.01113675037749
262.5450346963434,33.530827648730885,26.559680190412234,35.35191727238161
262.00174003585016,32.26506790474087,26.708255480942217,35.55550559466646
263.46621651263825,31.593239264299484,26.539961029944706,35.74519847525778
261.81020709254403,31.779972021510723,26.632827181153093,35.72470782269558
262.63891079830717,29.647055745500403,26.522878418308448,35.667851318319734
261.00390673373454,30.382386367169875,26.50854688108717,35.386039166510635
260.27880230973574,28.955110234114027,26.60318875063015,34.79971447186794
259.1413844013866,29.82745339792739,26.681960095129913,34.286109153152346
260.01762237252495,30.195626361939244,26.63267138010232,33.92308490734337
260.81605773428424,31.18682909051492,26.596245250013386,33.62881102100806
260.70894041906234,32.79282000803721,26.492031366710904,33.59107764291843
261.89821386742386,34.29778918567283,26.43257459793273,34.232361516651096
260.871932494829,35.83079310314727,26.42285501928523,35.02013514341792
261.73327040400886,38.1883723457653,26.496366720952665,35.604577736215305
262.3444437286318,41.34544208528033,26.689467068395647,35.825739942518496
261.34768935635907,42.82031331559771,26.968298598318587,35.73370379024861
262.9405235888133,44.05959686652322,27.069072413225843,35.72595496957128
261.4966324596143,46.72835896650443,27.364985078957176,35.049489672349345
262.58908437757185,47.6670864466219,27.56201397848519,34.75034591702469
261.8778724454227,49.520527170079696,27.91580965083554,34.517149257859344
260.6147149754974,51.22972098044302,28.23267744522408,34.25284608117871
259.3224664392115,54.137895938134776,28.49970635144459,34.439520267052536
257.40611720679306,56.55388014909815,28.716632568967,34.59909609179937
257.865442669759,58.8866833951176,28.932470702483474,34.82784346633762
253.60822966136078,62.641246824989274,29.031084226909215,34.61289127776736
250.43073878141385,66.95449324249657,28.9553399354725,34.55672429419322
250.13911244437622,69.84796168010588,28.83566919245641,34.47763358367794
245.3904165871805,72.15940295658784,28.603852914294116,34.327436844617836
244.04604649138378,75.11542382438823,28.25004516467969,33.759535161812465
241.6638473027944,78.53795816604493,28.022421504352344,33.17083940711845
239.84729823614893,81.20088298788124,28.497509154855216,33.4651927816343
238.26072104642225,83.76398178740968,28.63115280737984,33.98841353661187
235.87178059501352,86.10106446936382,28.73785775347124,34.12647351450044
233.1766817533531,87.77790524769985,28.832525594415333,34.131958103153096
233.81512277469437,89.95242108044762,29.208557479764746,34.424242851536945
230.80982458338383,90.09917595732773,29.27081010857117,34.478346939071955
229.7957857340209,92.29730392960828,29.323604065346014,34.24139513650917
229.69946810366793,93.3533233297178,29.097615878633768,34.180512618715056
229.06342267067518,93.95118717218801,28.53407298988901,34.28410968467488
228.51869489688997,93.50376875757752,28.16754013032441,34.30513073897828
228.60701223692269,94.19430402398952,28.146791012559703,34.25547311756938
228.23288660165926,95.64732549894265,27.857767684011208,34.1707318663478
228.24755762398786,95.11562749432733,27.72629153826122,34.178058143866124
228.44515530649076,94.67423170232382,27.6019204268145,34.17893666196279
227.9058816464879,94.99302492514042,27.436036251153695,34.32254263824275
227.57008806286026,94.87082208515564,27.0665185056511,34.06577297422197
228.69590078811655,94.31722676921038,27.026178646264068,34.107194529765124
228.75187854629547,93.88782626984806,27.053391913928504,34.05639175394219
228.613627355979,92.0996707003128,26.9071931741849,34.05474669336674
228.79386664484394,87.95816958727714,26.96525602788202,34.26448289008014
229.44489926045847,82.9837552757404,27.050822689810914,34.34162457772881
229.4524151823451,78.13384186589795,27.15729305921771,34.1948584942765
231.57361567979825,75.19242125415471,27.248386727549903,34.07708125996879
230.73366706139103,71.21911701751631,27.352176104752886,33.82546757290623
230.1749924031008,67.5041661931424,27.460418189239512,33.811121499028324
227.51574669048614,63.89609177311385,27.37521593847393,33.57799341495212
227.2277530792422,59.37451669162367,27.219027929981902,33.36412453496373
226.03514392537787,55.58932008908778,26.894958117440805,32.939239381576044
225.30983239386586,51.49929601014577,26.39577139080724,32.51775746438682
223.58315124911238,49.235146611454134,26.211070249528056,32.36739873003181
222.3350281307058,45.85256910919978,26.248651115400047,32.66547790980298
222.28389540319282,43.13431893159668,26.169011107088146,32.79333778496766
221.94727887298126,40.94481865867023,26.14560802716471,33.017147386148935
221.78005367604177,39.373505545730715,26.074982721952722,33.153698229795296
221.13860812961892,37.573764166107026,25.996398943163005,33.15396333576815
221.13672534358565,36.35004616554389,25.833653799148873,33.21143427952136
220.1112851057607,36.58601953639977,25.8018902890505,33.24536568827271
219.7297637587221,33.978149401043865,25.51927284499749,33.39554514126601
220.87289278236358,34.512811843837994,25.177127456215185,33.23404709655529
221.04676466218837,34.276407745101686,25.1133932426071,33.23499580911694
220.4391255085245,33.3670002684204,25.00984404005474,33.24401860149167
220.3687503061521,32.99906126504487,24.966817440319222,33.16325331057045
221.97842814232177,33.6135739631141,24.978360386678002,33.115614146808085
222.77802046700515,34.59732297771807,25.184657409598255,32.892433053139385
222.85963415551382,35.59066207770857,25.517060535281715,33.1147037037901
223.68519825952765,38.08211194870115,25.914973598463728,33.40122840028151
225.03123118883684,39.86418997701198,26.40384145375832,33.46928998930498
226.67354959249658,41.512543897164136,26.598614341110487,34.01201939532331
231.45008029002673,43.62064211752967,26.966380811650755,34.228982305941116
236.51393459767175,46.56932308957254,27.451538598033103,34.51969065909658
238.2003006998149,50.568725801829764,27.835890048150453,34.58959937642784
240.25894600465492,53.567483658157165,27.97321760634766,34.42118951780746
242.39710230288387,56.39165991724107,28.193435542726665,34.333788709386965
244.4042442926564,58.92307093804206,28.339964894785645,34.18821634735041
246.94902427512963,62.636045588438634,28.14509639712427,33.952995710955456
248.48053472558664,65.81125474193853,28.229863305582246,34.17074842827819
250.30396857371423,69.40719719115015,27.936163620038702,34.52700643985861
254.3096013455575,71.79964174674797,27.957964825924947,34.51317636491784
256.04753176726643,75.51888004590953,28.117355504571215,34.85981691594775
257.12917763296383,77.80219036532353,28.346882224104235,35.268498973347775
258.3770864720724,79.38913569767533,28.426112992542414,35.59683394608008
258.67574190823143,81.16749860034801,28.199393909708263,35.8192273938933
259.41859544205323,83.07930259357629,28.00959302816851,35.71891271188011
258.5757088161264,86.99613251241723,28.014665977898193,35.71722404271628
258.8010965815282,88.17607519997605,28.1663435596968,36.13208150931922
258.21622768576367,90.21279305115328,28.385317887251865,36.383202157672756
258.59684780891547,89.91957764949643,28.64235886233807,36.87882411493001
257.768398202532,90.22454229647253,28.872806392060543,37.195800929834014
258.3803858538211,90.28758546834804,28.9097779593325,37.46491424256951
258.49320194330204,89.71697668938725,28.939758213327302,37.708629556972255
259.2651518230543,89.74324232512188,28.770925091815673,37.87073988635022
258.1057440353227,89.2546871130175,28.913898858959797,37.96482198214028
258.53996134586555,89.42786407364237,28.76245381469057,38.12040974179874
259.0827152228455,89.8485422243502,28.788083450867457,38.33495902090372
259.0119739293771,89.64728336600571,28.786577460319055,38.43129998574066
259.63418581276824,89.00124487037195,28.668508626321948,38.29956601814587
259.68055150763684,87.42580316521075,28.59954530394466,38.58952423086694
260.00562285021647,84.57944434456721,28.477205622573308,38.771625569663804
260.71408471151534,81.75957104234323,28.28372838835607,38.63545607456341
260.6346510001422,77.73233783837262,28.092918814632892,38.06336131764867
261.04232317489607,74.50862826417975,27.92856191143327,37.627140176727764
261.6186854465422,71.19169914957054,27.809254593024963,37.12485233737319
261.6896468948067,66.3400505913997,27.79470461700918,37.202914849833036
262.0417593218975,61.281640449358164,27.816911430632306,36.75784739282725
261.9314721653616,55.0128135499035,27.689200694504027,36.26253839266432
260.8963079300356,50.408855996748045,27.725436738855954,35.80994629682678
259.96204613056045,45.528515185564316,27.720657401252343,35.914810887333886
261.18907840166213,40.791685892388074,27.499829887170943,36.37440563854233
260.5549256209898,37.520523022629455,27.464931031286774,36.61091758869189
259.71800962008416,34.74445798456965,27.3405347692432,36.56790196244943
258.85816413139054,31.949755329174764,27.366150758265206,36.28392565855415
258.1113436888919,30.187320008183192,27.25962329590378,35.76619328463764
257.89706024226314,28.869628140921254,27.39203878954886,35.17281868404799
256.8563887401774,30.20328662487766,27.43855479977812,34.742523639200364
259.23571798379453,28.31843089744125,27.03131146986203,34.41946976280487
259.0089680281955,27.802303263184342,26.857850090223728,34.092530991020226
258.3290274019728,29.48217881582326,26.905175791140206,33.77514782092305
260.97512569084034,28.560845699429834,26.476169864345,33.61095117491047
259.83526326553283,29.429077941125996,26.296199852594274,33.353282935185746
261.76892149041373,30.06125779331044,26.245930045136,33.370617404629726
264.0865606473475,29.26218747463114,25.847043752447707,33.43648772967906
266.3341416013247,30.079076796372856,25.64381681153426,33.85691307331721
269.1515141983259,30.974244764164524,25.35996130030167,34.095560015465196
271.8452787789251,32.520863218446955,25.36847210187186,33.96258802808869
275.1369006464885,32.44011151999156,25.370507831466668,33.78823918944383
281.0574672657843,34.23671737271111,25.087722294901504,33.689770354335536
284.31558396202564,34.28849892425642,24.82327131971615,33.63618629350675
287.70334266020495,36.59299225034334,24.705094449938287,33.68820275412588
292.03829189904656,36.21670189866199,24.545295383265856,33.550285534591254
295.29036141873536,37.63659928736612,24.345267824601088,33.408337885097424
298.05862380159004,36.34704061277266,24.328203736992315,33.196564063782624
300.92591882704113,37.110859234692754,24.250271381860422,33.03182111658855
303.29895888952194,36.625869798593385,23.98976645602597,32.93895702366126
304.08329155310923,35.90889930262441,23.77141634205491,32.89340451679702
304.7373501218119,37.188451114161346,23.613912274183782,32.87713708299317
304.48525271900155,36.65205537690349,23.45155429774585,32.894147193067965
304.275552867169,36.846596788708105,23.374612296088692,32.863279314059795
303.6334536032213,37.990051273896405,23.3524974284838,32.78068600606723
302.4459535757824,37.88864280956115,23.33807220565171,32.616782139106334
300.6886545980132,37.93917065592881,23.270738093319025,32.48356873096101
298.97181246721004,37.85750553821801,23.229264855612026,32.39115206534731
296.31477355806237,38.51249663145016,23.022080028185908,32.38905183021509
292.8422577290098,37.730377201289514,22.713892558635933,32.486521948928726
288.8565496619782,39.22049466294432,22.562795875316436,32.59203617494162
285.39706705471207,38.96185812401779,22.471410385655563,32.46406697898716
282.5359729666353,38.79314403399777,22.689595990703065,32.28629895484171
278.22794991157645,40.0999719205084,23.32394930983569,32.34229039861732
275.3946007427661,39.408745602462304,23.506027553157068,32.31519773231847
270.00416487126836,38.26638308749707,23.73255607258079,32.41308198962015
267.07558238298867,37.89723414654948,23.782292212317646,32.85607301011473
262.6953447151575,37.89460199595152,24.090844177618667,32.94536966059911
261.5137212318,36.722439256947396,24.59891707969744,33.13897978750262
259.7950061241752,37.636807195203254,25.183293963571924,33.21626228734131
256.8030164487447,35.91830102197421,25.91454580588799,33.593161442194784
253.20314464400576,34.42474431802821,26.3807593708102,33.95210912819347
250.7679942136195,34.21354530125032,26.637982591049333,34.319854459685935
248.2843073060324,35.473441862684105,27.131451319706194,34.765765777888916
245.58369467019344,36.928091945507184,27.55483807514873,34.8976724489432
242.23913161245864,36.6079207289452,27.972738738195208,34.74035780952306
239.54424409546897,36.71731712568894,28.299317589923618,34.555608350460076
237.0315084176105,36.58624678767733,28.451231854881257,34.30236852473617
233.7173642075642,36.196140083544606,28.469695140696505,34.22350108192359
231.46510407755522,36.16512741734868,28.355811489123884,33.78050901452754
227.80472595817773,37.19749508185472,28.36359613592941,33.51065038019472
225.81514549224772,37.05310200439363,28.122355780710542,33.08721294569658
223.2441074803697,35.49920884844282,28.064888328361867,33.342872659240044
222.94815776654067,36.59961842856316,27.93687361770281,33.38804568268466
221.9941704418326,36.79871758774538,27.83160053877119,33.7984642409224
221.34956747208915,36.26086390142334,27.67934539198491,34.161587654463844
219.6427287198584,35.74652981200674,27.344951941169874,34.428420019774705
219.08852625072265,35.03289053807957,26.943678515641334,35.02526549696941
218.4331747745995,34.63932348065991,26.559484293052428,35.30447529349513
217.81966119469715,34.17842960029791,26.226426513854154,35.550681300965195
217.200028498635,32.353826821066754,25.9132355270417,36.06719571448427
215.62866617449754,31.55424642072929,25.622829434197232,36.38291246818502
214.5305070506547,32.25515321183225,25.484875535657906,36.608037348236486
214.2089651522953,31.64088159979412,25.40909435501696,36.8648916460928
213.416468442153,33.099456250985604,25.227735479426023,36.67024743633068
212.9479522052134,32.049597144288164,25.07279703274249,36.75886893379844
212.88076598475223,34.26427306858016,24.804801941411544,36.48266096796591
213.156012320295,35.00151078988125,24.664211604539254,36.51446392101649
213.67252717713723,38.87747570300017,23.85039861012456,35.96714253517783
213.54060305397735,42.33526091813843,23.65281192588134,35.207877894848814
213.85464196862438,46.54092407061348,23.541768567622274,34.396742229394576
214.3079134300506,51.54965187178136,23.193990877332876,33.62300000596507
214.98698829957607,56.81373942619685,22.79287614337456,33.1703578103421
215.97260499924724,60.68954393800359,22.638954507795646,33.10747330455088
216.5855911535583,66.29218973516797,22.749050948601294,33.03087719819821
217.83238997747816,72.3402690079657,22.90743513135854,33.09893755519063
217.63785665422617,76.85956848528127,23.169718719815197,33.116354568882215
218.9873273550051,81.54540999871918,23.295002982396113,33.11609526331988
219.35050644076756,85.44540005896386,23.557607282356358,33.2832558174216
219.22395314500184,89.46735045561306,23.788415874997497,33.21497720124721
218.87115825804392,93.42396733191988,23.994143156828844,33.238974512476354
219.39529420368095,96.99082542414796,23.877684684419997,33.34698329597675
218.98632375568394,98.71139294386613,24.12967673645799,33.23957323212633
218.66992420460926,101.5614012353393,24.139189174121462,33.177956250162666
218.10604135001026,101.86431639666586,24.02745161889227,33.19585128218102
217.09304199979854,103.18942486725221,24.243342730547674,32.91216642833435
216.15913212761566,103.11689289618403,24.374584129614686,32.59249551815674
216.0509825132068,103.21210168777749,24.36833666176952,32.49280703001156
216.39901112016602,102.95295047987346,24.510222763357014,32.315008733997104
217.10193836801173,102.02900300405707,24.58582478583886,32.30119277960115
217.3716145984646,100.68554697922363,24.690367891396587,32.082689294294894
218.5696064185281,100.23582738967579,24.62209774080201,32.04047641383549
219.6206544139234,98.52733633681707,24.63917813779828,31.940790438269364
220.7171709368057,98.44850269431414,24.79707816698485,32.005218758598375
221.93648050956728,96.22642767609501,25.139574553383106,32.12449773180421
225.0702888496627,94.56509064122062,25.43365201839491,32.208105439172
228.6281772930196,93.46863668784536,25.925135835721637,32.091721029485775
231.86289342414224,90.98512507068907,26.130516844045214,31.96818764224686
235.53574814055904,89.77882263831903,26.530697551745035,31.959080823713602
239.07679907835637,88.06981091045543,26.736178550448486,32.090865370673114
243.41441718218218,86.8519973925772,27.190438917198737,32.218121816219586
248.60792732084929,85.87340311001597,27.86313772555785,32.51723290293326
251.32454738265804,84.56704340815162,28.085465247966987,32.92150032034908
255.82314204753365,83.49189568258413,28.28598214074992,32.9556415776059
258.25786032530795,82.616000766328,28.279469207332678,33.087419722839414
260.3139341716534,82.41383767870175,28.118422817742335,33.337798589432346
260.4689558156039,82.16491907819622,27.997834681399244,33.23941905221936
260.39046716463935,81.09408568580996,27.95739459000159,32.91222211132967
260.0777485782658,80.9019698178871,28.033110462146745,32.74343611169411
263.44704199274156,80.25085113668013,27.78438178367747,32.90291391256939
266.4687181450677,79.86192623914897,27.280438639639105,33.00980292367324
268.76082267247335,79.51558855291114,26.90721429170653,33.0383321708323
268.5422943756682,78.48920249073585,26.87085869940946,32.93242004149025
271.393117870277,79.8515512790637,26.336068952776078,32.94262007835994
271.1214461479197,79.22121699161406,26.01659958039399,32.72545705116268
270.0662726812854,79.07377325931502,26.10836011649157,32.53956984492143
269.96999632579264,78.43802567489533,25.977211952433244,32.36333387648513
270.91496733137933,79.20177498665421,25.760186592031914,32.54985240575358
270.33556145745996,79.41934618555806,25.56412229845835,32.38421398882093
270.4541325421069,79.8950637617003,25.398676671367834,32.65263259534841
269.2821494070363,79.25467228396447,25.301295819316717,32.85629035913152
267.8830274235685,79.06936299988205,25.298701315793306,33.408649464582176
266.4526678574611,77.55812830082638,25.511790471735434,33.543167250220954
265.31716636425665,76.22880881183589,25.7132384139702,33.78081218485172
266.40819738960784,75.98217398345803,26.020897184648465,34.01580633272685
265.2691282801307,76.18188604264498,26.5956607793504,34.615319165513384
261.3748579454033,73.86525017298577,26.469104212171942,35.187141853928466
257.41755488640155,73.02599852952856,26.973597472356747,34.90967032356688
252.96003426912395,71.47979427420843,26.89061472009557,34.51318437162169
248.7398590524777,70.64512058819881,26.500531307868084,33.79979219972614
245.200037781432,70.29186856785763,26.058509230513682,33.32457383783586
243.78997454563452,72.14962589637102,25.710482654546993,33.25375470121008
241.26066222474557,72.5697500866527,25.60720439181437,32.99013852231832
238.5974827977242,72.05493232003622,25.610703004920836,32.70383319861769
237.07712499797088,72.740329160135,25.65833512740724,32.7137600145978
234.30542364433342,72.20064486321894,26.001351787318868,32.322725652421006
234.20087557839676,72.62124389463118,26.255258776815985,32.370185695923595
234.11866326870194,72.48839270737942,26.818914323434566,32.430215955339605
230.3249411269243,71.2588197391907,26.85132587688728,32.59344032761487
230.81153470447845,70.24541177592312,26.975479901626716,32.72853309817471
231.29927278048973,69.9903523290635,27.264504248375857,32.950433165838405
228.41897190695408,69.2052651512795,27.312288326532297,33.048546244970545
228.14232621170459,67.59439378933712,27.395018302074263,33.15148356037753
226.82088346635993,67.16162553534232,27.367104060555306,33.021210334499465
226.03629153647137,65.59129440290913,27.48083106741956,33.30530330920473
225.4264289409522,63.793572744372106,27.583289007443152,33.24529365958871
224.28514028290363,61.4089538285607,27.5460993252493,33.261618493012065
223.18221964921383,59.854431848763404,27.620268448692737,33.22876954260299
223.22779424365336,58.058651662559605,27.636841713586694,33.21095968338217
220.3970604635515,56.217984652532344,27.483096070360272,33.33356810796245
218.98033739151614,54.448954146620764,27.37771207717814,33.272175432117756
220.01881317415723,51.95646839192828,27.44485187961757,33.31262599118534
220.01774259299782,50.56765296192569,27.186120499078235,33.186993759149516
218.5547631890057,48.72063485451268,26.713417932016696,32.5773376331247
218.19397384379883,46.68385450726595,26.34009124599614,32.33894287565283
217.69655021891725,45.7171170699626,26.16176375687533,32.132427182098525
217.32355368148112,43.21531197781553,26.15178569803863,32.07875873327498
217.40568726821567,42.59372768219045,26.139558544200874,31.85699690937165
215.98019624191917,39.69261137659299,26.208022448371626,32.03099847198257
217.03180243216704,36.57671883407525,26.333565303547925,32.59901002033592
216.5509949095537,36.04301537058974,26.598745493313434,33.04870665496762
216.36776789434768,33.25492214469149,26.809998744287522,33.58916465217428
215.61662214803974,31.382229513208898,26.97081463093872,33.85927249128082
215.170129097561,30.42088888559453,27.0782423293579,33.77666490716935
215.1589934106684,29.397128670802758,27.069333114614615,33.38013168685055
214.92575253214892,29.317331296019113,27.098439385756468,33.09160846499755
215.51893300441668,28.173220678880654,27.110033572751693,32.61359530138628
214.7602079359299,27.835146457375217,27.297782166870945,32.25851114895343
215.3321602038827,27.368114787396685,27.38947142674175,31.857382404598056
215.13867653943666,27.497879927934484,27.277162773253927,31.502917600416833
215.1933654525241,27.602099046505888,27.143519391414127,31.210090011965683
214.8426467516064,27.970469088878808,26.887574710310368,31.143598376068567
214.38385988155838,28.437819469272963,26.90256950047816,31.20919635375987
214.9109271004162,28.470129796346203,26.713498372432007,30.998981296465693
215.05148968456896,28.838757994549212,26.64788770009529,31.05025453453538
215.15444982170735,28.499123088276786,26.572099519844127,30.85768285681153
215.54933608820693,29.00915489020599,26.517303218896835,30.798267849239895
215.06879557408638,29.177508580155937,26.42161141903577,30.655223679016746
215.45267351108694,28.601448740605825,26.24749736260443,30.398499960022793
215.69088218748303,29.78796040849758,26.152622662657635,30.59123628305276
215.17903066247666,29.324828089007713,26.084978971947685,30.523006007023945
215.79364433150567,30.227819711673245,26.100674510247682,30.702092155804515
216.6936661573215,29.908148192876833,26.113900712207965,30.837430953361327
216.7580813590479,30.020759871387153,26.01325401299725,31.0737074065595
217.070573284114,30.01525297929739,26.053583168312475,31.268448216724742
217.42088109027398,30.378320825604085,25.93219255971183,31.49385585525759
218.25460442592592,31.50303083328728,25.835449633296268,31.671951823472746
218.90855131747406,32.154484568074906,25.556775954417503,32.04720704787485
219.2157416005145,32.50351663113077,25.331772147865763,32.32202459652966
220.21924653372878,32.90109117476547,25.157542761822032,32.44941426658448
220.58754453483024,32.4435682258143,24.88021127644955,32.471937591015745
221.65704468389654,32.72574601405431,24.478308003234524,32.21106103036291
222.5641908496298,34.090130766852724,24.340736529388288,32.03376943385422
221.86549415881672,34.22649618697653,24.082008895465744,32.066935382442125
222.8686886434588,34.66883770449783,24.05609916659905,32.36271089308434
222.49564901974293,37.35422247652642,24.08344981209824,32.46980609130623
223.03171982113386,39.03074555763182,24.009928123371267,32.75142041150204
223.64922598124573,41.48927825525422,23.989119637681185,32.82535662224478
225.33974736358823,42.53559842844449,23.986004653147564,33.10807414215149
226.68896186915583,40.870336382805775,24.12962047233463,33.45521147843928
228.79218286406083,39.60877570829079,24.649809170238274,33.649609635254286
234.07012844090949,38.91601925602187,25.3177043706059,33.714558627400464
235.74744883644232,37.82396012611224,25.839688402156785,33.482016578381824
237.52527695858953,35.187226051705636,26.229380897486408,33.25586572008445
239.4563384291761,33.02780994727955,26.530825022505905,33.23911567261948
242.2291412703467,31.13185603547172,26.701043467361952,33.338800424183134
244.37735303773005,28.651799911589446,26.944190741005926,33.80820193662664
247.35779680904497,27.744088381620465,27.00159181074181,33.97076137485287
250.56798706719047,27.0407837088698,27.042785372056986,34.146359448877455
253.21077461976003,26.120310338881524,27.102101815074587,34.234982084544924
253.2377339209541,26.34763313792982,27.07780824105829,34.20636855279355
255.26733693120013,26.61621897026205,26.822251407654193,34.26355116001782
255.30718455268257,26.023777032387912,26.65783619386699,34.24973568064067
255.57874569106477,24.845372030273094,26.41180444749814,34.06064629369599
255.1469499982579,25.554211627991485,26.349770806885843,33.70181428720879
256.758698786281,24.579519592029115,25.98584778719031,33.42056176245384
255.7742099478415,25.15391439513477,25.820434633075646,33.186841080669566
257.06574009745765,25.06921472996291,25.575774936184086,32.95117508313052
256.6585126961413,24.257057589500512,25.24684480534507,33.09049411812178
257.8736559234466,25.338505873262413,25.10008286397912,33.040883092132404
256.86581411760693,26.730074238671868,24.922757575969698,33.441421888886126
257.80925017082143,27.86459274957544,25.079055444821456,33.66417182386609
256.4972213065557,28.291088660399627,25.20730194936928,34.1850621767096
255.04058330774322,28.605519092229144,25.764216319415404,34.62523946574527
252.76570093613623,28.89540038936663,26.407350069740023,35.10930390928158
246.67662093483585,31.967238799191684,26.72034626924016,35.156933680665404
240.79842520717634,33.061126116442324,26.940775619761823,34.89278761481341
234.08145770188676,33.53291258098193,27.0481277217106,34.43801372128337
231.03792325581938,33.87337551899828,27.147355007705265,33.97262221936852
227.57657846946964,35.14098682013771,27.311546388571234,33.49883317078533
224.05608212361417,34.58865682331182,27.28349878182026,33.16447002734452
220.76754595596012,33.764141749434145,27.185511321748702,32.972844490628745
220.42614219601327,32.894717671751046,26.915828929132484,32.7689315824192
219.82718587492198,31.90157460520323,26.79258471191717,32.24766866804474
219.23191861284988,30.968247801672156,26.646799670288367,31.829725116674883
218.83956267997792,31.38492781107061,26.849961057097083,31.71888163459062
218.77946874291752,31.022300352488713,26.75216544694965,31.61597334517711
219.05139255962644,30.384703841438434,26.422129687921466,31.395031013235617
219.08429190715057,29.931066119061732,26.142220618422552,31.148057862751287
218.98677437083347,29.62770574784408,25.958860640292656,31.151747744762552
220.180909948526,30.353324121632944,25.73603576634069,31.09107901514442
219.61379762444696,30.591009059674445,25.434984859841784,31.140066279125655
220.98749013153872,30.170153307633598,25.353591151963208,31.052538331322125
220.63791968405778,30.102460483217406,25.220594045006287,30.938566637434473
221.32169990709727,29.498088785408747,25.220096644429038,30.75331236383182
222.31030394574748,30.45536292592547,25.133401033559267,30.527131568798442
222.38677088375218,30.626358255663167,25.142314927763955,30.29285428083832
222.33808053773635,30.917212372922886,25.068685453388962,30.36542754332053
221.8035548276214,32.20549357106366,24.962947564117204,30.91404348413614
221.9090617250764,33.40019679685323,24.833973408560926,31.500931788492675
222.61833958766235,36.35640412767687,24.630294692780854,31.94670289497284
221.40445700377484,38.88421572173014,24.574455667822132,32.06601170988753
221.43304416114194,43.75966349175552,24.008992135139003,31.463099720862175
222.12501715986602,48.21462977638301,23.566751424193697,30.959747122920657
222.351840793495,51.0524469448484,22.963252432430302,30.886199806863917
222.17001516168418,55.21603909858143,22.57574247836241,30.749088512703512
222.55173443926745,58.5259055004329,22.158474408215575,30.792853633805265
222.2881541963015,62.26885379441937,21.939786357656086,30.591569224634807
222.1114366278158,62.785048539117604,21.74955656237648,30.6625178576062
223.68270902151878,64.52884040998842,21.492587307883745,30.594487872578426
224.8901169420226,65.09958836528699,21.288791698123063,30.712874292875764
225.60382306739598,64.76293774619852,21.166630449687986,30.71286888708985
225.77227115684175,64.891452042148,21.05739753447498,30.634316971535764
226.87498188515585,66.43516971228705,21.0547119787257,30.843254521730067
226.89450945263567,66.73544924725404,21.139645226284333,30.822196603834676
227.07699384852768,64.81851172673271,21.165729634268402,31.264366608714006
227.47011441704583,63.50648943884104,21.151583641027116,31.473149439044462
228.44253675166465,60.274450339933516,21.060422920306355,31.721513659045783
229.38003516803778,55.943425562302075,20.99503836172999,31.79045885182087
230.7366305228654,51.28684195547616,20.979066785451824,31.84376411936674
232.07732451740247,46.93233557143772,20.827848521795783,32.00988824608621
232.96465377336796,40.43021403929855,20.68428279665372,32.52790904321367
233.57079998582702,38.132788750106855,20.87943532565405,32.98721436784339
234.91912795874444,35.95280947589649,21.023606606458053,33.306063354343955
235.31917945359385,35.732616764759214,21.20548245043461,33.84101807226327
235.7256463670141,35.76853530523392,21.311322453531076,34.46399013008873
236.1687433912575,36.23087961668021,21.49085027451297,34.77744781228037
236.63040328214996,36.45616217966732,21.5947689809254,35.103453602482006
236.23372868771978,35.091898370361534,21.52448835182311,35.42109946335737
236.4237498173904,34.32799008307216,21.555920767422002,35.61463113631716
236.68601377031936,33.619770984027774,21.61036913510073,35.404979165452986
236.69596482447992,33.31706876179278,21.366103595445107,35.34058791795595
237.24196526942143,33.194075544208744,21.410815256679005,35.1207293643011
236.84202545485186,33.278651635624556,21.310925162402754,34.873436222325836
237.11221298539755,33.48460474943167,21.256713508875606,34.49847224573824
236.9582861268261,32.89482419794514,21.200690018977717,34.38437866845921
237.00451812327984,33.832967598190365,21.22048718727836,33.9038698087189
237.101886472481,33.76264052766669,21.11353287929169,33.616890545034494
237.2106355538376,32.98242612872533,21.041972010346438,33.411734278029215
237.44223406712882,32.39694964887037,21.035883034348764,33.05507502841907
238.23283509667192,33.21692090647334,21.11597817737288,32.54597364919182
237.49716822712014,34.08845648973077,21.9558795620262,31.92686977260159
237.90907084713066,32.59760746840884,21.721875573893428,31.741597800673297
236.6720677115172,34.10203380041132,22.28681171095748,31.022559608866835
237.02765170720946,31.717974942427798,21.9584749354314,30.93446089416981
236.39625589550872,32.767321348814455,22.364498725600036,30.37771163150636
235.65758246484629,33.82102305863686,22.53788502517258,29.761758760033544
234.7359880181851,32.63330761778708,22.568957414779376,29.330138459939885
233.82808653119525,31.635159312859905,22.725726613429526,28.898031215424123
233.79294688162807,33.37704733398768,23.020615555784786,28.328568966350943
233.52776001785583,31.939125344007174,23.110829157835276,28.020751008598342
233.3987641979825,33.21408552840301,23.185470919986027,27.805796107259667
232.9411733603759,32.341891446276236,23.141851802505126,27.402339956938018
231.88514071428935,32.27216427179836,23.133604880780542,27.28840318903624
232.25368327581376,33.589394790019576,23.170704580767907,26.802919670675482
231.7810464824019,33.18066485782637,22.91204492860844,26.439314929349003
230.54480919928764,32.75264925252105,22.766729749506165,26.35367739110405
229.61416329039636,32.08473472423982,22.60042509359487,26.202078020923942
229.87235035756242,32.15200018081282,22.488966619882518,26.090728678471805
229.61200315590224,32.68978008234422,22.525683884206742,26.05276414747321
229.3907622787766,31.878418150100874,22.429748895179515,26.274404542569037
229.80788414281008,31.411122501650066,22.28347377882977,26.427648624295024
230.0091220576662,31.3006591886363,22.19807948994054,26.682909414435365
229.09282453980836,31.229129893076006,22.1721389974732,26.96048113037952
229.6785245025147,29.868331720073286,22.11138138601773,27.40520579517158
229.13213574610592,30.032706887902222,22.08027076387898,27.775316164412548
229.46697941159644,29.135647558171634,22.031264182314285,28.149232210996825
230.19279746139284,29.09551204343539,21.989813300578792,28.253500754046655
230.3174889809057,28.806722510570616,21.796785864592355,28.472789028264675
230.99604205127196,28.250548201981907,21.706378799558717,28.565925280291633
231.19920835665616,27.844599126037473,21.865063531357727,28.892369319889173
232.22785146600876,26.96713192072614,22.163882401840173,29.31440642502325
233.8796875699416,28.730723988735857,22.241241707188593,30.049020193972076
234.30824417374654,31.061277696562325,22.758876491140576,30.248292951048633
235.14826242207914,31.98126409153002,23.42883203129483,30.800452204951746
233.44135870519713,33.26179973521644,24.24360157939301,30.98715718749162
233.53352834353572,33.00742421285932,25.153343466122198,31.122689189189433
231.2022612909498,32.569438662256445,26.043250694462976,30.931086981450473
230.21408283857545,32.46472061836464,26.84580212397667,30.808696620793544
229.51297027215412,31.96297769804437,27.33700840840018,30.582114493065546
227.1897077221895,30.886104384999832,27.902571327238093,30.062790926817588
227.58530980750595,31.34870207561803,28.384957363705087,29.525745641520828
228.33391163802503,29.61308373830127,28.866378046538994,29.44616268076311
227.04374237141982,28.693356818510427,28.974236282660776,29.717918518483224
228.61677397095258,28.089440253260697,29.047045153907796,29.735867463191667
227.59106445192566,29.665498041259283,29.280622781324745,29.835419625155314
229.10186694566764,27.67107071130925,29.45018204898298,29.804965241171107
227.92692996295395,26.990088106605278,29.56122354065546,29.733461035868043
228.9377153420921,28.726587163325057,29.753496604858388,29.84867469725454
229.3707347486623,27.843373021527192,29.824807051571383,29.75472984146886
227.93692998532745,27.211606160585013,29.81998863787245,29.648094519812265
229.40378597187788,29.235340703124308,29.881730737723842,29.62827483735208
230.26691704910047,28.368399498795004,30.16427028196334,29.525172850029854
232.34732359326588,30.79895378501635,30.608808164854473,29.18091379540942
231.44337039788252,29.97592453147945,31.204434878230114,29.135762270973824
233.26627474093613,29.924975299547235,31.479734199553974,29.17870188776256
235.93220432825277,31.967062546451544,31.615287973529043,29.045773655550615
237.56875180399575,30.938012061668708,31.48792017963585,29.240963996797507
235.5338810664544,30.903809476804298,31.33284485555475,29.52890801909876
234.16791012628474,29.764669087078104,30.902722183586924,29.86344640410383
240.21596720715755,29.842781445507057,30.66139775572807,30.18355572264249
237.63018192243425,30.55830174849327,30.271191210306466,30.342880407311856
239.47072585886534,30.184750305136465,29.839163252986904,30.83057246567349
238.023968911019,29.65478040169517,29.791199849942977,31.10481862707879
239.61404863855165,30.69539679740943,29.5333829337113,31.277796069338617
237.33004755863453,30.07844748199622,29.22269580445252,31.5275414294436
238.60600237865387,30.606763543995406,29.171140216003856,31.62623030745176
239.04633840681765,30.644813605122714,29.278930130959203,31.61423264117077
239.50053246866685,30.907315157507767,29.346041994863047,31.598021221505032
237.3373059758061,30.999942473467634,29.35736903835437,31.598227112356184
236.9324739626546,31.36010961719259,29.003694999509932,31.303372862833896
237.21625373365325,31.08783008769285,28.625605450627113,31.205239594333985
234.98782978426095,32.046323758905736,27.88768205958629,31.080909627243912
236.0098756205568,32.478957716792976,27.349462755807135,30.954695437665713
236.28803563046372,31.57578831485459,26.73077809441629,30.7658599527928
236.2667945086232,31.99224983445359,26.14621649482794,30.516530103311133
236.6508318002539,32.21624243878806,25.461082080245344,29.80788615364488
237.88922001727238,32.518045422063594,24.788170006064057,29.354846720301712
238.67948858315427,32.452149761702444,24.292430733492154,28.820203574185168
239.9996650009952,32.5573166148707,23.619360431455906,28.598231455596586
241.54963965805644,32.589508061562036,23.08751609970952,28.546075290936376
242.76248208543504,33.07831834120699,22.690695867068445,28.439013827982834
243.3713436082605,31.16831617787212,22.451056133928947,28.244997234852764
244.3493711703094,31.16001618027412,22.26114623917071,28.01029170951425
244.74065547736794,32.48604300271627,22.15146411587549,27.838895880563168
245.17175094599435,32.02298293911322,22.051328039214596,27.707837629664116
244.70720451474952,32.05404079412345,22.037460281777793,27.560374103295576
244.58179409559636,30.69666211541595,21.983541317008328,27.606606241746952
244.58540120469476,32.30800435887123,21.94138347348057,27.743904722213095
245.04981916584137,30.48215695799915,22.04718512156851,27.77387587207128
245.20101374906343,30.871212541692834,22.1490941712289,27.80066350314964
244.75244200931482,30.897392226534052,22.250384810779387,27.811903503887184
244.80371261719628,31.032965783263055,22.374128292668317,27.946798996067677
244.08294642083897,31.343053682515706,22.426778286777644,27.805927421815078
244.2157577426903,31.731414542646718,22.499738009779907,27.800734064780894
244.21333709481533,30.6254991651677,22.476818352818746,27.849176567480633
243.85758892302496,30.27405146452594,22.462657471744286,27.847175995558583
243.64296804350792,31.449526386038755,22.391690435707766,27.823055585974117
243.24926337164965,31.29766896760379,22.547800700959755,27.52986417808925
243.22655786840195,29.36372810199181,22.40556376872685,27.45163828335191
243.51901473804404,29.381519117509463,22.468869912884585,27.09257063944734
243.9067396564822,29.222091882414908,22.283262455101458,26.887772734892042
244.75425912754298,27.800869409978674,22.11220162710802,26.557767375733135
244.51614687638707,28.004575936669415,22.158466355402496,26.342806529559333
244.58742328240214,28.14651854984495,22.017619649494947,26.265287246163282
244.13661780288177,28.275858286004983,22.02274432618703,26.093648362102908
244.4810797255383,28.255237895218528,22.020065266659604,25.868343132704748
244.6749229921725,27.92495311453482,22.061636841530277,25.5435328193659
243.32016657888153,28.192499002526056,22.20584443511055,25.344387752301046
243.99103604765793,27.60755882067128,22.25527528401096,25.139597491277623
242.52810977461473,27.767054198064283,22.300326867649225,25.075530407975613
243.42660885804779,29.40134384926818,22.165382762672802,25.02988511321247
242.49424843160094,28.453017831708422,22.262273124500506,24.84583388981758
242.01503446484125,27.97743444555863,22.387890358080142,24.77739514472978
243.63327997662662,29.775142377852312,22.30167623384718,24.793300252585045
242.9608281576536,29.442675406947366,22.158353934903573,24.784838322278848
244.02652479706188,28.706812224506365,21.8639942855044,25.207148979572654
244.97394920506153,27.628624497232096,22.043124608833118,25.357523200066627
242.389231128652,27.827627333877764,21.696478951654598,25.237980383783267
243.9764853636343,26.880095303165827,21.46093723278862,25.106453382661364
244.88428096309542,27.897472679158646,21.64520000248674,25.175787413939883
245.40068832547271,27.345785242749916,21.641122703536283,25.343942522047875
245.39357594665677,26.97620957706202,21.8161818332118,25.56024947924383
246.516812836545,26.896152303595127,21.986584369505835,25.93064322267839
246.23146854637744,28.30630825097128,22.364566901352354,26.277354271422787
246.0022294236932,26.85079721177926,22.300418627517672,26.663704795241397
243.89089799880526,25.485582030586475,22.234539683470274,27.074232022327287
243.21992641430484,25.71920097309819,22.018137177002703,27.212179288404013
242.4786785262004,24.79377232199927,21.98850543455767,27.31020298578923
242.0292346853148,24.492255371371378,21.985718607280436,27.466251999921905
240.9796371445374,24.022877880436948,21.994379717048705,27.546021498144377
241.00599894730396,21.831544328101728,22.01897641900881,27.601015644440796
240.84254565754125,19.691485973217475,22.03908159000499,27.872941722342844
241.90557720875597,17.82673519195758,22.21902420389935,27.930873699062463
242.75616275031007,15.470703988986314,22.358749846445818,28.09211956905529
244.0047191354493,13.179544576134104,22.51952715757297,28.06577149793964
245.5701030058463,10.934150939700599,22.670964760025388,28.19283406224952
246.48661657004055,7.387732944463107,22.751016058951688,28.43020225639882
247.00286843765716,6.041177747633142,22.813475755076823,28.801842151020054
247.63801986705823,6.12936690350797,22.99913948810967,28.901811029412077
247.83498691983965,7.515914548998598,23.094227875909265,28.897782072201572
247.93063279564774,9.04943327069656,23.31755828210523,28.934707288641462
247.52345871428898,7.536678633241696,23.325555975233517,29.257711213438277
247.64883734632713,7.96537171733892,23.437944569206596,29.485666856423943
247.04233612033534,8.915721532312906,23.43448893899108,29.646810860127705
246.75153337268623,8.32195736064012,23.581673222808202,29.80998033487434
242.94053815558289,7.192358615929193,23.95513565332227,29.68876000050469
240.78583332815185,6.557233899049264,24.527854310106925,29.646581436675437
239.53820139895967,7.438018239368965,24.71441951431649,29.617854128525963
235.42806612964932,6.437231744143212,25.386076504658366,29.314578924855155
234.82673625266958,7.943184940947855,25.469009123913292,29.260479118465106
228.44810060656968,5.165122838755934,26.275070394140428,28.72417463861433
229.0164090027308,5.677233802495136,26.763587593059665,28.379061926872314
229.36174451226668,6.390357078255839,27.035827166543875,28.268022618316607
234.25810524908258,9.036781495518703,27.00009898667427,28.388210130226426
233.50615363020012,10.533297177346636,27.056428085797837,28.436802597365848
232.11376466572165,9.91450107754279,27.11365383923294,28.4184480415643
234.6197452857343,11.350496799147761,26.966532629877808,28.72156598479845
234.40140191382937,12.788580056022507,26.519254954322715,28.85730847907508
235.74445157179667,15.135965624605461,26.11344051997993,29.138359313802482
235.85219740321855,16.310411331325117,25.887476227916856,29.49414786633607
236.85266553838912,19.67662600855502,25.36843969588749,30.15245842963139
237.1897592790732,22.75962609954368,24.9536651290339,30.494247859470477
237.67396859082606,27.008010034767462,24.78403153636997,30.682065560311976
237.07620911987107,28.986849444653792,24.62278580409326,30.861684370849378
236.8737175123868,30.447091383748592,24.84112620835946,30.97162413386461
238.59470997074246,32.18554968290837,24.520479420691746,31.165825079719234
239.45097162365454,33.13280288256564,24.25873352632847,31.365445858596836
239.21106480446647,33.631335412638215,23.933695155885015,31.548426403157507
240.87083720403027,32.736298449999296,23.595794987189546,31.882858105077194
240.8529742384106,32.98021809082043,23.447005501806697,31.934476323415847
241.97094795124113,34.14932092295606,23.327447827580013,32.006365873988344
242.83561923346593,35.05487625793541,23.175196003334243,32.19141726095255
243.84765949377234,37.32333336647331,23.16279179421432,32.18283384679424
244.9235171605209,40.37091220327921,23.10005236708927,32.295979624720516
245.33873391288475,42.72749638630229,23.12557231733293,32.32647361600467
244.38540550284574,46.46100795386326,23.35091872214299,31.797205111925216
242.51181747703038,47.533368737118366,23.947070432190447,31.853545986287195
241.47134490618106,50.073589803191624,24.219147880941687,32.01139988609259
240.33379554470187,50.42949510246716,24.639924170428408,32.08752144505801
241.2491610419365,47.369969764869495,25.02796415679409,31.86942869908024
