201.5,61.5,32,54
200.4392771921331,58.524177516016834,32.27800806328173,53.7660527934363
200.94999536445792,60.60751084050017,31.73990623015055,52.89387672026003
200.6670823118115,58.29363554107627,31.94773840486518,53.178655040512865
203.5717887379406,60.02004122881446,31.73089013543168,52.758193251523295
200.5062821896937,57.82624053886818,31.89949421245521,53.00839209693101
203.91683766204903,60.460032878588876,31.619972051008716,52.45285785541685
200.43591418315577,59.416675682940784,31.75725026032113,52.30925131623208
199.92858065822873,59.28034170706812,31.692532625612582,52.15289078673238
199.87931047642942,59.579912327554396,31.657869616851904,52.23287998074974
199.4927601781991,59.436610362227796,32.02773254265251,52.194853114493604
199.93716419104967,59.10100423840416,32.11361388138463,52.093760886833415
200.14031074250803,59.21960081216845,32.46069332847859,52.27261152749949
200.2016724677018,60.23633873441504,32.7846900013821,52.25373119158175
199.62582253538054,58.75504167167302,32.975514116436635,52.51602319304236
202.82499808346915,59.7127817031308,32.62623910058166,52.3444601184996
199.65703558845274,59.24848850686274,32.98346059177412,52.33335270248012
199.23721704498962,58.457453651242744,33.14652768043607,52.515641067399
195.9531451205926,58.73223633078612,32.64865437835118,52.54626434032367
198.94048237919242,57.779019603380384,32.74454317749676,52.80824295828974
195.28555746676588,59.110744472529504,32.3589088409729,52.70050615830022
198.5977522127663,57.311212742881594,32.64396225058337,53.44851280340231
201.9775801396085,57.581975786144724,32.3025741237972,53.48859542954923
201.12069250857465,58.16838698954309,31.923693727142957,53.570938003640876
200.71555542501,59.79860714203873,31.375951522545282,53.52554076658172
204.11541829060928,58.181502865300146,31.364779982936042,53.54822912505157
203.40453072367197,58.40559000907551,31.515150492825374,53.47088582042435
204.62818636346742,58.265881970295254,32.124524422508756,53.559104875189185
203.83745246125892,59.59516386294695,32.04872024568649,53.222204231136395
205.16941595835706,57.831900989181335,32.35113975379424,53.39401177035464
208.83906302691804,59.88016355565316,32.94489720282343,52.46570310431467
205.88915466059123,58.61062675167449,32.938696155173105,52.44654988846525
204.424820009484,59.61208812350342,32.54194817719043,52.469694401734884
203.23493326481,58.61778648310796,32.768668144428446,52.633673620941316
202.87351568103577,59.95874729908183,32.188027932033044,52.79739789353461
201.51911977895185,58.964211020099654,32.40611233873994,52.80918458952997
201.80076377606215,58.53549265360678,32.63355273473616,52.76155191171478
201.74479258586592,58.31975439371892,32.07287052711595,53.57223207886561
201.7559223000511,59.55859788080006,31.720018168428606,53.1845922257513
202.80303401635769,57.59542246396215,32.128264990713525,53.6181304259127
203.39964270675503,58.42665263716064,31.686388893240228,53.719206294344225
204.20636264195056,57.52594232319157,32.04691085298832,53.95119454446712
203.3321195531991,58.43845388102343,31.79458902992669,53.73975511277099
203.5851864745635,57.04756445995904,32.122030316706876,54.187634456913926
202.62117138461247,57.62563705593553,31.785197482387733,53.996540737147996
202.57562963419792,57.825244340016525,31.132847746141035,53.97568015214983
205.16233547122687,56.87465854897812,31.741747988434444,54.23572045237393
201.64512793004664,56.84754169950504,31.07849737941918,54.37640118162595
203.71890904114548,57.35611692319105,30.66113473264569,54.21214855711083
204.9259941647297,57.89740250411247,30.238092334102436,54.09385037118962
206.94635391835712,56.178384303078566,30.6275757878156,54.72628088489073
203.02119194362754,57.7855137435296,29.970474429047236,54.60595487103883
207.10461962843502,55.18283721136889,30.19649568449331,55.228747396114635
203.62025993931422,55.85870787705122,29.92286305391529,55.05273426661613
204.31345016627802,57.701769331551375,29.668525246395806,54.44816529362047
207.85693070984863,55.34761688205632,30.012675971846154,55.041301144301244
203.9020389289362,55.881258704315,29.766723564127528,54.83981835732783
205.22238235340487,57.043507771366905,29.51619489161229,54.183231752765046
208.19896560702287,54.92784329577208,29.92875199430064,54.86896315070152
203.97842053665457,56.27100431690801,29.368075930203236,55.13204201022408
204.83413878777398,57.67187078957393,29.27066919309353,54.41613140871855
206.04164384349454,56.333267879897505,29.682009293749548,54.718107154142565
205.1835355263243,58.250751183216735,29.420040751240652,54.561409933795595
205.2795593322431,55.46054532854612,29.716876992361726,55.105248233102664
200.97712919312445,56.88980861365736,29.152713756805078,54.89297954023003
204.05134422405686,55.635127971698566,29.687357692437857,55.21181362344877
200.23240087477467,58.21029152768284,29.40437217954595,54.34748247171581
202.42694463392723,55.478022413253,29.78334439177059,55.09500066578544
198.56504953004173,56.94028162037506,29.39834706292049,54.82103428591939
199.87061137848448,56.53493517209334,29.803865221274865,54.97952982149038
198.58389249813598,55.60685728849057,30.225666143058906,54.97232637582056
192.65807762097094,57.53364821296095,30.223298666859186,54.596329842584154
193.63994496812947,55.798058524741506,30.532752086708395,54.86575154957419
189.97175125670728,57.51662074567314,30.08156903302079,54.4826942425681
190.544810146585,55.98424095006334,30.37559650740049,54.632054759233256
189.91290534572352,58.29620048408232,30.174948597221604,53.96355523160057
189.0295613805915,56.044896908555145,30.435676182217385,54.45228928237415
188.15197786713523,57.818304522477405,30.41128466973937,54.032214748575655
186.11750340441998,55.7728349942912,30.597081110276058,54.37906777780268
182.06400408813616,58.50158784995914,30.321047897750912,54.28204905071974
182.22733403662897,56.19532629093404,30.59711010912943,54.41297903675088
181.55560861556825,57.84162817842496,30.280114188212238,54.189657078251585
180.55939966801876,56.11442948701257,30.629985548772943,54.41759781892549
179.5606777810275,57.61982585092977,30.431791619813545,54.205207400508804
177.96254550782544,55.144196303422056,30.77676236395633,54.69724847031672
177.53071820022413,56.92686040478078,30.682629942263205,54.6331211819822
176.94219269459202,57.12142628014688,30.295096579099628,54.25785891613655
176.47644744022918,55.04060233081954,30.743735612348058,54.66114905150081
176.80031236671613,56.16985698704903,30.59762533678203,54.400272004132766
177.15115943124815,57.32781081656769,30.292550438226797,54.15499227287561
176.978512924737,55.3817727169492,30.635282548862182,54.478416319097455
177.32088206081357,56.13248347987704,30.35833538460199,54.64298252326802
178.02012908202084,57.314420990902505,29.948328168607308,54.758081843563275
179.249218017812,55.87720002433187,30.021360481122255,54.89619541328596
179.62334576748006,56.80552157471412,29.817265586263108,55.15626655164195
178.9809577811365,57.14686179915148,29.55074270221496,55.484315058036096
179.81993947246562,55.3810299296719,29.7264687517009,55.44378660491763
179.6549163308497,57.92664872747517,29.827840801973046,54.7250971126436
181.2513102785352,55.78785721349324,29.899512993424555,54.853317576520546
181.45985541343805,58.049261629348386,29.601442001012618,54.17275766143622
183.1896545993673,56.225735073892224,29.84364469078441,54.487552786279814
183.84332376312668,58.42489801678391,29.78216574780238,53.90884846345422
187.6339750571867,56.38906600155084,30.08563641407688,54.114674204659494
187.27577492242932,59.096541323367816,29.920946280988453,53.67391665718642
190.45924976062102,56.866146941740794,30.126374286337242,54.05417096228007
190.75943322726783,56.33239568553708,30.359398065781647,54.03957236804383
191.62815394709818,58.282671728176524,29.97721556777132,53.891583282490274
193.5058939973273,57.00239572956896,30.29689978539786,54.073161318828944
194.55301279770626,56.386264507035705,30.540986969872456,54.12082484116595
195.1096320968649,58.44580023261091,30.238315094901846,53.76845389622588
198.79374070272502,57.58146474826026,30.62896705432425,53.979090645185344
199.09574151043213,57.41651003873561,30.86237541205451,54.13694844077103
199.0387240387081,58.66139586939172,30.5080248379054,53.89693859929828
203.41910183488056,57.057725062199566,30.76930770533828,54.456924657194556
202.753218787815,58.914578893279504,30.54438191447493,53.90443492296741
206.07230296511017,57.16996176152863,30.84231690384818,54.403286276694374
202.19666564515202,57.718581686948994,30.48134407672345,54.11392015174476
207.82208201823283,56.745669562898215,30.761950158076505,54.43783800011945
204.29141655543145,58.89203385331257,30.236871514892666,53.700183157388885
211.22704199894508,56.29682736079709,30.52118112133465,54.266494980463065
207.35668006410157,58.591147930027375,30.13021878038934,53.57621480963859
213.32968152074068,56.359012105766226,30.349677407333264,54.169700506546526
209.0476527568388,58.59454044152673,30.083880923601406,53.383453996616076
215.34067395462162,56.193691213127536,30.257920772908808,53.91043989085344
210.74918794093003,56.70568097779972,30.122752770384736,53.83738225462888
217.58674208653042,54.97884187100102,30.550992257504298,54.3359627929028
229.0070829825476,59.72569224330162,31.56592035926875,53.42092492061605
222.40481347758265,55.71179867996729,31.878225520626877,54.353584941571825
217.47620419381911,57.633671655018546,31.344195385150982,54.38227026969806
218.72667347416387,56.0153406931486,31.021949642149476,54.30104464880599
218.92231086962173,56.39541421202199,30.818439540560053,54.02572632161526
220.3184693690389,55.59150158284716,30.475799055397594,54.115168792260455
221.3415530776694,55.920361516506105,30.38327507933687,53.78298609988267
222.76816968238376,56.263538637880856,30.137940820484925,53.40946734187629
223.75273246558794,56.837783271747725,30.051507948740557,53.089953513214205
229.89361636596345,54.13084081201367,30.48598866025758,54.09701432074382
226.0756169933775,54.842550328977154,30.197975698123546,54.5288845076268
230.26755254079188,54.42457917019847,30.47268442964983,54.55987950853759
225.65436889123816,55.40190664508613,30.377087464841253,54.15117473309394
229.7823330807872,55.34695642795869,30.650955686084956,54.12614501862808
228.78229416857772,55.837404331672914,30.768410672483586,53.90116240919386
224.4899955128505,56.12268103164723,30.74387521721438,53.545505211332625
225.04239778172106,56.26178054005162,30.71098439865049,53.413444788078344
220.09036690657948,55.74735745061518,30.67368376795223,53.24819666668113
221.1052521122906,55.89227011028706,30.575141278969593,53.02777765557112
221.7640066783825,55.21566581687827,30.5317006215554,52.83209064493081
222.73793300595545,55.22956549540393,30.56959828398301,52.65940512202217
218.91372846373775,54.802231900746044,30.13565854487103,52.41908134263373
220.09465618180494,55.0264169174815,29.878911369845046,52.19669024988815
220.70512496516264,56.241449704871755,29.787237561789013,51.86490868122641
224.77540208580712,53.99714297364359,30.039969071842833,52.72964652570178
230.2579746733612,57.4960687371242,30.531369726507627,52.45686023006381
223.56169710008544,53.44722851411066,30.848111579602133,52.95203976056354
218.23823465732306,57.444285337492644,31.222589832741622,52.42270024557447
222.78703844276248,55.35477494384949,31.538854980673808,52.267837747338326
216.89576061871335,57.76595190524965,31.762240859484944,51.638963362501876
222.98046291029334,54.987851777501504,32.0077532685125,52.18805254545787
217.2976128458266,56.7394079518694,32.19087340324431,51.58817825481229
217.453142999922,57.65850000113449,32.24838232012639,51.07359838239448
222.13461454445138,56.18496191208486,32.24278862681958,51.06346735758237
218.43333098385276,57.187340205296195,31.752913998444065,50.95394487913088
221.78617386388314,55.819170090089614,31.892098805705057,51.1444248190167
217.96547913665023,57.68347359495684,31.869262681862807,50.730324340043985
220.49863797656016,56.55652960067607,31.811971529447714,50.79112904232011
216.9490965527016,58.18955618302039,31.819024805631596,50.19615622850732
220.66840351099802,57.28676852092505,31.913391331085876,50.1559679885882
221.0479003822921,56.90445556496947,31.756481271511657,50.04368839961054
221.2015547263332,57.523910918546676,31.73761596998415,49.67992312778937
220.99661089306474,57.76874851516439,31.622009597462387,49.37920309254918
221.91867421012626,58.390306432161125,31.446229249159398,48.94896306584101
221.68385054694056,59.212877480541096,31.321421273769158,48.56637108466641
221.9253434873425,59.33152581328211,30.998211678255995,48.41177172128741
221.61207648480436,59.28501720838251,30.703772024770544,48.04512181468303
222.13011142506673,59.15461684477357,30.525298541645707,47.89105806140545
222.3310794043126,58.9275144744697,30.36432899259882,47.60201147831325
222.71252903060926,59.50153726831827,30.3145319614944,47.18962072154873
222.55736821184266,59.43601977912952,30.183614987091048,46.90081345673165
223.1910984145183,59.98924042967007,30.047958332731554,46.52198345898002
223.21284288330068,60.292519682483004,29.910036884731273,46.192884992016104
222.2185161117666,60.24870391857597,29.868665184040243,46.00554908780807
222.90505101819028,60.695827337491565,29.698265468543983,45.6611717873304
222.8247766881481,60.50934119920162,29.552657761564824,45.501616140326306
222.84310497130656,60.426816515596514,29.41909741663527,45.249265445452316
222.59048844312295,61.03776831008309,29.39496117835909,45.06215869047118
223.00397045501833,60.14672354142004,29.306380149696967,45.03936462851597
223.0492950586956,61.3184333704067,29.33834680125488,44.78552145331547
223.0292412423398,61.51605942904342,29.29182987867674,44.54363600605449
222.3199528699912,61.34460988528579,29.215749822150208,44.597470686221136
222.07830855377688,60.771837874882806,29.21838427452895,44.700937404094354
222.24783293332578,60.45713340054555,29.123757742575386,44.72510410041902
221.46574406524266,61.036520775574004,29.190130479390117,44.84563015926866
220.85961761752495,60.789618684465,29.25679819549661,44.953590349253396
221.10183372368357,60.7290611919052,29.153353239944757,45.17860765940713
220.93818332395432,60.79472441988359,29.0432926500047,45.39229997772136
220.4832977872508,61.51590400211707,29.05721884664555,45.3973401910773
219.87006764932775,61.261671419340765,29.038446421190027,45.289181001313736
219.24976159609352,61.61933546311067,29.01900680036356,45.281634109414476
218.5673452072382,61.12341319880513,28.87915977899436,45.24947548994665
217.515637424879,61.51545150471852,28.902370141610067,45.245981902144834
217.72819193181454,61.62785075873428,28.56721188297754,44.99966346121741
216.84000439373332,62.664850772974006,28.57967165877068,44.76986010994591
215.97986772918713,62.17914630909614,28.40771364268635,44.726165816762006
214.98479463231874,62.81618906365612,28.304870153271903,44.60573988978011
214.2540205516574,63.129073571248625,28.15077910484727,44.47028082828467
213.58372012030097,63.488213828283286,28.051984539856274,44.307023745993305
212.3967453749405,63.299250885717726,27.92290086941388,44.19549700084298
210.9988430912885,63.250505907487856,27.78426220132056,44.09232762264314
209.44068504727454,63.44680800296673,27.71500375779328,44.09848974070828
208.96955685061818,63.53291853180276,27.498798103529136,44.104904161055956
207.31840334943504,63.036185049726484,27.39048513175903,44.05446300600684
205.62548992664784,62.985968104358136,27.42461477083622,44.01143687632061
204.32511913498908,64.98071093463051,27.325961651242377,44.02057577899303
203.36220329543414,64.06450921283277,27.169995730559798,44.055651942543946
202.5738156935793,63.368041875160486,26.950214699909758,44.02463737625033
200.74446240306628,63.72645214757193,26.955764285162445,44.114700047331674
202.0754641703732,63.35674189788271,27.261470053450797,44.318764203917596
199.38026179937455,63.02784422771755,27.348753705512845,44.505056375903415
196.27720840351537,63.35106241309066,27.62433805536718,44.73960890105031
193.43582275229204,63.340530002075866,27.86075544546032,44.98545359716626
195.0462913114884,62.97544767954116,28.02966274463958,45.02586739203503
191.65218365949076,63.15731725099051,28.35835341713466,44.951036522117974
189.38505116235288,63.13165316432147,28.487397902834996,44.93964495548251
189.9934399471607,63.56057898248217,29.245937334562115,44.369460295612974
187.31978334122834,62.62782403738986,29.389053616495165,44.52457556490222
189.19599978458518,62.81181354230493,29.447636097289404,44.528947247821094
187.1909631621356,62.38542130206738,29.372508555598003,44.59396843073837
189.1772218824701,62.57605338235135,29.60510738690169,44.76430246143173
190.79050812342305,62.825352207768276,29.706001869717447,44.789752244927854
188.44762675592668,62.77328542364185,29.58666511740549,45.15685590309312
190.47654603890442,62.7628979564864,29.559954481137513,45.53115087314774
192.10778902889152,62.542401608027255,29.682449179721687,45.73213102865272
191.3649701753523,62.67389898918214,29.377482891476912,45.71813323938066
193.85520934443704,62.17966636860558,29.19048781060117,46.070026179146
194.5623015732106,62.965557356305126,29.064699115497604,45.82400516432582
197.6242939170192,62.555315939565006,29.000028678826453,45.88080622843503
198.0023520377236,63.56327184842132,28.84736404702917,45.71167149221196
199.7150968918674,62.8613763872053,29.1497014108851,45.92179726781631
200.0214927987361,61.967462593607145,29.40537966989401,46.15981826016399
200.2760312713431,61.01973103979074,29.56564178546336,46.53747245361222
201.36952408861285,60.506594713130625,29.883474828826085,46.84154256748849
202.68852348590727,59.941808611167644,30.139416244579625,47.41901244406764
203.99057790160325,59.24841631673402,30.203840738383,47.73736827812838
205.31812315289838,58.72944424025167,30.452246024366975,47.987567610975134
206.16095254656517,58.6365279946777,30.51353750577877,48.27793422149067
207.66651115136827,58.599019463293985,30.660221209029665,48.57933109602186
208.5577538680812,58.89466326864971,30.886083286895314,48.839976606991634
208.7669033205036,58.33074103627911,31.04691896552373,49.1057466369756
209.12496256466818,58.02852702359212,31.22792744986989,49.424516809461466
209.30639661476766,57.52124736379869,31.267820034161105,49.538775507061935
209.75645772454016,57.9104635904767,31.304927745970666,49.69064525640748
209.48078493955578,58.16796384513074,31.198522053751443,49.70919077762078
208.98713189723642,57.57479421072622,31.304428149262037,49.798594178166596
208.85638367583996,57.42620978270739,31.43540232602464,49.84068495688797
208.47212583161283,57.431505348488045,31.561588560056936,49.96513708876202
208.0480712571934,57.47283559037015,31.680470523646417,50.15483338338106
207.12675667534282,56.671999967687285,31.73353972698233,50.37642822036056
211.6879136310294,57.282123672144195,31.107509346798096,50.526834083121855
206.19748703846832,55.39973422027989,31.63076479937633,50.88655054979297
206.46414009485048,56.99141425875895,31.268101226470847,50.72985616039589
204.81426692474724,55.61156106388593,31.971550064159615,51.22990635926973
201.40507980620046,55.635786985392656,31.344266571150616,51.343937686884836
205.7816621279889,55.4430735210686,31.059883398826162,51.51341104194838
205.59682750641932,54.80511763180752,30.97987946615361,51.69133659915706
205.11019527147943,54.18813856114089,30.92313693129553,51.822272284321194
204.74609083706736,54.105463050222845,30.7580158817351,51.94896587559789
200.92827037030457,55.63133927724362,30.299023712843695,51.65730734893977
201.87165574060128,55.66070777863932,29.81387276423483,51.604197157794296
203.53013523122942,53.185716845498376,30.637459628010255,52.10818464693994
199.29043998841783,55.51275531457944,30.172197556260418,51.872392124976564
199.9815257479115,55.36729022795332,29.747841565189066,51.722833900153695
203.82365667298325,52.59970914099455,30.34484592750892,52.37629412781268
199.27422749005711,53.24031312487244,30.072262452235694,52.390617909782236
204.57148823681683,52.468194984509594,30.323520377661595,52.40390745894056
203.8208287464405,51.2234562967235,30.537777786339355,52.53570785163311
209.68741691464703,53.33126238268464,30.792809267003907,52.24813356156202
209.4115190962786,53.71979843504473,30.867319786829867,52.20862119261683
208.95337650998312,53.0517779963415,31.04277036564795,52.20589835618662
209.05613112450408,52.82948737969377,31.04128509385851,52.026214097519656
209.01823504577555,52.71063032952857,30.962486644626097,52.02455490135079
213.4741302204106,50.493014639961814,30.678913992499606,52.3476551617099
212.11737329126885,50.76674125721285,30.65030877691529,52.28040582396876
211.8898154938509,51.27921544466929,30.603484359773027,52.187616872884014
211.22229723545058,52.47882680066785,30.383408991502844,52.56985086979496
214.70342972718063,50.59315704001194,30.279847144486837,52.91259079508323
213.45699241871668,50.42350902902898,30.269758695313676,52.91697916610159
212.67287801758417,50.83937874979132,30.389474824200697,52.724702612817715
212.35265396762563,51.9505016861931,30.61606319911929,52.46549864160259
215.37564132063088,51.70768718922537,30.488459216833174,52.327166544496485
213.89135069834265,51.861992469194774,30.5519844616538,52.08424650198322
213.80794201090623,51.27311808619121,30.53372787967941,51.99752314102959
217.8618631234709,50.580633338391536,30.19205472574759,52.066202138849086
220.60187077629084,50.9596243379239,30.321868369082324,52.067970505995305
223.14601483947186,51.637659361333306,30.384904514876062,51.762515173798995
222.70415384076279,49.25037933678653,30.580275954013242,51.79514569179513
226.33592712163875,50.788001625730644,30.70529493257504,51.51882198373418
226.82918265236194,48.21892725632401,30.856902376606563,51.41969226109115
230.81884832867166,49.12315916605645,30.824652113006916,51.28634104672116
230.47769884055455,46.99731190489456,30.930904205181186,51.395151314589384
234.73460787061572,46.53964680323189,30.621779939309334,51.532918303612654
233.83849188905575,45.82922796379685,30.68946093998117,51.55700207527906
237.41826628732173,45.26507446935528,30.708893924455104,51.64593209005638
241.13678185116459,44.07725355026973,30.71974687956357,51.898503926625295
242.93491318605413,46.4412807600895,30.829347208746842,52.17221809600553
241.54903149133273,44.60709563670059,30.8530203310083,52.20720602237929
243.9039643620048,46.22050077800358,30.843741862308136,52.67368978808264
241.94617642576583,43.89053948687413,31.108869412489966,52.860181736796626
236.5961285004694,45.3284782147048,31.139293250753713,52.94578036870548
235.87188516271175,44.82275048634098,31.26447622677561,52.936747801675175
239.03992402570879,43.84541495868814,31.41929424892001,52.97195367276914
234.2218654692469,45.20550056120709,31.390319847256393,52.98590188301444
234.28079215639605,46.650679940549416,31.3280035254106,53.07755849565241
232.25484741295386,45.17933702702334,31.485988326320843,52.9993812665217
231.20601148917146,46.86885129875432,31.636009860508285,52.84036896413335
229.44109050826583,48.427480534242385,31.62858556789451,52.49647169921191
227.58777914896058,49.01515797738749,31.668718208532614,52.31415838787669
226.5946358921296,50.648565230579315,31.34297869832983,52.55935636318249
225.46482755833682,50.892595030926415,31.524742163095564,52.28990105893413
223.8722471596067,50.73910817222995,31.524470288055184,52.303734633171025
221.4459627529112,49.9507179478476,31.7317859199886,52.47056101089079
219.41291005011766,50.414415486881055,31.735774702650936,52.36338652246163
218.09934159738918,50.5464310920683,31.58919444311458,52.2495885957261
216.90234756290272,48.952505345692174,31.816528163714104,52.32281701871518
221.33201434495064,51.42164127313043,32.293262752999624,52.250101403920446
210.7920674761536,51.44637395316779,31.83486265209273,52.43593998223454
209.99194477809544,53.365666694278566,31.63910852123152,52.29346164913714
209.8512568356561,53.65647541772597,31.25444678699625,52.13140484329268
210.6476223577446,56.15003913529877,31.035115238897717,51.82435543777965
211.45812683201126,56.033440226468464,30.468473713422004,51.47351642835285
208.54440822149766,55.21715152650441,30.489912132264134,51.56421977718691
212.82290033638247,56.59817434930123,30.131559189115563,50.99797085972742
209.29432916911873,55.769302883004514,30.133939160209234,50.83914684819853
208.54582022327776,55.67282320870747,30.2855105844916,50.66548386803438
207.39100528969539,55.386376261247236,30.547275776134477,50.60819680802169
211.8642745032132,55.4297151580142,30.53139092118133,50.20852295483162
205.3891700693792,55.2091942664792,31.35720251101737,49.34207367382996
212.61509977351682,55.00866161792633,31.05084233217327,49.119317116344334
213.796514495183,56.23900753220228,31.003830483369068,48.84560029008125
214.17258264565626,57.60012141842785,31.66585860636514,47.84579821686412
214.93659106128996,58.46577052217012,32.090272619404686,46.879105650744634
214.51332077543043,59.40941752371721,32.51489822620944,46.12459410690948
213.15559871381282,60.16610806779909,33.09756918851022,45.318550219387355
201.97849828955813,55.790916613842924,33.891812532747124,44.40869486130848
203.96616649429998,57.41523934911005,34.0795162843962,44.09087605474517
195.6196048155724,53.05529552426108,34.58689440259362,43.43699299063695
200.493675649352,59.360944670752616,34.83591746129166,43.161227839743724
197.0301746953152,55.357941211255906,35.37045044007454,42.62971911847837
193.54864863653177,55.55469255782637,35.40332296169411,42.52356553021872
195.82399497963607,57.31243574771658,35.49923433661222,42.38207135510445
197.99292432297509,53.94837979107249,35.96045649862806,41.9720306690579
196.8296152438044,58.551923514399334,36.00960764456401,41.87880430638859
193.19133209141336,53.8671604316626,36.20483506689982,41.5292514542229
197.46224815190158,59.681329061545306,36.252593018555196,41.455821993224575
194.42590157824074,56.22470915565093,36.797693506880314,40.87546000600209
197.3857160817653,58.10014676276529,36.94374357316493,40.728978989237355
194.31878168464735,55.80600221894832,37.38250872207613,40.30071944329586
194.73827517181476,61.602170929010626,37.42825268283802,40.239276302651234
192.53367036595833,59.24330186846235,38.26365743920423,39.376460415263885
190.86165848258887,61.71181183106997,39.40695922680192,38.27476549271894
185.39369630839312,61.40329273218555,39.36575649999812,37.35916347175306
185.21679042059668,62.37170789277164,40.12371452965365,35.74341914005612
185.24133654881635,63.43870407074139,40.732100009687386,34.28856943805873
187.31190228960526,67.08617672992092,41.946371951418854,33.12987223142452
185.14300248917237,66.88056595114446,42.347245187385994,31.92288585745887
184.8518278077443,67.25045041502736,42.21113017569991,30.942082794470647
186.22645463592625,70.49686908228654,42.618048079623435,30.426192290701817
187.59948607055958,70.28101033518587,43.0250074996329,29.9124489289423
189.12607589273702,69.66276357526188,43.36186682241058,29.5228653928592
190.95909982830278,69.26830847417085,43.52468972459452,29.18353083738895
189.05632131673033,66.42423098704433,43.28594905257949,29.055780717495267
181.47223210500258,60.52604837278237,42.280278370200065,29.6486318468981
191.52372415207748,64.35247599233699,41.96548511772504,29.91445107678299
193.20052277513798,63.712245281929285,41.74284452138431,30.12666029174972
195.5654561076836,63.4931548319451,41.704475182190336,30.259068142125113
197.36604227558516,62.402508638459764,41.55285585923507,30.505092484624036
207.20527484822853,67.02431188431498,41.30015289046202,30.721860825066926
213.34109118117433,67.53007684357597,40.81901800441658,31.018293800984644
208.56131075356592,66.52474447578244,40.21300383216763,31.491856910175528
213.20538945461197,66.28960967941157,39.32761075044904,32.07563611321255
212.4042243640691,66.50154682347986,38.568631880021066,32.65309851883971
218.38888874203752,67.06791112537165,37.5121868826292,33.22801795392028
219.01820511155503,67.07031756227167,37.003574409173396,33.56485032090393
217.28052255403128,65.96268315472233,36.796022644566946,34.23184259238536
218.30906337759373,65.05626082187595,37.033474726995294,34.805788503958254
220.9614084711312,63.92623563121186,37.076863267642544,35.14470882413683
222.706316001482,63.8598699285631,37.12203970970274,35.23969773762283
223.672922046637,63.793086779010665,37.10230539782749,35.3546401929386
224.13986783813226,64.59577351762826,37.423406538301926,35.220759244618826
224.36207071786657,64.33865645856224,37.517545016447,35.08498575719817
221.03006535452826,64.4274508834254,37.41999768724593,35.28647103395389
214.88720782340755,62.934177972537796,36.54970116806648,35.85426108599947
219.31142777598578,64.03614588398932,37.24874661447251,36.073372090412704
216.72714486472654,63.48968628306408,37.23151712983157,36.464771981788786
218.15148403490727,64.16193548599054,37.47697168970816,36.612458334122195
216.29079446441307,63.71026975940739,37.458016796730476,36.712247650142515
214.6419339807895,62.88141265527457,37.282690030670715,36.86376929344386
212.8774530180862,62.789735477780766,37.15106559896067,37.14613115062969
211.9641884439788,62.9351993097704,36.93920935594005,37.32293505188748
192.27588166200684,48.748526025027466,36.904346784630064,37.118784139073526
213.15280531486874,63.733962299145176,36.38910497817388,37.31787924220529
214.5236391983891,63.83177813727433,35.90335452184784,37.462075997553285
215.61222363245628,63.81626409916357,35.57629439642744,37.55209866873621
211.89399719455815,63.561543777046985,35.280308707923126,37.70541327274911
215.5231122969721,65.3464202892186,35.45211933942947,37.732588129646714
209.3824473908326,64.40610868597335,35.60766809244336,37.99825996399062
204.3634883151649,63.54723193323936,35.574205628544405,38.487350024939566
203.71889906674122,60.133835903306085,35.50522970930746,39.450925207822465
204.8508389437742,62.28856918123818,35.306213875453324,40.23390354865627
203.71027629572117,58.19324243297771,35.15238262096118,41.63869793720601
202.72534270830042,56.91892316201373,35.197416617282514,42.9847017869419
204.31730840063304,56.81502575378273,35.09732035758673,43.11746613499962
194.9949533012945,56.59797188575422,35.07452338463299,43.15123545972546
201.80235386219044,56.67039073231727,35.0126368822869,43.215655816325835
203.104397113499,54.534105779091014,34.956545708572946,43.28553226040653
193.30590469870523,50.729720172306685,34.879504048902675,43.27518669083309
204.4642005790385,55.06090769714432,34.700189891385556,43.61975057548399
206.1851260260911,54.91179424868327,34.61154801598763,43.73123115823812
204.55766126433375,55.29567678926284,34.555323650799956,43.71563133500974
201.5190266615764,52.95247090409714,34.539520918753624,43.75929284212703
206.0932484666657,55.26843555744149,34.52421882621416,43.73283228543832
206.46516363241167,54.58825101527476,34.510434409372166,43.75597676707251
206.06518903731114,56.17638898768985,34.53078101235018,43.672262544044095
207.4617720603057,57.144050821599876,34.63996920677858,43.58361391456173
204.68865077597883,56.388123739136034,34.97932548392836,43.378724133413975
207.08887838959413,56.43495198274339,35.05162912205424,43.3402523606954
205.645618206275,56.09742286541943,35.06817106080552,43.32492215425751
205.87127469071854,55.667007050432915,35.131144967643266,43.24420829778034
205.73686111714775,55.99991801366434,35.15101214133033,43.22597879666387
205.717619260342,58.146862169061905,35.23878846776272,43.14208051043539
206.70986075986892,57.410843246651126,35.74701963535013,42.95713784073059
206.36312500543738,57.15007118327945,35.76530480817267,42.93628035566896
208.24893085281337,59.7791774439437,35.85845470437837,42.88214174028529
205.8021002770913,58.04449961189089,36.12173904002656,42.833692781740766
205.36482723969698,57.47158151270942,36.25565961413619,42.54648263916132
206.32153380674546,58.54058413993204,36.2791274261986,42.500074226528234
206.70983378560607,57.720908035710345,36.650642626558465,42.4080086598175
206.06605563550414,57.40402528080883,36.67895210059042,42.39215208691026
206.26763123430865,57.2468281464289,36.71166427864515,42.36763017315211
205.8610748592453,58.07433599862172,36.71865037462379,42.27601676387909
207.01203713942192,56.58490451154033,36.70537990324456,42.27848556155872
207.0306459951398,55.11780820359152,36.53882765263375,42.404273254970974
207.48631759588773,54.15761969061365,36.04781434973368,42.833755724881186
208.5996226740755,56.361646503096765,35.78081978154631,43.12321281921428
205.4837544631313,54.971075128064996,35.48456204755094,43.469659848605204
202.3543796847492,56.376266534622516,35.380141457372964,43.600919558302046
204.11905428990588,56.503085643410216,35.29850180745391,43.71633583701495
210.21079551021919,55.66494321717067,34.907507464971836,44.12110841952029
211.44701756060817,58.150186721137025,34.173777820752115,44.508033749844415
207.29192304648066,58.58411982098988,34.394372008003685,44.62187869935439
205.31268975533942,58.2095151094593,34.58847887768546,45.069893871831916
205.89452071766576,58.069316432116516,34.563810097068156,45.38489574984841
206.78422021945622,58.134636444646745,34.36658909012266,45.54720170581364
209.04575282420544,57.824106587667046,34.174612423562444,45.565797518730115
208.8657450957408,57.66006058040635,33.925136353411176,45.26006905910371
209.73324796989237,58.41768077957036,32.87335468710111,45.36959274559165
215.97052492548983,59.463283412050096,33.36198036422408,44.54851060475481
216.0003101895443,55.33271263680065,33.98976684457234,43.82938558420878
218.68985682909613,55.759587942598316,33.999158520302664,43.787803630393135
216.1083312484352,60.37678838220359,34.00908010398779,43.70550236055759
211.70540709567496,59.71457619983349,34.08597218697411,42.79935998526179
213.44585044106327,61.35701989976043,34.07215011526179,42.01806793758075
214.54921089295232,64.4863457949995,33.91588358961176,41.46760658823422
215.2281746642663,67.27418159725445,33.49369419328892,41.04419719457025
215.8756081932806,68.2844775140299,33.15701584785719,40.86910881045936
216.08736159462555,69.3532606453164,32.81050767384324,40.91561146611453
217.07924302304335,70.0482117570601,32.04222204517229,41.158140511319104
219.65700954003887,71.16635097081021,31.61301356943931,41.66216822281119
220.1488569147734,72.09751460331508,30.96464155766402,42.57556822983518
220.26214756136915,73.24962157418942,30.520703135613974,43.372918695435125
220.74217517938277,72.9533109600613,30.032326812226355,43.96799137332399
220.57114683129808,72.56130286043826,29.593432246875366,44.593272967853785
219.8210365433872,71.76768803266071,29.331323959553195,45.25393256553992
218.8601630373973,69.51962625098486,29.26229514793985,45.914032798203166
216.83825691360107,69.55186832668821,29.40418850744027,46.87823111711811
214.75237367375186,70.20058785551414,29.808353497117913,47.428700317904344
212.63161371849213,70.43393591184284,30.381301697050834,47.57156964208701
211.14708209118803,72.06055675859137,30.793120889235365,46.857126519222874
207.74302142753092,73.05455477945596,31.57387557836596,46.00326941925855
205.10412955466578,72.20386209778795,32.458238151000565,45.239488690675614
202.86511748398868,72.46989254020818,33.473119897335195,44.47633684294835
200.2795088123968,73.52330312602172,34.792698208155045,43.496118082591394
198.66944383868588,73.30889967007282,35.75165276151867,42.75246503450538
197.0025375236993,73.61775368016015,36.614450653409,41.860043676909314
197.07606674607092,73.72579083317672,37.19318413981806,41.261781676565036
196.07755378569988,74.22159856333099,37.7269562048549,40.77302169597375
195.52886284013172,74.21810026439863,38.40254102906427,40.08077820537564
193.7117283983034,73.51094877408042,38.87317561248899,39.64583301515938
193.40720368931343,73.49659064259552,39.68027704934973,39.3229326273094
193.5150394525855,74.20403855200745,40.39938474958551,38.80581531953291
190.42006752458295,72.8295397091068,40.52519400781234,38.51615009487279
189.1712361873792,73.42560558093714,40.525883882918656,38.25216346181924
189.74056684679138,73.50809730046599,40.44829157578257,38.04279547618362
188.5221782797177,73.54536445690303,40.37376480825752,37.87936122305723
186.74888478480176,73.85280974721887,40.29000096991866,37.7037992235203
187.20684586846548,72.33848200439861,40.265325061803686,37.64907114898014
201.77571365765303,69.75481200851439,41.62923743264736,36.84922421295316
202.37709156160344,69.33051762413334,42.22714748015427,36.74534273873814
203.91882128003027,68.97592213833337,42.58655293816753,36.783448173858126
205.07823024850444,68.69820600733341,42.813220736158755,36.81201805296926
190.05063446545097,71.52874349933495,42.80951146913581,36.748279838070175
204.06937060633376,72.04042781023418,43.90662552159878,35.962024110925995
192.02106976242686,72.62509738705796,43.80116650994967,36.00117520977325
198.92983974984014,74.2081521083469,44.1432697083409,35.76157991590753
196.3231970917679,73.3477669464874,43.78764871726489,35.705035695902474
202.92146491868044,75.35400043520585,44.143323871240085,35.36929076817871
203.85661249978264,73.70399815964234,43.80381760750375,35.40857983468656
216.59652066320717,74.7916686147327,44.72733112989785,34.63420068121209
215.60676925558602,73.33128851525343,45.52252267442634,34.197852048764986
203.60757662872848,72.88795566191541,45.06011347928885,34.41194347374851
201.28154755104643,70.11055988689203,44.44579132459437,34.47399296218029
211.09727955949666,69.26276482188828,45.687872000687115,33.69048882529631
207.20315629440753,67.24713330173515,46.04833313428943,33.64549225256546
208.79201960934364,64.17454150764843,45.897537075019635,33.79232378995765
210.66825263238445,61.1418286816,45.70329332279175,34.027448157264466
207.01357032665115,70.70852038061236,45.81314640624324,33.908354615196814
207.65361594094477,57.28822988260965,45.98109673592167,34.066413791133854
202.6382140294038,62.6906255810758,46.01993621879365,33.98487182962636
202.81673819545694,66.35457120481254,46.094925717040134,33.876412459289114
201.7822525671233,59.378217155480385,47.38489287672258,32.92702476327569
199.08654984191492,61.23020969647314,47.44767217128607,32.872070605133565
198.9393691296059,56.30451966602753,47.40657153235316,32.925333982064814
196.7913826293513,57.32826041793085,47.396629177179996,32.938132562868155
206.90818048994348,74.9604006133525,47.53408524432571,32.81713220132174
208.01141004351203,73.27963547547947,48.148116735867184,32.69314545207392
205.10124084432442,76.97890444252411,48.227087317317334,32.67482173230957
209.74707941313153,79.29036755993957,48.35260168513528,32.65722071949402
210.92823891319057,81.57244754701158,48.45842877075629,32.63786436473479
208.7524962256345,85.98518802156207,48.48142961065116,32.62355017893945
209.74961680369023,85.80776716080315,48.4905086716723,32.62272496501341
210.35653098072484,86.70075090283788,48.50215193339437,32.62245613321141
212.4552846082213,87.46856370845947,48.5316015227313,32.615840937045434
211.77949396509746,89.20053069744557,48.54791586123268,32.6135704436466
211.62884649850898,89.98811657721264,48.56879540844814,32.60628372534936
212.07452432780963,89.90777461280112,48.58529579700031,32.5999926328101
211.3601981670336,89.93190667719126,48.60968748317641,32.5890772922614
212.4522301279799,89.44761457781378,48.678837682148625,32.54524965820693
210.9348381669496,89.04380653006146,48.709196078543954,32.53027391249073
212.11191040414042,88.02581623355812,48.78059419716466,32.48480690417905
210.9440730347394,87.25089305903174,48.80158740596788,32.471220202122495
209.63730382228644,84.3217965828183,48.95104263614114,32.454226711220514
209.1306841149302,82.70295722614942,49.04261721683112,32.45139996763382
210.8209038238511,80.59970170926914,49.21106767440129,32.41386526698888
212.26528232357785,78.02005535300476,49.286597479147034,32.39932603982035
207.4097358993025,77.72260760600054,49.35830128961181,32.377205695205774
200.47403471486348,77.15197441387531,49.34390234318221,32.389131192386515
197.71859528775042,74.26996770546202,49.22507004628531,32.48994804549239
201.14805217093067,72.4295132498545,49.26368635881273,32.493029598461604
206.22138495914328,71.94344150350298,49.44704359427713,32.451997484437015
209.4752175545313,71.0885941645474,49.61958708651502,32.36102237303389
208.16187722149004,70.79879321908619,50.04182048315782,32.22736468620516
207.5052305025901,71.60638769496845,50.222965178281896,32.20475068847354
206.0474607868133,71.81747311194178,50.36569891907013,32.18384827713051
205.75232379038033,73.0598484487183,50.46798312864903,32.198104113358355
206.2424751124239,74.00392984168516,50.569215704708064,32.22622219309386
206.62717035515337,75.39662892862287,50.67431965265217,32.2524859779129
207.7546709748099,76.42743228739087,50.87881205042408,32.25940958149813
208.77973795521862,78.44073822003608,51.0349587979196,32.249924276418895
209.4933138969733,80.06522521713484,51.42518543537584,32.19183868706756
209.34274220370375,81.72992632092723,51.61430238379792,32.16026539221776
207.81782353331857,82.98606083802804,51.6758811243333,32.16773121748268
207.98231527050274,83.40896546348372,51.69645966907466,32.17270710279416
206.26293844196528,83.73207711561703,51.84122485988681,32.26157923986895
208.24158472279836,84.37788767816616,52.27938241342447,32.39483397021656
209.59788176942115,84.83242585974467,52.32729828798284,32.38297666891102
208.86988419638135,84.56305583132422,52.35831327048824,32.397814845964476
209.61232282452016,83.814532519677,52.40867034629528,32.415011296262406
208.18298013092058,84.98929141032735,52.47586160240617,32.42854516787002
208.7798640368822,85.28790831216216,52.53585973114914,32.42616565945418
207.70633005632678,83.36385342794398,52.81029399665755,32.461876278949475
206.8579379535107,84.19277105631039,52.98024216465385,32.447690361892555
206.36841388581624,83.67465155143611,53.03502336564799,32.43510375003619
207.33502255070647,84.07873875598149,53.23294316851221,32.34529065905687
208.03301716480485,82.10977936886643,53.62941092483537,32.31105696174464
204.87949495233931,79.33042371429917,53.87072859271687,32.36154282990013
240.98241946188077,53.1087695390388,51.35566784267695,34.68692362915135
211.98551842991833,75.75173515153001,52.264184719834255,33.92150784606346
202.15002158547753,65.9333384043928,52.771812090966804,33.82783640503517
205.39364980335247,66.36148877090139,53.87765954086758,32.93648457578725
204.68107381055336,65.57624774063689,55.07219313900507,32.119970605508726
203.0267405654454,64.02427606197533,56.292636171884574,31.323816354265567
199.43274747829665,61.85443127108919,56.196086938162075,31.271607780825445
197.23376516766254,55.74030691090991,56.058901985150484,31.340035944543395
197.4853135407648,55.92339663851786,55.9941902487116,31.26054293957048
197.8574876502959,55.86511055622397,55.95905302150884,31.243604574163292
194.45363706980189,54.59781807525792,55.9357848488482,31.237444039345526
196.77806110867158,54.31029370749392,55.90017510576455,31.240078257470866
197.48182194253053,54.99347128984543,55.91409177441906,31.238232317659506
199.67969263253678,59.09075824426863,56.348819049039086,30.825810107879285
200.88603333080542,59.33360853203557,57.33883569251039,30.04891866968976
200.42402248094749,64.5499066990695,58.370094135199544,29.128987130543784
202.1117878796316,67.77563731433499,59.37190603878957,28.512860201007662
203.93556279506942,67.02179156706055,60.15376142031628,27.92288972351066
203.07417676065845,72.30515167246814,60.76819847098029,27.484288027710107
205.89267850959806,76.1738944954389,61.42722311030808,26.8140459578184
199.73239610113941,74.77513062866187,61.15812251432252,27.099203581814354
198.9969799652574,76.68679893635583,61.100910443091905,27.19712517756229
201.21796118537176,82.25006834817913,61.00431352715513,27.291933209079264
203.3508416240297,85.1626340562509,60.92617376647746,27.390531689481158
205.9946790685432,89.40280800154075,60.92463407413626,27.410050284497146
205.49959767231482,89.0858669121367,60.8946118728491,27.460986460821882
207.4942505889235,93.22560894559199,60.88024276334086,27.479167989919603
208.25671763917666,92.6221230258565,60.83271158832591,27.545247204535528
207.7827881066945,94.99038887990754,60.77763691267431,27.574903164280137
208.33896094299672,93.78671939276751,60.756481458995395,27.603218109782105
210.1269764735718,93.25244276978883,60.73778744351475,27.63380510436619
209.71537844471953,93.21262676892262,60.697652064108425,27.681191280122466
209.15133951744355,93.03233086988871,60.66555829066206,27.719670130487888
209.43380597250095,92.98773861326086,60.654817863972376,27.741672207158175
208.637927035933,95.46513140055754,60.61638298045547,27.761209905269883
207.929409211682,94.02738275889232,60.55492636897819,27.80287921618821
207.14795673193873,92.86722990065911,60.48758278186438,27.88514424700093
206.22000709939184,92.0364316421481,60.4519827660286,27.934263103843833
205.97861151760415,88.5989991590317,60.42246300745811,28.001291537483848
205.43597364928087,87.79983997579822,60.37679353841625,28.041302971501455
203.58960716034056,85.28480593475464,60.26175316462752,28.21162745846532
203.07014310207097,83.67887110387451,60.12532489307465,28.416794220292733
201.5520307141678,81.1036989887679,60.068587880703504,28.454831378820167
200.03101677931062,78.59848234416916,60.034221907720706,28.480587353259352
201.18007944200133,74.22639029760029,59.864075145648016,28.70794672410704
201.82945378230636,72.49834100697794,59.30735839691513,29.26567384729815
206.2543329002348,76.56537890517426,59.647806688768206,28.99950366766578
201.72015640576112,70.22104924343853,59.19770512601876,29.476111599535667
206.00558319785873,74.68683952615757,59.94151733619612,28.518113778695973
201.06396194250462,67.77187457494607,59.59727037546878,28.87862515542317
205.03468289426192,72.1281363135711,60.11825942593367,28.4394867260857
207.99638613709106,71.97342240705169,60.48697148962233,28.09018248250679
205.01010362848598,71.09864127898288,60.59868617266499,27.85094087511901
208.04668920221022,71.65581328930294,60.64564890201705,27.702709766180096
206.24500693268783,72.81230381713243,60.984795825934285,27.391641304362693
206.15249743856083,76.44268639325094,61.811087657072314,26.820800392237967
200.826832357427,70.55106279122434,61.16028425915934,27.560778438881506
204.96482137022622,76.3936030569931,61.248842518961254,27.543852623835683
199.5084633906517,74.1280751916624,60.45421156191158,28.25522122643006
199.26389954154092,76.5940190087034,60.00184163621269,28.606495232515307
199.260311435897,77.16317357796159,59.79008994253705,28.838718368245146
199.14752455541606,79.05373514666354,59.64416258555424,29.019712425970617
204.71900292404524,80.99475318753787,59.536655829985335,29.24480973274126
204.06100477065425,83.67262640099638,59.444287363970645,29.372850842445338
203.50858522125316,84.3908973656763,59.22230859263279,29.659065179679438
204.9059053329755,85.08761180450533,59.19674471653915,29.7145682344707
206.83381955058945,86.02776513159046,59.17090213832114,29.779015703988193
207.14182927313675,87.09949498355614,59.16011195176381,29.8084910090595
206.13113389794992,89.32546295528783,59.131101491352595,29.835331043684516
207.4043132954296,88.15420252804434,59.12634006272624,29.850563747384147
206.55472479644726,90.55854723859777,59.069614531928075,29.883180535841483
206.8839555298621,88.49012229301692,59.05870740307678,29.90550415518311
207.40490153522228,88.17825679799523,59.05350240884354,29.91578241266346
207.76430024735305,86.89295961809687,59.04742925301842,29.927319059905265
205.72111735319885,86.25955357020635,58.998748082403466,30.020192523674893
206.57949710277916,84.07559417725054,58.978432498610005,30.09786148506261
206.38181886774183,84.07413108366319,58.91536183750865,30.22359299196374
204.1654707435132,84.65958137805694,58.86716638140659,30.27718399939817
204.56473544469722,82.75345120600502,58.76582702534896,30.43480295365522
206.89143849256348,81.19302650225073,58.816146267598626,30.59104106927843
205.4333842384728,79.60050786492033,58.78595426918821,30.76058185155336
205.25725406928288,78.59311135414366,58.64101197275664,30.83782742780947
204.11179318429052,76.97375567559948,58.565406185368325,30.87519048014927
204.0217255008165,75.75211080066678,58.3383003866784,31.02080605093752
203.5029869296476,74.80150929605912,58.20408932997293,31.081832716235
203.07969072675462,74.14845451335377,58.02821912932882,31.158595529478966
204.1461309701423,71.85098124396384,58.0007084488431,31.341121795431665
207.09381804063216,76.86549324422135,58.01168921203824,31.31933618297815
202.1698481795297,73.26778760866401,57.89600016532219,31.507470442221532
201.93845644773737,73.36845672535911,57.65622636314839,31.676323633916375
202.1983108068311,75.29554339003677,57.53733077748543,31.810760333781655
203.6082036064602,73.92947562157629,57.377563622288505,32.06853850414071
202.19778100372622,75.18872050065309,57.31494091508251,32.21375934016437
203.0348088217974,73.53840157330247,57.297573373079224,32.416577389720345
201.248362701601,74.54998841800578,57.32264862166602,32.50380843015685
200.1337823156624,73.67563653347091,57.195527874607095,32.64438913518546
199.74841764373613,73.14011899574734,57.15217626486158,32.762391180599465
199.41136894512695,72.60677819066058,57.19730107211031,32.849209683568574
198.83894988265484,76.63447435196916,57.182157350245134,32.85195716197679
198.19263199456552,71.51448951884375,57.081113030751176,33.002904191814046
195.9934100370715,74.6092956066307,57.05623045342965,33.015568246098546
192.85626089560327,71.08079655865146,56.885405540717876,33.019119095505516
196.07381056715977,72.23617913999371,56.734702846011864,33.08843534799742
192.2296330444992,69.00081888405198,56.53183541437378,33.068118491106446
194.71161280969343,70.54066273571075,56.32817127506811,33.12550668882041
191.75886148215383,66.52474233978344,56.294929385164394,33.11593703450802
195.33945114701234,68.23409523939159,56.15346774877623,33.15920990922666
191.7137351530584,65.41360857804463,56.14083065633132,33.14969247111736
195.11282554159737,67.42804610897142,56.107920112407655,33.150475726829704
198.78851277174283,68.8588297465255,56.049622167314524,33.169437616989484
196.31196503375597,65.43019204104364,56.007198005226705,33.16617883682162
193.64563551330602,66.76655750907372,55.9499453945153,33.18530595396884
197.10183956327836,68.4739205925751,55.91078587168851,33.20547434873366
195.42654654131266,69.40461685447235,55.87269408015542,33.22157711378804
191.05877672859162,65.30537500337465,55.83810831649838,33.198143663578676
192.97098948379207,66.91684470886591,55.78168436249398,33.15381410061861
188.19941129253715,67.50471255448512,55.737206658394925,33.150550528711534
189.45397696489056,63.58443072734941,55.73585324299418,33.12462667993121
193.52723127466717,65.8523183804929,55.74384844576756,33.11232559010539
198.23142707871835,67.35513790942474,55.535828579913755,33.142656028015026
197.98422468434882,63.89283786266621,55.326171979683416,33.18987718094982
201.51078770475465,59.19392230089235,54.25364248123016,34.1574543219536
193.3656960766738,55.87813108145537,54.211157432948504,34.136032591363445
192.03589003537778,56.51113867539834,53.94873239090674,34.262797945851155
191.85676509570655,52.910304476285944,53.932252160080715,34.26657081718998
192.0951836503677,50.082931239883635,53.90578780628593,34.239063452409134
191.98682938957606,50.66398985233428,53.89502442490272,34.23357495542075
194.71028029013763,51.76747092902227,53.894321087219524,34.231911702649036
196.0137949009035,50.73399529522609,53.88966761146109,34.22950438297637
195.252469034602,55.60128964822021,53.81313363887914,34.19379873362875
194.08496180845137,59.437431657971146,53.88993075643309,34.250129521255786
187.04728790749493,65.52016946298872,53.87817185363405,34.30260759316643
190.13935508646017,77.70652729558373,55.08845954999435,33.65015445544225
181.35921450588472,77.1833775595911,55.091903629236064,33.69221901741623
183.47147312654195,80.2535096140933,55.11105160627486,33.701592607539
181.79506495280214,82.67650135731841,55.10825519893271,33.70627707457999
182.6599149546468,86.27676065473794,55.10730828514819,33.7077796017197
182.357838608902,95.1376468112183,55.11280390504739,33.707255915467954
181.37196075413416,96.4536786606844,55.115628535672236,33.70553803791637
182.8754978535454,98.01830260447059,55.116376373592935,33.70523407047948
184.84193552394393,99.93798787854998,55.11810901543133,33.704525908261274
175.45813474785757,133.125291335807,54.11034473813627,34.63810838583708
177.7172016638655,136.23858569682045,54.02122558889024,34.69452919292393
177.81487201595357,138.26121542693625,53.99768145990269,34.71000591204413
177.6300153370552,138.21108530633174,53.979259235490815,34.72197474662172
177.3571951654508,138.27526269874932,53.96257398189022,34.73282294397384
177.66873384331723,138.88201053988877,53.89864213635407,34.771851160773274
177.33230938402275,139.66264520467053,53.82814442341606,34.814566544764176
178.6817036040654,136.68861495458802,53.726453857018484,34.87987796427118
178.73393503555448,139.58479739631605,53.639472179536206,34.9302803194321
178.59730510766786,140.3686559264692,53.60477194228806,34.94897461605176
180.23369548274286,136.9278350989305,53.55416321400387,34.9836895819812
180.6052030093525,138.82497203606283,53.51940225967682,35.00720168603379
180.55228959783705,139.21706968161374,53.428379483227076,35.05933132512302
180.22338658842546,139.5684370916607,53.38085727596081,35.085238193852796
211.6300590242021,143.84712771947835,53.564769637073546,34.79027377781708
215.95117517184852,142.96242898481924,53.671688571639116,34.7317031265604
212.80544533572981,147.32464541493016,54.269973404856735,34.048633982464
