204.5,73.5,34,42
203.5394395341944,72.55097171522087,33.03509800623428,42.86393782408226
203.00590859859904,73.3845775872199,32.327429671889156,43.42682814230954
203.25138790888954,72.3215642040186,31.717091195615737,44.04718853355192
203.22699602527797,72.00149777190394,31.2845574724996,44.39981082391724
203.31127760799924,72.2023502632518,31.170484407649454,44.75451214844198
203.88077313759027,73.22393300777343,31.133541030275865,44.984306130147644
203.70845263607094,76.61321094094073,30.838478580727383,45.07759980070879
203.64618251748155,81.43252017735813,30.750141931776795,45.038254055840284
204.62672616048334,86.90709602930917,30.739949836012183,45.16581877497287
205.85733540343765,89.54419566575096,30.499265674749555,45.637653647444516
206.24295914452637,89.1379288385397,30.31271615437936,45.81679240488297
206.9560714249099,83.07673456166265,30.15829163481099,45.90635834968929
207.90446282129514,75.47824037044937,30.138621349860678,46.28656091973792
209.62276975330653,67.39543256904136,30.097700311155272,46.58874077731467
211.16511968407107,61.727921945557995,30.128849467723132,46.71301716649332
213.04766393959363,58.88992571582005,30.150100478086067,46.819736630974106
214.14296327763148,58.82418523090538,30.083343802971704,46.77328407178409
216.27189697205296,62.085305890884875,30.149634605809617,46.6730488820436
218.48996371360622,69.02983208359743,30.151503709067857,46.62880507510972
220.01729111123197,76.22476522347567,30.052001902250172,46.6690316069377
223.39234662664688,81.67096800664628,29.954100630178885,46.72107451166582
228.14906828391094,83.33242396884194,29.74255722562397,47.22306416808503
228.11196375240758,81.07020065453392,30.75639661823957,46.03855503193057
232.91967273556327,74.79198920254066,31.722081976818327,44.96748026288241
235.82059910663153,68.44679152855797,32.61269120215008,44.081101967354165
237.5581418106555,66.26127477627088,33.72347987476007,43.25953379117272
240.99286100775882,64.0119251325026,34.51662673903736,42.353457936039604
242.93488737735595,65.42791739709507,35.282025732478566,41.66038870722392
245.9090812313811,68.55946670892905,35.66706593046466,41.00635943093756
246.48774102121635,75.16785191641071,36.202165998964645,40.71169861985605
246.95510638395274,82.24873912404064,36.522950968110095,40.55039722705713
246.4767644143535,84.98338088003054,36.500105586114856,40.33173408022017
244.78531179547497,82.67097433145648,36.45208998456224,39.99311248117077
239.61795914620234,78.31716541825607,36.60760655477498,39.763322813980295
234.01972104296345,70.9933586389624,36.57211197420442,39.40229989795826
226.7270048938099,68.13453613373417,36.34816564854913,39.21635422924601
221.70000656256147,65.51729252003261,36.294712779490794,39.140896350142775
213.21733214392003,67.45714216494568,36.75754582392699,38.64603683349476
205.3679240654447,69.85914485140222,36.94693586393429,38.28054283219422
199.7940654670004,76.50020240513791,37.02729695120375,37.72075591075799
193.3615258746104,83.27848366387329,37.30168933788802,37.30035329013782
185.95017131987782,89.50748945335786,37.7282469046896,36.914119054918686
178.71127595756587,90.05665389600779,38.00845824546346,36.90307890691587
171.48167786805476,85.83620848844905,38.273369985398716,36.85947551274383
164.60985257190612,81.60807344470072,38.60171353271315,36.89679742671752
161.2926834064278,77.63565301626821,39.06485540294586,36.74344892963966
158.32676657465964,75.66987823141947,39.35623572785916,36.593320585671364
152.38715116655573,78.74685590916721,39.48749214831504,36.55725749549572
150.94239262832622,83.9836940510805,39.161261391522075,36.761070492369825
148.40980635387206,87.09289964444235,39.049709029694355,36.58712580116003
148.4672933092766,92.05231062080406,38.916066694547105,36.57649552934482
148.2890996919519,89.37522636606732,38.66869022966503,36.6583628417663
148.9608752328655,84.70778117671371,38.59310303409876,36.49951027766346
152.53671186032037,76.78212860694907,38.4872543069295,36.344538332842134
155.14637974706136,69.74524706548276,38.254062599304476,36.415198159549185
160.0826483305889,65.95360923765557,38.090568935057,36.42828720021335
166.04017798082657,63.19450385016292,38.20970267352211,36.470143853036774
173.03364601742103,65.35894489956719,37.944058142386396,36.77516478080904
181.0755026215371,70.54393396339677,37.594073342967675,37.14934253693893
190.08975002149032,75.3545119333568,37.59845741879374,37.14518240848129
197.3721071394767,83.10918846996535,37.36176709334344,37.963788395933136
203.85336275298542,84.84239695873994,37.62337219170441,38.64066098442399
209.37634261886998,80.10142915084256,37.46575340994747,39.384048321410155
214.59605422177157,71.17336331186235,37.58308431638795,39.69169328977585
220.891123605789,63.08313788538934,37.65521323328963,39.935979286764834
223.59488283841108,58.85346996165873,37.81231860074808,40.180221521555154
225.59864322737738,58.50003443690763,37.84499424157771,40.24869380453971
231.06614709459322,57.919579687216064,38.00997925922121,40.132221287740904
233.23919795514976,64.75092181098258,38.11299901332785,39.76570918223669
235.0986712070231,71.68053638853492,38.5789670985094,39.60879440396306
238.69649634167996,78.22842741283421,38.58497936963145,39.73684353212229
238.05166814687135,79.83756898487306,38.66449517334932,39.65962622399734
237.15489646819975,75.6690504629281,38.58664520774792,39.70559900549714
234.14440533101913,67.78196835491899,38.435829729728766,39.54362030006761
229.67393569114702,61.91118057439451,38.130871716382174,39.592587981477884
225.28861453310262,58.002829348496746,37.85613820849638,39.58097136055002
220.8325491534326,57.018545618999426,37.85150089380075,39.893515555613384
214.8568346335301,58.866820290959765,37.81697183424051,39.68013362158956
208.10970581482997,62.34625854072671,37.780103449301905,39.35391274263062
200.28242240673092,69.97593560877291,38.16051846343702,39.184586415681295
192.17544926940718,77.13542743289233,38.62869428367779,38.857027327989314
181.1944189076586,79.69903583633143,38.708117983249196,38.741499707207325
172.99629972035154,72.72914465741694,39.09948498945502,38.33465101492644
165.21795847507528,69.76558274852101,39.25014540816921,38.20556526850929
159.91797950244097,68.97264706208051,39.359633420881664,38.309491365129915
153.56727291195864,66.36950602380936,39.46919822843327,38.272442486166845
147.93624461011618,68.73360283676601,39.321130053370624,38.25559310234952
144.90735114724527,74.72058076358786,39.455819845475986,38.13701063127415
140.15769585986249,81.97226785723254,39.62580951264872,38.06954857624801
135.57690946592317,88.4651626646881,39.7190591651514,37.99357379593161
130.1572933933163,91.10984841035372,39.85255133538955,38.004489551304474
129.19101608926582,88.85226959790711,39.87263143043662,37.84116607420793
132.7991689690469,83.73841982532399,40.02021011987963,37.70857032365884
137.21099786696604,71.64435816027486,40.07391552899737,37.75619835346414
141.52881257954215,63.16201486475292,39.945918359399364,37.92559495122188
150.63322246375117,55.92403555732611,39.74595059598618,38.40491240701789
157.7052901872628,56.89487319093348,39.587538644446326,38.44317064009306
172.76465918140946,57.143700766464804,39.36907684023502,38.56073329393916
184.76780219701794,58.56781988318304,38.738225684506375,38.81237408691565
194.45839861184493,65.03893998504599,38.37367256432505,38.593942171763985
199.79049572078517,77.09224260357453,38.61176869068284,38.84242993702623
202.84495140290238,78.56221399002266,38.852725147188124,39.05836427747227
203.52112234452426,73.63091429157379,38.95444906365753,39.6897749002611
202.9000715067768,66.03098636864716,38.813134682519454,40.255667161214454
200.51187413039267,59.659437160094484,38.94406596864344,40.50053845887402
193.5987099571585,59.272703286290515,38.42840098320259,40.6444007343941
189.55268704915386,57.87983780717613,38.636975310259245,40.59032966587421
185.07490345376425,62.671253325760624,38.50085720593348,40.60170734605141
177.96189980998716,70.42327289420697,38.52617708504038,40.72185567864115
172.79913237887382,81.9331914935013,38.61995287591695,40.61673138593628
166.83999421293368,89.45314861304261,38.998058538241615,40.12927877099915
164.28096718907037,87.40617978947647,39.11993968099997,39.78889882932529
163.56065463475204,83.31504204373083,38.909807834489825,39.670884213089515
163.84859580067732,74.70457683079394,38.6816592982821,39.61058371244964
168.57220023454354,66.70133313079793,38.89851769892124,39.45290561561545
174.5803184009929,63.32211598989221,39.48681837621538,39.52449221065933
182.05188751340205,63.032389009841424,39.402542074614864,39.53102131838969
189.98216141980734,65.85068174106016,38.92388646608896,39.97600314339729
197.49936391237864,72.84624956762144,38.95061677299957,39.98523846958382
204.07969481911823,82.30822402508382,38.82754403270157,40.13071323019617
206.6434600638803,90.62687865684292,38.40342846016959,40.54261356140453
207.37159707952165,96.33141851779568,38.38142755262807,40.54711664131784
206.8159600723287,95.51821114250787,38.35057834466288,40.529939630304426
204.99555335938908,91.3004617579597,38.30559694021983,40.61961987980849
200.45679149304468,84.77016817993629,38.53698362609471,40.4797332504549
193.3130259603036,74.47106246103596,38.1982386753415,40.427355698997744
186.94849172683905,66.33811035319596,38.30226994897226,40.48260851697269
180.0239219252204,59.34216223093326,38.21584551107182,40.079711251061056
174.3723047230685,55.945519573960325,37.53592561850067,39.33199333777305
168.00334862417353,57.67650418860855,37.37946296887851,38.99798192936894
167.40515649781878,59.896187025254065,36.87550051329029,38.689383601506364
166.37343494401748,63.54788214915913,36.41981052991998,38.54101692852534
165.96193602491286,71.3368948411557,36.026666428965974,38.34294683628026
166.56262548878726,79.61264819547617,35.85017983138685,38.34176552131606
169.17020725391524,89.59575413594195,35.887231686567944,38.33125356103882
171.48964488321343,100.04049442686927,35.88554676992099,38.433231872006424
175.4288836620486,109.75984004846637,36.277209860138825,38.395816263577856
178.00366065501953,113.15481428295325,36.926841150228505,38.587796619982505
183.1314316790481,109.80795853930428,37.062958838804654,39.20174183378192
187.86950391954883,101.99475624515881,36.971558048293886,39.94139047877451
195.61491742325634,93.29233722635198,37.01454261009273,40.29213420181297
201.88534767402652,86.56947282013508,36.92871922555679,40.61027951052364
208.47265130527333,80.80685171686304,37.01842566087812,40.49095232009505
214.57243157375518,78.47236012225605,37.34261542909016,40.38538173352168
220.5833337072874,80.00614928136946,37.058202633888534,40.329702409740676
224.90240200420155,82.54539651919126,36.97727886965008,40.14177523680094
225.75868676886836,87.7377792233778,36.79630313990751,40.14441236291272
225.24875915755325,88.53465442742082,36.78134960761676,40.00484577173646
221.55257656558786,85.82114225008286,36.65636697889498,40.08468308417606
216.20772025682368,80.68853805759446,36.70720363511967,39.86770419803467
208.35016454508363,74.04709914566423,37.09120315064076,39.69959420603819
201.412075249203,71.24192607192472,37.45847156326379,39.2264866982743
192.55435617954163,68.0760287856397,37.35743478803577,38.91768440423667
184.5661113649535,70.1084640658419,37.644473199560636,38.752299670324604
178.0879718324838,77.8369119373351,37.731951147556714,38.53189989901788
171.2321274197947,85.3334018565534,37.84682963205358,38.37134327072533
168.1636754273091,92.00459129114637,38.13593908424891,38.18791329985481
168.57167509814923,96.8747695896395,38.33967388677948,37.946934907214256
170.49747226668526,92.97459482849227,38.5350332278385,38.10812951846746
178.10893528096008,84.43458196352191,38.47325240955497,38.462536885981436
186.94387546080736,75.31502343071921,38.5705896859688,38.89823674577626
197.52300117201034,67.00248379760431,38.77623177247396,39.174862490277555
210.08281199097598,62.94941983770337,38.60923731654951,39.86600379966684
221.8579181107918,63.956908966928026,38.327394751600565,40.797592838199336
233.5532256258544,65.64658902771978,38.8493640262849,40.64473012834374
240.98377602809063,73.32274534967367,39.394029708933985,40.45189948669425
246.90080310250212,81.06113592953125,39.862585957449866,40.499308276014744
248.47718143140045,88.19918386684216,40.11170431872671,40.902789275172225
247.89224127861942,89.34230102627266,40.34880620622465,41.124362449521044
244.43783733600324,85.03460790450409,40.350185826839095,41.27683708722325
239.48843940937783,76.31536482091923,39.94080850046346,41.374995037840236
231.0611874568222,67.38291220364184,39.731843472469215,41.51064841082275
221.3781762638303,62.6203566976057,39.52713564910242,41.79438445341259
212.52840321711437,59.02610910723876,40.00115493284191,41.187707419638414
200.38503865478074,60.54857036711806,39.81942778919864,40.62089855115544
193.48973942045606,66.93554261729969,39.607397931431976,40.14406937671991
187.80758992456924,73.68718712529437,39.85529906553958,40.163551242383406
185.20263612608738,81.12165843693424,39.923205987301905,40.11085465181851
185.8414852312472,87.52911828790374,40.22236880088521,40.04784611320956
190.34421687774616,85.07342527099739,40.20962897285307,40.21965151576617
199.42430639399498,80.44424140308519,40.459915180833946,40.59003402209838
208.73189069011303,71.72414780219387,40.51602840317305,41.03853344922282
221.5043095572084,64.9691453893641,40.31856653873331,41.712924070475616
234.50975312756938,61.87285308059043,40.02768824810896,42.1638294964336
247.58771267233658,63.454592634588415,39.97950956079623,42.39124527826918
259.9338396875419,66.7996343780292,39.87934041502919,42.46680491119963
270.1655520099703,74.47143148366143,39.43319062673966,42.501317770858016
276.8448186607389,84.70772545409943,39.333845023566866,42.57087460537265
281.6353935450846,89.75611600892185,39.581341914726536,42.40979963433865
281.74232644305084,91.01869104350378,39.586900217524146,42.138179352238375
278.37503176538314,87.57541370968674,39.36122202906675,42.07646417581728
272.4080143439536,79.45322347835048,39.15507437680869,42.005758273743716
263.6934712815115,74.28649174139728,39.287035639021894,41.79068735433956
255.55989790673794,66.88375107123676,38.92289004542943,41.64125460164303
244.80353063958992,64.73552320371203,38.188651542005736,41.470190099723496
235.04288964954804,65.88201409617713,38.176047566278925,41.51949013318317
222.50179444029507,71.57367529555856,38.22071280778295,41.693852632796784
215.75692477298094,76.05286769636224,37.86570841377353,41.860173145825655
205.23252192142863,83.91059323488577,37.966908983821476,41.99468239592704
196.92737845640096,86.84010889689159,38.28593805560045,41.38859077299573
187.35757627418752,88.51902891597405,38.56874997007615,40.7551879716167
178.65992422321028,85.85521179586351,38.669362986215205,40.391008742904674
171.2663597868008,81.7821557060789,38.8935512615,39.908275707630146
164.0594666340242,79.17910980041128,39.264377400122015,39.646527324263204
158.64924247176575,80.13165497570878,39.67974302200224,39.36828888998137
153.4081304494418,81.26593639798813,39.860329417113974,39.13833173542514
146.46356188993695,83.08447577762342,40.10772669084779,38.982170668338995
139.8574405721182,89.6684632871796,40.15299049042572,38.91895677288386
137.17811896961842,96.89081510297096,40.35182458287646,38.66877599896717
135.05358873159733,99.43040041161714,40.45733132509299,38.45920615453245
136.94333909810265,101.3858852506649,40.426205769465774,38.059388743893
140.4484734291849,97.26290748076794,40.36133210012961,37.86154049645549
143.98118125830277,87.50057118912957,40.2333058156732,37.836181417744896
148.2515071038299,75.43846069080826,40.08798932206765,37.88018505293735
153.00349271001045,68.79374230098897,39.5636161550557,37.753235228266846
159.31911233817493,64.92543237825167,39.71097282310417,37.56126716022826
166.49904049424504,65.53476019179968,40.12415632877402,37.68186102482382
174.0759049863746,66.95477596455711,39.565882514192566,37.93204826173389
183.5761198839126,72.28014709050586,39.032659674072654,38.09250901276607
191.22956007162924,77.28361692022978,38.418204072809345,38.32649037382606
197.42468476017402,76.59157413253195,38.208882926005415,38.757309030562524
202.70488633417295,71.56454772624626,38.106157619194065,39.249537998224206
207.0894267369298,65.96277034907935,37.94621148775261,39.550680338007254
209.35388951001175,61.144889262752834,37.960946105468096,39.384616033609504
210.71915357573442,61.38570518699163,37.96478439095395,39.012993065627946
210.62279713459924,62.77587190600043,37.756886856096656,38.69920830886949
210.02972581004013,68.16187768458403,37.566944819889265,38.33206964598939
208.24885755889224,70.62030903053522,37.10253014191775,37.81253628453135
206.22017489010068,69.28872952543355,36.89270216208749,37.33731333672688
202.64812014037977,64.85344078275415,36.93740780334449,37.19210751214916
199.18280542436491,59.59168949994725,37.24931575023632,37.204136422062284
194.71152795975283,54.68866615197646,36.96955012281984,36.918008587974555
190.87287620012725,50.51220513735281,36.613762096966035,36.791683524021174
186.7955009369935,50.60243435645597,36.23740185968373,36.733125927408594
179.68940385427322,53.18403090310626,36.100895501747786,36.72808732171787
175.42041196291865,59.329979571619745,36.00080250223036,36.77979216517188
168.0885018155096,69.45943917101624,36.05795813945569,36.99228181037302
163.62480889985397,77.06762209623909,35.866040267458885,36.73142991408993
160.6160217916089,80.90474689000575,35.9355449115003,36.666701715564166
158.9835849977829,82.16108156735898,36.23581245247563,36.28885496789811
158.14199523378187,75.41448672139262,36.136499700471276,36.01021410105399
159.9256097787396,67.27108171484703,36.081498384222215,36.38393913031948
163.56402847931352,58.594146073875635,35.63495368479557,36.84926060757476
167.10939088111942,50.31483845231829,35.33645805675138,37.01001436997656
169.99917005373814,47.07293079141655,35.238952800655795,36.93265434540552
176.35912214220156,44.24767109322161,34.96601002662202,36.654826154209964
183.07452776358238,46.79325782418755,34.85324726103324,36.532985864122566
189.28665945160316,52.704243825913935,34.20287914866358,36.70696360584802
193.05641804030097,62.39872556021397,34.332656805404895,36.61373072806826
196.83844868465172,75.26092777631459,34.61091595890309,36.3025438404227
201.6988150217678,87.81717158943214,34.92625601568895,36.292217621658295
206.24692408805686,96.06884944639202,35.0274894746026,36.55095068337327
208.30134813216537,97.12153696496584,35.190656004305495,36.76334612733527
208.3483013069001,92.32606682130171,35.364396056956565,37.6051914515898
206.62337680260137,81.03264406036983,35.50276740442128,38.520253526187936
205.03965304568712,68.53159074589514,35.89018204509606,39.042337724717385
202.43401169733943,57.19435233278796,35.95203255947942,39.31822255569249
198.73106007528236,54.672879561226736,36.06360616034408,39.264006328948
192.9393765799765,48.36134200955286,35.85297538636838,38.58459882731529
190.63833708708518,48.75011171505889,35.36967048009169,38.20579222751576
189.8095874465954,54.79972472106343,34.96858936251168,37.90925004576792
190.12411345277678,61.71982477539043,35.04412916085223,37.88126478849331
191.60519839615844,70.22397044928552,35.422730949198765,37.748625753935556
193.1812769300565,82.1717083851946,35.54226925684515,37.93465088919745
195.88788390173804,87.11770704022645,35.52311258734683,37.98692180575731
198.29936171911345,89.22875068365833,35.651396061635296,37.937437172396955
200.69625025239293,85.73454730168817,35.433957763081715,38.266206008328254
204.00388439130944,78.4143741951763,35.30529799049768,38.81834783750189
206.81371857297373,70.5976714235477,35.216257831514824,39.19646144197735
210.84051898678422,64.78632178632371,35.29138873149393,39.67877508867875
213.73903149686726,60.77655112615762,35.696452067345945,40.105782343764346
215.54855257009854,59.43499280802662,36.33736389656086,39.85668996513376
219.22399578581468,61.05037052873154,36.549130053019226,40.018728179119435
221.82604953192305,64.54452810530117,36.884862305370376,40.504557007913775
225.4541076319826,71.28267873995911,36.94517715078345,40.587002076488524
226.8446842536,78.9590007808803,37.4694235638444,40.69147507533461
227.31113622579767,81.16684446907325,37.82219597957939,40.62668644162447
227.5451217119409,79.7620449688472,38.14960005640718,40.98830122347917
