156.5,38.5,17,50
157.13434836080825,36.08975115536256,17.069341007646813,49.793471989659395
157.31364766896573,37.596970364252,17.038160152419245,50.024532944362825
157.53446568698968,36.196530036798805,17.174816545818516,50.11073006655436
158.262669114657,37.2316707175508,17.23703578434832,50.259404460284145
158.4140809584523,37.41736895427704,17.459265359468297,50.20706509380341
158.52939964176116,36.904141529785306,17.562919957619975,50.49877938750047
160.18122704281365,37.421389606841764,17.59417721720628,50.143305426342565
161.2333848068496,37.53280132009155,17.64300151876997,49.82245123895871
161.08911510443343,37.94566442841651,17.675809400565335,49.61780130814787
162.1592451085189,37.6678061397396,17.706363668136035,49.54105496674331
163.31946424788217,38.67296063638422,17.72622881042998,49.334985842571804
164.1061407628566,38.46305281755562,17.694677948373567,49.504066882784464
165.06468616919062,38.344801878453126,17.74254568425134,49.49637279307677
166.40583993325984,38.40228829616278,17.688269409927628,49.14273686540187
165.88233131686457,37.91701547733673,17.78631930510985,48.9633466614936
168.70006452897354,37.45913004177686,17.734678469118215,48.59682504737622
170.34868433297274,38.59558508866661,17.593600169408358,48.00866789472831
172.31819041461657,38.97959233150726,17.516402028184935,47.930619670433884
174.1230570475808,39.05300038834062,17.509022096683324,47.81014376571483
176.11243285448106,39.15300183843751,17.44392123399674,47.55094157703361
176.20834226089715,38.64353618741235,17.5214603408575,47.43440093904335
176.99353275865428,39.38587553451248,17.485803223250073,47.51999826680048
177.84788133991984,39.47249088587836,17.594762577747762,47.6967859759435
179.80221159269948,39.338375338073135,17.573104540297603,47.4435395510881
181.4642828266092,39.999373106847976,17.730486539946433,47.62490643075948
182.77735064556725,40.20859866920214,17.82918748993619,47.60122536206045
184.64030244409358,38.61068387844374,18.000227938904054,47.51257675601621
186.802862631198,39.344666603882786,18.246758069761164,47.744288653275014
188.33716186446927,40.113839297116456,18.44924534235436,47.795537154136774
190.28289388538013,39.27217772782105,18.359734139430326,47.49900249033654
192.08046254595234,39.6538177016556,18.403899787264795,47.353516996765194
193.50241439764662,39.99987215551046,18.313865617415022,47.41566558922714
194.473792840069,39.2563287960688,18.104417286265992,47.55902734206126
196.49987331081067,39.205000351011215,17.84989547632862,47.89518794638026
198.72812678833006,39.42815245068846,17.646552335834535,47.832966094180385
199.99280908498156,39.95180249802601,17.671134237587683,47.97344959840513
202.04623218793063,40.74678431486931,17.582944285504283,48.21474056619711
203.90109637109904,40.64057014903432,17.59453940931026,48.753715775489695
205.44497463064602,41.08604467782008,17.61755478467125,48.653872047908564
207.74549276641864,40.87247869099619,17.587271610660192,48.667070207984416
209.74018317735,40.96950183279907,17.60253089118394,48.710205960420865
211.47006531180054,41.48125370153599,17.609322217680806,48.66149667036905
213.7522620994359,41.303067138727556,17.481017204421782,48.693823392816284
216.04027135075617,40.8104194420071,17.378028792113273,48.4402258733925
217.36694837032294,40.86966198845081,17.328071883945952,48.32778195665658
218.33058822487794,41.29439244750683,17.288606577416175,48.50083573943412
222.0362405163338,41.607605088970885,17.35269290560675,48.606807357159845
223.12416499663914,40.79420991909471,17.464066330402584,48.646362723004735
225.15913416062017,41.55096793998655,17.662654079711036,49.265549270256095
227.1123806693117,42.1856073957687,17.614453880397452,49.02126950038491
229.04031519982797,41.328540230885714,17.557223401594506,48.826475435833245
231.503828951895,41.632549058733744,17.464851659179182,48.86222817684662
233.5635496994035,41.402570477113656,17.45317297773031,49.12489560500799
235.13614956969963,41.88422598444211,17.282671303849515,48.917567525779695
236.72347842822043,41.84549462917762,17.318030552673974,48.5454631269623
238.38771289362506,40.32536332142162,17.68942648621408,48.57904954542229
241.60311025704294,40.476210635239354,17.74259906360804,48.825771055482136
242.2793332584643,41.89600492293156,17.708250056119034,48.463334350825264
243.27919018498108,42.3599755489449,17.51755469578415,47.68018844207841
246.8965543298435,42.33839956733832,17.27187965541842,47.49386508590605
247.70563781914763,40.1169892133714,17.199067162321953,47.56725000663898
249.28285598982407,42.298595135260996,17.033812816360918,47.229878922137125
250.74355378727674,43.559597602815884,17.025306463627846,46.72337262518042
251.99468120107514,44.34563298300844,16.791407244017503,46.493854169063184
256.0141216849354,42.58862345005077,16.63737391728821,46.62417429470143
257.1007506739884,45.1331524298286,16.84342654709233,45.957714697114774
257.78278518845485,45.237697783273134,16.863211072885044,45.53844837169638
258.80415870969045,44.88713561125722,17.2202657615235,45.25444347855321
263.55341914657294,44.30518237653382,17.78303944342257,45.03265067584425
268.103185104474,43.432142865293955,17.94293555191245,45.05728878703096
268.35302700540143,43.76830522278969,17.87441884595716,45.110508226683486
270.88125442260633,43.870304844553175,17.95052044999343,45.45982074835046
272.920001714124,43.36927944990996,17.984679194899975,45.548295947980066
273.8770856270842,41.39539520682795,17.77039459155951,45.776890764329025
275.25338189130025,42.94370436527308,17.52480775465571,45.724760877461954
276.43819238908503,44.33139171409486,17.29619799718436,46.01282960213589
277.71434330433266,44.19927739694673,17.142717043764275,45.876951746773805
281.32779355279075,45.110092278826635,17.09580111639766,46.12998323789681
282.64599266938313,44.81756976114657,17.11108979002745,46.31863685170046
283.6915692644276,45.65865180247481,17.23232964536397,46.697878904603066
285.9873002469003,45.38457228677912,17.18225476156482,46.95557284929592
287.4740779603506,44.80491985914139,16.785455335183016,47.388984266708974
289.29477213558863,45.01420367759734,16.610777313762696,47.79727729607212
290.65911240935304,43.93556056777413,16.563839672804328,48.08167626195723
292.63910303852686,43.39766741398545,16.63147062377672,48.09394487982969
294.3177307887448,43.29829652844113,16.594849011585488,48.06356113629183
295.6130295070679,43.34197594403756,16.754422044223354,48.482153650065875
296.9314132012867,42.01150810614314,16.900179003091004,48.89443710608237
298.1858495484459,42.90696515452984,17.169939188029858,49.39951085377612
299.62230060410104,42.75298900121189,17.211889219053568,49.68236005331727
300.86490092636126,43.60358807742258,17.259602974633875,49.99316103114491
302.5951318163052,43.16283639130472,17.268895175382625,49.959912218035925
304.0906255721782,44.32009386542664,17.314511829667317,49.91877969510031
306.2556595679197,44.53484200701598,17.31242387968838,49.876168518485194
307.7955882457605,44.591831063326424,17.307615685917746,49.845413763660986
309.7803002257415,43.67877747218702,17.31118080829217,49.70676183453538
312.5331236508938,42.07999784167646,17.159417224436556,49.47592296323228
312.6541166690171,43.35497865130834,16.9594962684451,49.07404455395996
315.5171307525804,43.66071752881182,17.104303405578847,48.85523194673438
316.19974069322006,43.84491936599492,17.068088527274973,48.87051526191401
317.82915040355283,43.58926473046557,16.88077417634217,48.639291147219076
319.0586802899445,44.25089471540291,16.89275250666244,48.59547897130498
320.2257780626181,44.36967622552592,16.926904367702623,48.38864564721354
321.44032377027145,43.53210320625888,16.96165224492212,48.718850665735715
322.8902455430362,44.679826615725936,16.998003119253458,48.811367618621674
323.94216177903553,43.699163706539785,17.203878050437726,49.321434062375445
324.6125313974891,43.88200186057127,17.282824177300167,49.64732201622577
324.68424835911867,44.529747047814936,17.210301914831405,49.710102406089334
325.8915188080632,44.70321000176793,17.179857400990798,49.904819223651025
327.26932368246685,45.38836874083333,17.435200840126104,49.86927826624929
328.9559113806928,45.047463814390895,17.452911512018325,49.722857618912904
329.6392247698498,45.35071302953498,17.270425535133946,49.41880898124826
330.127464402834,44.75497800071836,17.136517289291945,49.32315333220883
331.09001805996576,46.3355037354399,17.263018299079327,48.895470974780515
331.8794595440645,44.86919924316706,17.501713885035347,48.494306823187294
332.86529222730303,45.68789177756083,17.882252602954594,48.25061365179202
334.46512728683007,45.77551149130568,18.088993654860005,48.1567991237016
335.6213424513525,45.11470546370279,18.500622907571675,48.03467820199393
337.1335603251115,45.81571284045478,18.777910640278428,47.61618997637157
337.8810968973716,46.35362971240169,18.89517985339365,47.83074207480105
338.6044761103972,46.74159073410299,19.06388301524845,47.93168965029112
339.0252786611292,46.08067180112424,19.02541354725294,47.76565062415877
339.5344953100211,46.93156682084859,19.009448239390714,47.76798098227784
340.88443042465826,47.17723445843334,18.922534534011668,47.583405243374656
342.8174938216451,47.935067246232336,18.83761577836809,47.33176821697099
342.6120069087927,48.526062709760055,18.696895389728837,47.00485628514338
343.1285277456516,48.568533668157556,18.51997501766212,46.67078967745806
345.6823950995447,48.968005394045235,18.3837840987858,46.38109525722643
347.93050791809907,49.445846604009525,18.12315130377909,45.83276802662128
348.1351595684878,48.92689747918746,17.91453038975759,45.395657788564
350.6749890444257,49.10582295590358,17.75474610600311,44.85747769113075
350.70804257996303,49.125998869020066,17.68785672006586,44.302188940917056
351.9719330684236,49.57340141028857,17.446708042567906,43.905329018053756
353.45021288600725,49.88192562413616,17.366948944509986,43.4860037257107
354.5513239456542,49.49216320340669,17.346551747777724,43.22926176342818
355.4277556280229,49.821920624417935,17.295478000578832,43.274292717323206
355.81814053258745,49.7516925407501,17.20725742011791,43.306772172372405
356.27527702828417,50.56651276607207,17.18850195678159,43.32128817772211
355.9752870000603,50.15766117349213,17.22460848379516,43.4516070554975
355.94910224726146,49.734858029396435,17.081217769103574,43.78419580847923
356.4442761850362,50.65705346214109,17.310085167411234,43.34899702825603
356.57174846442064,50.39380760503569,17.196924933884407,43.3719783269128
357.01402131567147,51.97642458087158,17.258346309591612,43.13951152802728
345.63607744432466,48.68096013722044,17.143252835854536,43.226144112534136
342.53623654375,48.383173403846236,17.015136270457248,43.38589708916071
342.536857858703,48.55864887706764,16.902363358947902,43.4720069756952
342.75067991944724,47.78706185380216,16.76939408100918,43.62597675853903
342.3067805040257,49.06222172580716,16.703582372415887,43.55743897406271
342.61495396024225,49.932355067976715,16.67967934340184,43.456786037320335
343.09825649779384,49.034120999792904,16.579629541831572,43.530004261426
342.9270349692768,49.81331455632641,16.559741685321875,43.47419898315208
346.44238230646107,46.28367666594832,16.262351988370362,43.91292556194293
343.2950307632694,47.71806173223864,16.023401815476454,44.07567579603099
343.86391775519894,45.649988768193566,15.78468629280652,44.430519510452314
344.0177014939511,46.04529512660852,15.64955472481188,44.63252964594785
344.2938039598567,46.97529083553928,15.531385541244,44.75743917947181
344.3069477983307,47.731128378143744,15.456008033927242,44.79739840593892
344.19706535876844,48.241085232860115,15.341883190227646,44.789058011172926
344.2944585361285,46.034631058351074,15.302282505168172,44.83226354418149
344.44382196580943,47.36340848327109,15.238464897138531,44.914878934743676
344.42654616977376,46.43339546421795,15.2148503392062,44.89257932358848
344.48395020966046,47.283619569744275,15.180458111800725,44.83166403623425
344.4440969540749,47.739860432979015,15.122448031613663,44.81460101332084
344.38038636625566,45.62625438132342,15.073477754701264,44.83213398989253
344.3384982150977,46.879504705553146,15.033833550301404,44.856517130495575
344.16905383103466,48.68909339261765,15.155811956183795,44.572058937427364
343.7141966103599,50.004206851703486,15.292349131412365,44.295058919356386
343.5254827048808,47.96347106571969,15.242907341359361,44.33995994231277
342.87267479343956,49.04634203834085,15.420790052860252,43.99562591123211
343.1777307946326,47.26832863948215,15.371290907815926,44.10737470716425
343.8181615182749,46.68549394923439,15.344336068159265,44.176160313856045
343.8596930363318,47.9866823815678,15.267078294875581,44.240315965668714
343.3462477418526,48.65080487255623,15.36742284663683,44.04520034198349
342.8276200706392,49.81744316032098,15.467857264781564,43.830374408086065
343.31826316419153,48.42440311106992,15.338286105962863,44.13543524808904
343.75482392427546,48.04565122051274,15.311139925207781,44.15636837290381
344.0717845453622,46.116306650657904,15.255452819138833,44.27389664301509
344.3912564072464,47.49434137967839,15.103489026963455,44.432203443824214
344.6171408858992,48.482547344483194,14.995315693627811,44.398639838990306
344.3863104589811,46.61971916616422,14.900067820771774,44.41911364329062
344.1714634183874,47.13110664950938,14.836513677700728,44.46731862941248
343.9862702693003,47.43872309805953,14.762998615840035,44.567236625046704
344.5262873727823,45.94044520711232,14.660409534455933,44.67945045175619
344.40172995365674,47.55976335439934,14.621297678838342,44.52724303787369
344.131131774923,47.67622372461794,14.518477532018112,44.50385393248248
344.65467181635563,46.28589274186655,14.465636779444644,44.59164790367681
344.60218310725946,46.4544790426547,14.42200266697531,44.66301796495947
344.643764076171,46.294144441889564,14.333194206995305,44.85300702265657
344.74289324095344,46.329694503090465,14.250700197327186,44.954075795856994
344.8041172278652,47.03293657001207,14.198809489977362,44.95483109911705
344.57169507890023,48.153656723872004,14.38321056657676,44.59129556415568
344.4262476134715,48.23469974373392,14.509801330402011,44.51564476046862
343.9415706032739,48.88545768815368,14.633877564542278,44.33611990995154
344.25734948738557,47.423907523874846,14.585673434967907,44.420953627409965
343.9635717440936,48.22025637308076,14.698781939406581,44.25542060280338
344.131451867145,48.42270622734311,14.666115007474563,44.23645387624659
344.46411025019785,46.80398673356575,14.622819856874164,44.36244934420903
344.6226636593802,47.30716573651502,14.589496057098485,44.453443008575704
344.56379930556636,45.69207697065337,14.526446618935973,44.47955712477166
344.6519989662849,46.92868430225201,14.46264322074386,44.53053050326139
344.7930554233228,47.23748387564963,14.426085320086218,44.61399552587303
344.6069324595686,47.73220790796139,14.496646122959005,44.519746283271004
344.4313199945732,47.89475225853875,14.429834264247852,44.56635947830692
344.2996893446822,48.062446951858774,14.374542086504125,44.53658003314941
344.8400090890268,46.190424348648094,14.347488365560858,44.585236684044055
344.66716004213515,46.95469103250791,14.230077562134998,44.64859305536097
344.78120787256546,47.168075321165475,14.157392459259604,44.69118894232884
344.89652021164494,47.504998253371014,14.093354806027808,44.72093955065793
344.94553148717597,47.863205547270425,14.063110588987294,44.728660123305275
345.1093994644377,47.33755485706595,14.050148968894659,44.75184301254143
344.95084511020315,47.26007844318348,14.005026750611604,44.7910281303955
344.8640974063245,47.596817740581784,13.99483299623376,44.828959819641256
344.5680983873046,48.54903442172976,14.133167774528925,44.614282850777926
344.8561702776917,46.91103632888395,14.11682539346245,44.66420767874249
344.9628805584153,47.46937285709735,14.109696328768997,44.678879179124166
344.77530068597474,47.52473507968351,14.083914999755619,44.74113472956018
345.00106420347277,48.288124129849265,14.065868495736776,44.74889489827162
344.9127053537964,47.246098823589676,14.060863852121582,44.72432391350077
345.132409523315,47.75958685151427,14.044840090120234,44.7458894035195
345.275539982299,46.40148160100053,14.010458178776544,44.7460545249083
345.32167680359953,47.62559865761427,13.962430062370057,44.795128427504196
345.3663642979379,46.46990375033472,13.94269264049818,44.79198095530486
345.56221686364216,48.0404294555656,13.924036261635898,44.78361639825193
345.66986965699624,46.96161625120655,13.909518159573583,44.775620095788376
345.69518798368887,47.26446416058505,13.893237805976131,44.78344460126158
345.63999402299515,47.3747986612564,13.87486828035929,44.80278466936163
345.64489181292913,46.19936137732918,13.87646289199418,44.775375736544675
345.42622920280064,47.105604746284456,13.85068982466872,44.79167298758677
358.7325010178868,48.11015439213994,14.160257705726874,44.730569716192875
358.40046124327347,48.038313221233345,14.39778889317524,44.781319870985286
355.9740880339441,48.41791815309688,14.841264071599669,44.72353627488213
356.4922595846187,48.19356726397401,15.001124082852753,44.88432341937694
357.0904216454267,48.29292628322368,15.000723528054898,45.0591473320571
354.54773128213935,47.782821779036155,15.057594637777788,45.20379259970187
355.1284401286531,48.27625306815372,14.977006922739523,45.410850276174074
355.2121611338625,48.25897954875672,14.758815226705455,45.49361417943474
351.48654660885694,47.23090997855331,14.838304889204284,45.565911662203
352.00368886309764,47.85584755604512,14.695661163079183,45.76414291533859
352.33220295402833,47.66437963387455,14.621803812421263,45.875320858964855
349.24051841693154,46.451939175031484,14.543041195635867,45.997780445245354
348.8276106728079,46.08861807195764,14.472160056743057,46.02063109265052
348.70483654986754,45.740188941406586,14.594729175753224,45.764831892586244
348.2612508851047,45.3316369674904,14.754885725234278,45.62515564518241
347.73677885242114,44.36485180088683,14.51380050326313,46.014334823146626
346.75822459478326,44.35641767898768,14.76503135683389,46.086712365984766
345.98860890063986,43.45538573831516,14.812616097667426,46.269938056297406
345.88146448951056,42.93099344002303,14.817266577664657,46.40925352522664
345.5138658019449,44.03769560488293,14.86336625029276,46.318065658595835
344.62059087290766,45.86169732500194,14.887661035773647,46.316324148823504
344.33867585969347,46.62893941769005,14.72368437484698,46.00004934931916
344.4655541221605,46.6656671067818,14.65619069590594,45.651990306260636
343.94009846266727,47.23592596619541,14.761793269984961,45.50421202644404
343.53497020998583,46.57732044918706,15.009349503741442,45.791721946759864
342.9613436726368,46.4936410844469,15.015203552522392,46.127567703527674
342.75308165203825,46.30773483020418,15.486655840605087,46.51838868643759
343.7124615531923,46.44822855441778,16.03429427743268,46.50633533887671
341.1950542248647,47.08957051222694,16.729166955633325,46.55954255084475
338.58254273030195,46.9030114762269,17.466038394465855,46.58351833964362
337.38899835054156,47.356363621864006,18.084895166033434,46.32030114420223
336.26252850401255,47.19393410332488,18.592007184225686,46.25156102871548
335.55795090896646,46.070421715519174,18.706056559384127,46.38938127361095
332.02455839504097,46.862249819767655,18.992846145798367,46.4209650429506
331.21789848995496,46.71756367915305,19.021337936828168,46.45880193833271
330.63104398832763,47.06677567350188,19.071891823047984,46.34650666133549
327.13785283977217,44.35879050455197,19.3404434621999,46.96807487673776
326.9710726915311,44.75018484154225,19.556297355545823,47.60227242979271
326.454569981519,44.46371506586543,19.697398421474517,48.04504735788587
325.7713959134632,44.76770700377698,19.93174682652228,48.514497187392664
324.7390467407772,44.25621293924611,19.871489756168508,48.346030667482836
322.8295196488841,44.46655061143094,19.785155107862476,48.408597417629935
322.35983645497595,43.954755276121695,19.728742040970673,48.58251815492933
321.07517250941953,44.91558427043762,19.496906973938387,48.23578129743152
320.133274571988,45.67387086507337,19.375647182831617,48.127234445783614
318.8449010551491,45.445495224951124,19.052183597536718,48.396094943075795
317.571854436881,45.50708899091978,18.953731517376713,48.40656991807645
316.0373612411586,45.2555170908264,18.940975145302197,48.304443988172125
314.63156954826985,44.26771151549049,18.78779703548947,48.29755196310848
312.7318369588317,44.45768569144032,18.70969635361751,48.416899471737764
310.6847415667974,44.02399420478031,18.51753784111623,48.6009188881959
309.5102516232307,43.14246259654749,18.2385985311671,48.91771819532165
307.91188441156316,42.494902990984066,17.971735418415165,49.28630221729672
306.64345829494226,42.189846130795274,17.911113553451397,49.28819404913213
305.23603685495345,41.60874390364127,17.937476866854936,49.23561268915486
303.8116978959838,42.756821014421774,18.00153497659725,49.637535669437106
302.56305296912933,42.024109279531146,17.992363209975295,49.738037092556986
301.16710839651734,43.20338886762645,18.04066223869846,49.66068070948772
299.7713271002506,42.5079584384889,18.057561859735458,50.06078630777213
298.3982202823739,42.510438140276115,18.125368303258462,50.36696946801759
297.25297540827415,43.285234173272286,18.191787979283998,50.445265366273894
295.6083961924076,42.52403113370487,18.344336856726315,50.74608283380595
292.1855169998819,42.73707868144799,18.269678409807483,50.61545341629632
291.00399090552753,42.54926600426088,18.028804893560118,50.58369222930396
289.3448577055535,43.29923770792955,17.895818117772713,50.617465619795304
287.3558296401871,42.74838695088563,17.7931948318491,50.39442898900855
288.1733042727568,42.09247300655193,17.87564492545905,50.364204179540586
286.4627536440522,42.618574206025905,17.674980330893675,49.86798937710448
284.69050847718825,42.859517095625435,17.592053338648107,49.5756991929076
283.46199814078835,42.143721947940314,17.481519537571025,49.11950286146204
281.14093441032657,42.327796611979494,17.434731745808996,49.16367074978001
280.2665367789657,42.62051204393201,17.352352634904086,49.01633226663707
278.9574942068999,43.084550225757496,17.198307051267687,48.90687741921383
277.2400219881505,42.978935250418715,17.106396020016547,48.650145641318545
276.41390937975774,42.98959351547859,17.074357053757588,48.210598935226805
274.39996303476846,43.57649262964364,16.9970098755721,48.309824193034096
272.99751284597465,43.89512007001312,16.867610307328416,48.220422424515895
272.44941739720593,43.9834225503411,16.717429101174748,47.69372284744682
271.1150023786133,43.87713367542899,16.557721435799465,47.81135276742848
270.42397255068784,43.38697954651671,16.550778887709164,47.98943507787297
269.2288904046387,43.0606235429668,16.697857080182814,48.49049252857917
268.37644162890103,41.91451002722805,16.742362108846187,48.31876511135673
266.44485356217695,42.46177095274331,16.949264400436526,48.43948052019102
264.82176803986636,40.62953524242865,17.238209407078514,48.03625489263307
260.3003682499509,39.23904201192792,17.293803481538305,47.91680113757007
257.1121447305149,40.8330748301764,17.31913577050191,47.882087523244145
256.87448323158867,41.5378187765926,17.418597689853662,47.66392922883855
256.27715239218793,42.38770973656523,17.360254579302705,47.569589594431015
256.44796410218754,42.07692338256872,17.213146819708694,47.609420313765135
254.10136269680223,41.529581607291476,16.930716009263435,47.7228562008217
254.5021943459097,42.89006798963293,16.8416307692913,47.42739789574877
251.25636123645464,43.12051572130832,16.61638996381789,47.08100996600786
250.892071793629,44.05444898435725,16.38338702325916,46.86620554508884
249.59482782269313,44.62046607405973,16.30375573104576,46.61534628767332
248.1125891241068,43.74472451346912,16.28117305818063,46.582559599131635
247.3052949377469,44.225135420098766,16.12185448471817,46.25785125070465
246.00806490135463,43.01900021897205,16.085989240119876,45.81926773297516
244.67295975093353,42.20948148711008,16.07446187960038,45.80054741853138
240.85799671448396,42.60984558682179,16.314998914413614,45.520844638343185
240.05442321010673,43.036047454498934,16.450565179378376,45.312571609776015
239.76508046033828,42.604904127889775,16.568489251035956,44.99231665418391
236.96322241810165,41.932000495035865,16.640678769957425,44.85048783056678
235.4928050641034,42.12074805336595,16.634778572710992,44.91888057754262
235.23541984357203,42.675663331525136,16.752201682726714,45.45242756371998
233.30031421717152,41.94033232409264,16.787406698497684,45.609772637323694
232.72604836494716,42.93560333480221,16.86292235546871,46.00255500059387
231.2543491309544,43.02305783772256,17.012244142317137,46.39317855987006
229.7916201456293,42.78599955707616,17.001703911597055,46.27597520253035
227.8197079196918,43.13052027830986,16.9971798412858,46.46096321763206
226.27313855528894,42.518959990674006,16.995849261238416,46.547564003208045
225.02469230439684,42.33837147379798,16.935555636313588,46.36390546948572
223.30626781736558,41.91698636706618,16.892751490335243,46.268696759628554
221.82811251545024,41.71840194532608,16.914529928638544,46.70117241816675
220.47295539132136,41.642409957728134,16.915717704423145,46.68874997456229
219.0735344919019,40.587609253360355,16.953231998150365,47.157134628384505
216.98991361630695,40.33488393616205,16.97586620539502,47.577861268645265
215.93818030423134,39.39909168662951,16.810360671114204,48.08058540375008
214.75015349009163,39.90454814228457,16.947851238633135,48.179405597145774
212.35648632453908,40.09602649818472,16.946799701665732,48.21301898255349
211.70032521849507,40.14679192626011,17.1048699806559,48.63499131072126
209.3398306557443,38.97948611033166,17.2248745327932,49.274711608998125
207.997885748015,39.745709077267605,17.17454169772383,49.17163667446249
205.26676558353836,40.35571354959835,17.232432699589726,49.21932256069548
205.16364752714242,41.01103811431031,17.262426237332164,49.12137129485034
203.11965220305086,39.90818972966948,17.1896183358632,49.20861694566277
201.77418038904645,39.9736950789338,17.136254207448072,49.26482395953647
200.4076541538202,39.8138688903077,17.10601126583697,49.087182953905604
199.12788751314613,38.55861368145787,17.07448486243169,49.07131593210635
196.70926332821722,38.97049286643997,17.07863005235788,48.620267015248096
194.8082007188225,38.59382880931133,17.00150879783496,48.26324452067968
193.30224157020663,38.19808484252461,17.00634415591874,48.01708735270588
191.7454796716426,38.20154747729201,17.149753245099966,48.21474538531132
190.71742541319227,38.61128094411109,17.416212633086765,48.556361315480835
188.48692834519102,37.012235898565194,17.734076466660127,48.91740406808691
