67.5,79.5,11,31
67.54197383632984,78.58345664161573,11.058299050515359,31.096735226747796
67.19158933925189,77.82392692906693,11.13135907317086,31.42043458733887
67.85182872899279,78.04486669040611,11.230521788440067,31.519192736607973
68.93355212180407,78.24540222262063,11.28482912841258,31.735675085093213
68.47934120832224,78.34241360688347,11.482882560524555,31.544408678649983
68.32612608864744,78.40484697038895,11.719934759143193,31.28216240964588
68.72355867480488,78.01742667588884,11.955624596670233,31.16391501551468
69.92184495665757,78.00302539029911,12.011000914114158,31.049745400486373
70.54896443435602,78.42528585013176,12.089391996978673,30.84772178192275
70.37524936621287,78.46959251214825,12.170647161207615,30.947298977699482
70.42302483704768,78.5041930157742,12.237797319649033,30.913723607025204
70.41866024666915,78.1287751835034,12.229824083121835,30.762020852796976
70.55494134260574,77.97291555660581,12.283394307973794,30.679644953975654
72.06668309325006,77.94858186637221,12.24302409556455,30.607995702350852
71.92301679952706,77.74697619550749,12.29511622356842,30.670468807176142
72.42273842702866,77.97012259371665,12.307872132002109,30.78026344504965
73.11967701899992,78.90184460626725,12.138659516960656,30.443201747028233
73.35620466081666,78.6149884021222,12.175908207478791,30.236117210223277
74.13543034906152,78.73516118888696,12.22534111882322,30.225840141504094
74.86968540068571,79.91413569761895,12.19501849554769,30.064001372605787
75.49159064811876,80.13882806722076,12.135622625849447,29.75376714860088
75.96653977145361,79.34967745365887,12.052889229414712,29.755433134216155
77.94118383670173,77.8768133816376,11.827063918971602,30.029332769881613
78.1006899876157,78.1054249824642,11.597177064118872,30.346183467020705
78.48118721010064,77.23776338861404,11.406027937943245,30.30559615800927
78.84109967089466,78.31678807955655,11.327036453797987,30.624513634034443
79.5465224168396,78.37661526949705,11.282839397500775,30.7910245213825
80.20790480347685,78.08432790817773,11.099538287327455,30.99601794161674
80.86593498727476,78.04437796269633,11.068581121597775,31.097931716617275
81.2648783215206,78.0069733738551,11.023840028629468,31.226208529365028
81.74073164735367,77.93976582899006,11.094835594065378,31.37861832468274
82.09517997349803,77.8566120759835,11.071368336021797,31.242601774070497
82.46917136975021,78.50447132254911,11.064820475272501,31.234465201563072
82.79619881837822,77.40874489081786,11.034689058527212,31.31214638800837
84.70184175156241,78.24312992420685,11.051267839070443,31.234958023462735
84.38457414757139,78.29016118007327,11.17435394846546,31.22443823866386
84.52804994923913,77.86457687297558,11.262141425797479,30.813740640968074
84.67892811436022,77.12509291206577,11.38729487009715,30.67962257760396
85.40552882909003,77.6398794544066,11.404968942270202,30.748716399279107
85.58576975289351,76.73008046033934,11.438885485910054,30.810422136398923
87.22014627227523,77.49857447513737,11.43916349496766,30.75532073209276
87.38964667411422,78.21247919699537,11.384066349679735,30.810320235939944
86.83773231300565,77.53970081841736,11.468544185551954,30.6976407755972
87.34487813338617,78.86089569715915,11.487273398787183,30.35788263470601
87.34165935523156,77.69156390424186,11.570288439704104,30.221843862294744
87.64790317990119,78.99846670679439,11.661588713224042,29.756319593020383
89.53726059969918,78.45843612822637,11.707230429566778,29.629461914516476
89.6096592061309,79.56746213937055,11.793096516263894,29.28322831549928
89.40272589589507,78.9114085276399,11.888184919896693,29.233562048054797
89.78963489890208,79.14243642309805,11.859522248355347,28.962054841003688
91.91133479081394,77.63902491506202,11.849663476341924,29.19340259348017
91.60503955489631,77.79074335224236,11.739326020206319,29.461339241401124
93.42366937929599,77.13976674519438,11.773714635338223,29.44758608323605
93.45511391341142,77.46814525065851,11.663479701589505,29.60387558729573
93.739134243814,77.72490870906066,11.58380764139127,29.772533545502892
93.87796730972008,77.64823435599251,11.615651830004152,29.874623788226653
94.33844295729776,77.73608555216113,11.639263744859317,29.774566425434255
96.43115583933222,78.83973361229685,11.61419831709408,29.469707872873663
96.45489828363121,78.51659742076461,11.669642029701457,29.214153397417636
96.45756688975875,78.65738982465975,11.79925846529832,29.133501628815768
96.88644550457595,79.11456146132736,12.062631702125117,28.814827088600506
98.67469315748986,80.08488620975861,12.327583988078915,28.587812082704794
97.96765484848332,80.02174744936735,12.556879293149477,28.371020258728308
97.3874404218652,78.0356725577623,12.586754066376269,28.51382910718501
97.03366936091211,78.12177876806524,12.746850652622653,28.5877318346466
98.75864795425525,78.16161097196708,12.82241855901498,28.684416709107644
98.17956532047441,77.92077974915878,12.960879007851085,28.79218911241925
99.89447595753418,78.52740992525396,13.013670343594818,28.82660036438538
99.30779375705012,78.47684330687326,13.134021777453254,29.070153177791653
99.35135033048358,78.95757039268919,13.234164683676427,29.0444038930731
100.93631580263595,79.37535711083169,13.22277136563819,29.019174854809833
100.31767503491996,79.10396480336367,13.22435002879386,29.03266986651251
100.67093696236839,78.97542528246288,13.119491968746399,29.046622068914758
102.5716578429529,79.57955694316345,13.04666835256637,28.99352191642076
102.28930575482457,79.39044095228454,13.025874851496841,28.87733390620855
102.22408169656647,79.45964954285418,13.085646648711888,28.655156724303946
104.18569359751739,79.68707300615071,12.971708725945211,28.65190254110764
103.97521181151397,79.33253510760268,13.01243999361739,28.512800666771206
103.82641130746578,79.7291837493402,13.123644387996695,28.381764630931045
105.68042266460292,79.08074709034581,13.098387872834378,28.59620591728837
105.30194263688428,78.14557074826229,13.050290164218298,28.852085496978475
105.51349290267179,77.95051538139151,12.811356376994663,29.133843308816882
105.83423636145002,77.83366415842184,12.809078193473688,29.213077009763033
108.21624182067474,77.98684330022817,12.673962557769606,29.461433644286945
107.85252532823915,77.21369335783788,12.510128660221207,29.678257887816926
108.04099536221536,77.55880068039889,12.42762918956456,29.743331366779387
110.1900985367865,78.42146662043032,12.450057205504056,29.856432633193272
109.92259357091014,77.93350250396118,12.43515075065246,29.885022940697443
109.91852585224372,77.6111634408743,12.435184466691071,29.752807749171765
112.14573353547931,76.78738433139877,12.33061594012468,29.90177824057613
112.15276243361438,75.97771850302229,12.364275927454615,30.038877445890186
111.70217788692776,77.70796413498057,12.485714879664997,29.825610036038576
111.73575173264175,76.38824593619948,12.53702895358596,29.871839551123937
113.91765545551806,76.3738109519635,12.297951618001788,30.1667082109163
113.85625724346653,76.36535301933077,12.186905371187319,30.24858943604841
113.58823338540748,77.51404986829061,12.181964880442026,29.95004453401953
115.20655963235241,76.7324143093139,12.028933173219038,29.852579806407178
115.13868452047552,76.47529691377558,11.865300322927624,29.720648153659038
115.34411487395766,76.47940077368114,11.706672405956619,29.491546126949814
116.47754740274333,76.80282088572118,11.581039123669127,29.343661957318808
116.6830642978086,76.41462575290025,11.52286378752761,29.162693624251542
117.48567133093495,76.50475464683885,11.331166242728768,29.30460597473342
117.8672861360741,76.22283785922727,11.347463104542117,29.249693150077128
118.68993072964915,77.26246649138741,11.291060655215508,29.1339590352472
119.45301171588552,76.5260258197485,11.342228556781464,29.102121001960988
119.64521197509902,77.23487740008036,11.498118334432213,28.938183185917023
120.21125281617851,76.87635665572567,11.63737439984707,28.747718447133106
120.72707819266722,77.62040225456941,11.612595227947235,28.67748525401564
120.80055247934814,76.95655509084395,11.633787483194844,28.696573552909744
121.42447434403617,77.76046246991179,11.539068324665354,28.624477474202163
122.12826871838584,77.30508049978941,11.45791514191449,28.565398324866376
122.45719761839544,76.52562483593087,11.33362244590302,28.609551065699918
123.67094353499104,77.27015859224348,11.15777093253604,28.625687634610046
124.62665721677543,76.6049938176494,11.144266442464279,28.56601302577817
125.74041014866276,76.94527718609385,11.057712688980134,28.505423465078692
125.73628670222897,77.18154163837323,10.917983049269246,28.604938813869246
125.99614427602438,77.45914025107791,10.8049952454761,28.689658306466
126.31871146913936,75.68301516571765,10.606319705576803,28.937498973249763
126.27375964591593,75.85391301615661,10.547450024553829,29.10819354489383
127.83069176683347,77.18147992361139,10.691670079898921,29.216980990817987
127.58292448872757,76.91983586180494,10.795433945431165,28.992139269765364
129.3282753428678,76.50563524644707,10.98303786306624,28.717681480247958
129.2359641584069,77.22372164757334,10.964869047801113,28.544345611131412
129.02387962594344,77.53336391054134,10.99706700143044,28.38406599399553
129.31552091269828,76.97363368581256,11.01344202307835,28.269358748407633
131.08411525984,77.3136881481234,10.95203620004129,28.181494329668208
130.98220633038784,77.92573189307643,10.764335793936644,28.128751954470076
131.44926104278045,78.14531957048625,10.725070185908633,28.099493238978454
132.6041992313395,77.4931886690528,10.700742018934585,27.85465714622311
132.40243850467442,78.25900205623273,10.585411655610544,27.89733364124954
132.42994256223108,77.88397368311281,10.536515316022157,27.814695260955855
132.90520897246114,77.41570486642573,10.617671662584687,27.824354203610426
133.7220428723112,78.6002905466155,10.547966084030223,27.731766753219297
133.77484905248212,78.71765920519726,10.814889488859412,27.566729818705664
134.04250268084618,78.0780461746956,10.79586216796808,27.468721063157773
134.96121657188664,78.12402185550096,10.818982286087062,27.516301343745614
135.07726551884127,79.16119012176891,10.801465598618723,27.11505944145111
134.88756935210037,79.81241643618765,10.66582260085129,26.69320660938563
135.27158413808877,79.77688801484254,10.648086939377894,26.50062221386328
135.21298234143944,79.4918143735801,10.611487958995655,26.190455623097147
136.5515879996326,79.2379953051412,10.61702972869946,26.18461714979122
137.80809563775077,78.33335052704943,10.715326364999699,26.278513520359212
137.30392007457752,79.08457851185528,10.72482654968823,26.310910174687027
138.2082519760286,78.57477912454117,10.726860421537337,26.216855527913278
138.4166135524368,77.74956288647891,10.706242826401093,26.281966220018333
138.85812988908296,77.7233231606832,10.707252475744372,26.442785577348584
140.21182611894338,77.40590271316908,10.784213510667707,26.651840841435426
139.75351610059244,77.46790376374976,10.896100926653478,26.90927219741023
141.01539973656347,78.37727665011043,11.039833435366353,26.965484343809656
140.7263685401313,78.29518222743538,11.084836112006048,27.062481856581122
142.23902446998562,78.33318775184024,11.215537741066882,27.121634934525193
142.0233909028498,78.8686721314068,11.362132227623906,27.056906781700054
141.9483215270696,79.05980730269152,11.6050740029399,26.93005345825942
141.92064867812564,79.01144231581542,11.770878097202974,26.843852530365005
143.81113937449769,80.27598372360832,11.949971129202526,26.421712368435212
143.85732701750476,80.71581399759259,12.129847687594522,26.13483396024479
144.22012979906918,81.14135060133538,12.166045393851972,25.953089442334445
144.77048821748014,80.35336376954396,12.034027118221607,25.928714514112755
145.2304462213556,80.50174690682738,11.91367928674019,26.1007273862172
146.07403245113312,79.18841499404677,11.775523660490519,26.2481846497362
146.20271595969572,79.75814636504171,11.675393770788597,26.450331981789578
146.7595149847874,79.10516786429547,11.527786263970766,26.767714657243708
146.84558508900275,80.02159888868655,11.55162273009674,26.676191099901374
146.95566188017187,79.72567101746301,11.37638753961207,26.736020909082747
147.42130381609823,80.31433865642245,11.556939862751433,26.608114451773936
147.90679957756365,79.42222775057476,11.499882034183232,26.72494472484932
147.88917954676756,79.8811085086336,11.455447777342592,26.758131447104432
148.09853538576658,80.72201074825259,11.453287003856977,26.678725959451242
148.70977176847725,80.90485244333162,11.474771161920431,26.5664531172649
149.5627085340085,80.77901163722932,11.455710627722304,26.4561290188677
150.3417911662472,81.02262664090196,11.47136011296262,26.20808708658802
149.16387074235877,80.51142376424545,11.41668636761504,26.12452817925652
151.67149971677452,81.5234881831843,11.358417707113633,25.94742568949284
152.0045444762469,81.48183864119096,11.177503946769066,25.774188557935755
151.80713031239455,81.57849776866702,11.15140826658118,25.440061705776575
152.44270328300664,81.54139597348059,10.998292635034163,25.378307369637657
153.1100470927987,80.67162358511595,10.802003543549077,25.400954658726572
153.83527847441056,82.47265008569367,10.604107713957259,25.433987478722848
154.85444617158936,82.95590981761777,10.565150762363954,25.440378478684632
155.41378730881416,82.12469996897192,10.570039645369787,25.346135449574035
155.7850376053208,82.60791204059917,10.595826830257185,25.176559782252617
156.41575342655048,82.6123570867177,10.627907532158192,25.086618973675023
157.17744351583607,83.09841851153419,10.648972987475252,25.0198474052081
157.3468785355003,83.62796712776868,10.726160475212058,24.899463782911404
157.908135419745,83.00406714599815,10.70885593809931,24.85053132076278
157.94517286794468,83.68819368357293,10.697238893765515,24.790072697326764
158.15225391544618,82.5626724617565,10.566206788863404,24.824108934447167
158.68413456494153,83.23136576766568,10.349730104912522,25.05402049653324
159.27521866795055,83.31713940191172,10.160262475676685,25.21499117976807
159.80636275559664,81.97149983986486,10,25.557760038511454
160.06169749051332,82.65550749130118,10,25.662918234746183
159.88354677706957,82.26015542418281,10,25.88924857776509
160.25079203397036,81.33559286308704,10,25.78112191277096
160.13916666805744,82.11007192117124,10,25.921612630068143
160.15974385477602,82.25049298025202,10,26.074629174750296
160.5609788391739,83.00564075193859,10,25.9844731825399
160.80249539949,83.6313417099085,10,25.990166007467664
162.39060465432703,82.66833161982134,10,26.06696424283302
162.1925273630768,81.82159282168152,10,25.928060829057117
161.7831722293049,82.55670179177952,10,25.84856611731574
162.1928344462067,82.64339972559358,10,25.887893385635792
162.27824185687666,82.38465013907735,10.104934146784444,25.882166535947896
162.51535961517052,82.2908447983158,10.084657230956243,25.965025839173205
162.34497037798775,81.90545634336219,10.041005118030071,26.08196357814766
163.7433530297866,81.43701957040503,10.012116201074807,26.158234626007484
163.15456589497626,81.23293228438092,10,26.202240375290316
163.22901950217783,82.12899990973354,10,26.319667116276698
163.50584615208209,81.9609988893936,10,26.425107617425812
163.31242374517024,81.95043052551227,10,26.39236803087623
164.8109009657055,81.75709862129817,10,26.441862519913204
164.2918120417744,81.67197342661777,10,26.509108423905264
164.58726463653147,81.53188175953994,10,26.61851604652451
164.71952977217734,82.18897625137443,10,26.658725313435376
165.92247071303427,81.56427734703176,10,26.773542152310238
165.7058647815138,81.98821010371873,10,26.70059597001007
165.49285548366606,81.06618585517994,10,26.637523404808896
165.36998605169356,81.61729785850412,10,26.492410876012393
166.5496137086302,80.9108596605333,10,26.412443286396474
165.78991472162306,81.25923619854885,10,26.514267578624814
165.90223024226725,81.33647708611075,10,26.541832723562123
166.06529902853072,81.54054573690216,10,26.497689096495982
166.2460463885218,81.81306333858446,10,26.558302768367906
166.4443745110184,82.14799180920173,10,26.464040788776558
166.67003702558577,82.81808826370934,10,26.2439837831198
166.04787092842162,82.81035735419576,10,26.015065813509814
167.28045659698546,82.56171999391759,10,25.9746975782861
166.52256845869124,82.93972204955278,10,25.874648900861235
167.79586898721755,83.11683430911408,10,25.75195974195574
167.51177304424345,83.3843008287069,10,25.610048733362078
167.4373322147876,82.2847755575865,10,25.5801089592119
167.55387463606894,82.33479282455951,10,25.595522676632456
168.6758311807671,82.26627396351715,10.044242943165983,25.57116352273968
168.33795314468443,82.39627611648834,10,25.62468206230399
168.47456579841673,81.80977991434355,10,25.831952084524907
168.66228615678847,82.4777255712448,10,25.94753209945775
168.9277273658663,82.72499878650144,10,26.036936486529473
168.98450846411288,82.15564096720354,10,25.950837948565837
170.39272112585604,82.34108680740422,10,25.95155834015544
169.89218504168093,82.86473384614578,10,25.896138719077957
170.51224512793124,82.56138171714335,10,25.87567199710617
170.41587621159852,82.21724520348988,10,25.90254935542964
170.45374824292958,82.59976223881645,10,25.830194630384256
170.80590667016804,83.13768109956965,10,25.641592550357366
171.33353610523045,83.48907822152914,10,25.58159440562431
171.0240100491792,82.99520439901245,10,25.505652222738686
170.8858847785741,83.1124765020104,10,25.525065109504794
171.34706644900143,83.36530185661329,10,25.52104488535683
171.03934376128018,82.67732355221872,10,25.413186300969702
171.36049722321332,83.1330853062799,10,25.375209989235604
171.50991001245455,83.05672954230259,10.008382303921849,25.269851644334064
171.32264678366482,83.14060929919785,10,25.13634972503956
171.5524239409715,83.16263960465953,10,25.03186506938793
171.5740122999996,82.89080531583826,10,25.02510472008571
171.45990540646017,82.78319969249478,10,24.86397066013781
173.03798582218587,82.13239813757275,10,24.799318725044703
172.67779632471502,81.8555181804979,10,24.76747838227455
174.35962910150982,81.18185340330169,10.03715327117844,24.712798568724153
173.9694841708988,80.85478995763009,10,24.73893581029473
173.65607379935682,81.06132784878196,10,24.73660019489352
173.38430415652692,81.27414102072214,10,24.71352338604926
173.28701409511268,81.77058367741358,10,24.771113312420074
174.83491405658424,81.18273463798235,10,24.85868592398213
176.00529131107032,81.72581491947548,10,25.031903555804828
175.52991109900177,81.73593936884414,10,25.044554476381993
175.01778966002166,81.82175611523756,10,25.010403283995895
174.68016138486564,82.26683367974482,10,24.931781308038477
174.43205943517387,82.05424324937383,10,24.901298845378054
174.29337258450687,82.41701698762034,10,24.97083727586744
175.86426599137485,82.05725105337524,10,25.01580341187856
175.40766088478267,81.78128377463347,10,24.999141308271263
175.21656679997847,83.0889677121179,10.015224544654217,24.941696273420785
175.03799081310703,82.18784586027638,10.028586315064175,24.873399238998044
174.5760433369304,82.5045027625384,10.067614791358409,24.981212389029537
174.48434281251753,82.1313924326205,10.08203346849632,24.86430569805813
174.3464788464045,81.50783445648281,10.076441126846198,24.797440951748005
174.20053898356855,81.84154669034629,10,24.800035454987373
174.14493548683822,81.58344539069904,10,24.687832125670123
174.02866117469966,82.26815993925092,10,24.705525778848642
173.8763379883021,82.20780856509023,10,24.70542425457796
175.6940827202052,81.90634094206125,10,24.880442228783444
175.3281786274165,81.55573804809941,10,25.02490516974132
175.09711770527065,82.01423217631155,10,25.019760391996705
175.01515421422198,81.81182889744265,10.027147033028314,24.844261015782177
174.7941394355148,81.36291808291857,10,24.861828495393393
174.7441214453429,82.05756587665189,10,24.83593682428567
176.52379287593067,81.19226372688708,10,24.971098947950143
176.19057164900005,80.45241355095531,10,25.019426299668716
176.0834021847695,81.56004848233913,10,25.07827199934004
175.99141536466777,81.15664345368222,10,25.00170194162165
175.96487804874778,81.14361756803953,10,24.90651031799576
176.16266874596477,81.96930294663866,10,24.900314660170356
176.10501685366035,81.62590446122204,10,24.85856387910007
175.94244968518615,81.28861218191943,10,24.813099592890968
176.1628321222961,82.56829505139743,10,24.76438281977057
175.98412988707423,82.49367747032078,10,24.789165584696573
177.59869788214564,82.39618583631143,10,24.82919380832649
177.19770530983806,82.2524374338685,10,24.874081067623884
176.8169272057712,82.17228917918979,10,24.870205255423272
176.75328653678298,82.43769586507699,10,24.791077193058996
176.6211097203195,82.4636897507585,10,24.739863442898184
176.39423099177003,82.65198698233215,10.00462271984577,24.74224246379019
176.20179690048099,81.54876412947259,10,24.87731971362248
176.11115864291787,82.27683434259609,10,25.03382908576872
176.06223824620247,81.4908781095169,10,24.964307836106794
176.00679621845484,81.68320586653991,10,24.89242689085693
