276.5,137.5,23,69
274.212651162308,136.19992854955638,23.114147843993635,69.38784283870768
275.176866124271,136.37703980797528,23.166352967026626,69.78000917446613
274.20020026494217,136.1762172586567,23.035241593338064,69.76648664338454
275.003604742053,135.5409387124171,22.995243247026405,69.80770413625436
275.3838903798933,136.14626205357604,23.07341965153318,69.73984181100741
276.1004751158002,135.5842968732004,23.049139592599364,69.46025158765227
276.6781724866463,136.21880340893142,22.928779507431706,69.14842146001118
277.29415540030465,136.57589665650883,22.82816848892238,69.1677483797161
277.09672377090726,137.08713128286757,22.88887466825893,69.16701253020449
277.5233783297494,135.74380910244736,23.02066981340349,69.53642475908694
277.94414864687104,134.50426012989595,23.206413443724717,70.22308968073698
279.0157043497389,133.60085415592198,23.25041985300679,70.85946298141468
278.9752028907085,133.6141863797008,23.462927053422867,71.13877912682311
279.97025468476505,133.4363418504532,23.509989107094423,71.3137864798435
280.6146559859417,133.6850227845143,23.640813932795982,71.36353350034739
281.7237566321983,135.78514837626585,23.512757989785293,71.2623066126512
281.19460077955387,135.64886563072932,23.24299297483643,70.82935618260836
281.35081646115214,136.34526228365485,23.017502272712623,70.26688198333616
282.227723490535,137.0396593209193,22.76046682131532,69.71340575892015
282.819923692486,136.04433793977307,22.715120596604955,69.81829906194596
282.91755193504974,135.82146928903745,22.50430072684762,69.29447579985289
283.10614160783166,135.34182165370225,22.256100721479516,69.19530976204398
284.34244239316206,134.66445276497274,22.16468611294631,69.30574586275279
285.3536059510658,135.25178073995272,22.001888134750267,69.34314631118457
285.7179092905205,135.13016534081385,21.833258748855418,69.34106103616388
284.9055978370901,135.4794128231965,21.75476809980801,68.90691842282564
285.98380766095465,135.73439061546816,21.89156468056404,68.72644455920667
286.4082062595559,135.35955366981065,21.873944181569293,68.63193738973071
286.01833036121593,135.63302668885785,21.881760038460456,68.63722409394585
286.46191901566374,135.69789956081956,21.864074366317897,68.63416560850439
285.75462094318857,134.6195656916901,21.948161683105084,68.42884122602055
285.98388335415535,134.50204344534149,21.96974810251223,68.59895457191728
286.0986689159663,135.18075983824852,21.824731412712907,68.45208628023619
285.4437310343311,135.79893060794217,21.722247103847398,68.23133075941118
284.96712901566957,136.39330635465245,21.582254033855385,67.72004840032136
284.8980019174407,136.6035910052378,21.522328582986734,67.73932919108489
283.69970203939846,136.81438690466422,21.431366874761427,67.41108996336186
283.3814107657513,136.39337035937166,21.324459500962853,67.4214723796039
282.12041187680256,135.1371179758935,21.340045249593906,67.57347347300671
282.3880691497155,135.4935748006626,21.298332532581664,67.27426988120396
279.73907436437105,133.7315472052219,21.604028745421427,67.46618033484174
279.9932004928008,134.7421925689937,22.09508400179894,68.02494579778886
277.55706037752043,133.60517636147136,22.37803737383915,67.79134738779076
275.51908092272885,133.7368322978787,22.52438388527466,68.04719560685312
275.28491147748696,136.0016871306285,23.09143446010463,67.12931021541658
274.1527171508047,136.9346804158609,23.329788758305643,65.72424418743037
273.31768481255546,137.56622193846562,23.027086558583385,64.82970545255228
270.9303546649084,137.03068058839062,22.74577284722464,64.12231584835806
268.2098937573631,137.06013575915583,22.44127897475425,63.52601610920654
267.1914331740366,137.456861988524,22.104729596592172,63.263369536261955
265.5240276631849,136.8891990541275,21.961693995828547,63.329637821246074
264.5409696674334,136.504301735044,21.93050912406554,63.58823167377615
262.39796686323285,137.4317110031499,21.950443889723694,63.927770294317895
261.2673657570612,137.43432835128664,22.129714749451637,64.09136135852819
259.28898590181547,137.23198137420755,22.023060363110893,64.00620023184338
256.7527048192239,137.232116038676,21.87848042319152,63.836889895149255
253.72815585108515,137.3748534857782,21.753694444521454,63.596446485161344
251.19297147534053,136.57382394195923,21.527362718410558,63.40404861402853
248.29488775161255,135.50905125905717,21.6280026123082,63.50403246020981
246.83082455888712,135.1777978136443,21.82652737613128,63.79528031735559
243.51159929655051,133.51690081398255,22.302882354082044,64.12449747913944
242.39902547708607,134.20077059647116,22.80815871043341,65.15343063983973
238.13607465076157,133.31326731064976,22.928023986129315,65.33493159052608
237.81358414659724,135.03541941247806,22.84386650092006,64.95299625665098
237.3838878854512,135.20369928726996,22.44289306022993,64.95463388737156
234.97288177698528,136.8320930402378,22.01560098257564,64.37890598035858
232.57474398752342,135.87762472826182,21.605005528784474,63.87601241746668
229.5329107829258,136.18823547228948,21.27496420482546,64.1161568437561
227.26771244465874,135.62934144022847,21.062068549663977,64.26496894666977
225.69500834007482,135.1881656354456,21.210345411175567,64.42005543668287
223.43071566847897,133.96824392638416,21.616665892306763,65.46549527795493
221.87092219436326,134.51845164838107,21.73255878307355,65.91340298841052
220.71789165614064,134.38769185718343,21.697482211890048,65.9055769296697
217.98253761903788,135.87596708222625,21.59465245955743,65.28302561746243
215.65691938561332,136.0434418354867,21.20977328004428,64.46743635521568
213.33676084351922,136.4384259252941,20.850713113561063,63.55914776266708
211.40259145122758,136.04406368366662,20.49745327296126,62.66943537057871
209.86707776370608,136.91515728969864,20.275970615350467,62.25818959718961
208.07895483244698,135.83239725197953,20.164172883508257,62.145313066182496
206.5044170649634,136.71038824710035,20.16725256314401,62.197232816015024
205.4275966491843,136.53422519951565,20.171741354220693,62.00602975831425
203.61027186517111,136.71890499681916,20.11611811417206,61.53682354731983
201.58036138741627,138.14608680525225,19.893026815348275,60.931999067340264
200.06110740717952,136.99475550795435,19.88557315739834,61.091219984842546
198.55626097750132,137.48327807215378,20.017025193008998,61.13134540488271
195.76768500349579,136.47169237621225,19.998755349943394,61.208149652181156
197.05800545245438,136.07662273534928,20.139874486587374,61.32441169467979
194.10315161232313,137.21002499957035,20.29894701975511,61.832314483589926
191.2940629676751,135.47243399750573,20.468301810729635,62.52388375960025
189.12233635452816,134.79516070162936,20.706410741521843,62.97833369646107
188.8625985138824,135.87960144067318,20.94608532232087,63.05160824712097
187.32780333774775,136.62203510013677,21.099431167754243,62.879942594072055
185.81358061769419,137.28173579073763,21.053006498303244,62.37669110329319
184.49743799528042,137.43406773091075,21.019420838208298,62.03444544015887
183.14414151896702,137.92558954091663,20.97581113504285,61.69927313562639
182.33428669753837,137.71690361056713,21.04713086624856,61.56542410246554
181.76405091327726,137.7557078031781,21.26746878446791,61.58923492022699
182.0853808751252,135.94410789792568,21.45996106957708,61.661485634052184
181.6148897482589,136.96865498384275,21.503025218184312,61.67627285946529
181.39426228575735,137.44175807827747,21.466743762896407,62.116950644671185
181.3404880025922,136.68268999743947,21.465114799414852,62.232536824276295
181.47932739519896,136.68890495155014,21.33409017303195,62.031307922229026
180.89700948482727,138.42337538703688,21.397335751198764,61.83980998338443
181.1346355261865,138.57275819936393,21.43146061159165,62.10286051464087
181.10934172923058,137.61675089764697,21.705270669826586,62.66688186341321
182.15658552669746,137.49401239378835,22.1845433459652,62.87768038961122
179.33640032996092,136.80010644189315,22.588498353238307,63.041484329267426
180.33868685386037,136.09669898173857,23.197089491917108,63.5360635723343
181.04575861213172,135.2635707972948,23.686789020609055,63.926286301314036
181.01772008453892,135.82081468722558,24.04832661823507,64.07697028773354
181.0391317679912,136.6055242562702,24.313328220622225,64.31132681778855
182.28923976302843,136.51159997941704,24.399151296862456,64.4419930483073
182.92438564584725,137.95768703086702,24.43537999326096,64.39864273118914
182.18198232724697,137.96222900429447,24.581694833014282,64.16382136162957
184.27208247808358,137.92792520645776,24.602839975066686,64.26494485192462
186.74956398495164,137.24621200781843,24.69569085369503,63.99169410324532
188.75896738427963,137.02017350657079,24.87363708009398,64.15111989948565
189.38266101625345,136.16709665517982,24.99940779420419,64.67133607842574
190.91805593656764,136.0539167249379,25.201885937966107,65.06413277503307
191.38053055852325,135.23311228584424,25.643485470681487,65.92676878906936
192.84605360403563,135.4911744250689,25.565849862063327,66.63078091465752
194.63059639368862,135.95775968858686,25.706270317608404,66.81458271485397
195.57633453204554,136.87183992117434,25.696886874413572,66.93132085502563
196.7721304244328,137.2562425351659,25.71024022475564,67.04516379703686
197.55155527866626,136.9661475339305,25.397990190513543,67.12245790784127
201.21301081429908,135.6336749084173,25.392142927689093,67.0704141184929
200.37638252945564,135.55638375649647,25.32489022575423,67.20406539823021
202.0783444161571,136.2106530612138,25.077770537129123,67.1018821221238
205.31729026557733,134.98172511561174,25.189953377473284,67.52124581056916
208.1446534201655,134.62373726546483,25.063874967924633,67.57356831595865
208.709431678442,135.03580909950335,25.121880440202155,67.68915433843337
210.40672130643588,135.77130315307534,25.075828377283845,67.62934231676152
213.02058135515242,136.0393977925329,24.885311114933817,67.30216623169213
215.73991660261143,137.0885120074774,24.23940766789788,67.23958400198319
218.63718160669964,136.124975437086,23.585895096702636,67.52009885800646
219.84494998482987,135.29949994572343,22.9254489347339,68.28480894116879
221.5203510577219,134.2745688703321,22.703546601648174,69.14481348983196
223.3152423992899,133.46536385796338,22.82273494207175,70.07850585938755
225.38437373950092,132.5674245178011,23.07536333678402,71.15301586924855
226.96404717062157,131.77196114354413,23.48671330529221,72.24231105982103
231.41880202033178,131.7100653620243,23.609868858557327,72.56746088158494
230.8026310323038,132.19577112618438,23.628590529551932,72.78958301224606
231.8553171763796,132.19038248655107,23.65453871793231,72.57839919558353
236.08127404692016,134.52909165442844,23.354587257124653,71.60272660834869
239.11416583663598,134.32154626131995,23.11701498521862,70.95069779617698
240.04067780571245,133.36183528036463,23.034340907257047,71.0159066395345
242.68764968134568,133.60145710877887,22.794099987258882,70.84556783914941
244.35715312478322,132.79995784970885,22.53293080599597,71.06537405649294
246.15712684004828,132.23558227875296,22.63872287360432,70.9510356417107
248.10774851535697,133.24446707669762,22.81381590680651,70.59002709604567
249.61442393000002,133.11723979422442,22.73298117554287,70.57428233233108
253.1635671898319,134.24962822616945,22.694577296717767,70.68194676025013
256.89410053341925,134.15435539716196,22.690547104751744,70.81130566132643
260.59680944902743,134.1817085464176,22.68637296021139,71.15736701699562
262.6982903504489,132.37924838457383,22.693752134083596,71.59008356146265
263.33791845527975,132.1869411478446,22.382292965361238,71.5220347026972
265.03749991810685,132.18640254637342,22.17324835254275,72.3868059178046
267.1857824708828,131.53689926548662,22.504130375286675,72.83175779017088
271.865914089653,131.42669422970474,22.95898974211643,73.12183780131221
272.18378882703433,132.0802230759586,23.1730978956992,73.60771702992416
273.50065960354624,132.94439103691644,23.254435888650143,73.7805132147895
273.94312656989297,133.4845412896073,23.15055651232648,73.68204777667995
277.7508801511699,133.62580553949684,23.036963374125715,73.10479978947224
280.58247998074546,132.76530953956348,22.983318005745957,72.99035771016872
280.9819697971731,133.15631074633617,22.863970023338567,72.48860784269533
283.3069725935858,134.61139165278954,22.68115231198297,71.87691748059429
285.1849649321102,133.6219814684821,22.693180873840973,71.83743564698443
286.7627648559419,133.44610984795162,23.018372594933687,71.8501068691836
290.58282405404,133.9437008007938,23.278717302985598,71.79587327101339
292.29491998941154,134.71179500356493,23.450302705420487,71.73426205396296
294.1683520509244,135.08625280292097,23.28449446198767,71.60140891758081
297.13531419323067,136.84417038322232,23.109208082496057,71.27520140437795
300.2480653286343,137.19526769665202,23.01322289008843,71.1068429634507
303.3492541490778,135.38433917186552,23.242230766321768,70.883021683556
305.1718147063794,136.89601431393697,23.249722099457266,70.84390930873009
306.3907814755796,136.3305870248812,23.132438661764844,71.00751532784354
307.9674626564772,135.57760139211754,23.301738891903778,71.03220149815597
309.494258559483,135.42031822748294,23.592517212616436,71.42245139882347
311.299691192482,135.58083148693765,23.951494380548006,71.75208748090816
314.6830381746463,135.8610288409883,24.21497848628769,72.29767078489184
316.44661046281595,137.0164526683103,24.712581281622,71.46535556375764
317.51189931086276,137.48271258920747,25.2742533604612,70.9300844669279
319.0403718883424,138.21175369421653,25.60543648614153,70.39879815677779
321.091493499704,138.19480316917205,25.83734167040083,69.94805845955801
322.07432655474946,137.46815935877802,25.77546114666703,69.96579467539306
322.99471003487463,137.03845666805861,25.884040728775005,70.01443908194784
324.55074153439193,135.81284055677614,26.005124635639458,70.78602719669419
325.79236258693487,135.44378738920207,26.010258671148105,71.22034370759498
327.22432908238443,135.53066753385627,26.200974556439153,71.26308782819581
328.4325078329906,137.13045972942012,26.037395108510484,70.76612465861048
330.0997768630952,138.06211754290547,26.241386682777026,70.55291391197275
331.12228714375965,138.3759540394254,26.130894591487543,70.39667628699391
332.8690675447211,137.4359796509561,26.138893523909122,70.61595335296447
333.51815846286314,137.6719912807619,26.166457747042703,70.94200100094571
334.79333261942793,136.80685394652477,26.25762063577168,71.78795773490688
336.2076831785477,135.40390463284916,26.365123712554723,72.77499547377694
337.5037614100082,136.06384793946881,26.553261191131472,73.01606879572591
339.0847251800153,136.53109094256826,26.624805521539674,73.50585365782844
340.87170351892144,137.33281975150297,26.651549698982567,73.95581300735098
341.8556667934035,137.742581340615,26.394619539407458,74.15861713301331
341.5806089985684,137.47828379182232,26.2257360412672,74.16311222497201
343.0076772476815,135.75887171698668,25.759323465770464,74.33131579015537
342.99959974525717,135.80510866168868,25.450034249122513,74.29916695334052
343.50311586963267,135.93519984229675,25.09818609050903,74.97178685204644
343.3446126994374,134.99663849168326,24.43895477621357,75.55147331593824
343.3153661352465,134.53110831699814,24.15134286547566,76.14548379362535
343.5021530306023,133.75315104249904,24.17070065530757,76.27134665824394
343.10811084519025,135.57232813122252,24.06158384567362,76.37100050310535
343.5611678040225,136.08050733982162,24.16021564982613,75.84509953129017
343.49026295497816,136.12035980130557,24.124376833405613,76.14443344885463
342.6540954582711,135.7060305689768,24.438583636779097,76.32401402120871
341.47072704453655,135.2144444522069,24.68098255264233,76.34666127849499
340.53816573735423,134.93625168648256,24.72246732387496,76.32977178028437
339.58148642692294,134.60066537748435,24.906584692792098,76.39553084218184
338.2164928645224,134.54027967785098,25.04775445957618,76.47840711704299
337.31280084274874,134.7761031643917,25.044069968272442,76.28270047279796
336.4677793623346,134.3395560308866,25.06981117605653,76.55717158326064
335.50171474629195,134.38651126074825,25.225701370628194,76.76391252481872
333.49070795806625,135.9051507336403,25.003325889920127,77.0554702584932
332.35886241587605,134.7082773338854,25.043917980999122,77.60190436917547
330.31142420400613,133.98843464048804,25.120641690963296,78.0017177056849
328.3928760337263,135.2833983614049,25.443881143705635,78.74554098864367
326.21949155543274,133.28105624505216,25.7584564395567,80.09938064737452
324.1169501753298,133.51169443504693,26.40200217240346,80.69217009093998
319.48927752276904,131.97823485225987,26.6532323728498,81.54808094619608
319.0472311738243,133.16120656904536,26.96354447448296,81.9911248916992
318.00036065357085,133.06224842082756,26.78112837425803,82.45568584479298
315.71385787186887,134.02261992900864,26.670285079782435,82.38686545969455
309.9549243627397,131.5266842959345,26.307357572894286,81.86631893256893
308.6591695311985,134.28141778206583,26.189633713561577,80.82270040619855
306.9912720500206,133.39254005982718,25.98265542915218,80.39247688682394
305.45990259104803,133.48426395746725,25.93244592943374,80.28512822652542
303.2807591880381,133.1543563754778,26.03317582017043,80.78046021582267
301.2515108786094,132.17795741626156,26.207400102067883,80.9176461757514
298.7224822828829,133.57035307473336,26.042929789553675,81.17639128344469
296.08786895774836,133.63267972437245,26.23200297455178,80.92659867321046
292.7963797797687,133.13188807769774,26.099907268163577,80.97298600317723
289.9501744252471,133.75461325114995,26.028099169986344,80.80897610503378
286.531701454021,134.63939265211764,25.875745815105823,80.53497437287682
283.2866338862313,134.84786413437647,25.881010993714973,80.9870240350262
280.51345556498944,134.33094749204946,26.004023024077153,81.28551845296954
276.0832037815242,133.76821401438968,26.30766185254321,82.19006682739942
274.7895917015664,132.30638750647645,27.166532154464825,83.12057306607284
272.00759948626626,132.3333842845223,27.967599543286532,84.54769592405128
268.72504382704005,131.1252318829913,28.5313561673724,85.39152398246146
266.09592570804676,131.70163983889682,28.605142732660006,86.00080519093547
263.5626384708324,132.43855285080707,28.380976717129055,85.24266203130412
258.0641229366968,134.20276429156297,28.20514191778551,84.64324596474896
254.58007735389157,133.112581627918,28.01008277287961,84.03871396461584
251.40991691986738,131.71726605256922,27.70088801211332,83.66845453608975
248.37034199372837,131.97878670866731,27.741104110424054,84.14810043969861
249.43295010877398,131.9953304045514,27.333820700652932,84.54262812423391
246.5498353233067,132.48849787446892,27.446431459026492,84.74803727352545
244.388010646875,131.82795142480234,27.814669854553454,85.13327549947303
243.14531070106437,131.93368368203855,27.847999271550076,85.41983661094473
240.40670568865954,133.03808817742546,27.704485571994493,85.3856339434131
238.18831895260186,133.7121677847209,27.535640567242204,84.96551642537071
237.65047667520903,134.03112080475546,27.368596173434714,83.91066087472721
236.16018059393227,134.393865246411,27.16648102626531,83.29918213916653
235.30550188252857,133.75246089516412,26.8811597133397,82.86000192526319
234.75213080760335,133.30358570366644,26.908875521751828,82.50918270052385
233.6516438507919,132.30599687109952,27.110852700755572,82.70576887109746
232.9112336244082,130.9027209277941,27.092023151997132,83.23968243678549
232.0217944982171,132.12875811314552,27.079543529508992,83.0383314280516
230.86696883753453,132.50491834187702,27.091845636320343,82.53135169040769
230.2556583224463,132.6371211675341,27.192492555893487,82.0634119426141
228.70831712594602,132.8844999940194,27.146010169230898,81.96102555672384
227.1244537215818,133.35869252022997,27.02813607730933,81.55489799207655
226.29905617460605,133.52394233879565,27.080514604412087,81.45672340219976
225.84262058388381,133.5311999977457,27.15698998574288,82.02297553701652
225.54473103980385,133.94108246611535,27.049760183750838,81.91950769033076
224.66986322013452,133.49039931722467,26.881044275466827,81.96675260110725
225.46550292330272,132.81549030143168,27.05927656880692,82.29529165529917
226.11411828855964,133.76555589404262,27.20502922719386,82.15610471732307
225.23238818770267,133.6636177148889,27.369680305868545,81.72036279808077
222.7278792271639,133.94639437916038,27.294446346300308,82.07190113718994
225.22148321451155,134.54078064885846,27.47829798006451,81.5345788145639
225.8344827704159,133.09371839557204,27.50476304348014,81.62313176504544
225.74065582716548,132.98750190760688,27.432305568238938,81.63635314353314
225.78616767479787,132.20768386096185,27.490628552423214,81.7323938465034
226.34965544062425,129.97755814156835,27.59938819876427,82.15485784785142
227.12903984650617,130.1844377593739,27.61136855062803,82.40140041678288
228.39004524806964,130.007981684626,27.665311469501194,82.44343658423253
229.58341653917432,130.6287281049758,28.139391326485566,81.81043194562795
230.50386551627577,131.8164794918064,28.144677506766016,81.9426625169985
232.00275487817385,132.992800191345,27.782551086665524,81.25567959188983
232.99571461544286,134.07885390835457,27.523955859487756,80.39005423451556
233.9616907563776,133.56752118169388,27.219117754368423,79.72377296389895
235.0644022252357,133.17320206391884,26.947696381631758,79.74641301476814
235.96946536337734,131.42689797532688,26.70655568674651,79.90241063630324
237.5702187125226,132.96047061608078,26.51187944232869,79.07596011607163
238.1509933923438,132.14495770221555,26.44063481500899,79.22110330391718
238.8639891895299,131.0864205340739,26.2940086409783,79.45343299603539
239.44161757296627,131.63860801417604,26.300911078588555,79.64460242174115
240.8494797036722,131.57321102950283,26.163296463020252,79.31796286934002
241.83028575116367,132.38275472608078,25.989522350214973,78.93125383979344
247.10291905997096,133.01493554773822,26.0512570372269,78.32264890843842
246.98684328210302,133.18556902002973,25.966198127293122,77.82199972487125
247.6144004288802,133.27210524957286,25.788179699942066,77.68527018465781
247.90345640880574,133.19821317453665,25.954430094369574,77.55016723355686
249.12933429204907,132.69932172080667,26.374357210191878,77.379321925227
250.7496449286265,133.43325342043897,27.31230286971522,76.70150778085664
252.0202994432301,133.7100973374658,28.1065708516164,76.05651058564322
251.58756970518814,133.80588008300637,28.196750626944272,76.00308653292706
255.04073267165987,133.8623922055777,28.24381004708921,75.87062026034968
253.84933444168425,134.81619632523547,28.300213141180446,75.58517007157124
256.15654421525636,135.52297967224783,28.4526946102716,75.17073738166262
258.06377756351816,134.77746212244728,28.608568880926324,74.7841403401504
259.1152674176563,136.40102893314707,28.03967790346209,73.68258939468464
261.53619454090193,136.330636242006,27.44117368596257,73.26048543942717
264.3826747344501,136.55506313884933,26.820141799995348,72.8011134124487
266.5879632545251,136.20621418069214,26.352312352771413,72.6962284687701
268.71853740195485,135.90440162691553,25.998552983464297,72.42971826901129
271.1492481284005,136.1115995226414,25.90067704372608,72.17535232100914
272.90857874359455,136.41455282675426,26.150315154539726,72.23634861252555
274.47593544995306,136.68480344978397,26.536964046510178,72.6724204760929
276.0266008469347,136.76998266842986,26.967016766951243,72.5436430958132
277.279326315034,136.44149645811592,27.165358879611297,72.79696004702353
278.6212718018024,136.54828442836808,27.003996554450946,73.01590938365696
280.69373030780696,135.71715589583454,26.605671110435004,73.47194188798645
282.13286213708017,135.3070222635402,25.920704361220878,74.01644877016122
283.5000286543834,134.24077319909117,25.332817316223053,74.45838965761945
284.6989168566637,134.66644854542034,24.777068814265704,74.35969405386265
285.96255873339834,134.3358732927168,24.454545135411838,74.4321268006142
286.9074380543897,135.2605010902647,24.35597854817777,74.44921208114394
288.41762352940657,133.43881230187344,23.992211411315314,74.70306090655319
290.51331356568994,134.5123255122253,23.8077173441502,74.39327446654718
292.4917087877399,133.9237341441107,23.58516576304154,74.298418146952
296.0231704550966,134.16414918564124,23.16196906712224,73.73932186793807
295.9665465914361,135.52282644328878,22.80434555454255,73.7062525165224
296.1357903715825,135.3009473789429,22.635092061451335,73.25612652284248
297.0792435413076,135.30970204072787,22.53401872313788,72.84795992335737
298.8437310906877,133.5948289809151,22.571641324496767,72.64252485439953
299.75102694981973,133.98197790082082,22.56001584330088,72.65688116316679
301.1252101522899,133.0537072966911,22.660883780935617,72.4144622102171
302.4936892958911,132.7875740313989,22.580427979008558,72.53099585043401
303.39391460773635,132.73622422780625,22.53814700634945,72.96575272504676
303.41966847386504,133.74054769729713,22.44467045161283,73.22013965294727
303.9573306566626,134.4821612264447,22.264866534702524,72.96094893059727
304.6039563903585,133.91726707381952,22.194953790493276,72.75363053113577
305.6356522292445,134.22319201272018,22.294441341313274,72.40295470628814
306.28972245206046,134.16652305476688,22.20263464259144,72.74356705497308
307.3225157181046,133.7788701741211,22.33913098289384,72.92587490767242
307.2907682890265,132.45865053723762,22.58574819281565,73.97724851047228
306.5765750045694,134.36462673796402,22.91882776919909,74.23487571030735
307.04028876655104,133.19291061963185,23.09774041514242,74.6925601566351
307.060990771268,132.7985885203284,23.40494019074657,74.84729447412704
307.75165731688696,133.40589924569997,23.49575551793504,74.70056450192234
308.84314938597186,135.78898012454437,23.282392203625474,73.7908397120833
309.0377772053093,135.93346068083946,23.13272363350837,73.34715574499808
308.4574700898685,136.08694969350202,22.884954137316267,72.76171173342112
308.03184846209393,136.50261477040306,22.74240938894387,72.83742998383582
308.707868742565,135.5353553813287,22.750317939940288,72.58496565346397
309.2492308754331,135.43250550329032,22.44835849239556,72.81116887648969
311.52482629904125,134.603186389612,22.48796459265846,73.6087569749095
310.48798634263153,132.5157288576154,22.3239311685334,74.57432216822096
309.39584065977493,129.75961440079934,22.58539552886024,75.49691857071417
308.80898442422426,127.37881793073078,22.81558107630512,76.88597628212206
308.28978638939714,127.12516861032793,22.960930111218943,77.71038575943362
307.45755859986616,126.41884320554641,23.22414522225558,78.59449881875253
306.69259483284105,124.56844920375765,23.63063737823123,79.65855305195956
306.39188335165426,125.54152462681868,23.714338985643433,80.5717874578364
306.3284100306562,125.58657185354616,23.85769422568999,80.78159770847539
305.63696638475176,126.95250328542713,23.951160793583725,81.23790646985076
305.3430436065133,127.94405173434774,23.83342689039356,80.44681830575895
305.31772786820187,128.40434397786387,23.75088606357818,80.11256810684692
305.1253300876585,130.06906887392591,23.76877733613463,79.64757401464351
305.77198654065506,129.54990044428678,23.542248812007898,79.2546977334341
305.21581871555503,129.68839537333366,23.516845399898724,79.05101523306881
305.76952681697185,129.10001430488902,23.63562679742978,79.12381983612175
305.78946311483924,128.3059104625408,23.531959812327862,78.94544860808321
306.1245380881948,129.70454976159579,23.31043584742437,78.43493057859197
306.23083705275945,129.32974167921265,23.218333386673187,78.14849189373368
306.44899162673573,128.91808352130715,23.218220834150973,78.43079169047493
306.19836868044007,129.18432100810793,23.086357276402076,78.28819618197659
306.70499622236315,128.8687795477383,22.99062402692935,78.39902484837464
306.47249324356386,128.2946749875971,22.995005706936247,78.4689404067217
306.9248026413366,129.29613463470224,23.032720013617034,78.43049304873725
306.92742133780604,129.80526804845542,22.889661259255554,78.42573442187637
307.72924108865817,129.12086954473597,22.64378206772436,78.8251077180154
307.8865479086498,130.4366643509561,23.03428189829548,78.2423538599696
307.41045617482376,131.41121442415596,23.90940810120232,77.92312293621092
307.7294513699101,132.28148047690254,24.499364350090584,77.72471760550563
307.9738419483958,130.98201214371178,25.101602823551364,77.63441906146846
306.18947196821745,131.23674603631497,25.520660738925177,77.32760909505637
306.18577711753903,131.75705435358083,25.566048617393108,76.88226094845493
305.07725047145067,132.58066038131136,25.651202791146414,76.2798200874519
305.235727760173,133.25003317162606,25.462931467824454,75.82785119253718
304.5412741421192,134.3346349369598,25.141104574980027,74.92631674355769
304.3851856105665,134.9778861908179,24.974792805373273,74.4225965520493
303.81224019117644,136.1177148985333,24.735956881381735,73.7994950276555
303.0055673313918,134.49934048342453,24.52509720239148,73.57611221267044
303.42594927762224,135.50979909641816,24.120232567590556,72.99844588122964
303.614269874304,134.90121812607515,23.769441148706804,72.94758826491646
303.6176091069788,134.30990254180202,23.504079329694747,73.0504222847582
303.2233204477052,134.5598766887607,23.405404555880548,72.78113524894229
302.678275416406,134.303086816398,23.451558604303507,72.55807632846843
303.30506222050275,134.67844887095782,23.25952607658489,72.25764617753586
303.67038359886226,133.82754700204777,23.010482442151677,72.40954056209975
304.16843828401244,134.37981548268888,22.876542754830865,72.16273416827285
303.2433648136799,135.1512824858229,22.7617677442021,71.56250519721445
302.3066265693262,136.53278019978208,22.965919238822185,70.63942397198622
302.075875122427,137.6990058131359,23.70195164931749,69.64057326636622
301.31092414806386,138.38918921293094,23.82735514013518,69.11284322128893
300.34444714243335,138.54652794507714,24.080391696676685,68.70967289411631
299.1835470419422,138.075331182147,24.465519329337727,68.45906324233373
298.2842537020293,138.05736855885357,25.49618789926982,67.8858420131287
297.1473188115422,137.63898940403823,26.098449589843252,67.70268617252133
295.7257433498111,137.16874046873545,26.260796260680845,67.82796493883686
294.1731297808003,136.76163928911876,26.1765304577998,68.16662055062417
291.27642984979417,136.51918361793594,26.156971125628765,67.94915075895662
287.04638088869604,136.7870607585123,25.918345254795188,67.70888608704541
284.6309840013854,136.18237976443726,25.836171824368872,68.09118296498892
285.91520675176986,137.0756190807862,25.380477807517153,67.6376346587528
283.2182919314498,137.35459303567214,25.42615957904713,67.81700621843282
285.49941303917046,136.43301849460207,25.170718205891063,68.30278480477676
282.2484755712638,135.95931844243472,24.971945787578427,68.69068391681336
276.3175708968679,136.26310870616896,25.002545953630946,68.92262289007724
272.6301722181715,136.10914153138754,24.831251754474735,69.01531398950853
270.5994236193676,137.80663430880327,24.407434582880846,68.85572744247429
268.3591048784692,137.52157157907652,23.625914624491987,68.66692412614043
265.93026707986525,137.65881125839272,22.84722147017413,68.81135959223224
263.1432238525904,136.98304893733018,22.64174545142668,68.92867541210694
260.8702309422971,137.0895964892702,22.896981245310332,69.56558873632363
256.6885008556175,135.3312503474071,23.33637868978767,70.89778557098376
255.44712694191261,133.46177782700596,24.23315718831718,71.46559304045118
252.6667955056441,133.23030261776853,24.89777819073704,72.66019810293844
246.81878714931418,132.69479819713166,24.98227318251067,72.53594415448597
244.53305207793565,134.7802795268326,24.68520542243565,72.07272013300829
242.20414632845058,135.8212476970101,24.599331199054745,71.89532230488318
238.10440666132388,137.37789792071163,24.497882417463423,71.88633451579007
235.01600433267876,134.96135058288215,24.563495325180906,71.85386246094976
231.74156145815542,134.39879873640808,24.890645596780068,72.61741570357285
230.085557806894,133.45004205591596,25.083149639644077,73.33382249717428
226.22304816017532,132.1228809084271,25.62464241712075,74.42032591207082
222.0173966316776,134.82257141139098,25.81398826739015,74.8955891856231
219.2503670171485,134.0115731002861,25.888683082233232,74.91653256991776
214.2877687933629,134.90484925177233,25.76577524361064,74.39852303351637
209.86004787218977,135.88734631933465,25.21778137886458,73.65949761692046
207.92061372861093,137.68096331904846,24.22430374164481,73.59488572595234
204.71680184830615,135.79897076561963,23.702650082210454,74.09837493170218
202.06954106081702,135.87588758088964,23.970835464103967,74.82807096424816
196.18241122326216,131.3323788213225,24.578687554069607,76.72470075755233
194.7754358251437,130.7468083238445,25.169979239283652,78.48235127828421
188.50754931674265,130.36280112068187,25.757988813092563,79.5336066287566
183.07355564452266,130.5122292241131,25.75421197448809,80.17494860495384
182.16947540847357,132.03382900933295,25.939016342689186,80.33184778748961
179.5573939524585,132.28460529706365,26.019324636646772,80.42984867787143
176.47124062705444,134.4169002060964,25.856929272531822,79.69411132257449
173.16709800031882,134.96914418104444,25.594280039613903,79.46665326846082
172.32019196841998,134.13953630598877,25.242619004656714,78.97136591150124
168.04637303916132,133.86915634400162,25.484895115432316,78.87905018096887
163.74602919198318,134.66886281713596,25.806182937962433,78.47535886098191
159.23337257449018,134.88913652952283,26.48567383865891,78.11804478523344
159.3599390664586,136.04855117477288,27.267637857705147,77.06771117363502
154.51051978620004,136.28405623970258,27.68558118506799,77.14350225322536
151.04927956206834,137.9015408416201,28.375378451568686,76.34403987006908
151.43244421846464,139.09712013432141,28.490687725297207,75.40482110590975
148.84853009367595,139.39872423977255,28.263565585012522,74.80762399130239
139.21988871042558,141.09992146893114,27.93549259284629,74.11370440748172
139.33994514123097,140.21371948122737,27.25206881481171,73.88079379434251
139.12302917988475,140.56705759895834,27.083735455731553,74.01082026331018
137.74105612392896,138.32831491526963,26.882770106766674,73.89664656162634
137.03425654746522,139.07583111527748,26.570478742459333,74.02424189674855
132.90932381343606,139.54733500232047,26.564983607185102,73.90857710972313
132.29028826190677,139.96436665686795,26.776145597313445,73.87036050129649
132.0718122415035,141.2063925824393,26.68665338181429,73.70155547060365
131.67194103648492,141.58233241631928,26.471008614384047,73.75711089815385
131.70777357296922,141.1944327594225,26.352685703488127,73.774394555953
130.99641663360325,142.62242786819354,26.34665490849113,73.66514587169038
131.8078836463056,142.9250198532469,26.10522887583084,73.6953959926748
131.57528334966173,142.9495790141765,26.113499487410095,73.54444156314432
132.22110087320675,142.3848663611576,26.329127027867326,73.73747730371431
134.66354743159653,140.58743474779587,26.488142507126632,74.07322292713576
136.60261918069816,139.1573356087549,26.732243366986093,74.9110697018455
135.6544682938342,139.53666996770198,27.21747741648609,75.66682924189357
135.36196372770186,139.07117849741059,27.809748703233087,76.82500121669992
138.64144370591973,138.22267022530747,27.736186562501704,76.99983946863168
141.95359078153442,137.07303101627832,27.82708615974645,77.09028514590625
141.81326201786442,137.18265543107358,27.892442441635495,77.81147959367475
144.97882489010993,137.26215581254868,27.80164596273893,77.69910957461555
145.55387587919842,137.82436256493327,27.818916092067752,77.63887763608474
146.76254027380452,138.32335113469713,27.804998929671367,77.29323029907015
148.12939398694925,139.22443358965583,27.65258937783254,77.32104147100092
150.30687839852504,138.59571964104066,27.373624106164154,77.54016992689364
151.68091045485417,137.67490184004802,27.041265912771618,78.12770556378342
153.52129056382446,136.0051111986142,27.074667090857655,78.99540450335883
155.5089285521086,135.18980503954484,27.575785290772497,79.8360644837557
160.7143047595755,134.1185426049321,27.70047808915659,80.79148715438045
165.0643668115275,133.7091529434975,27.57808225673701,81.17627874054766
169.68933361060834,133.3661850553101,27.72971802503039,81.16536403827331
174.74152509227534,134.3742370415577,27.582028710988368,80.68693675778705
170.64267753101421,135.80485190249627,27.245051096389005,80.66030891502982
172.83711485058274,136.49141480969493,26.508328757132972,81.4585421628273
179.60036358341452,133.34571464517575,26.346627929958156,81.82625074229293
184.3933310728748,132.81970169072434,26.824942943408267,82.78515889256406
184.96308862244513,133.59239474960282,27.4801096317584,83.87833783828361
189.55539882519847,132.11446449106447,27.727462683588158,84.72956836192162
190.38072085265213,130.58092328841542,28.207074804675685,85.84238123883071
191.09909828298157,130.8210592252741,28.463185792558097,86.6855331083614
199.31734665905503,129.70506000321998,28.827956664312538,86.4580209876655
201.04504796165898,130.90959493387217,28.41738032825443,86.72938010814215
202.16674676874732,131.7984743789662,28.259813879391448,86.19717828773251
207.33997463559146,131.128034010696,28.110012465466376,86.03012886470412
211.55769696274382,129.79606633455376,27.82885038104692,85.9252672962123
215.4005072909427,129.01398583292823,27.870150806192076,86.00816943029217
215.63456566370732,127.46452480555556,28.184006945794714,87.02057772733185
220.24283892998943,126.3097122797942,28.224777956260233,88.40704049734134
220.29293892397945,126.3942026392927,28.398184089820276,89.10046132339208
225.37184478117564,129.4172064545931,28.79578848260563,89.14566548859815
227.27090614493554,129.16755655385455,28.690884701542767,89.4981716861782
234.12833198501738,129.1924709816662,28.450608064103676,89.42043514424691
238.85824131559366,130.76626516516274,28.331548680294897,88.8679598162705
242.10841437696232,131.13147054308382,28.319180062287792,88.77320833786749
242.11955473460443,128.95607559214878,28.19966420381891,89.40270407507994
243.65070059825925,129.99236125874745,28.07437751953903,88.90762986655452
248.49541131660092,131.40520191804387,28.305673322235556,88.42986109793425
251.17116470429963,131.00088648709124,28.568836823479995,89.05829992142264
253.70936249324248,130.48811161307884,28.394751616993208,89.10929763411572
258.25669710292857,127.92442647367173,27.8946392060927,89.29454593035547
261.4514608465691,129.86900454980977,27.269039655365663,88.81612443155227
263.7751938754411,131.9306237440178,26.81010070486039,87.80541341358914
265.24418454740197,130.55676116823471,26.788961583152386,87.4816222897494
269.37463540797035,130.85614656136784,26.827795884964818,87.11787687956463
269.74759777610006,130.92551130603016,27.275315519928938,86.74259226095033
274.5639730027101,129.65822911661587,27.33987932909892,87.23521714278488
276.64757447065875,129.35626041218723,27.201430627515617,87.5174758833816
278.9023684087441,131.08445364917256,27.082135395845675,87.10051025253533
282.84245324816465,131.41823364585852,26.972906020807017,87.09230166764502
285.84669495259584,132.07454548897365,26.739206223242224,87.02301299003598
289.1788231008831,134.06883506463066,26.770334429078563,86.74290370642827
295.31932912349924,133.0025957408506,27.12541647716908,86.16559474679538
300.0243803473357,131.05855243787755,27.540949939530424,86.08891365826824
301.1350849059451,131.0875444659002,28.870953881546196,85.79008067353293
301.50519656163686,133.07800024369106,29.71869033655056,84.75476271345597
304.68449723019063,132.8991854750651,30.2474076105881,84.48901600044086
305.902181521172,132.62550952494968,30.36738003395062,84.51355618983723
306.0693562743867,135.8272354536419,29.851946058560518,83.59250427294353
308.517403553448,136.08448811460323,29.46142000477141,83.01110893482272
310.8338023190986,135.4814082191647,29.350805891744134,82.83025409824307
311.7815241136331,135.75941802557088,29.31719706715566,82.39949831048963
313.7741533333926,135.5514796474465,29.290620449459894,82.45379791353254
315.21558918491326,133.46171900658064,29.491808461689544,82.97970825051637
316.34098573520976,132.293922429281,29.529159711148427,83.4178264009195
317.3144736101827,132.5335478537615,29.43322432451431,83.16314794227641
318.19212317895347,132.9034106754943,29.31775649152291,82.9713725666025
319.5521084124841,134.74227009900912,28.961838320146548,82.12109159722792
320.0976479801426,135.0546224964557,28.598378475181303,81.3759530545664
319.92133330854614,136.86283106611094,28.176643287334095,80.24963129222424
321.13639537658776,137.17969817668177,27.868299308340045,79.52501453878406
321.78106439599713,136.80626965114544,27.324543313645957,79.62359406872326
322.34307329865015,136.41905078324424,26.85240917008687,79.55682257171853
319.8703381573679,134.73266177327224,26.595427746718794,80.05727231025995
321.71915575633204,134.49973043146002,26.344063968315606,80.14455686745382
322.0381068415739,134.45043888388312,26.209431351016427,79.99398357694744
321.0649659727803,134.9486370869801,26.20851207503844,80.24518558040621
321.79031343252984,134.83277188631084,26.05561710041701,80.15576180455588
322.04370549650923,136.62797361057193,25.925008078030004,79.50784321168557
321.39008611670914,137.50549453854507,25.70972128869527,78.42796826066561
320.7794095054031,137.9926360454102,25.701307546394865,77.32457929157299
320.4114462461714,136.90375303822788,25.631855866234723,76.69847438957103
320.39053708771354,136.8859684258661,25.538827421327714,75.80176879587418
317.7307641141609,134.93892151264464,25.47513600652512,75.61426481729393
319.16632387739145,135.3259193235412,25.19331377468061,75.3339165026583
318.59712909348696,134.9590911442295,25.117601312689168,75.09030660924088
315.7377848226127,133.6879026578704,25.26062962570852,74.94421011890057
316.4072155746621,135.19274643476143,25.2463802622652,74.4021560509126
313.8342205311885,134.50423507214146,25.169175273223622,74.55127207220357
315.7035521933962,134.6615259323887,24.619012591584696,74.36038501743907
315.8672308482311,134.85866693767008,24.02430708183215,74.46684788612211
312.9556637656651,132.70221993191797,24.097196152664733,74.65216602329771
313.3666016985371,132.71661190160717,23.942078228166785,75.1317354960706
313.0170735949375,132.1319282182842,23.911584252546692,75.55288849866473
312.0750112830017,132.70934006182927,24.05859897689738,75.68879588400047
311.33740725055566,133.44885746369098,24.127488854075875,75.41119414283044
311.11858203817286,134.60958099362367,24.009424135160934,75.07498229719846
310.72334767031066,135.50759616161866,24.144569127065076,74.30377312343226
313.6686842668285,137.6573044723367,24.183419402047026,73.0682674631473
313.1992676007933,137.15420396089272,24.63605716984736,72.39278840276044
316.263392900795,138.01881110192915,24.80790785005638,71.65471424786962
316.13958013584704,138.23155050806483,25.08085580792543,70.87676172959122
317.2219867976787,137.4753135032621,24.944678462960812,70.42220151850123
318.83893449015227,137.568559939403,24.782893254100202,70.13254845116677
320.30339619136123,135.83564672615566,24.629222193906344,69.7963576657474
320.4812408593511,136.2187171001832,24.73309518936472,70.03622256249062
320.70654333831396,136.25249987039155,24.795912005349486,69.89418104077876
322.49095128434726,136.89134032974295,24.9938919869248,69.52009658289522
324.9508726168272,137.85742063958995,24.864904729679825,69.17264679961175
328.312333991793,139.9259421006641,24.731976410290113,68.56817686215888
328.365293159178,141.62267960345517,25.28314063319842,67.55700557132893
329.14264279417495,142.40894799820228,25.29866314493516,66.84580304611316
330.31062000498486,144.38530193658994,25.147954952487147,65.50740591076234
330.6523466102711,145.53505235282825,24.94121182301512,64.59306612049917
332.00927272181156,145.06557819500384,24.84076196657231,63.957290000341736
332.2428210573497,143.6370012424835,24.69469939912805,63.68337591412567
331.7896539305132,144.6728263332272,24.73778345682089,63.54007236654947
332.70981298241486,143.27977729318815,24.43474352837165,64.10762214874545
332.9587840137591,141.49769120479414,23.93648246753243,65.171589523974
333.28952228880274,139.37380040399938,23.288657245606515,66.13308691726579
333.0747341842075,138.03989387555998,22.818843412968825,67.29885541561953
332.6435342910559,136.9953688385195,22.56162120716074,68.05999554325881
331.96291958751874,136.23869815051017,22.50663638655872,68.63625468823273
331.4473864058372,136.2647336616622,22.59427959795188,69.07849255484089
331.00500637718875,137.88617264339248,22.579204307119582,68.968200116893
330.1845869967868,138.10218163674358,22.694835906020142,69.06941720328038
330.5220994066763,139.310052611294,22.578130118433243,68.91745942433036
330.93032007833636,139.74208010003096,22.49528670935923,68.4810902142686
331.29866410470237,139.92665807708005,22.14182812091974,68.10766790870898
330.97277652492886,140.2778361953255,22.021820703428983,67.48943199051166
330.9285514247775,139.14295500326082,21.941924304987356,67.39676070268972
330.4424203351319,138.5151082165558,21.66233850187184,67.82336719752847
330.0014290230983,136.04461318621608,21.582103973820328,68.75843446386585
329.9717412883436,134.12509315655763,21.437304313796936,70.12289113580792
329.7556773004484,132.28739617255792,21.62282200573572,71.14146456814751
329.3232489154687,131.9592520494583,21.658735821154842,72.16362191920896
328.54529938126456,128.3884525320192,22.03476988693102,73.46171938624661
327.75790499727793,127.01055716287617,21.54176337826239,75.39680864462085
327.2320701298486,125.04747643889803,21.84091153862392,76.31277221469321
326.8999880234179,126.22278998304228,22.021023421229746,76.92852524572845
326.0901257505704,125.03592279020106,22.22671920315369,77.83521313215857
325.88377757757996,126.42494647495879,22.461449475979233,78.30406250641752
324.79669795600324,128.58678100102446,22.505268858216517,78.01940302536164
324.32408567655085,129.592226304613,22.45098551306853,77.63981262913725
321.4827536392635,129.24403257514808,22.48086237908611,77.8207012114955
323.83580239788665,131.2018140470064,22.24188264824731,76.9427795546288
324.1699762101613,131.10110535209117,22.104887424477788,76.3003254105886
324.1523222615048,130.92976115878398,21.959132504217116,75.9490333418044
325.1026300686095,132.6134445456101,21.629180699784037,75.39027867638279
325.52257057594943,133.5783674797717,21.41524525318893,74.92184440340404
325.1404032767015,131.07813315651984,21.279362497387204,74.89194567548765
325.61975676567926,130.95654697031586,21.270778650706802,74.97248175293467
326.586404964106,131.9731444426804,21.390974084679147,75.04230127735232
327.4913920266781,133.02484840249133,21.901438821381873,74.99415663859892
328.06979304152554,131.89625009117586,22.801755445938078,74.98531269764652
328.2205531021218,133.33061723948347,23.617576008682562,74.71240741104106
327.2497604141539,132.04855231313826,24.28506179622428,74.90885289941265
327.1477439171012,131.60381893909891,24.64742855380983,75.13498086708822
326.21789533946696,131.52095624394445,24.936086270830597,75.42296403395551
325.04493520855453,132.04116871068692,24.9987144775255,75.30242366296298
324.5500993919485,131.3555457669537,24.80181987710258,75.4870707726584
324.39106067715454,133.0533155757515,24.53724151922257,74.71449649090876
323.8855389200615,133.09484045777066,24.509258057776954,74.53595269496432
321.6975324240365,133.13868974740336,24.490002132743154,74.27944812905608
323.51476130566687,133.29683185726228,24.065747778677398,74.12887681724857
321.0969301756237,133.1251235036925,24.000791485602093,74.28041192734604
322.345550902716,133.10932704306975,23.5602075841366,74.20452840553924
322.0531160820699,131.7018326670988,23.261425909262915,74.51282903950016
321.34803686839854,131.86619181131826,23.09717342123093,74.09144264241917
321.6839126831258,132.08250418301253,23.012718873723664,74.13912100772279
320.56944115332686,131.81228911391045,22.920668509859684,73.92607542027618
319.7403547065954,132.84907468977485,22.865412906008125,73.46855033959989
319.65121517803783,132.5899467137083,22.965244725512484,73.15947343746214
318.70434690271196,133.0018572698234,22.93124690116412,72.96819743879544
318.24284968093536,134.33519437883606,22.672970506933602,72.58639098428938
317.45766844012905,134.60499259498857,22.563083655164473,72.02028003856626
317.3989555141985,135.79106789064943,22.242417692507626,71.58249269320862
316.8096804808083,136.07513076959157,22.07474333206485,71.02823297338605
316.32373043384706,136.34877675938696,21.936057021186944,70.37727720654948
316.3290966633281,135.59588839788944,21.822793903979854,70.02894952986341
314.77403303455833,135.7679872150893,21.779567708836847,69.52231541017315
313.54023762078975,134.5460386783374,21.795608291088854,69.24390003326806
312.94319858219427,135.51529403645847,21.76944267588176,69.06924596642472
312.16462549924955,135.03258076859694,21.87699875483433,68.91130793439112
311.18082881691424,135.96735573404408,21.788612629224723,68.72490519549822
310.4870503639753,137.07967507069748,21.66146745342229,68.22063121201839
310.7857715241549,138.50402792834066,21.60127463858307,67.57330336538433
310.5900767585467,138.72797117420188,21.481212687026694,67.3370464729947
311.0036726298064,139.4907166234059,21.538021186263684,66.76448894565372
310.8129761702843,140.83190225021252,21.523341389787014,66.23014129738712
311.30127457191253,140.83256499434333,21.572433473172985,66.18428358458956
310.30048915464135,140.28648589191835,21.91870130631154,66.18113098221144
310.6162711691841,139.95839152031542,22.210081703762665,66.10777937736435
310.80802119745016,138.765216172907,22.357528140379266,66.2711426587748
311.2081835849961,138.8271337935002,22.429351461848764,66.5100778557827
312.2933740197494,138.23998857351472,22.440612171016458,66.64514092930621
312.41067952141213,137.39900051519544,22.351561015046,67.17053278309686
313.0926779795248,138.10648180179967,22.315891516194224,67.41062895145792
313.4955094668152,137.42567048576274,22.41740712237447,67.91249159713118
313.4745767632917,137.5540372369435,22.793507541952707,68.21595592496985
313.47105775646673,137.36189061435596,23.195527476321736,68.19409349449532
313.29185983268167,138.5524570061072,23.823350384972816,67.57468101071356
312.9728055866604,138.30626383399886,24.432615036431248,67.68768823148093
312.6392365878853,137.93314526474364,24.660047274694488,67.9244530594483
312.8559423167943,137.6325983390592,24.763768914525134,67.93285143619258
313.0684665101983,137.07442316013527,24.92877742392697,68.27266860760471
312.8364818605455,137.19213472167382,25.014435834226823,68.42299482458498
312.2404002746347,137.18122316408707,24.900778421751287,68.58488967454451
310.09795573313824,136.95364292875115,24.818488110975835,68.73677995426213
308.43648935480616,137.2612231584647,24.958386686045177,68.53830924836745
310.74324580564763,136.76614552149942,24.775815842925415,68.38184103005713
308.3074880975359,136.7661806162164,24.882926962273892,68.16202441487528
306.56482759143233,135.92387096334917,25.050835836495867,67.95722428415496
308.24030911625493,136.12741132970154,24.46366291746589,68.77903158627075
306.2996055862183,134.1064200986472,24.34264764477542,68.99094164542538
307.65637585048665,134.6865438870429,24.282592891232586,69.40334760066222
305.16516171538524,134.2490458980895,24.281723813413027,69.08093204139854
307.1132960744607,135.05390957064327,24.16430350491478,68.90586989938546
308.69968328135684,135.7925890194467,23.61251388383188,68.66540310592752
306.59744634855304,134.4660358144547,23.47240423808693,68.39874714294093
308.2668318827141,135.8960078083901,23.349371704692203,67.89671760285452
308.95631973673784,136.4876147067747,23.32657213456886,67.6416448635766
306.8462341555529,135.43852933905944,23.236397170382318,67.50686705736594
308.6371465797146,135.2717227138903,23.19375903813862,67.53318134940264
310.2740749165858,134.92817855834363,22.907980004929797,67.36674938633371
308.152725910282,135.07158070228434,22.83981738368722,67.3418187013194
309.9860989892807,134.91343589063663,22.757733186291585,67.29896375617153
311.5091370855956,135.38691790459006,22.676866239343504,67.3078533096932
311.7839635562719,136.5408376042077,22.44128608575277,67.06244429223287
311.28923882152037,136.62462313766724,22.391033735835926,66.9433111559573
312.3863345839908,137.0337824679721,21.968704598552247,67.13766015129244
313.570910193085,136.6728783668246,21.513199243896825,67.41535745342375
313.6444160355421,136.21503906163215,21.02851162991306,68.15111732758926
313.60482273887334,133.4320981534874,20.954841366666116,69.2897048895758
313.3818641160557,130.8576797327934,21.10360633149395,70.53845747383791
312.7414811328815,128.67046626199385,21.271514598447936,71.85591477279789
311.87111854193176,128.6063540075929,21.56599995128407,72.69523187288547
310.9219315048015,127.88358492406397,21.803477009019396,73.84532486596453
310.0032596847848,126.13916162099228,22.08741786756633,74.77923625520421
309.36532101515576,125.00783515458379,22.26195658187014,75.45083379480221
309.2466595128497,124.93120862591542,22.367078719544537,76.18309036499831
308.3916507778158,126.50134330987541,22.463069285506183,75.95141632064093
307.5490773218625,127.55308941111764,22.344620296877206,76.18300831806187
307.4089006407901,129.1821719695026,22.308996622069078,75.61780394042768
306.8230768205739,130.1979670402161,22.140228546330302,75.09426209497545
306.7194952718428,130.60879822714543,22.1153497484029,74.94297059790583
306.9222708205242,130.62039089203745,22.053668456375995,74.40898276072132
307.1273369251844,131.61207518924027,21.786440454166037,74.2491299391352
306.6480318860935,131.57112420872693,21.697812540061154,73.87549487900176
306.97709374986067,130.47550490813222,21.655055390628952,73.78691756794441
307.3637541387727,131.35571183249868,21.75707513414047,73.84850899112313
307.97655368881374,132.87396770196278,22.17991043461684,73.41049130508193
308.0870695755709,131.97924732250956,22.84898438543724,73.41157385247102
307.87031531147073,132.2113712908583,23.613261320028755,73.22844436832253
307.27957900976935,132.39888017568046,24.411281001325786,73.09775079108297
304.6112716128836,132.61711852728752,24.80298336147295,73.42168475433458
306.0250381564248,132.80953237584112,25.188446518821102,73.27472356320791
306.47563586226903,131.65784618461788,25.478552333748592,73.52276853018805
306.144643725977,132.34720292581864,25.754759550115462,73.01892034128934
305.86586431175584,132.32406702993978,25.72778725015125,72.98056879625508
305.2056786200261,133.51531327801803,25.422281968495348,72.33927126355375
305.2338010432802,132.85537008798394,25.186461976742503,72.2779427865205
305.82784584756683,134.12815104025916,24.967681817365108,71.80102755135789
303.0190749899461,132.99644468993523,25.12488303272872,71.61063957375256
303.9330567418212,134.42629777067845,25.068718020456444,71.2255682980541
302.24261206122424,132.42853667874377,25.151141414472065,71.59277908627833
303.8778946953899,134.87006591948986,24.968782198920884,71.24576281822607
305.1934474310476,135.0914990142502,24.64469000084456,70.74792352932471
302.8342028698993,134.2769111494669,24.71510783407876,70.96529553650966
305.1506658857279,134.81100838117555,24.470100274711506,70.69817611438647
306.7124968313331,135.1439318919717,24.306241964738927,70.37528289394928
307.55864322242917,135.19919898301256,24.17501628688636,69.9015743329956
307.66812692675944,135.62636078272715,24.052527675721176,69.50209643025414
308.60653191076784,134.87037365537194,24.17908703906421,69.58445506816618
309.3055452937841,135.23742857606754,24.010435277800102,69.3214119997127
311.88453652843015,136.557256874178,24.0762987672177,69.15558181187802
312.37262181952593,136.47541525061456,24.49247516321373,68.67479478455652
313.17329044526804,137.55848403117812,25.120439602784767,68.42011225863902
313.2084656016628,137.2099363978294,25.63514398560158,68.58314716633534
313.22523788076165,137.56048885932972,26.102897378148477,68.64297015890781
314.0763867714819,137.59084268753713,26.144599316327643,68.71359627086079
314.1167472911909,136.8840532840171,26.3222392886532,68.9948074669694
315.3150259304271,137.37738000932097,26.843312682635677,68.96754811368987
316.22392403757584,137.54968926741367,27.20305653219621,68.72535738558327
318.0645743143754,138.31846937905746,27.612971589101196,68.02978918290268
319.0939119731126,138.541176208339,27.83130122882591,67.34516906124105
319.29671024253867,138.17027181178992,27.922236414903654,67.20088924464383
319.5651947457245,138.33643255304543,27.895541222733357,66.93680099880326
321.5906494121443,138.3683134018362,27.263779142930325,67.27999996740138
322.72116317419466,136.61252573964788,26.506341487375092,67.3654438048853
324.79230229239766,135.8586809823392,25.8027496218186,67.82900394785963
326.0087561222017,135.44109167087876,25.014839439742005,68.69879867976425
327.7746421709715,135.18010058063302,24.624690362374494,69.15938204489208
330.02797973447815,135.67955415581997,24.06249422400867,69.67057919310977
331.7773298381256,134.35900104802144,23.73653876769038,70.59542855178853
333.28055638726306,133.78005138949496,23.351354180233844,71.63014587756238
335.26508623001376,134.45796709441882,22.98974188052041,72.66561133127054
336.92550674253295,132.90569221002625,22.535750754774117,73.72481388631056
337.5911083069873,132.16542105399355,22.26897988923979,74.71367959958866
339.2534465091015,131.31500373376252,22.312251778697252,75.17924576642552
340.0699662458463,132.28026694946664,22.477331611771948,74.97550118011006
341.228714283566,131.82051084357107,22.5044688771682,74.88602918379425
342.6213875453763,131.44225355419923,22.41547364329668,74.92479231915183
343.8612005274143,133.94308451299833,22.263161579214525,74.9516767348666
345.01161985737343,134.387879601189,22.0335280584565,74.94227746739406
345.9418952215473,137.16767005822192,21.699153425117547,74.46245185957216
346.6543068661457,138.0111629265267,21.585110422709707,73.86735025916252
346.50962442247646,139.22911868082556,21.874559758151943,73.71108681613185
347.0405520122497,139.58043006094144,22.277559772697277,73.69478030765487
346.986535813507,139.82398746879144,22.845842100802866,73.24790398414568
346.8141777098534,139.87836261844635,23.35337112222641,73.26336592004822
349.658076360295,139.11002520529257,23.572297320641404,73.05805399479934
348.3175442163018,139.697151938948,23.67200436795089,72.97756054106885
347.78658351212647,139.0576594770314,23.70903797608494,73.05068091621891
348.42320410383206,139.0274513591688,23.666955526041665,73.17297831789557
347.6266255071661,138.86009072087884,23.519724802808536,73.29003675339384
347.0559147278664,137.8834954775931,23.735816735801414,73.31707882535353
347.09918406667003,137.78731928976902,23.82403713323985,73.62481265791327
346.74520209104816,136.05586835008816,24.027009076274375,74.56338892806781
345.6189874144743,136.27834151943125,24.34548240239108,74.9967379513773
346.19769874508205,134.40946080125963,24.516854697382893,75.66230481145718
342.4402454837962,132.75349731838423,24.718010476088622,77.14400225641018
343.616536664619,130.97576869284686,24.7912940030386,78.69371743442588
344.210203225579,128.8353859624787,24.167439172153276,80.60974300029525
343.85728566455856,127.15198023085833,24.25545003777409,81.18763572993919
343.3024748246249,126.05275465642977,24.179137174031727,81.91349869730064
342.19416129328266,125.32393078865815,24.168857698706603,82.17704724499293
341.1786101257805,126.54497368597947,24.152451317127703,82.52260583664179
337.5729023289864,126.18270621041911,24.079052552958306,83.24027343954603
338.26242044951175,128.6225482163622,23.787970594668145,82.50936166734493
338.33535606786614,129.83470140763973,23.744444280680757,82.35325782804856
338.4641884707242,131.41576955266848,23.55106034254132,81.58294602186248
337.78057675232844,131.9618767905109,23.580692369649586,81.60753018547513
337.50929702960815,131.39458796252967,23.528599460372913,81.36054990000085
334.7985214845674,130.92001235565579,23.664532245248125,81.1848527479649
336.1358635198698,131.98675948323705,23.577794351172148,80.6809890584457
337.3585698443809,132.2115409848753,23.421156192506487,80.55281260106567
338.9403791273543,131.79964330570022,23.51083662443872,80.56521356597179
340.72927548614905,131.44514494690054,24.19263310210072,79.9867388699588
340.85644860746555,131.44018620369036,25.155596811249872,79.67300385050453
340.72643451155665,132.41759038277394,26.003359285084436,79.43128257424652
340.20496095965166,132.38463589319673,26.570277708093098,79.54492243884707
339.9501023024831,131.1578260905008,26.816464440240566,79.92310616739258
339.69821466289295,131.63912825760124,27.133089598685743,79.67069183134157
339.42451160519187,132.60562856397001,27.331627940078246,79.2098112652196
339.0310732976643,134.0074766748985,27.16048106661179,79.08759616633327
336.2566978716726,133.3071202999734,27.128421848557316,78.61738003263086
338.08736900421343,134.09066943395203,26.28003162510165,78.47840809981767
335.5528211453194,133.13944207494035,26.047754337976382,78.26744876869246
336.93146424945724,133.22962690432652,25.87605753857516,77.90391472197878
337.77198024063904,132.63821542547402,25.679512016897313,77.76668112202844
334.942644788582,133.11632759677101,25.904945368368526,77.56380548758723
337.02839376523735,134.23105913463817,25.695651156131508,77.64872734913926
337.9249327072409,134.51732229302752,25.601280256644337,77.34688467856267
338.9631418699344,134.4658711033409,25.43231153433807,77.06940755993098
339.041709671675,134.33722619759078,25.037407504319386,77.11636856896487
339.9127862282864,135.33820757493743,24.800621789358587,76.72634321795044
340.0540906187358,134.16237189927125,24.852835961207067,76.90497775554681
339.5631658902979,135.00436983194786,25.23000148244073,76.3153970780293
339.75232198593636,134.0452353941951,25.164861929580102,76.29486895646454
340.05566619000075,133.57439309741181,25.097859724454274,76.38559615638488
338.9604112605054,133.48338987756986,24.991802381830574,76.35725321509874
339.5042738838545,135.17812243486884,24.787229977653976,75.53899967696259
338.30318546260855,136.46560500887668,24.594596095887447,74.55299446127417
337.6547074389791,135.63445445704346,24.41631095891182,74.4983221409828
337.7782941849501,137.75278457574976,24.38506909114395,74.40448703021815
337.2518175784696,139.98574755035187,24.681257057713516,73.58162844093823
336.1512879438484,140.27528423599568,24.768329119543353,72.84004665645497
334.1183304314876,142.44723486359166,24.68696965009369,72.47296563174704
332.44160313426863,141.79555998211694,24.49185599578286,71.98296875124862
331.2850908693847,142.22213833955337,24.410296108207657,71.49928620896792
331.46432200729595,142.40767517029354,24.317510867240017,71.49242813009676
330.71410404742943,143.12370372329238,24.127750630471226,71.28263626762936
329.4431164653377,143.0444423276835,24.202507157188226,71.41351247999876
328.64294924186294,141.49492851985022,24.002257049465555,71.494632476189
327.3454424799309,140.0310409699666,24.3229237448689,71.51516217838848
325.78223310817003,138.87718150292028,24.990045785052065,72.52989829578497
324.5089164016987,136.67237286059813,25.44389240905434,74.01067995001239
322.64544884834703,136.48151068643782,25.83920276943502,75.34517196848759
319.0195734895527,136.40885865371763,26.171310084923974,76.10692622447212
318.9605950173417,136.6389953793858,27.049144055427234,76.55818159889569
317.4986964980565,137.61827489585286,27.372962647037063,76.55451687023702
315.5592807343262,138.08865507701796,27.239892319028975,76.53097459701056
312.9426682014768,138.82165769362612,27.143826994713066,76.14162987767207
310.51631804835546,140.08756561450951,27.101292716147398,76.00022135974257
308.9464133148951,139.56355410817855,27.287100756371434,75.95078314880223
307.3913631311038,137.31544143922562,27.089195552588674,75.70935952277983
303.14244959874907,135.6601091202758,27.066280200916296,75.75641570502154
299.34970919727783,135.93611332115904,27.23241276396003,76.51349267236515
298.3943252778996,136.0522464531957,27.004922860788433,76.79060341100791
295.91172787722996,136.59249509864867,26.87959871071167,76.7121964549942
292.3732866032886,140.2374596929937,27.123628418170814,77.06531221488206
287.3295218024437,139.8099608678811,26.928202850182807,78.21492879950019
285.6323874409936,137.19200039847655,26.76452536794385,80.53957363624323
280.2816846518756,136.6235829055259,27.118386276074947,81.60577278929837
278.398266015798,134.1146458507391,27.477283160504253,83.47514550269278
275.8758083424989,132.50303590933183,27.78097612551075,85.2478304457414
272.8975900024406,131.5524981078372,28.53892552382794,86.90837572176817
266.4720154539246,129.1286141719453,29.111715207713065,88.12685515856973
264.32000278155476,130.27372436136417,29.799465718773476,88.32658281401841
261.6684618011818,131.9805621434836,30.229710612868935,88.54305661425096
258.09092640008396,134.98562896979928,30.56495719631472,88.41248915424657
253.9066956510085,135.81669782133463,30.587384644477822,88.39927484824014
250.61706784285047,134.6927734362359,30.47094962892743,88.76770441086462
248.19922549232956,132.83039034987428,30.5943521491831,88.89926060166952
246.23608400359586,130.94865778283088,30.578438280642207,89.4636006842579
243.27351048704662,129.54191560534792,30.74693486589524,90.07470843514363
237.22831078683208,129.34432178147557,30.948890319485912,90.54397222132513
235.94283651640865,130.46246935785655,31.057681372463577,90.93091706261227
232.63546592104862,131.54305556985906,31.015927945721458,91.07538295190066
228.7753928461249,131.9998865828174,30.908939486346494,91.23105590980967
221.5061875947464,133.19686439328086,30.618150198148925,91.43614794971039
216.42226836872086,132.6101692695524,30.10720809447486,92.0080114599542
215.3188982483077,135.0319761550048,29.991975726734868,92.7686934196402
209.98413629473043,134.40989906887378,30.090165748696535,93.8715231313958
207.8428248533519,133.45227869606808,30.53871270371923,94.83967545661615
205.66981378286187,131.81116474126395,31.142742371097036,96.62276346124847
199.68196219310647,129.92926641809458,32.18206993262689,97.59663071763362
197.72904452091745,130.03200369503585,32.60449205755302,98.15679254823823
191.74944613608304,130.59115410299214,32.79468686646743,98.79668069526207
187.3780242215321,133.9232899207224,32.74640635169727,99.1587152121453
