84.5,151.5,92,104
90.80099753675063,155.94241316190136,91.35569516545138,102.37765631932473
98.90122080742852,155.9066389083857,90.56334493757217,100.87364521026718
108.3530888614081,156.70904700294955,89.74694823085812,99.54073864547763
115.59696734544363,158.07547836303175,88.34427427059954,98.03036337495924
124.2496598072884,159.24234211593503,87.10760539610435,96.77767100632919
132.66463386523588,160.64068204573158,86.06789470696717,95.46475615280144
139.79828327681133,161.10103700057374,84.32278979250772,94.37778448073655
145.99657216282947,162.8938401645836,82.46234769399439,93.25856041780779
152.90787298290468,162.1867563168855,81.12427650275757,92.57360034373376
159.5664744229017,165.0816941760682,79.48884966951644,91.67517646100065
165.1061121765793,165.27967699475656,78.00791610399475,90.89135672435027
172.2145493871171,165.62805737881996,76.87704212542401,90.09121640117687
177.9055289273864,167.22027360256493,75.09482307326675,89.11919488050583
183.41420626871127,167.36033732432665,74.66701554790461,87.47261820011256
187.81023898023173,168.03467308360484,74.08160944188029,86.32790082686847
193.26320113432035,166.43550732588264,72.95594426608832,86.37083850343042
198.38756954325513,167.91911032166445,71.69451308939308,85.81712638355569
203.99451460727033,165.08441536905957,69.84925718530066,86.72583036805007
209.63996820549397,168.13595394430172,68.81112327376547,85.42919166361072
213.46327947363267,168.32137098045894,67.45761826068147,84.82423975553618
217.65440410951945,169.54398631803633,66.41316901484782,83.899132204504
221.3583258822568,171.3056803334005,65.5280386537298,82.95386917377569
225.0275483608416,170.87917833154177,64.54283370968278,82.15946278473186
229.81949879720582,171.58518419339762,63.444226225321046,81.29052399993924
233.51671932841802,170.72178147014836,62.49966576287221,80.8781838337211
236.03063937045368,170.14159300525876,61.66612966821128,79.9677957450372
239.91036433065423,170.10496774987828,60.82302820514661,79.01415764686561
244.19354915010672,168.4846162162977,59.42267419124163,77.52228768164767
249.29401552986363,168.14827902716902,58.26581549026055,75.91886905377095
250.64307154541902,171.8526328110999,56.93607554186001,75.37016448044655
253.53955501742024,170.78094870156792,56.320308438403245,74.33774620430174
256.79197419800397,173.5400386936097,55.28072819872629,73.24329945462375
260.6399747413755,169.83434932082375,54.058363739180464,71.55324539990266
264.26970612563736,169.56184842410147,53.23658026142826,70.25878229046938
264.7445526500557,172.67233887719476,52.2228583907059,70.01788628037045
266.6105734524038,172.55993012045246,51.49058242054647,69.33155500731024
269.3738885348941,173.90542827468175,50.802598190624494,68.96428749867167
271.192011500079,172.67720765088256,50.174246776245965,68.07897383293997
274.9684340794535,171.3299648700015,49.523769209354796,66.29310937715442
276.2916360946576,173.44612062323705,48.00087720859444,66.37098044209452
279.4445495378349,171.53066010715276,47.46889742535868,64.79196218517005
280.2619217931284,174.48365534674627,46.337632812747685,64.93766752965246
286.14222489974514,169.52141775913913,44.95026707040038,64.86293520822372
284.96578400567194,172.79602538292704,43.75392948865851,64.36413833757045
289.1866275779015,171.4049234044294,42.59054596739886,63.56486584459932
288.5278112796515,173.4895159531794,41.97582232553375,63.002753100462385
292.1720122212809,171.92043070821651,40.95900113838082,62.06416663619503
292.2305326586046,174.4652556565532,40.334109795574705,61.429992546711574
293.6770341484576,174.82038139343172,40.02912427955282,61.18289187222897
298.03794997136686,169.47398416780538,39.130994969091894,60.59135023339374
295.9790050164238,172.90571846755606,38.70527812086037,59.70928927625694
297.6329878974692,172.3304934965861,39.073626951131004,57.83376613660812
297.4505521681115,174.29114555026467,38.62449005470572,57.40395453909286
301.0488372743682,173.53740493002528,37.8911127819506,56.562992986679205
300.70095458471116,174.53241983794146,37.373989324404064,56.24729912742032
302.5736654744508,175.2235724214855,37.216323463427514,55.92286816306049
301.3690856003858,174.11611661500248,37.54011195568291,54.71543461458854
303.64341502764114,173.36702209077572,37.658690859808786,53.305132289979944
305.78868522195796,172.8432865799442,37.52258372160238,52.08439027796687
306.10989238832343,175.14397643284923,36.63224485240481,51.99241713877663
307.08237249225385,176.09399661680985,36.275428946912115,52.12554222571995
307.8263684472676,176.14544013355984,35.819084838283864,52.0622672731218
311.23398087708745,171.8661704501653,35.631889325110286,50.89831537556762
311.8880830547062,172.98462464740504,34.84215889307906,50.76865051899094
315.15708321930435,170.03231574370128,34.8035887434787,50.10574913847126
313.6998584255251,173.84481240530383,34.043378363614636,49.88293410277225
315.54266408449047,173.00371019087572,33.83083122987287,48.668577385845964
315.87570908336716,175.15671542565389,32.8792095920667,48.61287113839658
319.7856426933685,172.3782510450442,31.878941046838165,48.42659292177169
319.19958929975434,173.62572613123237,31.00971964230926,47.81980393179896
318.08451003460647,175.67069557079284,30.6820688197303,47.500107266880875
320.069965088437,174.9055886614804,30.69577451483411,47.27071841960459
319.98005986242595,176.83410184241762,30.595388419348,47.03354603111882
321.6880939905107,175.61423550850026,30.669952458786945,46.36089843276398
321.7996928405569,176.76096004029958,30.332100813725393,46.050691284868165
323.5069806260727,175.20140239396667,30.346257876284565,45.7645281332438
323.200364206805,175.90490451545398,30.285565911086064,45.68917939258855
324.98823823472213,175.04323918357903,30.353857009304516,45.19507684215082
324.22144980964373,176.87374227420668,30.263444396608914,45.069171120948
326.5102525103438,175.65198607377482,30.323868570556645,44.395872961585255
325.221070640411,176.4902460191915,30.02805056298561,44.09485816051178
326.9492920437688,175.16760629050836,30.059631514204618,43.63845376282125
326.1943771892555,176.607552030514,30.02303552304358,43.488011078128594
326.6378550017454,177.75128286680408,30.010340740863967,43.410413783523914
328.7262566508,176.26396099147823,30.01176963574784,43.23687442679949
328.63633508559064,177.2298832883806,29.942522914191134,43.09997233120184
330.6222926942658,175.37364427344775,29.919207512209535,42.86841459255864
330.22093657825627,176.95877616320826,29.870825379108577,42.61533635800526
330.39702912575956,176.96390203297773,29.595921297233193,42.21070106877607
332.22432362721463,174.84023608571735,29.568564130642056,41.795927402994096
331.25560426498316,176.68816795206897,29.552154016298783,41.672294247759766
333.32761102960563,175.35425737207072,29.56189233718205,41.568552354625126
334.82136933790935,174.29388883064948,29.593239636971706,41.368651496107134
333.65900400674275,176.5401870616483,29.576078056873225,41.27924993843688
333.4204371200423,176.37266606630342,29.570081971303463,41.236654781223216
335.45304170561684,175.15613647177247,29.56639003877136,41.180247064691244
334.09229145031503,176.36632516995348,29.552639837933924,41.09720310910983
333.76788710691227,176.31702320615838,29.547643090035677,41.04899336093884
335.95077766744953,175.76087633019122,29.536341281857915,41.00246719900902
335.65913351816914,176.4673719660501,29.526573557297695,40.96435731404813
336.43244875236445,175.87687673739006,29.522166900056682,40.95157271357557
336.62607729628655,176.1382226437338,29.519720259905434,40.94375380948031
336.93133803861895,175.24276716559007,29.513804986426038,40.92586681025478
337.28287542544535,174.94276865399308,29.509684020127196,40.91559154512631
337.86157738251916,174.59757300763007,29.499957885177324,40.90843450802216
337.53527310643966,174.6138724534373,29.496825103374785,40.90630514946371
340.79789626572875,171.28514058227103,29.35654086670586,40.89620831440371
340.23910691010184,171.81791978274822,29.32785049493653,40.89201814045432
339.8566255856034,172.10455615633362,29.307345757687656,40.88872780276075
339.9692709125355,172.63300919008284,29.280259293362537,40.88147061622082
340.2913327298796,172.44536877455025,29.243169984273862,40.86624056037845
341.06722718783834,173.65647179208804,29.239399166233934,40.86401934280778
341.41293911198727,172.58485892678786,29.221807436447357,40.855293760389316
341.44800333920807,173.58630261787974,29.22093682251993,40.85238134425476
341.8674370895767,173.90161336613352,29.220701249749716,40.85161852036605
342.3258651684444,174.05273204475967,29.220166190818755,40.84998362898174
343.2506568542767,174.07392427379273,29.219545245339745,40.848241894356775
343.9672299626489,173.509307464756,29.21915747910346,40.84732126037791
343.74232489375214,173.33388020984725,29.216515672545874,40.84584249273147
343.36571323251417,172.55272973699036,29.216062759345927,40.84564641867751
344.43043289744423,173.9168123826232,29.215990781017826,40.84525455537509
344.6661205969053,174.14420162028057,29.215975052257917,40.84515401947532
345.0709421942602,174.40118511319224,29.215965052948285,40.84509136676662
346.0824363526667,174.34752526845128,29.215945743627355,40.8449662260097
346.6865238817642,174.08761064405658,29.21594026493838,40.844917444975785
347.57636892864275,173.78971474634906,29.215926489349805,40.84475869651039
347.7026895875803,173.27663943271588,29.21590437838005,40.84455000408983
348.7832528660209,173.53379571567513,29.2159018125115,40.84444199988172
348.96613227300907,173.7298478469913,29.215892476875325,40.84432738559149
349.1698372140546,173.12569507469723,29.215887643393042,40.84417700996021
349.82527627388225,172.96692660700305,29.215881959307424,40.84404574580939
349.8072654591155,172.29993581165684,29.2158228745258,40.84364814033485
350.1292745239703,172.33199149348437,29.21580020866433,40.843416527348765
350.70168186992225,172.32751091904518,29.215773185942187,40.84317887929175
355.2821956945864,168.52479618161576,29.231329780388343,40.79523892742331
355.12880680625534,168.9752976731356,29.232634467832316,40.79073599540522
356.60128326842374,166.73806028066633,29.242934190895426,40.76983037873245
357.2750628072965,167.239531310699,29.24656341519002,40.76272630513639
358.25817033555046,166.98934459624624,29.252896009019313,40.75279421016951
358.8503881219946,167.33122237909234,29.25383433845189,40.75097139184133
359.8864169503485,166.33129600584567,29.257209697567404,40.74623362701264
357.50379015595973,167.02027161325734,29.266174757902597,40.72508082260496
358.1060185875782,166.97613337663347,29.273332265011753,40.710512238007624
358.60923590427893,167.39199765082867,29.29531867596,40.6519817577591
359.47147222364464,167.2743752995013,29.297475652058523,40.64789151950354
360.66776146484926,163.79094206684738,29.357105688631293,40.598154038125585
361.17080416359926,163.67701838426333,29.403970911782523,40.55947845932013
361.6165663935843,163.9418825733087,29.503498066096896,40.49003198974149
359.4683069018386,164.80451831062246,29.570966890133963,40.386710783859414
360.7471669395021,164.29829819262164,29.62993911941818,40.32966177921468
361.59514566902794,163.67893380789891,29.671068671703754,40.29065877242266
362.23513194059535,163.5646226809411,29.769249810323995,40.23319357297294
359.741249623343,164.26975135552914,29.819154909611523,40.201916502765684
360.9715415885756,164.35483857080325,29.97001569083151,40.058230212442886
361.77592268266756,164.21558468244,30.0257819917604,40.02073883889318
361.57614147254026,163.98414075905748,30.09126154033943,39.98061104826049
361.95496197197855,164.04124526108157,30.203687720665954,39.92751467159935
361.44490139849137,163.61081542836695,30.313627285666257,39.85820999987039
360.87931572094317,163.3208784415037,30.403746656929375,39.80999687023002
361.34384803142495,163.91948205770308,30.43009740404593,39.796805746344155
361.41536537956136,163.42616211009684,30.625913384786454,39.70874302105032
361.2451947870244,166.29872605344494,30.679364092918405,39.61100120842029
361.0738311317398,165.7276265473634,30.73306964326224,39.527412700174736
361.9717148302642,166.1624090553145,30.773228302121648,39.465071302303116
362.2373901746383,165.54693487414693,30.81245088369438,39.3975569161107
362.0272362956018,166.02604502942125,30.8337521856306,39.35219753552805
362.8346382458642,166.2081785386815,30.85281542969052,39.31020204286737
363.3713852596963,165.62254517592189,30.86447462411033,39.277711959151986
363.4987195447265,165.4954242361961,30.892901354247584,39.24171834899669
360.3684687769697,165.41052764152508,30.914846504720927,39.192397905302116
362.14232887330326,165.43617985663283,30.93071993807613,39.16698769414239
363.5560084135812,165.34576504129436,30.981352057013623,39.094628267707584
360.275539647908,165.38613816427198,31.032100531963568,39.03072935282923
361.9940942999601,165.04013946908393,31.101303121322434,38.96535037039114
362.83727896979843,164.49253749109153,31.152918915770574,38.91552609284784
363.6053776740722,164.27989342545382,31.17841207614694,38.902549317716804
363.46131390322176,163.94215502567903,31.18383821494524,38.89766663450121
363.9722862243386,164.16467232267422,31.186503496074366,38.89549601150574
364.18728360146554,163.9150869439319,31.191027973139903,38.89053092189873
364.0756333783368,163.9300720164896,31.1928282610874,38.8895518240763
365.32121903446387,167.32445633949655,31.20138634374601,38.87504894420617
365.586793492112,165.7249074157212,31.214849776529345,38.85863737708404
362.9435544704677,165.28440000840567,31.225058383935483,38.84787604721053
363.0110888021684,164.81574843308027,31.22862231607311,38.84211254127183
363.02172379508994,164.17411490420645,31.231597720898527,38.83597031919617
364.0308457229207,163.96127436833163,31.233681910128464,38.83404337779275
361.27289913086736,163.47779215755878,31.247625307095173,38.82862465782079
362.9140292614437,166.21833807147337,31.256867044843794,38.81193836664324
364.2892258009586,165.25495234860875,31.266999669244274,38.803600077837245
364.4238802205137,164.0195154218306,31.270297441385893,38.79762413700577
361.1944503561442,163.17299877624146,31.277590950795044,38.79233107892557
362.578324734717,163.25077778444017,31.283837354705902,38.78739580291609
362.49787860444155,163.02112870134263,31.288371090099893,38.78441342745276
363.0081099692969,162.85890122161115,31.292904998687145,38.7798490788255
363.5583659703869,162.64519716071013,31.298793486314363,38.77491788998151
363.6655195526733,163.95826765710046,31.311483667427577,38.76364029289176
364.0077101111083,163.23951087475905,31.312828418305838,38.76167081104292
364.5397518839039,162.63262478986329,31.31380429616125,38.760616039344235
365.0209656809695,162.62935484970978,31.31418620510848,38.7602692050475
365.1378569710171,162.2361708318136,31.314465506913216,38.75996351618851
365.64681598716066,161.92575302585288,31.314811529878035,38.75966061502174
365.6633928255995,162.19505862018752,31.315216735773312,38.7592999322767
365.8469577208454,161.74579496850401,31.31565138505507,38.758893169348106
365.55200870190896,162.04510496705487,31.316175834365936,38.75845489679471
365.3791450294318,162.4432257382124,31.317459679278308,38.75743271626175
365.4749810581514,162.17255044695213,31.31903452287439,38.75624030475991
365.7491821213533,162.20288203625827,31.319829772245047,38.75528220102417
365.6179089614107,162.43326751684978,31.320716678554028,38.75389395268218
365.983316698479,162.54638820190954,31.32267134935692,38.751499301231604
362.58311924152395,162.42212250626326,31.33552725798746,38.7407606205408
362.93531069553165,162.32803256572748,31.34594595948818,38.729698982638055
363.15448229021365,162.15853610968477,31.349134011064255,38.72572241754682
363.25703375184304,161.85245573891032,31.35157116775679,38.722620054656936
362.3762174506951,161.9862152204968,31.354974395167087,38.71983831010238
363.0185010427168,162.63893591720426,31.355767070590243,38.718845163643344
362.9199425194478,162.38326280006177,31.36573229766077,38.70601128365905
362.8072283170967,164.3250814781628,31.38390672470659,38.66932350478857
363.08260385852094,162.98158980410903,31.39768136531537,38.6482270379852
362.7523757637291,161.88944082603322,31.404019911065937,38.64037845444868
362.3784882541718,161.53157312574118,31.40634818859948,38.637919787554594
362.05107711020406,163.36691248801287,31.412787097552535,38.63101483811194
362.34636174035705,162.08727909740375,31.44136519757138,38.60856245925023
361.54882423631676,161.5340187631383,31.449330401498507,38.60266137675878
361.2064649150697,162.88442969086572,31.459685788491807,38.594735172167574
361.6106314144019,161.68816764412648,31.57415005249612,38.51054560826692
361.6154780419643,163.09749930705823,31.60721987781917,38.48056259742109
361.4743398154993,161.97766318117453,31.676902343164983,38.43997881624479
361.00598973556185,161.75793161121024,31.68775151560559,38.431933501850544
360.83097338329367,161.70865853276052,31.692913623017887,38.42644839396806
360.69635348939363,163.08854910714004,31.71151039591006,38.40770675975062
360.96922459130565,161.94266597517046,31.76375638035282,38.36796557930807
360.6658361313189,162.8582040058948,31.798439813540398,38.348653638914996
361.2209051030465,161.54964650045,31.81806237385405,38.33603985570668
361.2140953314396,162.2948835981811,31.829334576959127,38.32763324523599
361.61309945598595,162.76145323419917,31.845074985569827,38.31881240600776
361.0063128931215,161.3514658940726,31.863237978890506,38.30804949547107
361.2265995798368,161.67231716347055,31.878576510033465,38.29998134512196
361.60881921530745,160.50017208532364,31.884950227373324,38.296012529247854
360.64403089671174,160.80446710584408,31.88610715535917,38.29510763692293
360.39148755272566,160.8646749202087,31.889189756359958,38.292744691964344
361.2194672588535,160.85237718389746,31.891745797442915,38.29055960583678
361.31165849967067,160.31112255628017,31.892448359119705,38.29000776201895
361.26089799729755,160.46011818919257,31.894961779711366,38.288058223260165
361.37894012029096,159.96635717996628,31.89679643218781,38.286842420133766
361.20445869294156,160.3855359749412,31.898144044882237,38.28583686761374
361.28048463985743,160.02636390714633,31.90087036335933,38.28399393521796
360.99950735088305,160.0254333364728,31.903073013455433,38.282288105050675
360.90976142106587,160.4481852888915,31.904711720933957,38.281003765604794
360.5611174987472,159.8883925521486,31.906788155048876,38.279698621720016
360.76083968957374,159.99310432127822,31.907424841673105,38.279133156218435
361.2640647866547,160.32583921997116,31.908303634632734,38.278401537085735
361.73605661058673,160.7097885769056,31.909372848936044,38.27759075961825
361.65696380059205,160.45939785139387,31.909607158648452,38.27733318247396
361.3750398020271,160.28409914188936,31.909827018666615,38.277098377590804
362.0113752473473,160.69956278973387,31.910342692471758,38.27657440984363
361.9613283381188,160.1358097478303,31.910516193398124,38.276380403242484
362.1139917342066,160.3628687827628,31.91056676538117,38.276316867812746
362.2415456183433,159.85688535518895,31.911655197955437,38.275197403990724
362.48398043203053,160.33101341782543,31.912179184157825,38.27462109639432
362.6509179817408,160.77829300324046,31.91225219031098,38.274529160175724
362.12476860789417,160.4711479552941,31.91267630040049,38.27400348448875
362.43172772824437,160.07012324648622,31.9130797683793,38.27352958715165
362.69228848716523,160.54813689712873,31.913225008979484,38.273356880574134
362.429385081026,160.05233882922056,31.91373882866603,38.27260225926844
362.4813147264421,160.58263279334366,31.914091821921946,38.2722246781978
363.3658766035544,159.99737017703688,31.91433457045919,38.27188211009879
363.381869210756,160.3790519997508,31.914448860079744,38.27169675360755
363.2980573490812,159.71876248734762,31.91504120587551,38.27083901560417
363.07915220098687,159.86161424871148,31.91547071135371,38.270311859444035
362.3884854154081,160.20470301422367,31.915616009081287,38.27012811904623
362.89542174862834,160.6336214229477,31.91619425034815,38.26937843691309
362.6539377486319,159.68588181456295,31.916483121694124,38.26899006754673
361.8436536981347,159.51456011393893,31.91657795704065,38.268860627341226
362.22284242626023,159.4694476774203,31.916945038619936,38.26844346537096
361.98605283760435,159.38194113827967,31.917070694203215,38.26829679128331
361.94058142271007,159.10291878523594,31.917238674934488,38.268085705706675
361.9080184861997,159.6763463643839,31.917340745734503,38.26797718284774
362.15731563381667,159.16652082063547,31.917529264049612,38.26774416084752
362.0901315052518,159.68334882447593,31.91778054372608,38.26749333791239
362.167934175607,159.11738646746844,31.918072805454607,38.267170365541276
361.90230997490744,159.78171021364557,31.91853117589741,38.26669853713509
361.8842521341539,159.36118996699025,31.91937652783969,38.26580876025071
361.5685781496159,159.74558562601564,31.91970329530516,38.26547789475654
361.53090721999354,159.20546833935757,31.921539134540353,38.26362220947434
361.854869692845,159.32143678487355,31.92247422616421,38.262727509828615
361.52898106904394,159.194561699333,31.92289555154422,38.26228970955614
361.8354082291419,159.30299811962425,31.923737091257365,38.26139626627061
360.90974124027485,159.25513760777608,31.92426840900309,38.26086496776996
360.70384730380215,159.20462369861124,31.9255544740204,38.25959853477688
360.7223875991574,158.9188554472239,31.92599897835543,38.25910735429352
360.6059562402647,158.91314996708363,31.927881582992153,38.25729533984899
360.73150980617186,158.75732784359633,31.92846609060118,38.25672765607183
360.7510758058204,158.4907592705325,31.92904287701685,38.25616058095083
360.68809070479165,158.25188671548705,31.929928202060186,38.255228716268334
359.9611335809011,158.77689636910682,31.930493455586166,38.25460425499132
359.6955871919109,158.59282364982283,31.93127941746563,38.2536719216572
359.4997518138052,158.620380247407,31.9316048217426,38.25331534179974
360.72138912177263,158.54401986565512,31.93499859226699,38.25035902514911
360.0795287659181,157.93842293575764,31.935409844289833,38.2499546078521
360.2945761660286,158.33639147109426,31.936466523551466,38.24895252520069
360.49566354727784,159.1374667430049,31.93728734744825,38.248160633494315
360.15774585299147,158.88664574000637,31.939284180208116,38.246281733519794
360.4005741335536,158.31066907457114,31.94019955688332,38.245335083845276
360.3701996994467,158.7436512590675,31.940576933039097,38.24495449228023
360.4981807743071,158.39160868182054,31.940938508303404,38.24456340947704
360.43360555629636,158.24380191100957,31.941278702506416,38.244189941096884
359.8545923688604,158.7829008883729,31.94151012498587,38.24390336332333
359.9830102382626,158.8011240519182,31.941918436684173,38.24347870469667
359.86491017095614,158.59779398142115,31.942137539044833,38.243234237679516
359.8348260837235,158.3168904928962,31.94235896042541,38.24299468686687
359.6935551094159,158.54061134857636,31.942432351682804,38.24289400038219
359.3555490525548,158.40852684396643,31.942557595974495,38.24272031412742
360.37485175303414,158.11577780958976,31.942896200981934,38.242317301318735
361.04689406291953,158.26043163262383,31.942944243030638,38.24224027015115
360.96888621864196,158.02116247181436,31.943013855669516,38.242115177053364
360.66209485950844,157.9817741630896,31.943040725338008,38.24207038873453
360.15295023808983,157.95108255538273,31.943094642361995,38.24198113234487
360.8035916978043,157.6939836970357,31.943104499994565,38.24196033984166
360.9666856126982,157.40085300583772,31.94311241686696,38.24194471418097
360.7277531831729,156.98544520687727,31.943126361916,38.241921274206646
360.57831184504147,157.92069834637985,31.94314732596164,38.24188325405925
360.5015741604909,157.96215801019682,31.943162252042846,38.24185735761201
361.222537292474,157.77613600616849,31.943169858392302,38.241842556865066
361.21131468462096,157.7645330884768,31.94318055449442,38.24182299537687
360.9772275258342,157.62512786451333,31.94318831213326,38.24181057424142
360.8819563152548,157.57989696802815,31.943197572128874,38.241795802148786
360.90331238922744,157.82756380550987,31.943206133179586,38.241783639407615
361.07166119920896,157.89140746359368,31.943226476435267,38.24175689576887
361.1597451121712,157.88918029941067,31.943233410375562,38.24174636964859
361.14358869208104,158.30672628101064,31.943247067246855,38.24172734107614
361.42092154364894,158.47087968262164,31.943253307298736,38.24171743764969
361.9116760599332,158.1023692079608,31.94326349698976,38.24170132432639
361.4094632170139,158.1398252405326,31.943270213673966,38.24169202463572
362.2071324801252,158.4492402941006,31.943293277836787,38.24166231918733
362.4175099726938,158.27805720781544,31.943341362768045,38.24159673788382
