172.000,191.000,16.000,15.000
172.000,194.000,16.000,15.000
171.000,198.000,15.000,15.000
166.000,203.000,15.000,16.000
159.000,210.000,15.000,16.000
154.000,214.000,15.000,16.000
144.000,223.000,15.000,16.000
134.000,225.000,15.000,16.000
129.000,220.000,15.000,16.000
125.000,217.000,15.000,16.000
121.000,213.000,15.000,16.000
118.000,210.000,15.000,16.000
115.000,209.000,16.000,16.000
112.000,206.000,16.000,16.000
111.000,205.000,16.000,16.000
111.000,204.000,16.000,16.000
111.000,206.000,16.000,16.000
113.000,208.000,17.000,16.000
117.000,214.000,17.000,16.000
121.000,220.000,17.000,17.000
123.000,224.000,17.000,17.000
127.000,230.000,17.000,17.000
131.000,224.000,17.000,17.000
133.000,217.000,17.000,17.000
133.000,213.000,17.000,17.000
134.000,211.000,17.000,17.000
132.000,211.000,17.000,17.000
130.000,211.000,17.000,17.000
127.000,212.000,17.000,18.000
121.000,218.000,17.000,18.000
115.000,223.000,17.000,18.000
111.000,228.000,18.000,17.000
108.000,231.000,18.000,16.000
106.000,226.000,18.000,16.000
102.000,222.000,17.000,17.000
100.000,219.000,17.000,17.000
96.000,216.000,17.000,17.000
96.000,218.000,17.000,16.000
97.000,223.000,17.000,17.000
97.000,227.000,17.000,17.000
99.000,228.000,17.000,17.000
102.000,223.000,17.000,17.000
103.000,221.000,17.000,17.000
105.000,218.000,17.000,17.000
106.000,218.000,18.000,17.000
105.000,221.000,18.000,17.000
105.000,225.000,17.000,17.000
103.000,231.000,17.000,17.000
102.000,225.000,17.000,17.000
101.000,221.000,17.000,17.000
100.000,217.000,18.000,17.000
98.000,214.000,17.000,17.000
98.000,212.000,17.000,18.000
98.000,211.000,17.000,18.000
102.000,212.000,17.000,18.000
104.000,214.000,17.000,18.000
111.000,219.000,17.000,19.000
119.000,226.000,17.000,18.000
124.000,229.000,18.000,18.000
131.000,222.000,18.000,18.000
136.000,216.000,18.000,18.000
141.000,213.000,18.000,18.000
146.000,209.000,18.000,18.000
153.000,205.000,18.000,18.000
155.000,204.000,18.000,18.000
161.000,200.000,18.000,18.000
163.000,199.000,18.000,18.000
167.000,198.000,18.000,17.000
167.000,196.000,18.000,16.000
174.000,193.000,18.000,16.000
175.000,192.000,18.000,16.000
174.000,192.000,18.000,16.000
175.000,195.000,18.000,16.000
173.000,199.000,18.000,16.000
170.000,202.000,17.000,16.000
163.000,209.000,17.000,17.000
158.000,216.000,17.000,17.000
153.000,223.000,16.000,17.000
145.000,229.000,17.000,17.000
138.000,225.000,17.000,17.000
136.000,220.000,17.000,17.000
131.000,214.000,17.000,17.000
128.000,210.000,17.000,17.000
125.000,206.000,17.000,17.000
122.000,202.000,17.000,17.000
119.000,194.000,18.000,17.000
118.000,191.000,18.000,16.000
118.000,188.000,18.000,16.000
119.000,183.000,18.000,16.000
120.000,178.000,18.000,16.000
122.000,176.000,18.000,16.000
122.000,173.000,18.000,16.000
121.000,172.000,19.000,16.000
124.000,174.000,19.000,16.000
125.000,175.000,19.000,16.000
125.000,179.000,19.000,16.000
125.000,183.000,19.000,16.000
126.000,192.000,19.000,16.000
126.000,200.000,19.000,17.000
127.000,207.000,19.000,17.000
127.000,218.000,19.000,17.000
127.000,230.000,19.000,17.000
128.000,227.000,19.000,17.000
126.000,216.000,19.000,17.000
126.000,208.000,18.000,17.000
125.000,202.000,18.000,17.000
127.000,195.000,18.000,17.000
127.000,189.000,18.000,17.000
127.000,184.000,18.000,17.000
126.000,180.000,18.000,17.000
126.000,176.000,18.000,17.000
127.000,175.000,18.000,17.000
126.000,173.000,18.000,16.000
126.000,173.000,18.000,16.000
126.000,174.000,18.000,16.000
127.000,176.000,18.000,16.000
128.000,179.000,17.000,17.000
129.000,183.000,17.000,18.000
130.000,190.000,17.000,18.000
133.000,198.000,17.000,18.000
134.000,205.000,17.000,18.000
136.000,217.000,17.000,18.000
142.000,227.000,17.000,17.000
145.000,224.000,17.000,17.000
148.000,212.000,17.000,17.000
151.000,205.000,17.000,17.000
154.000,201.000,17.000,17.000
157.000,194.000,17.000,17.000
161.000,189.000,17.000,16.000
163.000,183.000,17.000,16.000
166.000,179.000,17.000,16.000
167.000,175.000,17.000,16.000
167.000,173.000,17.000,16.000
168.000,171.000,17.000,16.000
169.000,170.000,17.000,16.000
168.000,168.000,17.000,17.000
167.000,169.000,17.000,17.000
165.000,170.000,17.000,17.000
162.000,172.000,16.000,17.000
160.000,177.000,15.000,17.000
160.000,176.000,15.000,16.000
161.000,177.000,15.000,16.000
161.000,175.000,15.000,16.000
162.000,175.000,15.000,16.000
161.000,177.000,14.000,17.000
160.000,177.000,13.000,17.000
162.000,178.000,12.000,17.000
161.000,176.000,12.000,16.000
161.000,176.000,12.000,16.000
160.000,176.000,13.000,16.000
161.000,176.000,13.000,15.000
162.000,176.000,13.000,14.000
161.000,176.000,14.000,14.000
160.000,177.000,14.000,14.000
159.000,177.000,15.000,13.000
159.000,177.000,15.000,12.000
157.000,177.000,16.000,12.000
158.000,178.000,17.000,12.000
156.000,177.000,18.000,11.000
155.000,178.000,18.000,11.000
156.000,178.000,19.000,11.000
155.000,178.000,19.000,11.000
155.000,177.000,19.000,11.000
155.000,178.000,19.000,11.000
156.000,177.000,19.000,11.000
154.000,177.000,20.000,11.000
154.000,178.000,20.000,11.000
154.000,177.000,20.000,11.000
156.000,177.000,20.000,11.000
156.000,178.000,20.000,11.000
157.000,177.000,20.000,11.000
155.000,177.000,20.000,11.000
156.000,177.000,20.000,11.000
157.000,176.000,20.000,11.000
156.000,178.000,20.000,11.000
156.000,178.000,20.000,11.000
156.000,177.000,20.000,11.000
155.000,177.000,20.000,11.000
155.000,177.000,20.000,11.000
156.000,176.000,19.000,12.000
156.000,176.000,18.000,12.000
157.000,176.000,18.000,13.000
157.000,176.000,18.000,13.000
158.000,175.000,17.000,13.000
158.000,176.000,17.000,14.000
158.000,175.000,17.000,13.000
159.000,176.000,16.000,13.000
162.000,175.000,16.000,13.000
160.000,176.000,15.000,13.000
160.000,176.000,15.000,13.000
155.000,177.000,15.000,13.000
155.000,178.000,16.000,13.000
154.000,177.000,15.000,13.000
161.000,178.000,16.000,12.000
160.000,177.000,16.000,12.000
157.000,176.000,16.000,12.000
156.000,178.000,17.000,12.000
156.000,177.000,18.000,12.000
155.000,177.000,18.000,12.000
156.000,178.000,18.000,11.000
157.000,177.000,19.000,11.000
158.000,179.000,18.000,11.000
158.000,178.000,18.000,11.000
157.000,178.000,18.000,11.000
158.000,178.000,18.000,11.000
158.000,178.000,18.000,11.000
158.000,178.000,18.000,10.000
158.000,178.000,18.000,10.000
158.000,178.000,18.000,10.000
158.000,177.000,17.000,11.000
158.000,178.000,17.000,11.000
159.000,177.000,16.000,12.000
160.000,177.000,16.000,12.000
161.000,176.000,15.000,12.000
163.000,176.000,14.000,13.000
163.000,175.000,14.000,13.000
163.000,175.000,13.000,14.000
163.000,177.000,12.000,15.000
163.000,174.000,13.000,15.000
163.000,173.000,13.000,14.000
163.000,170.000,13.000,14.000
167.000,163.000,13.000,14.000
170.000,163.000,13.000,15.000
172.000,163.000,13.000,15.000
179.000,161.000,14.000,14.000
179.000,160.000,15.000,12.000
178.000,160.000,16.000,12.000
167.000,160.000,17.000,11.000
164.000,160.000,16.000,12.000
161.000,161.000,16.000,12.000
159.000,159.000,16.000,12.000
154.000,162.000,17.000,12.000
152.000,160.000,17.000,11.000
149.000,161.000,16.000,11.000
147.000,161.000,16.000,12.000
149.000,160.000,16.000,12.000
149.000,161.000,15.000,12.000
146.000,160.000,14.000,13.000
128.000,147.000,14.000,13.000
129.000,146.000,14.000,13.000
131.000,147.000,14.000,13.000
132.000,147.000,14.000,13.000
134.000,148.000,15.000,13.000
136.000,148.000,15.000,13.000
139.000,148.000,15.000,14.000
141.000,148.000,15.000,14.000
144.000,148.000,15.000,14.000
147.000,147.000,15.000,14.000
149.000,145.000,15.000,14.000
149.000,144.000,15.000,14.000
149.000,141.000,15.000,14.000
149.000,139.000,15.000,14.000
149.000,139.000,15.000,14.000
147.000,139.000,15.000,14.000
146.000,140.000,15.000,14.000
143.000,142.000,15.000,14.000
139.000,145.000,15.000,14.000
136.000,145.000,15.000,13.000
133.000,145.000,15.000,13.000
131.000,145.000,15.000,13.000
129.000,143.000,15.000,14.000
128.000,142.000,15.000,13.000
126.000,141.000,15.000,13.000
125.000,141.000,15.000,13.000
125.000,140.000,15.000,13.000
124.000,139.000,16.000,12.000
123.000,138.000,16.000,12.000
122.000,137.000,17.000,11.000
121.000,137.000,17.000,11.000
122.000,139.000,17.000,11.000
122.000,139.000,17.000,11.000
121.000,140.000,17.000,10.000
121.000,141.000,17.000,10.000
120.000,142.000,18.000,10.000
120.000,142.000,17.000,11.000
118.000,143.000,18.000,11.000
117.000,142.000,18.000,11.000
116.000,142.000,19.000,10.000
115.000,141.000,19.000,10.000
115.000,141.000,19.000,10.000
114.000,140.000,19.000,10.000
114.000,140.000,19.000,11.000
114.000,142.000,18.000,12.000
114.000,143.000,18.000,13.000
114.000,144.000,17.000,14.000
114.000,147.000,17.000,14.000
113.000,149.000,16.000,14.000
113.000,149.000,16.000,14.000
114.000,151.000,16.000,15.000
114.000,152.000,16.000,15.000
114.000,152.000,15.000,15.000
114.000,153.000,15.000,15.000
114.000,154.000,15.000,15.000
114.000,156.000,15.000,15.000
115.000,158.000,15.000,14.000
117.000,158.000,16.000,14.000
117.000,158.000,15.000,14.000
118.000,158.000,15.000,14.000
120.000,158.000,16.000,14.000
122.000,157.000,16.000,14.000
123.000,158.000,16.000,14.000
125.000,157.000,16.000,14.000
127.000,157.000,16.000,14.000
129.000,156.000,16.000,14.000
130.000,156.000,16.000,14.000
132.000,155.000,16.000,14.000
133.000,155.000,15.000,14.000
134.000,155.000,16.000,14.000
135.000,155.000,16.000,14.000
135.000,156.000,16.000,14.000
136.000,155.000,17.000,14.000
138.000,155.000,17.000,15.000
139.000,154.000,17.000,15.000
139.000,153.000,17.000,15.000
141.000,152.000,17.000,15.000
141.000,151.000,16.000,16.000
143.000,149.000,16.000,16.000
144.000,149.000,16.000,15.000
144.000,149.000,16.000,15.000
142.000,149.000,16.000,15.000
139.000,150.000,15.000,15.000
136.000,150.000,15.000,14.000
134.000,151.000,15.000,14.000
131.000,152.000,15.000,14.000
127.000,152.000,15.000,14.000
125.000,153.000,15.000,14.000
123.000,153.000,15.000,14.000
121.000,153.000,15.000,14.000
119.000,151.000,15.000,14.000
118.000,150.000,15.000,14.000
116.000,150.000,15.000,14.000
115.000,149.000,15.000,14.000
114.000,149.000,15.000,14.000
113.000,149.000,15.000,13.000
113.000,149.000,15.000,13.000
113.000,149.000,15.000,13.000
112.000,149.000,14.000,13.000
111.000,149.000,14.000,13.000
110.000,148.000,14.000,14.000
109.000,147.000,14.000,14.000
109.000,145.000,14.000,14.000
109.000,144.000,14.000,14.000
110.000,143.000,14.000,14.000
110.000,143.000,14.000,14.000
110.000,143.000,14.000,13.000
110.000,143.000,14.000,13.000
110.000,143.000,14.000,13.000
110.000,143.000,14.000,14.000
111.000,144.000,14.000,14.000
111.000,145.000,14.000,15.000
111.000,145.000,14.000,15.000
112.000,145.000,14.000,15.000
113.000,146.000,14.000,16.000
113.000,149.000,14.000,15.000
115.000,150.000,14.000,15.000
116.000,151.000,14.000,15.000
117.000,153.000,14.000,15.000
118.000,154.000,14.000,15.000
120.000,155.000,15.000,14.000
122.000,156.000,15.000,14.000
124.000,156.000,15.000,14.000
125.000,157.000,15.000,14.000
127.000,157.000,15.000,14.000
128.000,158.000,16.000,14.000
130.000,159.000,16.000,14.000
131.000,159.000,16.000,14.000
131.000,160.000,16.000,14.000
132.000,160.000,16.000,14.000
132.000,160.000,16.000,15.000
131.000,160.000,15.000,15.000
130.000,160.000,15.000,15.000
129.000,163.000,16.000,15.000
130.000,160.000,16.000,15.000
131.000,160.000,16.000,15.000
130.000,160.000,16.000,15.000
131.000,160.000,16.000,15.000
129.000,164.000,16.000,15.000
130.000,163.000,16.000,16.000
131.000,164.000,16.000,16.000
132.000,164.000,16.000,16.000
133.000,165.000,17.000,16.000
135.000,164.000,17.000,15.000
136.000,165.000,17.000,15.000
136.000,164.000,17.000,15.000
135.000,164.000,17.000,15.000
135.000,165.000,17.000,16.000
135.000,166.000,17.000,15.000
133.000,167.000,17.000,16.000
132.000,168.000,17.000,16.000
131.000,168.000,16.000,16.000
131.000,168.000,16.000,16.000
130.000,167.000,16.000,16.000
130.000,167.000,16.000,16.000
130.000,166.000,16.000,16.000
130.000,165.000,16.000,16.000
131.000,159.000,16.000,16.000
131.000,158.000,16.000,16.000
131.000,158.000,16.000,16.000
132.000,159.000,16.000,16.000
132.000,156.000,16.000,16.000
132.000,156.000,16.000,15.000
132.000,155.000,16.000,15.000
132.000,154.000,16.000,15.000
132.000,154.000,16.000,15.000
132.000,154.000,16.000,15.000
132.000,153.000,16.000,15.000
133.000,154.000,16.000,15.000
133.000,154.000,16.000,15.000
133.000,154.000,17.000,15.000
134.000,154.000,17.000,15.000
134.000,155.000,17.000,15.000
135.000,155.000,17.000,15.000
136.000,156.000,17.000,15.000
136.000,156.000,18.000,16.000
137.000,156.000,18.000,16.000
138.000,157.000,18.000,16.000
137.000,157.000,18.000,16.000
138.000,157.000,18.000,16.000
137.000,157.000,18.000,16.000
136.000,158.000,18.000,16.000
135.000,158.000,18.000,16.000
134.000,159.000,18.000,16.000
133.000,157.000,18.000,15.000
133.000,157.000,18.000,15.000
132.000,157.000,18.000,15.000
133.000,157.000,18.000,15.000
134.000,157.000,18.000,15.000
133.000,157.000,18.000,15.000
135.000,157.000,18.000,15.000
137.000,158.000,18.000,15.000
139.000,159.000,18.000,15.000
140.000,160.000,18.000,16.000
146.000,160.000,18.000,15.000
149.000,161.000,18.000,15.000
153.000,161.000,18.000,15.000
157.000,161.000,17.000,15.000
160.000,160.000,17.000,15.000
162.000,160.000,17.000,16.000
164.000,160.000,17.000,16.000
164.000,161.000,17.000,16.000
165.000,162.000,18.000,16.000
165.000,164.000,18.000,16.000
166.000,166.000,18.000,16.000
167.000,168.000,18.000,15.000
170.000,170.000,18.000,15.000
175.000,171.000,18.000,15.000
181.000,172.000,17.000,15.000
185.000,173.000,17.000,15.000
188.000,174.000,17.000,15.000
189.000,175.000,17.000,15.000
190.000,174.000,17.000,15.000
190.000,173.000,17.000,16.000
182.000,181.000,17.000,15.000
184.000,182.000,18.000,15.000
188.000,183.000,17.000,15.000
189.000,183.000,17.000,15.000
192.000,183.000,17.000,15.000
196.000,180.000,17.000,16.000
201.000,179.000,17.000,16.000
205.000,176.000,17.000,16.000
207.000,177.000,18.000,16.000
208.000,180.000,18.000,16.000
213.000,179.000,19.000,17.000
213.000,176.000,19.000,17.000
216.000,177.000,19.000,17.000
218.000,178.000,19.000,17.000
219.000,178.000,19.000,17.000
219.000,179.000,19.000,17.000
221.000,178.000,19.000,17.000
220.000,178.000,18.000,17.000
221.000,177.000,18.000,17.000
220.000,178.000,18.000,17.000
218.000,177.000,18.000,17.000
218.000,178.000,18.000,17.000
216.000,178.000,18.000,17.000
214.000,178.000,18.000,17.000
213.000,178.000,18.000,17.000
211.000,177.000,18.000,17.000
209.000,177.000,18.000,17.000
207.000,178.000,19.000,16.000
207.000,177.000,19.000,16.000
206.000,177.000,20.000,15.000
204.000,177.000,21.000,15.000
204.000,177.000,22.000,14.000
203.000,178.000,23.000,14.000
204.000,178.000,24.000,14.000
204.000,177.000,24.000,14.000
204.000,179.000,25.000,14.000
203.000,178.000,25.000,14.000
203.000,178.000,25.000,13.000
203.000,177.000,25.000,13.000
202.000,178.000,26.000,13.000
203.000,177.000,26.000,13.000
202.000,178.000,26.000,13.000
202.000,178.000,26.000,13.000
203.000,178.000,26.000,13.000
202.000,178.000,27.000,13.000
202.000,179.000,27.000,13.000
201.000,178.000,27.000,13.000
203.000,177.000,27.000,13.000
202.000,177.000,28.000,13.000
201.000,178.000,28.000,14.000
201.000,177.000,28.000,14.000
201.000,177.000,28.000,14.000
202.000,178.000,29.000,14.000
201.000,177.000,29.000,14.000
200.000,178.000,29.000,14.000
201.000,177.000,29.000,14.000
200.000,177.000,30.000,14.000
200.000,177.000,30.000,14.000
199.000,178.000,30.000,14.000
200.000,178.000,30.000,14.000
200.000,178.000,30.000,14.000
200.000,177.000,30.000,14.000
201.000,177.000,30.000,14.000
201.000,177.000,30.000,14.000
200.000,177.000,30.000,14.000
200.000,178.000,30.000,14.000
199.000,177.000,30.000,14.000
200.000,178.000,30.000,14.000
200.000,177.000,30.000,14.000
200.000,177.000,31.000,14.000
200.000,178.000,31.000,14.000
199.000,177.000,31.000,15.000
199.000,176.000,31.000,14.000
199.000,178.000,31.000,15.000
200.000,177.000,32.000,15.000
199.000,177.000,32.000,15.000
200.000,176.000,32.000,15.000
199.000,177.000,32.000,15.000
197.000,177.000,32.000,15.000
198.000,177.000,33.000,15.000
198.000,176.000,32.000,15.000
199.000,177.000,33.000,15.000
197.000,176.000,33.000,15.000
198.000,178.000,34.000,15.000
198.000,176.000,34.000,15.000
198.000,177.000,33.000,15.000
198.000,177.000,34.000,15.000
198.000,177.000,34.000,15.000
198.000,176.000,34.000,15.000
196.000,176.000,34.000,15.000
198.000,177.000,34.000,15.000
198.000,176.000,34.000,15.000
199.000,177.000,34.000,15.000
197.000,177.000,35.000,16.000
198.000,176.000,35.000,15.000
198.000,176.000,35.000,15.000
196.000,177.000,35.000,15.000
197.000,176.000,35.000,15.000
198.000,176.000,35.000,15.000
197.000,176.000,35.000,15.000
197.000,177.000,35.000,15.000
198.000,176.000,35.000,15.000
196.000,177.000,35.000,16.000
198.000,176.000,35.000,15.000
197.000,177.000,35.000,15.000
197.000,177.000,35.000,15.000
198.000,177.000,35.000,15.000
196.000,177.000,36.000,16.000
197.000,176.000,36.000,16.000
198.000,176.000,36.000,16.000
196.000,176.000,36.000,16.000
198.000,176.000,36.000,16.000
196.000,176.000,35.000,16.000
197.000,176.000,36.000,16.000
198.000,176.000,36.000,16.000
196.000,177.000,35.000,16.000
197.000,175.000,36.000,16.000
197.000,176.000,36.000,16.000
196.000,177.000,36.000,16.000
197.000,175.000,36.000,16.000
196.000,176.000,36.000,16.000
197.000,176.000,37.000,16.000
196.000,176.000,36.000,16.000
195.000,177.000,36.000,16.000
198.000,175.000,37.000,16.000
197.000,176.000,36.000,16.000
197.000,175.000,37.000,16.000
195.000,176.000,37.000,16.000
197.000,176.000,37.000,16.000
196.000,177.000,37.000,16.000
198.000,175.000,37.000,16.000
196.000,176.000,37.000,16.000
196.000,176.000,37.000,16.000
197.000,175.000,37.000,16.000
196.000,176.000,37.000,16.000
197.000,176.000,37.000,16.000
197.000,176.000,37.000,16.000
196.000,177.000,37.000,16.000
197.000,176.000,38.000,16.000
195.000,176.000,38.000,16.000
196.000,176.000,37.000,16.000
198.000,175.000,38.000,16.000
196.000,176.000,38.000,16.000
197.000,175.000,37.000,16.000
196.000,176.000,37.000,16.000
196.000,175.000,37.000,16.000
195.000,176.000,37.000,16.000
197.000,175.000,37.000,16.000
196.000,177.000,37.000,16.000
197.000,175.000,37.000,16.000
195.000,175.000,37.000,16.000
196.000,176.000,37.000,16.000
197.000,176.000,37.000,16.000
197.000,175.000,37.000,16.000
197.000,176.000,37.000,16.000
196.000,176.000,37.000,16.000
196.000,176.000,36.000,16.000
197.000,176.000,37.000,16.000
197.000,176.000,37.000,16.000
195.000,177.000,37.000,16.000
197.000,175.000,37.000,16.000
196.000,176.000,37.000,16.000
198.000,176.000,37.000,16.000
196.000,176.000,37.000,16.000
196.000,175.000,37.000,16.000
196.000,176.000,37.000,16.000
194.000,176.000,37.000,16.000
196.000,176.000,37.000,16.000
196.000,176.000,37.000,16.000
197.000,175.000,37.000,16.000
196.000,176.000,38.000,16.000
198.000,175.000,38.000,16.000
196.000,176.000,38.000,16.000
197.000,175.000,38.000,16.000
196.000,176.000,38.000,16.000
196.000,175.000,38.000,16.000
197.000,176.000,37.000,16.000
196.000,176.000,37.000,16.000
198.000,175.000,37.000,16.000
197.000,176.000,37.000,16.000
196.000,177.000,37.000,16.000
198.000,175.000,38.000,16.000
199.000,175.000,37.000,16.000
199.000,176.000,37.000,16.000
197.000,175.000,37.000,16.000
198.000,175.000,36.000,16.000
198.000,175.000,36.000,16.000
199.000,175.000,36.000,16.000
196.000,176.000,35.000,16.000
200.000,176.000,35.000,16.000
183.000,175.000,32.000,17.000
184.000,175.000,31.000,18.000
195.000,175.000,31.000,18.000
198.000,175.000,32.000,18.000
198.000,176.000,33.000,17.000
198.000,175.000,33.000,17.000
198.000,176.000,33.000,17.000
199.000,175.000,34.000,16.000
197.000,176.000,35.000,16.000
198.000,176.000,35.000,16.000
197.000,176.000,35.000,16.000
197.000,177.000,35.000,16.000
198.000,177.000,35.000,16.000
197.000,176.000,35.000,16.000
198.000,176.000,35.000,16.000
197.000,176.000,35.000,16.000
198.000,177.000,35.000,15.000
198.000,176.000,35.000,15.000
197.000,177.000,35.000,15.000
198.000,176.000,35.000,15.000
198.000,176.000,35.000,15.000
197.000,177.000,35.000,15.000
198.000,176.000,35.000,16.000
198.000,176.000,35.000,16.000
197.000,177.000,35.000,16.000
198.000,177.000,35.000,15.000
197.000,177.000,35.000,16.000
198.000,176.000,35.000,16.000
196.000,177.000,36.000,16.000
197.000,176.000,36.000,16.000
197.000,176.000,36.000,16.000
198.000,176.000,36.000,16.000
197.000,176.000,35.000,16.000
198.000,176.000,36.000,16.000
197.000,176.000,36.000,16.000
196.000,176.000,36.000,16.000
198.000,176.000,36.000,16.000
197.000,176.000,37.000,16.000
196.000,176.000,37.000,16.000
197.000,176.000,37.000,16.000
196.000,177.000,37.000,16.000
198.000,176.000,37.000,16.000
195.000,176.000,36.000,16.000
196.000,176.000,37.000,16.000
195.000,176.000,36.000,16.000
197.000,176.000,37.000,16.000
198.000,175.000,37.000,16.000
196.000,176.000,37.000,16.000
197.000,175.000,37.000,16.000
197.000,176.000,38.000,16.000
183.000,170.000,35.000,18.000
186.000,177.000,32.000,19.000
200.000,173.000,33.000,19.000
199.000,174.000,34.000,18.000
198.000,175.000,34.000,18.000
201.000,175.000,34.000,18.000
189.000,176.000,32.000,19.000
189.000,174.000,30.000,20.000
199.000,174.000,30.000,19.000
198.000,169.000,29.000,20.000
200.000,158.000,29.000,19.000
200.000,154.000,28.000,18.000
201.000,150.000,26.000,18.000
200.000,149.000,25.000,18.000
201.000,154.000,25.000,18.000
204.000,161.000,25.000,16.000
205.000,174.000,25.000,16.000
210.000,188.000,24.000,17.000
212.000,201.000,23.000,17.000
215.000,218.000,22.000,18.000
215.000,217.000,22.000,18.000
215.000,203.000,21.000,18.000
214.000,194.000,21.000,18.000
202.000,175.000,21.000,18.000
209.000,174.000,21.000,18.000
204.000,175.000,21.000,18.000
204.000,175.000,22.000,17.000
205.000,176.000,23.000,17.000
204.000,176.000,24.000,16.000
203.000,176.000,24.000,16.000
203.000,176.000,25.000,15.000
202.000,177.000,25.000,15.000
201.000,176.000,26.000,15.000
201.000,176.000,26.000,15.000
200.000,178.000,26.000,15.000
200.000,176.000,26.000,15.000
200.000,177.000,27.000,15.000
199.000,177.000,27.000,15.000
198.000,177.000,28.000,15.000
198.000,177.000,28.000,15.000
196.000,177.000,29.000,15.000
194.000,176.000,29.000,15.000
191.000,177.000,29.000,15.000
190.000,177.000,28.000,14.000
188.000,177.000,29.000,14.000
197.000,177.000,29.000,14.000
198.000,178.000,29.000,14.000
197.000,178.000,29.000,14.000
197.000,178.000,29.000,14.000
201.000,177.000,30.000,14.000
198.000,177.000,30.000,14.000
200.000,176.000,30.000,14.000
199.000,177.000,30.000,14.000
201.000,177.000,30.000,14.000
199.000,177.000,30.000,14.000
201.000,177.000,30.000,14.000
199.000,177.000,31.000,14.000
200.000,176.000,31.000,15.000
200.000,177.000,31.000,15.000
198.000,176.000,31.000,15.000
197.000,177.000,31.000,15.000
197.000,177.000,32.000,15.000
198.000,176.000,32.000,15.000
198.000,177.000,32.000,15.000
197.000,176.000,32.000,15.000
198.000,177.000,33.000,15.000
198.000,176.000,33.000,15.000
197.000,177.000,33.000,15.000
196.000,177.000,33.000,15.000
197.000,177.000,33.000,15.000
199.000,176.000,34.000,15.000
195.000,176.000,34.000,15.000
195.000,177.000,34.000,15.000
197.000,177.000,34.000,15.000
199.000,176.000,34.000,15.000
197.000,177.000,34.000,15.000
199.000,176.000,34.000,15.000
198.000,176.000,35.000,15.000
197.000,176.000,35.000,16.000
198.000,176.000,36.000,16.000
197.000,176.000,36.000,16.000
197.000,176.000,36.000,16.000
198.000,176.000,36.000,16.000
197.000,175.000,37.000,16.000
197.000,176.000,37.000,16.000
198.000,176.000,37.000,16.000
