5.000,171.000,21.000,15.000
4.000,172.000,21.000,15.000
5.000,172.000,21.000,15.000
5.000,172.000,21.000,15.000
5.000,171.000,22.000,15.000
5.000,172.000,22.000,15.000
5.000,172.000,23.000,14.000
5.000,172.000,24.000,14.000
5.000,172.000,25.000,13.000
6.000,172.000,26.000,13.000
5.000,172.000,26.000,13.000
6.000,173.000,27.000,13.000
7.000,173.000,27.000,12.000
7.000,173.000,27.000,12.000
8.000,173.000,27.000,12.000
8.000,173.000,28.000,12.000
8.000,173.000,28.000,12.000
9.000,173.000,28.000,12.000
9.000,173.000,28.000,12.000
10.000,173.000,29.000,13.000
10.000,173.000,29.000,13.000
10.000,173.000,29.000,13.000
11.000,173.000,29.000,13.000
11.000,173.000,30.000,13.000
11.000,173.000,30.000,13.000
12.000,173.000,30.000,13.000
13.000,173.000,31.000,13.000
13.000,173.000,31.000,13.000
13.000,173.000,31.000,13.000
14.000,173.000,31.000,13.000
14.000,173.000,32.000,13.000
15.000,172.000,32.000,14.000
15.000,172.000,32.000,14.000
15.000,172.000,33.000,14.000
16.000,173.000,33.000,14.000
17.000,172.000,33.000,15.000
18.000,173.000,33.000,15.000
18.000,173.000,33.000,15.000
20.000,172.000,32.000,16.000
20.000,171.000,32.000,17.000
21.000,172.000,32.000,17.000
22.000,172.000,32.000,17.000
22.000,171.000,32.000,17.000
23.000,171.000,32.000,18.000
24.000,171.000,32.000,18.000
25.000,172.000,33.000,18.000
25.000,172.000,33.000,18.000
26.000,172.000,33.000,18.000
27.000,171.000,33.000,18.000
27.000,172.000,34.000,19.000
29.000,172.000,34.000,19.000
29.000,171.000,34.000,19.000
30.000,171.000,34.000,19.000
30.000,171.000,35.000,20.000
31.000,171.000,35.000,20.000
32.000,171.000,36.000,21.000
32.000,171.000,36.000,21.000
33.000,171.000,36.000,21.000
34.000,170.000,36.000,22.000
35.000,170.000,36.000,22.000
36.000,171.000,36.000,22.000
37.000,170.000,37.000,22.000
38.000,171.000,37.000,22.000
39.000,171.000,37.000,22.000
40.000,170.000,37.000,22.000
41.000,171.000,37.000,22.000
41.000,171.000,37.000,22.000
43.000,171.000,38.000,23.000
44.000,170.000,38.000,23.000
45.000,170.000,38.000,23.000
46.000,171.000,39.000,23.000
47.000,170.000,39.000,24.000
48.000,170.000,40.000,24.000
49.000,170.000,40.000,24.000
50.000,170.000,40.000,24.000
51.000,170.000,41.000,24.000
52.000,170.000,41.000,24.000
53.000,170.000,42.000,24.000
54.000,170.000,42.000,24.000
55.000,170.000,43.000,25.000
57.000,169.000,44.000,25.000
58.000,169.000,44.000,25.000
60.000,169.000,44.000,26.000
61.000,169.000,44.000,26.000
62.000,169.000,45.000,26.000
64.000,169.000,45.000,26.000
65.000,169.000,46.000,26.000
66.000,169.000,47.000,26.000
69.000,169.000,47.000,26.000
70.000,169.000,47.000,27.000
71.000,169.000,48.000,26.000
73.000,169.000,49.000,27.000
75.000,169.000,49.000,27.000
76.000,169.000,51.000,28.000
79.000,168.000,51.000,28.000
80.000,169.000,52.000,28.000
82.000,170.000,53.000,28.000
84.000,169.000,53.000,29.000
85.000,169.000,54.000,29.000
88.000,169.000,55.000,30.000
90.000,169.000,56.000,30.000
92.000,168.000,57.000,31.000
94.000,168.000,58.000,31.000
97.000,167.000,59.000,32.000
99.000,167.000,60.000,33.000
102.000,168.000,61.000,33.000
104.000,168.000,62.000,34.000
106.000,168.000,63.000,34.000
109.000,168.000,64.000,34.000
111.000,169.000,65.000,35.000
114.000,168.000,66.000,35.000
116.000,169.000,68.000,36.000
119.000,168.000,68.000,36.000
122.000,170.000,69.000,37.000
125.000,168.000,71.000,37.000
128.000,168.000,71.000,37.000
132.000,169.000,73.000,38.000
134.000,168.000,74.000,38.000
137.000,170.000,76.000,39.000
141.000,169.000,78.000,40.000
144.000,169.000,80.000,41.000
148.000,169.000,81.000,42.000
151.000,169.000,82.000,43.000
155.000,169.000,84.000,44.000
159.000,170.000,85.000,44.000
162.000,170.000,87.000,46.000
165.000,169.000,89.000,47.000
169.000,169.000,91.000,48.000
173.000,169.000,93.000,48.000
178.000,169.000,95.000,49.000
182.000,169.000,97.000,50.000
186.000,168.000,99.000,51.000
190.000,169.000,101.000,52.000
196.000,169.000,103.000,53.000
201.000,169.000,105.000,54.000
203.000,170.000,107.000,54.000
207.000,168.000,110.000,55.000
212.000,168.000,112.000,56.000
219.000,168.000,114.000,57.000
224.000,169.000,116.000,58.000
229.000,168.000,120.000,60.000
235.000,168.000,121.000,61.000
241.000,168.000,123.000,62.000
250.000,167.000,125.000,62.000
258.000,168.000,127.000,63.000
265.000,167.000,128.000,63.000
274.000,169.000,129.000,63.000
276.000,169.000,132.000,62.000
278.000,168.000,134.000,63.000
290.000,169.000,136.000,59.000
298.000,169.000,139.000,57.000
308.000,168.000,140.000,54.000
309.000,152.000,140.000,51.000
314.000,153.000,142.000,50.000
324.000,156.000,143.000,50.000
