113.000,174.000,18.000,15.000
113.000,174.000,18.000,15.000
113.000,174.000,19.000,15.000
113.000,174.000,19.000,15.000
114.000,174.000,19.000,15.000
114.000,174.000,19.000,15.000
115.000,174.000,19.000,15.000
115.000,174.000,19.000,15.000
116.000,174.000,19.000,15.000
117.000,174.000,19.000,15.000
116.000,175.000,20.000,15.000
117.000,174.000,19.000,15.000
117.000,175.000,20.000,15.000
118.000,174.000,20.000,16.000
118.000,175.000,20.000,16.000
119.000,174.000,20.000,16.000
120.000,175.000,20.000,16.000
120.000,175.000,21.000,16.000
120.000,175.000,21.000,16.000
121.000,175.000,21.000,16.000
122.000,175.000,21.000,16.000
122.000,175.000,21.000,16.000
122.000,174.000,21.000,16.000
123.000,174.000,21.000,16.000
124.000,174.000,21.000,17.000
124.000,174.000,21.000,17.000
125.000,175.000,21.000,17.000
126.000,174.000,22.000,17.000
127.000,175.000,22.000,17.000
127.000,174.000,22.000,17.000
129.000,174.000,22.000,18.000
129.000,174.000,22.000,18.000
129.000,174.000,23.000,18.000
130.000,174.000,23.000,18.000
131.000,173.000,23.000,18.000
131.000,174.000,23.000,18.000
133.000,173.000,23.000,18.000
133.000,174.000,23.000,19.000
133.000,174.000,23.000,19.000
135.000,174.000,24.000,19.000
135.000,173.000,24.000,19.000
136.000,173.000,24.000,19.000
137.000,174.000,24.000,19.000
138.000,174.000,24.000,19.000
139.000,174.000,25.000,19.000
139.000,174.000,25.000,19.000
140.000,174.000,25.000,19.000
141.000,174.000,25.000,19.000
142.000,174.000,25.000,20.000
143.000,174.000,25.000,20.000
143.000,174.000,26.000,20.000
145.000,174.000,26.000,20.000
146.000,174.000,26.000,20.000
146.000,174.000,26.000,20.000
147.000,174.000,26.000,20.000
149.000,174.000,27.000,20.000
149.000,174.000,27.000,21.000
150.000,174.000,27.000,21.000
151.000,174.000,27.000,21.000
152.000,174.000,28.000,21.000
153.000,173.000,28.000,21.000
154.000,174.000,28.000,21.000
155.000,174.000,29.000,21.000
156.000,174.000,29.000,21.000
157.000,174.000,29.000,21.000
158.000,174.000,29.000,21.000
160.000,174.000,30.000,22.000
161.000,174.000,30.000,22.000
162.000,174.000,31.000,22.000
164.000,174.000,31.000,22.000
164.000,174.000,31.000,22.000
166.000,174.000,32.000,22.000
168.000,174.000,32.000,22.000
169.000,174.000,32.000,23.000
170.000,174.000,32.000,23.000
172.000,174.000,33.000,23.000
174.000,174.000,33.000,23.000
175.000,174.000,33.000,24.000
176.000,173.000,34.000,24.000
177.000,173.000,34.000,25.000
179.000,173.000,35.000,25.000
180.000,173.000,35.000,25.000
182.000,173.000,35.000,26.000
184.000,173.000,36.000,26.000
185.000,173.000,37.000,26.000
187.000,173.000,37.000,26.000
188.000,172.000,38.000,27.000
190.000,173.000,38.000,27.000
192.000,173.000,39.000,27.000
195.000,173.000,39.000,27.000
197.000,174.000,40.000,27.000
199.000,174.000,40.000,27.000
202.000,174.000,40.000,28.000
204.000,174.000,42.000,27.000
205.000,176.000,43.000,26.000
206.000,175.000,45.000,26.000
208.000,176.000,46.000,26.000
210.000,175.000,46.000,26.000
211.000,176.000,47.000,26.000
214.000,175.000,48.000,27.000
218.000,176.000,49.000,27.000
221.000,176.000,49.000,27.000
224.000,176.000,50.000,27.000
227.000,176.000,52.000,28.000
230.000,177.000,52.000,28.000
233.000,177.000,53.000,28.000
237.000,179.000,54.000,27.000
239.000,178.000,55.000,28.000
244.000,179.000,56.000,28.000
247.000,179.000,57.000,28.000
252.000,180.000,58.000,28.000
256.000,179.000,58.000,29.000
260.000,180.000,58.000,29.000
264.000,179.000,59.000,29.000
269.000,180.000,60.000,30.000
273.000,179.000,60.000,30.000
278.000,178.000,61.000,31.000
282.000,178.000,63.000,32.000
288.000,178.000,64.000,32.000
293.000,178.000,66.000,33.000
298.000,178.000,67.000,34.000
302.000,180.000,70.000,34.000
307.000,179.000,72.000,34.000
313.000,180.000,74.000,35.000
320.000,182.000,75.000,35.000
323.000,179.000,78.000,37.000
332.000,181.000,80.000,37.000
338.000,181.000,82.000,38.000
345.000,181.000,85.000,39.000
352.000,180.000,88.000,40.000
359.000,180.000,91.000,41.000
362.000,179.000,95.000,43.000
365.000,176.000,98.000,46.000
374.000,177.000,101.000,46.000
385.000,177.000,104.000,47.000
392.000,178.000,106.000,48.000
395.000,175.000,108.000,50.000
399.000,173.000,108.000,52.000
