4.0	82.0	17.0	27.0	
6.97336721	81.94562531	16.94488907	26.41729355	
9.91084099	81.48606873	17.10735893	26.6166172	
12.63468742	81.48757172	17.27295876	26.40587997	
15.24344444	81.21717834	17.54057693	26.23227882	
18.34285927	80.61408997	17.36541557	26.03790855	
21.10239792	80.63747406	17.54911232	26.03661156	
23.94685745	80.75999451	17.4341259	25.6680603	
26.79990768	80.58939362	17.70591545	25.78157425	
29.69085312	80.32546234	17.61013412	25.70035362	
32.71990204	79.3651886	17.31567764	26.42517662	
36.50129318	78.52093506	16.07877731	27.37495041	
37.6601181	77.37303925	16.68730164	26.50335693	
42.83118057	79.78147888	15.45863056	27.30105591	
44.73418045	79.52881622	16.31272697	26.90273476	
38.35337067	75.23846436	16.87263298	30.44146156	
37.41133881	74.18753052	16.74585342	32.0109787	
52.81019211	76.07629395	16.65312195	26.44906998	
53.56597137	78.56254578	17.36900711	25.14248276	
58.11269379	79.13854218	16.581707	24.96836472	
60.57247162	78.34880066	16.39336777	25.27777481	
63.23032379	77.33766937	15.58248615	26.2477417	
65.48294067	76.31536865	15.59022713	26.66945839	
67.39562225	76.21122742	16.89060402	26.82624245	
73.40080261	76.29868317	14.30331421	28.14425087	
73.45035553	76.42862701	15.27936363	27.41531944	
75.37120056	75.40646362	15.47769165	27.70480347	
78.21276093	75.38345337	14.61419392	26.76858902	
82.14621735	76.14597321	13.9104557	25.92654037	
83.73822784	75.78653717	13.89074898	26.8926754	
86.08454895	75.14620209	13.21171856	26.77047348	
87.98661041	75.53495789	13.91847229	26.01481056	
89.82376862	75.9602356	14.5818882	24.94255638	
92.03983307	76.20023346	14.78315163	23.78334618	
94.03885651	75.84438324	15.23521709	23.70014572	
95.70528412	75.59212494	16.09761238	23.95186996	
98.00601959	75.52124023	16.07865524	23.57201004	
100.44116211	75.20993042	15.556633	23.47611427	
102.58243561	75.0690918	15.56328297	23.25275993	
104.90083313	74.83426666	15.34882355	23.23724556	
107.44577789	74.71473694	15.20430946	23.49969292	
109.36071777	74.94166565	15.42455101	23.37997818	
110.97044373	74.98199463	15.85417938	23.21986198	
113.11777496	74.9691391	15.85551262	22.97464561	
115.38484192	74.31806946	15.61621094	23.1925354	
117.30603027	74.21934509	15.66962433	23.41751862	
120.00748444	74.08201599	14.72759247	23.06660652	
121.55216217	73.98715973	15.35114479	23.14706039	
123.35190582	74.14683533	15.72290325	22.55809402	
125.30168152	74.04243469	15.82685661	22.52951431	
127.70173645	73.49282837	15.10523796	22.81608772	
129.98698425	73.31950378	14.73775196	22.86317062	
131.970047	73.0743866	14.64986897	22.95722961	
133.36759949	73.05563354	15.11047554	22.5941124	
135.41415405	73.17948914	15.00451374	21.99052238	
137.08152771	73.03964233	15.24484825	22.22971916	
139.0052948	73.02166748	15.37762737	22.65952682	
140.56654358	73.01416016	15.48471355	22.68749428	
142.25495911	72.89346313	15.48731995	22.46146774	
144.14328003	72.36680603	15.52610207	22.39602661	
145.96725464	72.20970154	15.67042065	22.67689133	
147.79873657	72.03227234	15.62689781	22.30902481	
149.78445435	72.25561523	15.43605804	22.13945961	
152.0161438	72.0887146	14.6436491	22.08026314	
153.48178101	71.81460571	14.93404579	21.77718544	
155.03887939	71.53952789	14.83343506	21.79761505	
156.9655304	71.25404358	14.63097572	21.90328026	
158.61296082	71.03153992	14.68292427	21.97210693	
160.34284973	71.04727936	14.75830078	21.91134644	
162.01638794	71.08113098	14.80628681	22.27605057	
163.51483154	70.98854828	14.96474648	22.30555725	
165.39294434	71.20288086	14.76956463	21.82919502	
167.04455566	70.9846344	14.69379902	21.62360764	
168.30093384	70.83100128	14.90997791	21.77336502	
170.23384094	70.53419495	14.31424522	21.31135559	
172.13505554	70.370224	13.98724365	21.43187904	
174.2322998	70.0320816	13.54532814	21.4182415	
175.26036072	70.17132568	13.93850517	21.52991676	
177.30877686	70.25738525	13.58361816	20.85896683	
178.09829712	70.44463348	14.3917942	21.18331528	
179.923172	70.70222473	14.02726746	20.67850113	
181.35420227	70.24623108	14.46729755	21.00869179	
182.8474884	69.90992737	14.05088806	21.05021858	
184.74795532	69.32106781	13.2249012	21.4176693	
186.05776978	69.16088867	13.5147047	21.55381966	
188.09371948	69.12136841	12.93998909	21.0155735	
188.85919189	69.15699005	13.47890663	20.87626266	
190.4055481	69.2223053	13.42510223	20.58493042	
190.97938538	69.1603775	14.16398907	20.54233932	
192.8691864	68.6570282	13.60531902	20.7940731	
194.84365845	68.61608124	12.85136414	20.61083603	
195.67402649	68.48360443	13.39938354	20.60257912	
197.36740112	68.4019928	12.98540497	20.32162476	
198.54190063	68.17694855	13.23222351	20.47647667	
199.89398193	68.00600433	13.24718761	20.49399948	
200.88833618	68.00531769	13.2730484	20.45547295	
202.31999207	67.90153503	13.0858593	20.40603447	
204.11871338	67.70069885	12.65306377	20.51087379	
204.93920898	67.63654327	12.98268318	20.7843895	
205.71672058	67.48051453	13.34378338	20.66478348	
207.22305298	67.24383545	13.06643391	21.01976967	
208.79389954	67.22212219	12.56837654	20.5806427	
209.7252655	67.50197601	12.90167809	20.28707504	
211.35517883	67.36437225	12.73728943	20.41727638	
212.02542114	67.37995911	12.97452736	20.14430237	
212.81848145	67.01895142	13.27183342	20.39869308	
214.06291199	66.57556915	13.312994	20.80173683	
215.57650757	66.41893768	12.88036919	20.96558189	
216.48156738	66.23104095	13.10846519	21.32584763	
217.70449829	66.50830078	12.81068993	20.6071167	
218.45198059	66.48042297	13.20173645	20.8294754	
219.93313599	66.69665527	13.00746155	20.47130775	
220.44229126	66.77280426	13.5113163	20.50192833	
222.29072571	66.35433197	12.89689445	20.74517441	
223.35627747	66.36076355	12.53051567	20.26722336	
224.24406433	66.2746048	12.55140972	20.10046577	
225.36943054	66.05426025	12.41529274	20.69860649	
225.90080261	65.66346741	12.86581707	20.74086571	
226.4074707	65.41073608	13.44915199	21.316679	
227.26538086	65.43595886	13.61973381	21.05174637	
228.76184082	65.30656433	13.2620821	21.37610245	
229.70510864	65.24617004	12.94016552	20.80369377	
230.38049316	65.25013733	13.14400196	21.21735001	
231.33988953	65.396698	13.2517395	21.26893234	
232.2495575	65.43571472	13.07253456	21.04886246	
233.86152649	65.28142548	12.42865753	20.54271317	
235.05387878	65.39516449	12.26978111	20.03816605	
235.71481323	65.3223877	12.85715771	20.35523033	
236.37341309	65.14202881	12.83296776	19.9990387	
236.59896851	64.94702148	13.48381042	20.5664959	
237.4259491	65.02972412	13.33327007	20.21098709	
