54.0	19.0	85.0	92.0	
55.38661957	20.01609421	83.31817627	91.50924683	
55.38389206	19.82954788	83.1656189	92.5398941	
56.74431229	19.82215118	82.28352356	92.78678894	
58.12813568	21.01172066	80.31625366	90.37278748	
58.9835434	22.03149033	79.85288239	88.2120285	
61.01899338	23.2830162	77.27191925	85.12760925	
60.14429474	23.12214851	77.94016266	84.62257385	
59.97753906	22.5774231	77.83834076	84.41683197	
60.75354004	21.71763229	77.10783386	85.5051651	
61.52890015	21.71205139	76.35189056	84.14309692	
62.30623627	23.37227249	75.10569763	81.28577423	
65.19130707	24.06874275	73.11320496	81.28565979	
64.2727356	23.76442909	73.62602234	83.54925537	
66.1415863	24.42128372	73.29840851	83.19321442	
68.08695984	25.64686584	70.84677887	80.88726807	
67.83731842	26.3632412	71.7310791	78.68351746	
69.34604645	26.54075241	71.11483002	77.26330566	
68.52198792	24.84943008	70.36717224	79.47738647	
69.48460388	27.01328659	71.22332001	76.99485779	
69.36620331	27.32517433	71.4596405	79.40730286	
72.3368988	28.99765968	68.57409668	75.25954437	
73.39389038	28.59059143	68.75138855	74.78184509	
72.63002014	29.09871292	68.34625244	72.04605865	
73.26218414	29.07561111	67.65853882	73.30225372	
73.56416321	29.03641319	67.87513733	72.87799835	
72.979599	29.37827492	68.99019623	71.23101044	
74.80833435	31.2015686	66.65144348	69.78752136	
70.14289856	32.43307495	68.65785217	68.34654999	
67.92047119	32.47966766	69.49227142	69.84106445	
69.09183502	32.61842346	67.67304993	70.52618408	
68.69611359	33.91150284	66.67687988	70.02864075	
70.44834137	34.65438843	64.4805069	67.79283142	
70.17103577	34.65876389	64.63609314	67.84997559	
69.56323242	35.71695709	64.83122253	67.93547058	
70.72685242	36.53756714	63.0740242	65.91770935	
70.63941956	36.50727081	63.16255951	66.63698578	
70.37155151	36.58010101	63.26575851	66.55130768	
69.43623352	36.8821106	64.11048889	66.40608215	
70.20761871	37.72418594	63.10128784	65.62552643	
70.7948761	37.79619217	61.39705658	64.50518799	
70.56270599	38.33242035	61.79671478	64.84660339	
72.89130402	39.07260895	60.15237427	63.36392212	
72.01010895	40.65324402	60.36270142	62.32822418	
71.5030365	40.42453766	59.96272659	62.71723175	
70.44013977	40.6497345	60.36903763	63.06830978	
73.05131531	41.38563156	58.38236237	61.26485443	
70.99095154	40.99176407	59.81887054	62.47053909	
74.31887054	41.73651886	56.6614151	60.56139374	
74.02735901	42.96967316	56.49929047	59.99350739	
72.27089691	43.91634369	57.35251617	59.15097809	
74.46247101	42.79840851	57.0986824	60.96096039	
73.10414124	43.72049713	57.32252884	60.77590942	
73.40447998	44.95094299	57.30772018	59.90097809	
73.01469421	45.21918488	56.51758957	59.41154099	
72.22265625	45.38306427	55.91624069	58.59091949	
73.2405777	45.48316193	55.33527756	57.51862335	
73.70846558	45.82886887	54.61910248	57.40872955	
73.29736328	46.88600159	53.34757233	57.17604828	
73.73480225	48.08647919	53.81041718	56.33763885	
75.24933624	46.90174866	51.15449524	55.36723709	
71.82829285	47.76032257	55.88578415	57.27309036	
70.58713531	47.1061821	55.65226364	57.85056305	
74.04829407	48.74656296	52.61611176	55.58413696	
73.55792999	48.97539139	53.61138153	56.36312103	
71.69946289	49.46302032	54.62909698	56.45549774	
72.94950867	49.52755737	52.55909348	55.55089188	
74.16333008	50.71105194	53.43109131	55.51887894	
72.27410889	50.01924515	51.38231277	54.88208008	
73.61068726	50.48082733	52.32465363	55.07085037	
72.70239258	51.4166069	52.48628616	54.16526413	
73.26715088	51.46762848	51.86569977	53.85823822	
74.50292206	51.47215652	48.80942535	52.46353149	
74.36686707	51.26420212	49.64484024	53.1807251	
73.39336395	52.72546387	49.95778656	52.05356598	
72.94860077	51.96707916	50.19151688	52.42757416	
71.40097809	50.90621185	51.60521698	53.50318527	
72.5752182	51.60869217	52.140728	54.25101471	
73.22879791	52.32137299	49.59869385	51.54206085	
71.43611908	52.11384201	49.08887482	50.52084732	
73.21431732	50.08921814	48.86795044	52.0051384	
72.68812561	49.54216766	48.73653412	51.87139893	
71.02601624	53.25712967	48.68360138	51.04201126	
70.45327759	52.88439941	46.83400345	49.00907135	
69.48701477	52.4665947	47.86931229	51.81154251	
69.69138336	53.89971161	48.25975418	47.81508636	
70.03379822	52.53009033	48.79974365	49.15584564	
71.41060638	52.01201248	47.54111481	48.78813934	
69.84610748	54.43276978	48.72865677	48.07970428	
69.75410461	52.96986008	48.46792221	48.41822433	
68.44095612	54.6231575	48.2460556	47.4885025	
67.44033051	53.74287033	49.22063446	49.10977936	
67.11190796	53.41577911	52.3837204	49.98169708	
65.6108551	53.78382492	50.47702026	49.90632248	
64.06318665	53.63862228	50.60288239	50.18222809	
64.0927887	54.21121216	49.36310959	49.67343903	
65.47798157	55.06716156	48.5053978	49.12632751	
65.08308411	55.29024124	48.78075409	48.85487747	
62.90742111	55.45634079	51.16900635	49.47992706	
62.06682205	55.81242752	50.37799835	48.95519257	
61.87468338	55.7625618	48.11878586	48.39728546	
61.30272675	55.60203934	47.53359604	48.65438461	
62.36350632	55.70691681	45.96301651	48.02951813	
61.40876389	55.79897308	45.86229706	47.92598724	
61.7290535	56.59395599	44.84886932	46.4128952	
61.60604095	57.13462067	44.81425858	46.02244949	
60.27929688	56.30567551	45.04711151	46.62442017	
60.4971199	56.17273712	45.61853027	47.30941772	
61.5228653	56.18552399	44.04375458	46.66947556	
60.95436478	54.96725464	43.57049942	48.17777634	
62.54462433	55.36820602	42.71689606	46.92142105	
62.60506439	55.95341873	42.81246185	46.13167953	
61.76839447	55.62996674	42.74573898	45.52740097	
60.23197556	56.46731567	43.8546257	45.31263733	
60.90883636	56.82469559	43.52196121	45.04265594	
60.2236824	57.40953827	43.53672028	44.32959366	
58.73163986	57.29833984	44.31165695	45.19659424	
59.08278275	56.62995529	42.90599823	44.91759491	
59.08107758	57.00285721	43.05124664	45.24335861	
59.83753586	57.14702225	40.99173737	44.93376923	
60.88963699	57.06912994	40.52124023	43.66007614	
61.16855621	58.24818802	40.58191681	42.90887451	
61.56248093	59.47317505	40.10588074	41.90241623	
61.21133423	58.68528366	40.97915649	42.89870453	
59.7601738	59.07183838	41.30956268	41.64197922	
59.11148834	58.29146576	40.68821335	41.83750534	
59.84393311	58.65875244	41.69696045	42.77030563	
58.43889236	57.67942047	41.93223572	43.12874222	
59.04589844	58.25865555	40.7500267	41.61903381	
58.90197754	58.25004196	40.59482956	42.02820587	
59.65630341	57.16229248	41.6972847	42.98381805	
58.77000809	57.80387497	41.02876663	41.84009933	
57.39083099	58.18473053	41.91477203	42.18470383	
57.90396118	58.24558258	42.07781219	42.00483322	
58.27840042	58.31372833	40.88937378	41.33160019	
56.97083664	58.34428024	41.41481781	40.59728622	
57.0864563	58.14094162	40.82781219	39.57951736	
56.38134003	58.69033813	41.55765533	39.92694473	
55.57214355	58.56377411	41.37387085	40.42588425	
57.51968384	60.24818039	39.53598022	38.55277252	
55.03677368	57.54420853	40.21233368	40.86367035	
55.65149689	58.36616898	40.41881943	40.94939423	
55.36885452	58.02620316	41.32081223	42.45765305	
56.23667145	57.49558258	40.31892776	41.57374954	
55.08253098	59.43357468	39.55391693	40.02260208	
54.49311447	58.95081711	40.51338959	40.58909607	
54.54186249	57.34865189	39.35402679	41.19865799	
54.34754562	57.14354324	38.69853973	40.31354904	
54.57578278	58.04691315	38.81345367	39.84391785	
53.8827095	59.18531036	38.56591034	39.3242569	
54.78187943	59.47390747	37.59888458	38.0928421	
54.78789139	57.64691162	38.02946854	39.50682831	
55.33277512	59.05319977	36.72689438	37.87948227	
54.78598785	59.76514816	36.34444427	38.22160339	
53.19364166	60.01009369	36.80594254	38.42537689	
53.91292572	60.39984894	36.66306305	38.46874237	
51.96282959	61.37586594	37.58789444	38.28284836	
52.62358475	59.75291824	37.91009903	38.73244476	
52.378685	60.15550613	37.51986313	38.09266281	
52.69152832	62.38193893	36.19939041	36.6019516	
52.72544479	62.47719193	36.60354614	36.81822586	
51.28296661	61.04462433	37.27257538	37.86100388	
51.39822388	60.74069214	36.44717407	38.26356888	
52.11192703	61.05131912	35.44142532	37.36353302	
52.1231308	61.14228439	35.82779312	37.85277176	
53.79310989	61.60419846	35.1155014	36.39397812	
52.33977127	61.88453293	34.86643219	35.40100098	
52.53875732	61.48897552	34.98444748	34.64002228	
51.79673004	61.35309982	34.10992432	34.26929474	
52.06456375	61.27547073	34.86595535	34.73517609	
51.67687988	61.06164551	35.1386795	35.6644783	
50.82302856	59.1829834	35.34400177	36.99777222	
49.5786438	59.62160492	36.61236572	38.23161697	
50.20798111	59.09604645	36.26258087	38.06801605	
50.85149384	59.99598312	36.43503571	37.36994553	
49.14535522	60.02147293	36.76877594	37.35818481	
50.53244781	61.11525726	36.83652496	37.21952438	
51.04730988	61.31450272	35.39903259	35.68331146	
48.34764862	60.38261795	37.67686844	38.14091492	
48.25455856	61.2036972	37.62858582	37.18981552	
48.8196106	60.88459015	37.04253387	37.49499512	
48.77526855	60.52951813	37.83784866	38.34844971	
48.63568115	60.85565948	36.72080231	37.19600296	
48.72684479	60.28742218	36.87359619	37.41783524	
48.91616058	60.80985641	36.3649559	36.41724396	
48.24444199	61.36792755	35.49729156	34.86997604	
48.47279739	61.48867035	35.18455505	33.96212387	
46.80151367	61.3642807	35.94142532	34.28862	
46.36174393	60.66786957	36.29051971	34.23870087	
45.92816925	61.68452072	36.15702057	34.06652832	
46.24515915	61.45476532	36.82485199	35.42876053	
46.40802002	61.6292305	35.15396881	34.82255936	
46.55443573	62.075634	35.0074234	34.67508698	
46.26317215	62.12305832	34.71451569	34.37077713	
45.46085358	61.58322144	34.6205368	35.28912354	
44.36381531	61.32851028	35.92548752	36.2894516	
45.02233887	61.18373489	34.80289841	35.90236282	
44.78535461	61.63220215	34.87921143	35.60645676	
44.51086807	61.24266434	34.51987839	36.12967682	
44.08532715	61.59131622	34.6652832	35.82983398	
44.2877121	61.13927078	35.44981003	36.70862579	
43.50889206	60.75766754	35.23380661	36.98913574	
43.26993179	61.4077034	34.87705231	35.63912201	
43.95886612	61.64045334	33.70100021	34.72168732	
42.80780029	61.24901199	34.68215179	35.77207184	
43.32842255	61.33380127	34.85675049	35.95928192	
42.58772659	60.15385818	35.55656052	37.04132843	
41.34447479	60.44575882	35.91793442	37.34812164	
41.18507004	59.90763474	36.06242752	37.9154129	
41.37273026	60.70816803	35.9295845	37.49821091	
41.5828743	60.00880814	35.66456604	37.475914	
41.41893387	61.41707611	35.65875626	36.64208221	
41.15948868	60.80541992	35.89585876	36.72182465	
40.47102356	60.80067825	35.89360046	36.42263794	
41.40904236	60.89168549	34.58939743	35.45386887	
40.96233368	60.60038376	35.35092163	36.19200134	
41.10028839	60.10187531	35.09675217	36.52189636	
41.04206467	60.42894745	34.94775391	36.23049164	
41.11282349	60.45052338	34.74972534	35.92635345	
41.38848877	61.32283783	34.06594467	35.4538002	
41.69129944	61.19898605	33.74991226	35.20479584	
39.77850723	61.65353394	34.52945709	35.39830399	
40.91020966	61.26086426	33.95037079	35.78594208	
40.75487137	61.95599365	33.77902222	34.8458786	
40.54841995	62.34133148	33.85370636	35.14765167	
40.16086578	61.88447952	33.82971954	35.69114304	
40.38153458	61.76136017	34.36726379	35.87508774	
40.05051041	62.0957756	34.66111755	36.12266159	
39.90975571	62.61024857	34.27120209	35.2068367	
39.26993561	62.65399933	34.74534225	35.60639572	
39.27430725	62.72039032	34.35722733	35.20256424	
38.37493896	62.29625702	35.35848236	36.13344574	
39.8264122	61.3501358	34.41304779	35.46208191	
40.06311035	60.87704468	33.99967194	35.03083038	
39.34479141	61.65452194	34.39063644	34.73276901	
39.86325836	61.98310471	33.78601837	34.18783569	
40.02395248	62.30867767	33.01657104	33.01376343	
39.55106354	62.00807953	33.51093292	34.20740509	
39.16718292	61.76590729	33.32421494	34.45070648	
38.24008942	61.71992874	34.24149323	35.50546265	
39.60997772	61.64313507	33.12258148	35.05447769	
39.38973236	62.34578323	32.932827	34.31191254	
39.29254913	62.46652985	32.53041077	34.02950287	
40.1500473	62.21678543	32.24411774	33.89826584	
39.66485977	61.45932007	32.64819336	34.45840454	
39.58386993	61.58293915	32.13197708	34.23496246	
39.90808868	61.71298218	31.9675045	33.7844162	
39.46600723	61.77628708	32.19244766	33.88431549	
39.77619934	61.75491333	32.06307983	33.73773575	
39.60156631	61.78010178	32.21821213	33.92411423	
39.48560333	61.00034332	32.98988342	34.64274216	
38.5843277	61.00774002	33.4703598	35.15710068	
39.39549255	61.08705902	33.13376617	34.90598679	
39.4083519	60.4021492	33.33829498	35.32633209	
39.0570755	60.54450607	33.93782043	35.89852905	
38.14243698	60.98465729	33.9451828	35.33460617	
38.69444275	61.69019699	33.79619598	34.7706871	
39.80733109	61.05948639	34.28217697	35.54616928	
39.19523621	61.29365158	33.83864594	34.79016876	
39.35368347	61.43712234	33.86107635	34.98607254	
39.61334991	61.85418701	33.47506332	34.39109421	
39.01292801	62.36546707	33.67570877	33.95666504	
39.34446335	61.81776047	33.52442932	33.65451431	
39.27711487	61.48020172	33.59642792	33.95897675	
38.83858871	61.35121918	34.09163666	34.12896729	
39.81221771	61.4318161	33.5350647	33.69570541	
39.4344368	61.89491653	33.52663422	33.43925476	
39.49164581	61.86094284	34.01359177	34.06302261	
39.48970413	62.08258057	33.52318573	33.57490921	
39.26148224	61.22072601	34.74780273	34.70014191	
38.87534332	61.89632416	33.89221191	33.67242432	
38.51133347	61.15834808	34.51084137	34.4661293	
38.69100189	60.52512741	35.12590408	35.07413864	
39.25006104	60.72422409	35.11705399	35.26251602	
39.21611404	60.93869781	34.5580368	34.28687668	
38.93782043	60.64300537	34.79318237	34.7440834	
38.42779541	60.05877686	34.88535309	34.96918488	
38.21043015	61.13231277	35.19746017	35.06963348	
37.89286041	60.00801849	34.51697922	34.98045731	
39.44668579	61.24865723	33.89235306	33.58503723	
38.44895172	61.63395309	33.38918304	33.10546494	
38.94936752	60.63988495	34.35303116	34.13941193	
38.62612152	61.42089081	33.84093094	33.45845032	
38.51807404	62.00619507	33.736763	33.14566803	
38.00439453	60.97990036	34.09450531	33.64992523	
38.66631699	61.66046906	33.35643387	32.80873489	
38.91321564	62.4622879	33.74191666	33.13137054	
38.2428894	61.2545166	34.09945297	33.98734283	
39.01771164	62.07868195	33.63168335	33.34091949	
38.89230728	61.41728592	34.08275223	34.0951004	
38.83467484	61.81832886	33.71734619	33.70268631	
38.20011139	61.94724274	34.49768829	34.39585876	
37.56101227	61.79001617	34.40338898	34.32237244	
38.17049026	62.12472534	33.32815933	33.46051025	
38.11737823	61.88271332	33.24382019	33.84650803	
37.87600327	62.65194702	33.50808334	33.59454346	
37.94017029	62.6889534	32.54515839	32.82831955	
37.95835114	62.70362473	32.72583771	32.75351715	
38.76565552	63.03948212	32.83124542	32.85332489	
38.35564041	63.66953659	32.60466003	32.23999405	
39.07223129	63.36869431	32.40769958	32.1997261	
37.48574448	63.26351166	32.83531952	32.86029816	
37.42097092	61.93851471	33.54280853	33.73742676	
37.33361816	63.19128418	33.59907913	33.44515991	
36.40511322	63.16414642	32.91666412	32.69298553	
36.49065018	63.0643692	33.49100113	33.20744324	
37.87738037	63.17049408	32.53843307	32.48981476	
38.50399017	63.58232498	31.07094955	31.70968056	
38.55350494	62.92731476	32.01719666	32.68066788	
38.70015335	61.55473709	32.41536713	33.40699387	
36.94977188	61.77200317	32.72998047	33.78240204	
37.01471329	62.51580811	32.90032196	33.64662933	
36.76506805	62.36717987	32.87738037	33.29651642	
35.67189789	62.51131058	33.66637421	33.33704376	
35.7110672	62.33963776	34.06927872	34.19907761	
35.461586	61.66169357	34.29371262	34.66665649	
35.50564194	62.65573883	34.09254837	34.32755661	
35.93835068	62.21942139	33.0653801	33.74380112	
34.84744644	62.29315948	32.1946106	33.38680267	
35.21698761	62.37572098	31.90126419	32.70474625	
35.38840485	62.86220551	32.11352158	33.01484299	
35.53403473	62.9020195	32.12907791	33.32354736	
34.21445084	62.47727585	32.51409149	33.96989441	
34.41547394	62.82720947	31.05349159	33.10923004	
34.44763947	62.32529831	30.93338013	33.3123703	
34.46012115	62.46515656	31.72214699	33.70040894	
