139.0	94.0	59.0	42.0	
138.56758118	93.08664703	59.36942291	42.39669037	
138.93765259	91.96772766	58.32236481	43.06217957	
138.66740417	91.75997162	58.38430786	42.23653412	
138.43531799	91.53900146	58.63787842	42.06210327	
138.6083374	90.66375732	58.79590607	43.04534912	
138.40670776	90.59858704	59.07330322	42.60991287	
138.30049133	90.38206482	59.09904861	42.12018585	
138.62692261	90.56219482	58.68344116	41.40774918	
139.32266235	90.5771637	57.81139374	41.05045319	
139.71560669	90.17875671	58.1878891	40.8937912	
140.03848267	89.38829041	58.33460236	40.7024765	
140.03610229	88.91278076	58.56024933	40.1575737	
140.0927124	88.70209503	57.89453125	39.29135895	
139.75772095	87.94577026	57.85528564	39.87530899	
139.01083374	87.1023407	58.85819244	39.90090179	
137.62332153	86.99165344	60.97447586	39.17276764	
138.93791199	85.9944458	59.58414459	40.38005829	
140.56599426	85.38030243	58.89678955	41.46034622	
142.07817078	84.12400818	59.25208664	42.29631424	
143.53039551	82.85138702	58.98310471	43.72135544	
144.12231445	82.17610168	58.68464279	44.47929001	
142.96020508	83.2654953	58.93613434	43.71693039	
140.70716858	85.13012695	60.01745605	42.84963226	
138.89758301	86.45041656	60.36460114	42.23266602	
136.60406494	87.85980225	61.32197189	41.25969696	
135.26895142	88.20274353	61.01720047	41.18257523	
134.77853394	87.88243866	60.48833084	41.3275032	
134.37869263	87.05554199	59.92840576	41.59267426	
133.96516418	86.69873047	58.98306274	41.57071686	
132.97575378	86.45129395	59.17844391	41.59778595	
131.52139282	85.96783447	59.41790009	41.87532806	
130.28193665	86.03743744	59.31428146	41.52780533	
129.2668457	85.63066864	59.03000641	41.7844162	
127.88279724	85.03007507	59.21683502	41.98762894	
127.1558609	84.37967682	58.65736008	42.29305649	
125.82798004	83.80813599	58.87862396	42.43533325	
124.1927948	84.00933838	58.62868118	42.248909	
123.07818604	84.20249939	58.57901001	42.17021942	
121.84529114	84.53942108	58.71578217	42.02157974	
120.65046692	84.79323578	58.51575851	42.05852509	
120.12097168	85.57292938	57.88446045	41.57745743	
119.06462097	85.82082367	57.79082108	41.48642349	
117.18717957	86.51053619	58.17440796	41.29436493	
115.98856354	86.58596802	57.88942337	41.53919601	
114.51464844	86.48246002	58.33533478	41.50623322	
113.93586731	86.03645325	57.820961	41.72344971	
112.73356628	85.22822571	58.13646317	42.54611206	
111.7792511	84.44533539	58.59773636	42.65880203	
110.24588776	83.62141418	59.16838837	43.51000977	
110.56557465	82.99726868	58.50426483	43.01735687	
109.14870453	82.62371826	58.98664474	43.04591751	
108.8724823	82.42321014	58.42806244	42.77702713	
108.47988129	82.16542053	57.91629791	43.00096893	
106.40203857	82.58990479	59.31005096	42.95658875	
107.56391907	82.48916626	56.859272	43.33658981	
106.76338196	83.17817688	57.47615433	42.79708481	
106.49128723	83.21865082	57.57549286	43.17720032	
105.58219147	83.90159607	58.1584053	43.20384979	
106.23142242	84.34464264	57.67275238	42.92855453	
105.72973633	84.61568451	58.65607452	43.37370682	
107.17954254	84.61233521	58.20083618	43.23712921	
107.44065094	85.01934814	58.8980217	43.0374527	
108.61291504	84.92408752	58.75613403	43.33763504	
109.6776123	85.26701355	59.09739304	43.0177536	
111.0493927	85.14817047	58.77429199	43.62601471	
112.25380707	85.93167877	58.52035522	42.87762451	
112.63224792	86.529953	59.08213425	42.55376816	
114.12861633	86.85796356	58.50650787	42.35842133	
115.54956055	87.15914154	57.97950363	42.07375717	
116.57971191	87.73707581	58.48931885	41.47301102	
117.85121918	87.59165955	58.61950684	41.88062668	
119.56352234	87.55014801	58.6472168	41.80875778	
121.08912659	87.88340759	58.49752808	41.44580841	
122.13885498	88.0161972	58.73058319	41.63285065	
123.33338928	88.6118927	58.08734894	41.3576355	
123.65034485	88.7586441	58.94209671	41.68458176	
124.27534485	89.7464447	58.89600372	40.78656769	
124.82619476	89.96685028	58.58630371	40.6842308	
125.01838684	89.74661255	58.69008636	41.08947754	
125.37010193	89.94771576	58.94264603	40.46917725	
125.77912903	89.12214661	58.89644241	41.13250351	
126.15681458	89.37427521	58.70384979	41.44264221	
126.75775146	88.67050171	58.13648605	42.67924118	
126.74699402	88.33776855	58.84099579	42.40703201	
126.77957916	87.75527954	59.29354095	42.36677933	
126.88677979	88.65509033	59.02498627	41.60646439	
127.13491058	88.29087067	58.78612518	41.76920319	
127.54123688	87.59960938	58.56105423	41.77064514	
127.84677887	86.7776947	58.74887848	42.18363953	
127.66648102	85.97216797	59.55006027	42.55821228	
128.02626038	86.84277344	58.27871704	42.63057327	
128.71458435	86.46585846	57.63740158	43.98416138	
128.83711243	87.2631073	57.10751343	44.4082756	
129.01403809	87.42650604	56.89278412	44.60246658	
129.44273376	88.88697815	56.29982758	43.91202545	
130.72375488	89.26802826	55.04183197	45.02891541	
130.9427948	88.01526642	56.08901215	46.60268402	
130.82951355	87.93491364	55.94817352	46.25042725	
131.00576782	88.94193268	55.46559906	45.26911545	
131.75691223	91.76368713	53.44600677	45.78835297	
133.15054321	93.45256042	52.74796295	48.29428101	
134.97148132	94.26655579	52.11815262	49.41989136	
130.44616699	104.53912354	57.65449905	41.04213715	
136.51040649	96.51985168	50.78013229	49.06745529	
137.14254761	97.06312561	50.80371857	49.75325394	
137.86717224	98.99898529	49.49415207	48.55013657	
138.11019897	100.15364075	49.0802536	48.25566864	
138.54281616	101.48588562	48.21549606	47.65192795	
139.56204224	101.90763855	47.44432831	48.24435425	
138.97389221	104.27862549	46.07257843	45.77251434	
138.48483276	103.48686218	47.19273758	46.55198288	
138.36468506	103.96805573	47.51535416	46.06250381	
137.71257019	104.64216614	47.14897537	44.24716187	
138.09619141	102.58753967	47.68687057	45.71961594	
138.14497375	102.52628326	47.32054138	44.6765213	
138.51733398	103.8165741	47.05608368	44.37003326	
138.71156311	104.14431	47.1247673	44.47356415	
138.98605347	104.91346741	46.62138367	43.4788208	
139.07206726	107.74623108	46.65394974	41.20151901	
140.26277161	108.10056305	45.71742249	40.46935272	
140.53051758	109.08565521	44.87897873	38.06545639	
141.62124634	109.43881989	44.73698425	37.93111038	
142.22756958	109.45951843	45.1787262	38.35081863	
142.10202026	110.44986725	45.49571609	37.22509003	
142.30740356	109.96618652	46.03147507	37.43350983	
143.01657104	110.03263092	45.73026276	37.3414917	
143.24015808	109.45292664	45.37810898	37.65652466	
143.43592834	107.45613098	45.71120834	39.11423492	
144.13578796	107.55587006	44.90278244	39.01478195	
144.29919434	109.07041168	44.67749023	36.42833328	
144.85006714	106.6452179	44.49647903	38.16270828	
145.24647522	105.69142151	44.48420334	38.00034714	
145.2571106	105.76468658	44.25623703	36.57102966	
146.05654907	104.05601501	43.83060455	37.4444046	
146.2638855	103.76727295	43.24724579	36.31018829	
145.98423767	103.01733398	43.17356873	35.91001129	
146.400177	98.34452057	43.39767838	39.13879776	
145.50631714	101.26824188	43.74152374	34.45198059	
146.69194031	95.84093475	44.27718735	38.35905075	
146.75970459	96.29850006	44.11325836	36.15654373	
146.62031555	93.71992493	43.8954277	37.93007278	
146.27474976	94.33126068	43.72879791	36.3156929	
146.08247375	89.09257507	43.17349625	36.87918091	
146.77601624	78.42072296	39.62038422	35.21974564	
146.77575684	79.23693848	40.10355377	35.1633606	
144.26425171	91.51100159	41.48734283	29.53334618	
144.44816589	95.88932037	44.86286163	33.70854568	
145.30776978	95.66135406	44.2806015	34.35590744	
147.46609497	97.91718292	42.93079758	32.58803177	
147.71469116	96.37342834	43.66592407	34.71466064	
148.58395386	96.34417725	43.21865845	35.42803574	
148.65194702	99.49845886	42.25554276	32.37786865	
149.0864563	100.141922	41.84848785	31.72127342	
149.92982483	101.36071777	40.79289246	30.08658791	
150.95925903	101.74451447	39.92738724	29.40509415	
150.84306335	100.47888184	40.72304153	30.5821476	
151.17379761	99.19924164	41.31475067	31.67460251	
152.03530884	97.80677795	41.28358078	32.47293472	
152.34524536	98.92237854	40.99014664	30.92743874	
152.49682617	101.80948639	39.81321335	28.16655922	
153.48358154	104.61367035	37.22084045	26.49617958	
154.42895508	101.18037415	39.87955475	29.25999451	
154.99349976	100.11653137	40.75983429	30.16221237	
155.11581421	100.11183929	41.73986435	30.32557297	
155.35317993	99.44609833	42.0376358	31.45118332	
155.8208313	101.34781647	39.60816193	29.76326561	
156.34555054	100.10823059	39.20353317	31.42359924	
156.2480011	101.44084167	38.32100296	29.74473572	
155.7827301	99.8818512	41.28104401	31.27130508	
155.07125854	100.85631561	42.66851425	29.69254112	
154.20501709	101.00978088	43.22798538	29.49370193	
152.57099915	97.82847595	44.73670959	33.46932983	
151.13883972	98.31076813	44.64964294	33.14504242	
150.13607788	98.07429504	45.31404877	33.36784744	
149.44285583	98.73176575	44.50590134	33.25059128	
148.52606201	101.10610962	38.92639923	31.4922123	
148.19578552	100.84075928	38.57939911	31.56412697	
147.26377869	99.73913574	38.03422928	32.23066711	
145.40518188	100.59710693	38.29294205	31.22139359	
142.8997345	99.93003845	39.52962112	31.98733139	
141.30056763	98.72731781	40.33646011	33.49737167	
140.13795471	99.8479538	38.78154755	32.55344391	
138.65042114	100.49264526	37.99281311	32.06790161	
136.83946228	99.74903107	38.32847595	32.89981461	
134.8866272	99.87976837	37.90522003	32.73011017	
133.57746887	99.54748535	37.98563004	33.05487823	
131.71276855	98.03998566	38.5559845	34.54651642	
130.3711853	98.09928131	38.68160248	34.47911835	
128.22912598	99.31150055	37.8237648	33.28375244	
126.49337006	97.9679184	38.21435165	34.68540192	
125.31459808	97.36682892	38.59250641	35.41040802	
123.80702209	97.31121063	38.19802856	35.46091461	
122.75101471	98.56896973	37.31251907	34.08149338	
120.58628082	101.03940582	35.89693451	31.36089706	
119.61299133	99.56690216	36.84871292	32.79201508	
118.0476532	98.89424896	37.03848267	33.48841095	
117.12962341	98.09195709	37.57293701	34.38585663	
115.59397888	100.4588623	36.03767776	31.86966515	
114.40389252	100.5587616	36.13220978	31.9006958	
112.56945801	101.97563171	35.97290802	30.45391273	
112.12091064	101.67530823	36.26128006	30.72965431	
111.43106842	101.2786026	36.48814774	31.31771851	
110.33976746	103.66530609	35.51737213	29.01759911	
110.19515228	103.44026184	35.60756302	29.17218018	
109.59254456	103.77000427	35.9024353	28.7648201	
109.31496429	103.05057526	36.5478363	29.34877968	
108.8591156	102.83934021	37.15304184	29.35884476	
108.99349213	100.79341125	38.79633331	31.2402916	
108.21891785	102.86379242	39.36027145	28.75865746	
108.75105286	100.14103699	40.25624847	30.97127724	
109.235672	98.34555817	41.39031982	32.3364296	
109.43857574	99.13315582	41.3722229	31.35996437	
109.52839661	99.05498505	41.56200027	30.9713707	
110.72637939	97.15010071	41.89069748	32.91270447	
111.31254578	97.36616516	42.25689697	32.94248581	
111.28549957	98.70004272	41.70745087	31.18898964	
111.71730804	98.26533508	41.69757843	31.46268082	
113.2868042	96.90180969	42.0891037	33.33475494	
112.78779602	96.61946106	43.0009079	33.01689911	
113.73099518	96.49725342	43.134758	33.41460037	
114.6264801	97.38973999	42.49752045	32.78093338	
115.40531921	95.90626526	43.01708603	34.42025375	
115.40608215	94.93548584	44.54878235	35.68047333	
115.05826569	94.47575378	46.50172424	35.76174164	
115.75283051	95.98734283	46.37630844	34.3131218	
116.72460938	94.77700043	47.05448532	35.98266983	
118.4066391	93.63387299	47.17543411	37.65140152	
118.40364838	91.95401764	49.06283188	38.83770752	
118.66624451	91.46934509	49.40402603	39.20284271	
118.05285645	91.32085419	50.59262848	38.78917313	
118.14575195	91.03688812	51.28490448	38.28354645	
118.89764404	88.12994385	53.19307709	40.22838593	
118.49217224	88.79414368	53.90380859	38.56865692	
119.1989975	87.61289978	53.92832184	39.14561844	
120.37947845	85.67905426	53.77009964	41.12173462	
120.60793304	85.77113342	53.99341965	40.45692062	
121.00943756	86.88283539	52.64785767	39.53425217	
121.3237915	86.03144836	53.17554855	39.91326523	
121.44258118	85.60499573	53.47324753	40.30711746	
120.85246277	86.56391907	53.87670898	39.01006317	
121.67167664	85.52529144	53.95643997	40.05379486	
121.79069519	84.60030365	55.05405807	40.79063797	
121.26694489	84.61598206	56.11813354	40.38679123	
121.42079926	84.97245789	55.71822357	39.93490982	
121.651474	85.00727844	55.5203743	39.78065491	
121.29856873	85.73933411	55.17918015	38.93815994	
121.53729248	83.36204529	56.48124313	40.93724823	
121.22438049	83.97547913	56.37697601	39.85122299	
121.48553467	83.26244354	56.35965729	40.16040802	
121.53907776	83.43649292	55.96922684	40.06090546	
121.68165588	82.38012695	56.12235641	40.80903244	
122.0308609	82.04484558	56.06477737	40.96354294	
122.40753174	81.51093292	55.63157272	41.83660126	
122.76586914	81.81358337	55.31110382	41.40150452	
122.51261139	80.63184357	56.25209808	42.97512817	
122.01204681	83.56941986	54.7497673	41.39395142	
121.66939545	84.07332611	54.1276741	41.8844223	
121.8276825	82.99196625	54.15670776	43.04075623	
121.76192474	82.63937378	54.10454178	43.39367294	
121.07966614	84.2333374	53.96899414	42.72071838	
121.16465759	85.40395355	53.60693359	42.80659103	
121.05303955	83.98072815	54.97488403	43.22892761	
120.20981598	85.08634186	55.13724518	42.5717659	
119.86094666	83.01206207	57.19197464	44.0318222	
119.70942688	83.46122742	57.26981354	43.38326263	
119.2169342	83.331604	58.33771896	42.88518143	
119.20314026	83.20258331	58.46580887	42.92603302	
119.53971863	83.50712585	57.84827423	42.62322617	
119.58049011	82.68978119	58.94956589	43.32532501	
119.38632965	83.55053711	58.48996735	42.64851761	
119.87782288	83.57545471	57.70493317	42.53011322	
120.43132019	82.97667694	58.50902557	42.69087601	
120.99098969	83.38277435	57.63121796	42.18244171	
121.49035645	82.45152283	58.12342453	42.67367554	
122.29675293	82.57679749	57.44863129	42.31713486	
124.02455902	78.42735291	59.4013176	43.950634	
125.12744141	78.00722504	59.23509598	43.18355179	
