276.0	137.0	23.0	69.0	
275.42840576	136.47711182	23.6822052	69.27381897	
275.36126709	134.78591919	23.63856888	70.58177185	
275.77380371	134.04330444	22.94299698	71.23143005	
275.89505005	133.42965698	23.14984703	69.39476776	
276.27554321	134.72750854	22.58947372	68.47312927	
276.38204956	135.41999817	22.6924324	68.49983978	
276.355896	135.88670349	22.81653023	69.74102783	
277.09246826	135.53439331	22.5977726	69.29970551	
277.72909546	135.42778015	21.88088036	70.36740875	
278.72515869	134.80700684	20.97140121	71.41664124	
279.70635986	133.97824097	20.22629547	71.55332184	
279.78436279	133.53015137	20.0357933	69.80770111	
281.14202881	133.69987488	19.61903	70.33835602	
280.73330688	134.49162292	20.54092789	66.61244965	
282.23373413	135.13237	19.83306503	66.91498566	
282.73568726	136.11825562	20.10659981	67.76186371	
283.83947754	136.81796265	19.56145287	67.01351929	
284.37017822	136.4692688	20.0336113	69.3143158	
284.2850647	136.39091492	20.97673225	68.09326172	
284.07012939	135.82365417	20.9089222	68.57485199	
285.30557251	135.40632629	20.5733757	69.01350403	
285.58239746	135.01301575	20.7500248	67.36730957	
286.4317627	134.96496582	20.00178528	66.96469879	
286.92001343	135.51916504	19.87340927	65.57360077	
288.38037109	137.44888306	19.10587311	64.74190521	
287.68557739	138.27722168	20.12493896	66.53944397	
287.70492554	139.09477234	19.86473465	64.03925323	
287.97839355	138.74015808	19.81911659	64.56916809	
287.20611572	137.9394989	19.81676865	64.53660583	
287.34970093	137.12214661	19.66936111	65.00141907	
287.61419678	136.54219055	19.15971375	65.62516022	
288.5647583	136.33016968	18.41790771	65.29006195	
286.93588257	136.56408691	19.00831223	64.03990173	
286.703125	136.55125427	19.71432877	65.31536865	
286.59301758	137.6980896	19.4523201	65.38578033	
285.16220093	139.57145691	20.59347916	64.0761261	
284.86154175	138.9102478	20.53211784	66.27964783	
283.18048096	139.11839294	20.74464607	64.78889465	
281.63122559	138.24858093	21.13951111	64.92350769	
281.32867432	138.72537231	19.9377327	62.59835815	
281.01092529	138.41882324	19.04772568	63.34608078	
279.4017334	137.86726379	18.40510368	63.25165939	
278.46392822	139.47981262	17.94667435	60.62067795	
277.84988403	141.60806274	17.91952896	59.86934662	
275.82528687	142.83886719	18.62833786	57.41845703	
274.63223267	143.33552551	18.3681736	55.98812103	
274.29931641	143.21299744	17.25712204	55.56422043	
272.13104248	142.47567749	17.47345924	54.27426147	
271.44543457	142.45352173	16.62666702	53.67357254	
269.45318604	141.97819519	16.6476841	53.56380463	
267.62695312	140.96829224	16.42994308	52.98652267	
265.65887451	141.7948761	16.14065933	52.99115753	
263.51873779	140.66984558	16.3465023	56.91116333	
261.77127075	141.16165161	15.74727154	56.41471481	
260.17739868	143.39100647	15.24058819	54.23525238	
258.30325317	143.96818542	15.34503651	53.01213455	
256.27481079	143.73326111	15.83407021	52.81129074	
254.46257019	144.62846375	16.0079689	50.34415817	
252.60095215	144.08145142	16.12370682	51.17769241	
250.48933411	143.39143372	15.62046814	50.77108765	
247.5874939	144.92854309	15.46471596	46.39411163	
245.86364746	143.15420532	15.17626953	46.91573715	
242.89619446	142.53614807	15.07406139	45.1685524	
241.09846497	144.43876648	15.26085186	47.41738892	
239.25520325	144.06819153	14.63431549	47.44759369	
237.11201477	143.30429077	14.302701	48.67454529	
235.06159973	141.61508179	14.30569744	52.32694626	
232.42292786	138.45767212	14.61666584	54.28221893	
230.9201355	138.37397766	14.39339733	55.57484055	
227.33476257	134.52029419	15.40435219	53.03857422	
225.41134644	134.53378296	15.48359394	54.7221489	
223.82583618	137.10774231	15.39685535	52.51373291	
221.45317078	136.71000671	15.73005676	51.18818283	
220.34281921	139.57368469	15.67841339	50.59842682	
218.14709473	143.03411865	15.96435738	47.89303207	
217.15116882	142.64788818	16.54659081	48.63835526	
215.24780273	141.3033905	16.56635475	49.63453293	
212.89981079	139.96903992	16.40245438	52.98545074	
211.61538696	140.09855652	16.46771812	52.63632965	
209.82221985	139.41189575	17.00081444	52.34133148	
207.86791992	139.92990112	16.84638596	51.93569183	
205.30578613	139.68841553	16.88942337	52.78386307	
203.07984924	140.18000793	17.25124168	52.45654297	
203.55325317	142.37966919	16.68466759	47.9407959	
202.78820801	142.70263672	15.64154053	45.98939133	
201.0398407	141.04718018	15.38210583	50.74025345	
200.17977905	140.36431885	14.98199463	49.48062515	
198.91696167	139.32260132	14.74241924	53.69694901	
196.95718384	140.01846313	15.34099865	50.88163757	
195.92126465	139.96910095	15.2542696	50.88610458	
193.80435181	140.65437317	16.10899925	49.18990326	
192.08097839	141.64385986	16.37274551	48.84765244	
191.05636597	142.95141602	16.30426979	48.64814758	
190.7673645	143.4914856	16.39556503	47.92312241	
189.39614868	143.41189575	16.27659607	47.01335907	
189.62133789	144.40325928	16.30801582	44.19259262	
187.42424011	142.75233459	16.86682129	47.79174805	
185.88066101	139.52149963	18.02585983	49.6488266	
184.82333374	140.42703247	18.58333015	51.36429977	
184.03436279	139.28913879	18.41991234	51.89907074	
183.23419189	140.4069519	19.06820297	52.98273849	
186.28248596	141.60049438	17.76811218	46.91281891	
185.7805481	142.76538086	18.43798447	48.24801254	
184.25233459	142.96600342	17.97288895	50.94731522	
181.80912781	142.54031372	17.72778511	54.75090408	
182.47021484	141.25090027	17.77920151	57.74400711	
183.19798279	139.83946228	17.74627495	57.76582718	
183.48953247	138.03939819	17.71749306	59.8657608	
184.16796875	137.69039917	17.52511215	59.77573395	
184.46403503	138.80200195	17.87629318	58.64978027	
185.07710266	139.38668823	17.85448647	59.61292267	
186.15867615	139.6214447	18.01093102	61.28265381	
186.22465515	140.5740509	19.62133408	62.27810669	
186.98957825	141.36190796	20.65912056	61.47507477	
187.86557007	141.12208557	21.19585228	61.93569183	
188.6812439	139.79621887	21.43575096	63.41643143	
189.55401611	138.65591431	21.48151779	64.88041687	
191.47122192	136.52738953	20.50866508	67.89111328	
192.75283813	136.23815918	20.32574654	67.91548157	
195.02937317	135.96662903	20.38811111	67.95045471	
195.5160675	135.99517822	20.09399986	67.98973846	
197.2960968	137.81410217	19.62902451	67.17972565	
198.56384277	139.40670776	19.703619	66.76295471	
199.72819519	140.70254517	19.45747948	64.59202576	
201.00064087	140.08345032	19.39190865	64.03876495	
202.75436401	139.26565552	19.13377762	62.20767212	
204.63354492	138.6178894	18.8461132	62.07954788	
206.17427063	137.62550354	19.18874359	61.83288574	
208.96316528	138.29330444	17.81635666	61.17205048	
210.2224884	137.1632843	18.24373436	63.60235596	
212.13061523	137.71920776	18.09456253	63.88896561	
214.16088867	137.87741089	18.28145981	63.175354	
216.54971313	138.57119751	18.00577164	65.53259277	
218.85820007	142.443573	18.210989	61.35784912	
220.63188171	144.02450562	18.7762413	61.71495819	
222.46386719	140.78581238	17.89557266	65.50713348	
224.21057129	136.20483398	18.34305763	69.57460022	
226.04653931	134.54023743	18.51997948	67.81171417	
227.6661377	135.36839294	18.59737778	66.86402893	
230.03999329	134.88256836	18.51647377	67.43717957	
231.23501587	136.5141449	19.33809853	63.12578583	
234.49092102	135.94987488	18.32287216	65.63818359	
238.24252319	139.61523438	16.49116135	65.58387756	
239.73449707	142.48074341	16.7751255	60.28609467	
241.21676636	143.81262207	17.36516571	55.76067352	
243.48242188	143.24679565	17.43541336	55.89208221	
245.97070312	142.31234741	16.71614456	56.5661087	
248.34765625	140.33158875	16.46863937	58.94593048	
250.3944397	139.00193787	16.79437256	59.61315918	
252.38298035	140.56497192	16.48545456	57.87231445	
255.40762329	140.67861938	16.30732918	57.20320892	
257.01583862	139.83137512	17.08060074	59.26483154	
258.2711792	139.65144348	17.19548798	60.57989502	
259.84741211	139.1138916	17.66063309	60.0794754	
262.50686646	138.20219421	17.30799103	64.82894135	
264.52349854	136.27539062	17.51320457	63.61252594	
266.67364502	134.09365845	18.0448761	65.8795929	
269.18035889	133.63796997	17.9207859	65.76551819	
271.41308594	134.01333618	18.17796516	65.01189423	
274.02352905	135.32556152	18.17391014	65.43589783	
275.90716553	137.0496521	17.47043991	61.43531418	
278.42300415	137.86294556	17.08109665	64.94664001	
280.4937439	140.33468628	17.21666908	62.88619995	
282.37286377	139.76477051	17.62575722	62.52910233	
284.38201904	139.53129578	17.88884926	62.25870895	
287.04351807	137.98518372	17.61422348	64.23846436	
290.02520752	137.61178589	17.26799011	66.53837585	
291.42944336	138.3132019	17.83673286	62.83427048	
294.17559814	138.18832397	17.49503136	63.87666702	
296.3104248	138.35144043	17.90824318	63.56107712	
298.6031189	139.96768188	17.70705414	65.28741455	
301.91992188	140.10073853	17.44760513	68.44622803	
303.62750244	140.47331238	18.30516052	67.57151031	
305.01867676	140.68423462	19.01345444	69.45758057	
307.1496582	138.91719055	19.99803543	70.01625061	
308.2567749	139.47184753	19.30877304	68.83956146	
309.88540649	140.25683594	19.88600159	68.72027588	
312.01287842	142.7368927	20.43887901	65.68903351	
313.01171875	143.56233215	21.18886185	65.3629837	
315.04425049	144.37631226	21.63115311	63.2765007	
318.20236206	143.9576416	21.12834358	64.68558502	
322.36434937	141.04640198	20.28071594	69.64506531	
323.4317627	139.57252502	20.6314621	70.4018631	
324.98800659	138.50924683	19.81454277	70.93248749	
325.92340088	136.14909363	20.27580261	69.18308258	
327.54138184	135.79187012	20.33606529	67.95752716	
329.56317139	136.02810669	19.74736595	67.57588959	
331.75985718	135.23458862	20.23950005	70.47022247	
335.48434448	137.44238281	18.63167572	66.90673828	
337.45947266	139.2272644	18.45716476	65.5453186	
337.34463501	139.50479126	18.99359703	66.41854095	
336.67114258	139.23873901	20.56799316	66.89083099	
337.45401001	136.7414093	21.09462357	71.23254395	
338.32821655	136.54623413	20.40596581	70.28127289	
339.0513916	136.19937134	20.47551918	70.34179688	
340.65859985	135.9316864	20.24960136	70.49798584	
341.87817383	136.43395996	20.49874496	71.93024445	
343.75860596	138.49729919	20.00437927	66.69226837	
343.77120972	138.6264801	20.72343826	66.48612213	
344.56976318	138.88845825	20.87804604	67.43723297	
345.03274536	138.22102356	20.04060364	65.78596497	
347.19171143	137.04801941	19.96539688	69.19889069	
348.53015137	135.36083984	19.66260147	69.80778503	
347.15951538	133.96659851	19.87895203	70.32019043	
349.10809326	135.41207886	18.20048141	68.84731293	
348.58587646	136.21557617	18.45940781	67.96792603	
348.62521362	136.31535339	19.10237694	71.76424408	
350.23074341	139.32221985	18.83869553	72.0608902	
348.0289917	138.2729187	20.01571846	72.49962616	
347.08837891	138.18014526	20.36579514	74.69171906	
345.78817749	136.4694519	20.7608757	76.12282562	
344.69338989	136.79225159	21.16787338	72.77508545	
343.18463135	135.73995972	21.06488037	71.998909	
342.8817749	134.50016785	20.30556679	73.25054169	
342.62808228	135.48324585	19.39843559	72.19095612	
341.07525635	134.78170776	20.38583946	73.77806091	
339.53479004	135.94717407	21.61812401	72.56163788	
340.44668579	135.28115845	20.89541245	75.66786194	
336.34921265	137.74172974	22.95005417	68.8500824	
336.30496216	135.14790344	20.11063766	75.5701828	
332.66876221	134.7164917	21.30321884	74.6740036	
330.62750244	134.10574341	20.70411682	72.70571899	
329.00152588	133.56314087	20.46987915	74.3813858	
325.23556519	131.51919556	21.55779839	77.42453766	
323.82345581	132.04171753	20.66463852	77.5998764	
321.38427734	132.68003845	20.59674072	77.17569733	
319.6461792	133.67248535	20.33098793	78.76026917	
317.24145508	133.6499939	20.31434631	78.98088074	
314.56097412	133.88021851	20.50217819	78.35671997	
313.11663818	135.73246765	20.56200981	74.17733002	
311.08032227	136.65026855	20.5567112	69.74913025	
308.42111206	134.73143005	20.56065941	71.87660217	
306.29507446	134.66090393	20.206604	73.78038025	
303.31259155	133.49615479	20.62707138	75.11642456	
300.01760864	134.69076538	20.87740135	73.19187927	
295.90167236	133.54057312	22.25088882	75.40733337	
293.42050171	133.40742493	20.67891312	75.76622009	
290.7991333	133.07069397	19.94049072	78.95929718	
289.06756592	136.53115845	19.23015785	76.10331726	
286.56079102	135.89477539	18.71315193	79.38293457	
282.90063477	134.91072083	20.2312355	82.36878967	
280.07977295	134.86593628	20.70562363	81.22972107	
275.83154297	133.12332153	20.70524979	79.22496033	
273.74829102	134.64987183	20.54108238	78.27709961	
270.44058228	135.72914124	21.54325676	80.25410461	
267.76138306	134.79858398	21.07085609	83.33095551	
264.88421631	138.10243225	21.08069229	77.58616638	
262.05551147	138.06155396	21.93421745	77.08158875	
260.02832031	138.70289612	22.2414856	73.81314087	
258.30892944	136.68904114	21.58773422	75.50485229	
255.88058472	136.06341553	21.93255234	76.70289612	
253.23176575	135.50340271	22.92180061	77.92344666	
250.76602173	135.28414917	23.48234558	77.5065918	
248.27883911	135.61824036	23.60897446	79.14974213	
245.67634583	136.34089661	24.1499939	79.42857361	
242.71220398	137.00924683	25.52920532	80.87392426	
241.27253723	137.8561554	25.89354324	79.48406219	
239.6913147	139.37634277	25.77293777	76.84277344	
238.91299438	136.80683899	24.36320877	80.53879547	
237.53385925	135.62243652	24.62278748	78.85877991	
235.8807373	134.38456726	24.15683556	79.70761871	
235.09274292	133.98016357	23.94535828	78.14687347	
233.39273071	132.56330872	24.28223801	80.50738525	
232.22402954	133.38587952	24.5569191	79.84729767	
231.16035461	135.2199707	25.2092247	76.93751526	
230.12979126	137.26591492	24.69773483	75.66264343	
229.64582825	137.40997314	25.13682365	74.58825684	
229.18534851	137.39489746	25.00224686	74.69976044	
229.056427	136.57217407	24.01453972	75.97076416	
228.40901184	134.31880188	24.43432999	78.18341827	
227.67294312	133.76237488	25.76870155	79.27207947	
227.05203247	133.20294189	25.81925011	81.91680908	
226.69454956	133.39831543	25.809412	78.77241516	
226.30448914	133.27702332	25.52494812	80.37765503	
226.73710632	135.54702759	25.12371826	76.13691711	
227.00627136	135.93663025	23.79802513	77.5451889	
227.05757141	136.15945435	23.92357635	75.94065094	
227.49246216	136.73535156	23.06568527	74.66490173	
228.59597778	136.06228638	22.97401047	74.7399292	
229.41487122	134.05760193	22.18002701	77.14374542	
229.94564819	132.06578064	21.96248055	77.35411072	
230.21585083	131.24319458	22.06033325	77.46614075	
231.03132629	131.77212524	22.17385292	76.47826385	
233.73696899	129.76298523	21.67850876	79.66117859	
234.36135864	131.45303345	22.32821655	78.13038635	
235.71566772	133.92326355	21.73794937	75.84075165	
236.68994141	134.30168152	21.2211647	78.02128601	
237.50798035	134.18588257	21.09984398	79.45741272	
239.00541687	133.86256409	20.32520485	78.15348816	
239.80249023	133.87779236	20.37076187	76.16148376	
240.34643555	131.41488647	20.28586197	77.25617981	
241.37568665	131.4523468	20.93829918	73.22283173	
241.58178711	132.29748535	20.80981064	71.99911499	
243.22888184	131.49621582	20.66250801	72.73085022	
245.62524414	132.38848877	19.33514404	70.89503479	
247.00764465	133.20066833	19.66754913	74.1632309	
246.89067078	133.33207703	21.21029091	75.49129486	
247.63803101	134.44122314	21.84439468	75.43125153	
247.7359314	134.69815063	22.9201622	74.12491608	
248.81515503	135.82380676	23.30834007	70.6089325	
249.63980103	135.06715393	24.52891159	73.58612061	
249.91015625	135.68508911	25.43131638	72.20549011	
251.8203125	137.47702026	25.64660645	69.00223541	
253.31570435	138.0241394	26.22347069	68.79503632	
254.74783325	138.94563293	25.79356956	66.51079559	
257.29006958	138.96438599	25.57283401	68.23130798	
260.10870361	139.55683899	23.79588699	67.97007751	
262.4442749	139.33805847	23.51131058	68.27441406	
266.24908447	139.60627747	21.81586266	68.26004791	
267.3039856	136.91972351	21.95681	71.30500031	
268.64852905	136.99674988	22.20329666	71.05712891	
271.75311279	138.14582825	20.60898781	70.24861145	
273.96670532	137.65270996	19.18362236	73.34138489	
275.47674561	139.10325623	18.83842468	71.95794678	
276.0657959	141.78892517	20.08664894	66.87536621	
277.90234375	143.5406189	20.5136528	62.16350555	
280.51727295	143.6854248	19.58077431	59.73635101	
282.3258667	142.87771606	19.72554588	61.11000443	
283.93493652	140.14353943	19.36966324	64.70314026	
285.81088257	137.95132446	18.91691017	67.54347229	
287.52496338	136.11616516	18.73641586	70.78250885	
288.39532471	136.11486816	19.2004509	74.10891724	
290.68374634	136.54748535	18.01259995	70.92419434	
290.37905884	134.51141357	19.15149689	74.52412415	
291.82128906	137.26359558	18.73830414	70.01121521	
292.63314819	137.62063599	21.1609745	63.48288727	
295.98513794	141.17573547	17.0286541	66.45849609	
297.3192749	140.90339661	16.22352028	68.12635803	
298.58944702	138.48979187	16.13166237	68.21252441	
297.64868164	131.51251221	17.33627319	68.17786407	
299.10360718	133.01400757	18.151577	68.04185486	
302.66860962	139.078125	18.35909462	67.29673767	
303.11160278	136.69667053	19.03013229	66.34037018	
304.45758057	136.70399475	19.01082993	63.37304688	
305.40408325	135.60324097	18.82548141	63.45186234	
304.81973267	132.66152954	18.94068336	67.72790527	
306.2409668	133.44195557	18.58363724	68.41668701	
308.39749146	134.78469849	17.77842903	68.89857483	
307.97848511	133.040802	18.21701622	73.70518494	
308.66027832	131.37031555	18.08984375	76.51045227	
309.14126587	131.15141296	18.42431259	76.60627747	
310.33056641	131.7591095	17.96879578	75.4981842	
310.41687012	131.15657043	19.08848763	76.75062561	
311.47839355	131.34695435	18.31490135	76.64782715	
312.00042725	132.4047699	18.53453445	74.79428864	
312.80291748	133.5753479	18.13485527	72.46685791	
313.11676025	133.97724915	18.56204605	71.10575867	
314.18609619	135.09237671	17.85889626	72.12326813	
313.87283325	134.78964233	18.21466064	72.95788574	
313.76434326	133.89082336	18.47326088	75.1064682	
313.581604	134.56314087	18.66015434	75.63526917	
313.6260376	133.95027161	18.22385025	75.99890137	
313.40859985	132.66195679	18.06481171	78.12167358	
313.36758423	131.70823669	18.19711876	81.30149841	
313.54168701	129.01693726	18.35918808	82.07643127	
312.91885376	127.72802734	18.67985725	83.03541565	
313.3644104	127.59675598	18.02397346	79.78324127	
312.87969971	125.80570984	18.05203056	82.2213974	
313.00408936	122.27109528	18.32377815	85.66259766	
312.74911499	122.9420929	18.54277992	83.12200928	
312.87402344	122.58714294	18.44969559	82.17713165	
312.18643188	123.7479248	18.7189579	79.59716797	
311.62481689	124.18003082	19.24400711	80.61141205	
311.53262329	122.87136078	19.18425369	85.81778717	
311.46112061	124.77646637	19.02385139	83.9959259	
312.21865845	127.57905579	17.82083893	83.38572693	
311.59255981	127.77089691	18.42233086	79.22377014	
311.91046143	127.85957336	18.03289413	83.31719208	
312.09140015	128.04394531	17.93036461	81.96893311	
311.57748413	128.24545288	18.36697388	77.46464539	
311.51367188	127.69029236	18.28951645	78.40519714	
311.09301758	128.74458313	18.47077751	78.01899719	
311.33016968	127.852005	18.32962608	82.85532379	
311.83828735	129.37670898	18.213871	81.0116806	
311.56088257	130.43063354	17.93696976	76.89100647	
312.08258057	128.91629028	17.99412537	78.6116333	
311.61187744	128.69587708	18.71223259	78.68860626	
313.15948486	129.16506958	17.67063522	78.22516632	
312.6385498	129.13957214	18.23994637	79.72795868	
312.24389648	128.60118103	18.65839577	80.31724548	
310.29629517	128.58459473	19.57151413	77.51885986	
310.79345703	129.13522339	20.27984619	77.31274414	
310.0401001	130.58230591	20.2081356	75.19661713	
310.20465088	132.26460266	20.4119606	74.89189148	
309.37771606	131.16729736	20.85112762	76.61710358	
308.90719604	132.07553101	20.71084785	74.27597809	
308.93347168	133.09458923	20.07385635	74.18668365	
307.9989624	133.26934814	20.06923485	74.46979523	
308.58453369	135.99357605	19.71932793	71.46795654	
306.75976562	136.10212708	19.67158127	73.03108215	
307.50439453	136.98490906	19.76155663	72.92686462	
307.8258667	137.22294617	18.80652237	70.31896973	
307.28436279	135.4654541	19.10209274	71.1776886	
307.38400269	134.66879272	18.59105492	71.83852386	
306.76644897	133.88668823	18.68787766	72.66912079	
306.44955444	134.34609985	18.7993145	70.86167908	
307.10162354	135.04692078	18.21333694	70.79204559	
306.14346313	134.53152466	18.31772232	70.9100647	
306.87744141	134.58857727	18.07498169	71.35280609	
306.6473999	133.94717407	18.31115341	70.9181366	
305.39379883	132.46229553	19.46414375	71.59602356	
306.02523804	134.95387268	18.72388077	64.76885223	
303.3828125	133.84341431	20.11154556	65.25630188	
303.45785522	135.67982483	19.09785461	64.02626038	
303.44000244	138.2739563	18.23581505	63.55146408	
299.15673828	132.74961853	19.3144722	64.73118591	
297.83435059	132.647995	19.57063866	67.18186951	
296.44009399	131.92951965	20.01070786	71.30878448	
295.95092773	132.12068176	19.01096725	71.32416534	
294.8114624	133.74919128	18.66855621	69.2019043	
293.70343018	134.34960938	19.153162	71.77207947	
292.88208008	135.20222473	19.0242424	70.8480835	
291.92623901	137.74064636	18.57992172	68.10148621	
289.16079712	137.67070007	19.03999519	63.9080925	
287.065979	136.40393066	20.38155746	66.57913208	
284.18780518	134.9705658	20.39748192	68.07901001	
282.75357056	137.2984314	19.44698524	63.84108353	
279.1697998	136.43417358	19.46335983	66.85634613	
276.24398804	136.15914917	19.22475815	67.01216125	
273.47109985	134.79032898	19.90406418	69.4812851	
270.597229	133.09169006	19.89706039	73.0509491	
267.13430786	129.86003113	19.06339645	73.34064484	
265.53985596	134.11454773	18.61174011	68.54875183	
261.78277588	136.8840332	19.71903419	62.48838043	
258.68313599	136.16567993	19.2504673	62.93138504	
255.0267334	134.16926575	19.44468498	65.84855652	
253.18278503	135.02394104	18.90654373	66.45018768	
249.03153992	128.93373108	19.76833534	76.21818542	
245.37167358	130.00975037	20.92328644	79.2453537	
243.55297852	134.87086487	20.54552078	77.64159393	
240.8444519	137.93460083	20.63363075	72.60932922	
237.50508118	138.58328247	20.74091911	67.22236633	
234.8041687	137.5806427	21.02181625	69.78720856	
231.26278687	136.78605652	20.72839737	68.39845276	
228.42251587	137.61587524	19.8616066	65.53797913	
224.25369263	136.69421387	19.66458893	67.03938293	
221.25073242	138.50418091	19.97425461	66.96422577	
218.20429993	138.04501343	20.3336544	69.63793945	
214.14624023	132.61552429	20.19184494	76.81697083	
212.07104492	134.34811401	19.76514244	76.16752625	
208.89926147	136.2865448	19.41510391	70.04325867	
205.05012512	136.48303223	19.515625	66.50289154	
200.91267395	136.74357605	20.28917503	66.56021881	
196.35958862	135.95137024	20.59251785	65.62796783	
191.6006012	135.90742493	21.81155777	66.81587219	
187.83610535	132.64761353	21.59867096	70.67414856	
185.48464966	136.39382935	20.71953201	69.28678894	
180.51524353	131.71176147	22.16270828	78.51200104	
177.93870544	132.59997559	21.86680222	83.91688538	
175.25100708	136.49282837	21.61489677	77.66054535	
172.17544556	136.79049683	20.66094208	71.13912201	
169.18322754	138.00059509	20.42113876	68.20858002	
166.2824707	138.8416748	20.42157936	65.10081482	
162.8790741	138.84484863	21.76055527	65.87691498	
159.36294556	140.55209351	22.38153839	64.31952667	
156.49208069	140.6081543	22.24116135	64.92420959	
153.97119141	140.30752563	21.48936462	64.20451355	
151.868927	140.72550964	21.46364594	64.22037506	
148.72145081	134.74560547	22.12212944	71.31624603	
147.59268188	132.97177124	20.86202049	74.55060577	
146.52206421	141.16381836	21.68238831	70.64692688	
145.95230103	143.11932373	21.31061935	62.82395554	
142.81213379	141.00614929	22.61242867	64.49725342	
142.03787231	140.71424866	22.2531929	66.69807434	
142.19471741	140.74777222	21.22874069	69.78651428	
139.03070068	140.10946655	22.21033478	70.34120178	
138.04763794	140.69197083	22.38150978	71.26824951	
138.2727356	140.96565247	22.26066399	72.76486969	
137.7285614	142.23184204	22.466465	70.96543121	
137.52087402	142.85952759	22.2762146	67.10942078	
138.41850281	140.54000854	21.56081963	71.81491089	
138.08126831	140.483078	22.43662262	70.57879639	
140.94595337	140.8218689	21.00581932	71.30530548	
139.44018555	139.68148804	22.94818687	71.40406799	
138.76887512	137.42094421	25.1635437	74.272995	
142.602005	137.37380981	22.53217506	76.35716248	
143.83004761	137.86753845	22.76781464	82.87656403	
144.27661133	137.33082581	24.0073204	79.56315613	
145.52693176	136.54293823	24.11641502	83.41385651	
146.82473755	138.76272583	24.41020584	77.93729401	
146.99299622	139.40074158	25.49793625	78.06673431	
148.69094849	138.97160339	25.5769043	77.40866852	
149.78515625	140.43450928	24.29921341	76.48918152	
151.35049438	141.00427246	24.48174477	72.36122894	
153.79072571	142.19421387	23.51772499	69.22099304	
156.4972229	137.78208923	23.9109745	74.40068054	
158.76591492	138.07511902	22.59198952	76.68577576	
162.0275116	136.74964905	22.18539619	79.45925903	
164.53144836	136.18405151	22.46346855	77.58943176	
167.08407593	136.818573	22.85922432	78.29477692	
170.72976685	137.39077759	21.34786987	81.24623871	
174.00431824	137.49165344	21.26389694	79.7096405	
176.95219421	138.03604126	22.47519112	79.4682312	
179.90188599	132.86183167	23.42530823	85.31629944	
183.46109009	130.80865479	23.05288506	87.37167358	
186.5526886	127.53364563	23.04016495	89.47294617	
188.44467163	127.97849274	22.9822979	85.73181915	
191.8535614	129.78945923	22.76307106	83.44438171	
195.17182922	128.95553589	22.89036369	84.74129486	
199.58982849	129.73587036	21.40292549	85.51271057	
202.94088745	130.9390564	21.60422325	85.45796967	
205.32060242	129.9694519	21.02730179	85.71157837	
207.49389648	134.08773804	20.95095062	80.00886536	
210.0932312	139.50881958	21.4935894	73.79243469	
213.11782837	136.12263489	22.28683853	78.12119293	
216.92936707	134.37347412	21.94867325	80.23337555	
220.18302917	130.44750977	22.15362549	81.21671295	
222.54293823	127.30838776	22.92830276	82.25485992	
225.91093445	128.44114685	22.17755508	82.60972595	
229.25527954	128.22688293	21.90389442	81.56923676	
233.67617798	130.0622406	21.07414818	87.56981659	
237.50740051	130.22511292	20.5961628	88.53847504	
240.5052948	130.98913574	21.3482933	85.6765213	
243.09004211	133.24168396	20.29348183	82.05041504	
246.60464478	131.92553711	19.52823257	82.26091003	
250.26431274	128.52584839	19.51988602	89.42602539	
253.18444824	128.92579651	20.36597061	91.74259186	
256.02261353	131.10136414	20.83434486	87.0031662	
259.33874512	136.87136841	22.16604614	79.04186249	
262.099823	134.49978638	22.29566193	77.34641266	
264.73834229	136.10392761	21.76124191	78.43818665	
266.74267578	137.30169678	22.0379734	76.07359314	
269.60964966	136.8611145	22.10927963	77.40124512	
272.65664673	134.05097961	22.34426498	79.95942688	
276.20166016	132.69032288	21.32111549	80.94103241	
279.90313721	132.24258423	20.75352859	83.25675201	
282.97720337	133.67247009	20.22659111	80.39554596	
287.03588867	135.24221802	18.91296959	79.87899017	
290.21865845	138.20932007	18.78155708	80.93442535	
293.03930664	134.24136353	18.85169601	83.95739746	
297.45672607	127.45227051	19.47608566	86.98042297	
299.64328003	127.91030121	19.22264671	84.80473328	
301.94024658	130.99511719	19.24939537	79.69558716	
302.74649048	131.19633484	20.85406303	75.84580231	
304.9196167	130.62811279	22.39779663	75.49144745	
307.45419312	131.2416687	22.98153877	76.79701233	
309.22000122	133.50579834	23.7986412	76.07185364	
312.17169189	135.47924805	24.33256149	78.60158539	
315.50143433	138.25616455	22.67867279	75.97322083	
317.04840088	137.93669128	22.79187965	77.82663727	
317.96331787	136.02484131	23.39033508	80.54855347	
318.52450562	135.5116272	23.57336807	78.69186401	
319.11749268	134.89125061	24.18264771	78.16888428	
320.35742188	133.9959259	24.71231651	78.17380524	
320.9624939	133.06681824	24.93305779	80.64593506	
320.79122925	133.34609985	25.20827293	80.30339813	
322.65170288	134.05130005	24.74732399	81.04199219	
323.38458252	136.66702271	24.88989639	79.12001801	
324.51174927	138.09033203	24.52594185	79.44972229	
324.56594849	138.28640747	24.33943558	78.95011139	
324.99359131	139.36071777	24.17149162	76.16802979	
324.76202393	138.06869507	24.0620842	78.1042099	
325.71459961	138.2293396	22.17243004	75.57173157	
326.34017944	138.11886597	21.63765907	76.32566833	
325.31860352	137.62985229	22.31651306	76.2950592	
324.85147095	139.2746582	21.63645172	73.263237	
325.00161743	140.64204407	21.52729225	72.65248108	
325.03839111	142.65177917	21.94128036	71.22093201	
325.26864624	142.10835266	21.43925095	72.04078674	
324.99551392	141.17112732	21.22734451	72.8702774	
324.90344238	141.15892029	20.37234879	70.44422913	
324.64736938	141.27020264	19.79952431	67.39073944	
325.02191162	140.38534546	18.74990082	67.89996338	
325.82684326	140.85025024	17.1331749	66.79371643	
325.35531616	140.20755005	16.83702087	68.27258301	
323.98504639	140.82948303	16.99038124	65.06176758	
323.59936523	141.51498413	16.86304092	64.98751831	
321.81335449	142.39411926	18.07364655	62.99401093	
321.05157471	141.01542664	18.47013283	63.81229782	
320.55728149	140.42658997	18.05179787	62.62018967	
319.79840088	139.06980896	17.63721275	63.08852386	
318.1265564	137.58390808	18.23263168	63.98231125	
317.26641846	137.98236084	19.13141251	63.03118896	
317.47756958	139.33120728	18.5411129	60.6120224	
314.57824707	130.09983826	19.39199257	68.5473175	
315.59747314	133.52810669	18.52447891	69.50672913	
314.987854	134.78974915	19.77179337	68.99788666	
316.59469604	135.0723877	20.14934731	70.92506409	
319.09790039	135.79298401	19.53695297	68.91603088	
317.43960571	130.35830688	20.78360558	67.50006866	
319.39541626	129.87802124	20.38654137	68.0320282	
320.32681274	129.97276306	20.68284225	68.01570892	
322.12072754	128.54711914	20.5753994	72.7567215	
324.18966675	133.3478241	21.33101654	72.95188904	
326.03198242	132.10830688	20.40411568	76.12406921	
325.88079834	128.43583679	20.16799545	79.43373108	
326.50738525	130.37496948	19.66863441	73.90510559	
327.62445068	131.70571899	19.46874237	74.96525574	
328.42782593	135.92163086	20.34748268	70.3201828	
330.20770264	139.18707275	20.9960041	70.81639862	
331.27362061	138.1047821	20.08646584	67.97807312	
332.95791626	141.07450867	20.25787735	67.85068512	
332.25759888	145.86198425	21.28000641	63.84001541	
334.55377197	140.86456299	19.59482765	67.266922	
335.53384399	140.72952271	19.77681351	67.5762558	
334.89801025	136.58358765	19.58966446	71.74676514	
335.34176636	134.82377625	18.92128754	72.88637543	
336.53509521	135.27583313	18.92882919	73.4332962	
337.57489014	135.77355957	18.82640648	74.90292358	
336.30853271	133.6550293	19.14396095	73.31099701	
335.42782593	132.31437683	19.62189293	71.09761047	
335.30084229	131.52720642	19.57877731	72.24874115	
336.38198853	132.49836731	18.41753197	71.56684875	
336.1965332	132.39242554	18.66653633	73.46317291	
335.44485474	133.58261108	19.27557945	75.18711853	
335.15628052	135.05386353	18.73105049	72.30134583	
335.30432129	138.74858093	18.52947617	68.12562561	
335.79229736	140.88801575	18.42572594	68.30654907	
335.35498047	139.68270874	18.16224289	68.71638489	
334.91290283	137.09916687	18.33309555	72.29682922	
334.70285034	134.71839905	18.30643272	75.25424957	
335.30377197	133.87373352	17.53115463	74.04782867	
334.00253296	127.54404449	17.86441422	77.8445282	
334.10928345	127.79425049	17.40135193	76.28653717	
332.43319702	125.05845642	18.6425705	77.84223175	
332.79248047	123.8513031	17.85020256	77.16429138	
332.03741455	122.88907623	18.21990585	78.25131989	
331.52059937	121.81691742	18.40255165	75.40724945	
331.75552368	123.55830383	17.89914513	75.11843109	
330.64654541	123.52604675	18.55056572	74.81620789	
330.66503906	124.75699615	18.33361244	76.17234802	
329.75674438	128.03103638	18.47998428	72.30171967	
329.02142334	128.67430115	19.16485214	71.97930145	
329.54647827	134.42501831	17.58211899	68.83581543	
328.8381958	135.48762512	18.31573105	69.60856628	
328.7401123	135.03681946	18.21907234	69.61338043	
328.54580688	134.65145874	18.50157356	69.62473297	
329.02386475	135.58102417	17.82045937	65.6926651	
329.2616272	133.49102783	17.69025803	69.94826508	
329.60183716	130.58268738	17.015728	69.90788269	
329.75402832	128.63841248	17.59113121	75.15128326	
329.32632446	128.71452332	18.23716545	79.97384644	
328.52911377	128.93017578	19.28684235	80.41271973	
328.12307739	129.67790222	19.48019981	79.94516754	
328.09259033	128.7149353	19.37498856	81.8168869	
328.04092407	129.10678101	19.16510391	81.66433716	
328.32608032	129.35656738	18.83356476	79.5128479	
328.0871582	129.07058716	19.21222878	82.14037323	
327.99520874	129.68341064	18.97217369	78.23841858	
328.60183716	130.21211243	19.00933456	78.87709808	
327.48223877	129.22457886	19.60408974	82.8213501	
328.36773682	131.26094055	19.14221954	79.46043396	
327.68487549	130.62857056	19.29002571	79.78308868	
326.71954346	130.2585144	19.38056564	78.01029205	
327.15496826	131.61514282	19.33090591	77.66060638	
327.39477539	130.8354187	18.36964989	75.38167572	
326.56625366	130.62738037	19.27765274	76.24559784	
326.33026123	131.72569275	19.15435219	73.77303314	
324.37322998	130.37966919	20.49225807	75.11451721	
323.06378174	128.88549805	20.68449783	72.81069183	
323.57891846	129.36875916	19.91954613	73.95449066	
322.27056885	128.28587341	20.21519089	75.65852356	
322.87149048	129.20953369	19.43898392	76.40956116	
322.06265259	130.28289795	19.68644142	75.8134079	
320.5262146	130.990448	20.24288177	77.02015686	
318.20040894	130.5501709	21.89344597	79.32594299	
317.99194336	131.10397339	20.99383354	78.73470306	
317.68707275	130.56030273	21.27400589	78.97125244	
317.44223022	130.6630249	21.27942657	78.16957855	
316.86608887	129.7159729	20.64030647	77.81773376	
315.9881897	129.24819946	20.20956039	74.28178406	
316.13616943	130.02400208	19.56903076	72.51599121	
316.1427002	131.56661987	19.02441216	73.90014648	
315.30963135	133.11973572	18.9781208	71.30239105	
313.012146	132.87190247	20.05795288	69.22904968	
314.58093262	138.79508972	19.26189804	65.00746155	
313.51278687	140.3581543	20.14561081	64.49594116	
312.71826172	141.84573364	20.13999367	63.81416702	
312.05316162	142.85005188	20.87809753	62.68137741	
313.41577148	142.45359802	20.17933655	59.48712158	
313.32745361	141.28141785	20.64165878	62.17683792	
313.29986572	139.66018677	20.248909	64.30747986	
314.97177124	139.05981445	19.04548645	66.95384216	
315.49603271	139.84008789	18.55356979	65.00124359	
314.48602295	139.23478699	19.1956234	64.34996033	
315.96572876	139.9289093	18.49240685	64.08705139	
316.01373291	140.10173035	18.89752579	62.95371628	
315.71759033	139.48880005	19.61162758	63.52532196	
315.75518799	140.00389099	20.63333702	62.88069916	
317.02020264	141.02029419	20.33362961	62.10342407	
317.44204712	142.09831238	20.30244446	60.09775925	
317.89794922	142.82382202	20.39494324	59.29177856	
316.88925171	141.83538818	21.10428238	59.49390411	
315.74484253	140.5037384	22.13004684	61.01164627	
316.61297607	140.0521698	20.97526932	62.21763992	
316.41204834	139.96606445	20.77696991	63.34909821	
316.05844116	139.10012817	20.33617973	64.95384216	
315.94104004	137.03991699	19.64796066	70.19786072	
315.37850952	136.27729797	19.88449478	72.59116364	
315.08731079	137.28134155	19.95573807	70.59283447	
314.74707031	137.79048157	19.66592789	69.31060791	
315.06118774	137.631073	19.55474091	69.38027191	
315.22991943	136.80273438	18.1340313	69.30755615	
315.60159302	137.57975769	17.3545208	67.94857025	
315.58108521	135.93960571	16.3851738	68.36134338	
315.6105957	135.25863647	16.01473618	70.33335876	
315.69494629	135.65478516	15.80886269	68.23732758	
315.40127563	134.48149109	16.39145851	69.08229065	
315.04495239	134.63917542	16.84550476	68.21309662	
315.48861694	136.72956848	16.86592674	64.98156738	
315.09503174	135.70285034	17.49511719	64.50022888	
316.14083862	136.88230896	16.66952705	64.47866058	
316.33517456	135.21859741	16.99807358	66.62258911	
316.20129395	133.90736389	17.24777222	67.48929596	
316.31069946	133.37597656	17.41255951	68.28701019	
316.46981812	133.60897827	17.56763077	68.83353424	
317.31921387	133.96247864	17.08374596	67.70691681	
317.59829712	135.62789917	17.13191986	66.98524475	
317.03668213	133.84249878	17.52404022	69.87223816	
317.92630005	132.64756775	16.66255188	71.36846924	
317.65826416	132.24313354	16.78271675	73.86565399	
317.33306885	131.99551392	17.13973618	74.89335632	
317.45083618	131.65730286	16.96978188	75.2747345	
317.63690186	130.02987671	16.50284195	75.02409363	
316.42678833	125.5761261	17.53754044	78.33639526	
315.78778076	124.31091309	17.75311661	77.25526428	
314.91983032	121.89951324	18.20661545	80.49491119	
314.15658569	120.09492493	18.67741394	81.62779999	
314.05230713	121.34407043	18.30959702	78.14021301	
313.69000244	122.90618896	18.47519493	76.68829346	
313.56167603	124.72773743	18.21106911	75.35661316	
313.03436279	125.06388855	18.55870247	76.44095612	
311.91125488	126.02266693	19.27595901	75.09507751	
312.59173584	130.09794617	18.02725601	72.0946579	
312.44161987	130.56416321	18.19568253	72.84838104	
311.79119873	129.82733154	18.86726952	73.59300232	
312.18804932	131.51423645	18.25518227	70.92635345	
312.14993286	129.99301147	18.02742195	71.78930664	
312.37084961	129.95303345	17.33967209	69.6622467	
311.02716064	127.41520691	18.71534348	77.73274231	
311.17630005	130.01057434	18.55099487	76.45703125	
310.79882812	131.13374329	18.57935905	73.18110657	
310.42449951	130.93093872	18.35673141	76.59702301	
310.60192871	131.0110321	18.35040474	75.33470154	
310.81707764	131.03317261	18.15858078	74.96614075	
310.41928101	131.45877075	18.15110207	73.98436737	
310.94372559	131.29992676	18.15913773	74.7966156	
310.49407959	132.05325317	18.04423904	72.77229309	
310.45504761	131.46246338	18.0642662	75.36576843	
310.16558838	130.97747803	18.54998016	76.32531738	
311.38763428	133.32701111	17.71097183	71.96406555	
311.31829834	132.45797729	17.95149803	76.17559814	
310.78091431	131.07559204	18.3166008	76.68260956	
311.05987549	130.73347473	18.21325302	77.6063385	
311.3678894	131.95515442	17.87354851	74.81724548	
311.02029419	132.30619812	18.2723217	75.44589233	
311.59051514	132.62792969	17.67901993	74.38547516	
311.1784668	131.60458374	18.38161087	75.66351318	
312.27880859	132.62089539	17.86050034	73.67485046	
311.99945068	132.54489136	18.38756371	76.00917053	
312.19552612	132.89227295	18.53351974	76.11214447	
312.69790649	134.02816772	18.43408775	74.13829041	
313.05560303	134.7348175	18.52120399	70.91520691	
313.3213501	135.92024231	19.42787361	72.21305847	
313.81182861	136.20181274	18.83057213	68.07759094	
314.14291382	136.05636597	18.78199196	64.9906311	
313.79180908	138.07002258	19.23784828	63.35451126	
313.30133057	133.90447998	19.48300552	69.28410339	
313.80596924	132.61160278	20.00013161	69.76737976	
315.4491272	134.81048584	20.19000626	67.68907166	
317.10498047	135.2827301	20.06553268	66.57671356	
319.98812866	135.25834656	19.92657852	69.50312042	
321.59292603	136.06362915	19.85243797	67.55561829	
323.48065186	135.47756958	20.24181175	66.70033264	
324.61773682	136.48638916	20.24338722	66.60908508	
327.01278687	136.31010437	19.83235741	68.13165283	
327.8453064	135.95254517	19.23421478	66.79093933	
329.22915649	135.6690979	18.47829628	67.48857117	
330.01959229	133.43600464	18.43557358	69.2824707	
331.04376221	134.52987671	18.22257614	68.34284973	
332.47988892	135.5005188	18.15884209	67.53057098	
333.32159424	137.58255005	18.1181488	65.59397125	
334.56387329	137.70605469	18.29357719	67.03865051	
336.79083252	137.07626343	17.75572586	69.27202606	
338.06723022	137.52084351	18.22198296	69.90590668	
339.64599609	138.01293945	18.18883896	68.94856262	
340.78192139	136.06219482	18.68845177	71.26560211	
341.70272827	131.66828918	18.50585556	76.57286072	
342.68231201	131.95285034	18.98615646	75.44805145	
343.47549438	130.45515442	19.37540054	75.43031311	
345.23568726	130.72505188	18.75166702	72.62449646	
344.93249512	127.87355804	19.74718285	74.3683548	
347.34356689	130.49136353	19.34089661	76.38276672	
347.63925171	131.24830627	20.47504044	79.25350189	
348.41888428	132.93167114	20.18018723	75.40726471	
349.42562866	135.42929077	20.21215248	75.24861145	
348.26977539	137.89840698	22.09787369	72.71077728	
349.43768311	139.58016968	21.23404121	68.50819397	
350.48248291	140.90975952	20.89562416	66.05596924	
351.86956787	142.62052917	19.82560921	64.12055969	
351.09063721	141.52375793	20.49258041	64.21018982	
351.80499268	140.64907837	19.51365662	66.71683502	
351.4901123	139.1998291	20.08145142	70.89994049	
352.78689575	141.10566711	18.9718914	70.7314682	
352.09945679	141.31245422	19.37722397	70.55653381	
351.24996948	140.34480286	19.51505661	70.51869202	
351.23895264	139.63417053	19.47032547	71.78161621	
350.33758545	137.12094116	19.90763474	75.09632874	
350.05322266	134.17480469	19.42449379	80.11581421	
349.83462524	130.26066589	18.96425247	84.74494934	
349.48156738	126.56535339	18.83218384	87.68344116	
348.92333984	125.01815033	18.46656799	86.52947998	
348.16497803	123.34156799	18.25761986	86.64526367	
347.28375244	121.41646576	19.08938408	89.10340881	
346.62164307	121.1533432	19.36732292	87.39128113	
346.0229187	121.14266205	19.51774597	86.38703918	
345.01513672	122.7213974	19.706007	82.58900452	
344.20346069	123.43980408	19.94237709	85.57032776	
343.65014648	127.04471588	19.40626907	81.09012604	
342.17337036	127.85575867	19.66972923	79.6295166	
341.86322021	130.44041443	19.76421738	82.61005402	
341.85076904	132.49035645	19.2170372	78.62606812	
341.5425415	131.76461792	19.22303391	77.70587158	
341.52557373	132.03926086	19.17412949	78.61180115	
342.26287842	129.19526672	17.7436142	80.91703796	
341.45098877	125.87026215	19.21332741	86.91812897	
341.16586304	122.38832092	20.68228531	87.19569397	
340.92242432	123.99046326	20.44727135	88.00286102	
341.02767944	125.32641602	20.93469048	86.98042297	
340.29360962	125.1368866	21.18580055	87.25266266	
339.99041748	124.63069916	21.79699516	87.22274017	
340.2230835	124.6683197	21.60343361	85.93345642	
340.66674805	125.26992035	21.86436844	85.45754242	
340.50805664	125.02210999	21.74192047	85.26163483	
340.82418823	125.36772156	21.88551712	89.11081696	
342.22723389	126.96848297	20.50463295	86.43924713	
341.53210449	126.36177826	20.81864548	90.25590515	
342.52276611	125.94327545	19.92634964	87.22957611	
341.78753662	124.62077332	20.26621628	86.93192291	
342.25918579	125.8980484	20.14268303	86.51802063	
342.37573242	126.00480652	20.19765472	86.22697449	
341.82778931	126.12921143	20.31362534	84.68930817	
342.59909058	128.47827148	20.15332794	84.39003754	
341.35717773	124.4289093	20.39972496	84.57292175	
341.81411743	126.20062256	20.3947506	84.37611389	
342.03344727	127.3429718	21.00877953	86.81949615	
341.22198486	126.16899109	20.84262276	85.72156525	
341.12823486	127.60884094	21.22262192	83.47589874	
341.1807251	128.43307495	21.42783546	82.99629211	
341.21496582	129.76977539	21.05287361	79.47875977	
339.68969727	128.1522522	21.16492081	79.12077332	
340.54663086	130.51280212	20.96271515	78.779953	
340.63543701	131.47810364	19.74416924	78.87014771	
340.87088013	133.19877625	20.38407516	77.14002991	
339.61505127	134.62153625	20.55641556	74.73931122	
338.34561157	135.8344574	21.01129532	75.55162811	
338.04370117	136.86174011	20.80616379	73.21851349	
337.03863525	137.19673157	20.77340317	72.43444824	
336.37875366	138.41667175	20.23676109	71.0793457	
336.74066162	140.41081238	19.15405273	68.73451233	
336.20477295	143.44067383	19.58395767	67.55251312	
334.7371521	146.03463745	20.32718277	65.43678284	
333.19110107	144.13565063	20.87638092	67.81075287	
332.73919678	141.89759827	20.22329903	71.54325867	
331.01190186	140.49783325	20.74333572	73.03569031	
329.16830444	139.94548035	20.30752563	70.62984467	
327.05914307	138.09317017	22.78384781	73.12049866	
324.68783569	137.52749634	22.33066368	70.15089417	
322.67584229	136.77235413	21.74090385	69.90892029	
321.32458496	137.33895874	21.93943787	71.38427734	
318.9859314	135.33779907	23.07761765	75.82248688	
316.26885986	131.07066345	23.26757431	81.44524384	
314.62313843	136.3838501	25.20410728	80.53951263	
313.50891113	137.72166443	23.66996002	78.63818359	
311.92004395	138.81906128	23.29531479	77.16127014	
308.54556274	136.1842804	22.6646862	71.42292786	
306.45697021	134.78652954	22.30999184	75.81741333	
304.60101318	133.65231323	22.12560081	78.27449036	
301.16479492	133.83096313	22.28873062	78.47315979	
297.91177368	136.11930847	22.9560833	74.94934845	
294.46444702	137.57629395	25.21823883	75.24261475	
292.71661377	136.27742004	23.97337723	78.89357758	
290.86846924	136.48149109	21.9576416	75.43764496	
286.56939697	134.26480103	22.61592102	76.22264099	
282.64508057	132.0451355	24.21384621	79.06922913	
278.46875	131.31114197	24.90454102	79.26554871	
274.11547852	130.60339355	25.51312065	78.27992249	
270.80270386	130.75598145	25.31941223	77.37924957	
265.12393188	129.58789062	26.61912918	81.4171524	
262.53155518	130.91125488	25.74765968	82.70744324	
259.17401123	131.23413086	25.32377052	88.66098022	
257.66680908	136.34945679	25.87783432	87.75872803	
253.82788086	133.15812683	26.64701462	88.99569702	
249.38204956	130.49209595	26.10474586	86.78944397	
249.00219727	132.48617554	26.16113663	82.16072845	
245.73408508	130.80381775	25.71194077	83.75413513	
241.89253235	131.22325134	26.05635643	84.88420105	
236.50576782	129.71316528	27.86087036	85.07435608	
231.79179382	129.61613464	29.11007118	88.94726562	
228.68917847	129.76829529	29.36372948	89.16650391	
223.61564636	122.73634338	28.24716759	95.09675598	
221.77070618	127.33358002	27.55424118	98.81080627	
218.90022278	128.89425659	27.25246811	102.20987701	
217.02871704	131.0728302	26.41019249	98.39958191	
214.04550171	131.65107727	25.84793472	96.0557785	
209.92684937	132.18930054	25.48955727	91.3992157	
206.23982239	135.48493958	25.81496239	86.6737442	
202.59732056	135.52058411	26.0479126	88.84944916	
199.34396362	137.58586121	26.12308121	89.88446045	
195.88352966	141.15449524	26.79669189	90.87311554	
