39.0	28.0	17.0	14.0	
38.98377228	28.13716698	17.05138588	14.12307262	
39.08374786	28.02466393	16.63533592	13.96238899	
39.46485519	27.87894249	16.5066185	13.89951801	
38.90900803	28.05915451	17.13332558	14.01356506	
38.91114044	28.02882767	17.07264709	14.01272106	
39.08925629	28.01804161	16.8678093	13.99510384	
39.04850769	27.935812	16.85478783	13.92166615	
39.04138184	28.00132179	16.81959152	14.12344551	
39.24640656	27.93297195	16.89659691	13.76896667	
38.79211807	28.07164383	17.39048004	13.68204021	
39.06350327	27.79785156	16.56424522	13.6411438	
39.28474808	28.06567001	16.70323372	13.79019737	
39.42687607	27.95812035	16.40465164	13.77010345	
38.98245621	27.94116783	17.23377037	13.88098335	
39.20731354	28.08771896	16.41888809	14.22650146	
39.25191879	28.01929092	16.72237968	14.02511024	
39.1817131	27.97451782	16.65303993	14.04116249	
39.33509064	27.99822426	16.52290344	14.07738018	
39.27893829	27.97800827	16.61169434	13.81571388	
39.24686432	27.94346619	16.57970047	13.93641472	
38.78098679	27.26784325	16.67569923	13.73293495	
39.44472504	27.94226646	16.43399239	13.97086525	
39.1162529	28.02469254	16.950037	13.89409447	
39.28857422	27.96724892	16.41065598	14.13515663	
39.20404053	27.966465	16.43099022	13.73497963	
39.52850342	27.91179276	16.47428513	13.88784599	
38.96949005	27.99376869	16.87395859	13.95013618	
39.16586685	28.04130173	16.86387634	14.17446327	
38.94934845	27.99162865	17.04880714	13.86676502	
39.07202911	27.96434593	16.85341835	13.83977032	
39.01450348	27.61593628	16.88190079	13.9027462	
39.1568222	28.00904465	16.76205826	13.97036171	
39.09738922	27.99440384	17.1104641	13.81420135	
39.60412979	27.95304298	16.46297836	13.85354614	
39.04887772	28.02139282	17.02545929	13.82584572	
39.14455795	27.93778992	16.73081589	14.07382011	
39.16571808	27.97762108	16.72348213	13.92577171	
39.48703003	27.92211533	16.64603043	13.80247307	
39.23718262	27.91000748	16.62011719	13.57801628	
39.21958542	28.04903603	16.57962608	14.10204601	
39.1382637	27.96606445	16.99094391	13.84752178	
39.09897232	27.96930504	16.8659935	13.95771027	
39.21112442	28.00074387	16.65847206	13.90493774	
39.08095551	28.0039463	16.96252823	14.1246109	
39.21245575	28.00197792	16.49977684	14.06295204	
38.86613083	28.00352478	17.15104294	13.80269432	
38.86235428	27.98803711	17.06116867	14.01069832	
39.04356384	28.00969315	17.03693581	13.93969727	
39.21916962	28.00048256	16.5725441	14.07582092	
39.43997574	27.92107582	16.61616898	13.84107018	
39.35009766	27.56069946	16.04129982	13.21047974	
42.12177658	33.88134003	15.55308723	14.59848595	
45.02433395	33.18718719	14.63037682	16.41451263	
45.15652084	31.05004311	15.63281059	14.37892437	
43.66658783	28.18367386	15.73871326	15.13020802	
38.73671722	28.05615807	15.77181053	13.61956787	
40.75151825	28.15527916	16.62116432	15.67739868	
43.6233139	28.09407425	16.98486328	17.46190834	
46.19782639	28.48984146	17.91373634	19.1072731	
48.90385437	29.93251419	17.45356178	19.56836891	
50.48073578	31.3288784	19.84557915	16.34341621	
52.54801178	33.06896973	19.70567322	16.22819901	
56.195961	32.94937134	18.88672256	18.70777512	
59.2190361	33.75649643	18.17596436	19.17633438	
62.09810638	34.31898117	18.68853378	19.53822899	
66.13976288	36.71906281	16.10902405	16.71110153	
67.82494354	38.14738846	17.41451454	16.0100174	
70.51412201	38.53092957	17.62834549	16.97964096	
72.8924408	39.32083893	18.52899551	17.59081268	
76.12402344	41.02848053	17.99958229	16.30523109	
79.50301361	41.50821686	17.0779705	14.06420612	
82.32866669	42.96876907	17.36288643	16.62238503	
84.81778717	43.88522339	17.88269424	16.79089165	
88.02397919	44.60847855	17.88920975	17.02925682	
89.69338226	42.97745895	16.98007202	13.98358154	
89.33657837	43.16254425	16.74616814	13.79095268	
91.16365814	40.96100616	16.32152748	13.44124794	
91.22212219	42.29246902	16.13290024	13.28590679	
91.94949341	45.55100632	16.1546917	13.30385399	
93.84765625	44.62665939	15.99500275	13.17234516	
104.68906403	43.66815948	15.85839272	13.05984306	
115.45529938	49.15535355	16.12496376	13.27937317	
115.95899963	49.48732758	16.42615318	13.52741051	
116.1570816	50.29817963	16.38823318	13.49618053	
115.55680847	49.42380524	16.62397385	13.69031811	
117.22190094	49.04957199	16.63754272	13.70149231	
114.15280914	49.06889343	16.5890255	13.66153908	
115.14402771	49.54638672	16.9022007	13.91944695	
116.41809082	49.5397644	17.18638992	14.1534853	
113.40226746	50.33134079	17.70617294	14.58154297	
115.11376953	50.80343628	17.55442429	14.45657635	
115.93552399	49.47385788	16.77600479	13.8155241	
115.73136902	50.42228317	16.75392151	13.79733753	
116.24949646	50.01017761	16.65844154	13.71870613	
115.2070694	49.34677124	16.36293411	13.47534752	
116.18776703	50.04347992	16.41762924	13.52039146	
136.14389038	45.64089203	16.71819878	13.76791954	
139.12080383	42.66509247	16.98827934	13.99033928	
137.72015381	30.64712524	17.23390579	18.15302467	
140.15229797	31.61008263	16.20238686	16.33790016	
141.5103302	32.04981613	17.7187767	14.59192467	
142.66848755	32.85495758	15.77566242	15.30051899	
144.21250916	33.25944519	16.71648598	15.20914936	
146.32080078	33.99660492	16.00304985	14.30852318	
147.52597046	34.1572876	15.95181274	15.06056213	
147.94680786	34.94160461	17.04250908	15.35778332	
149.35180664	35.71241379	16.92852402	14.11188984	
150.83491516	36.41845322	16.60907364	14.0891571	
152.02653503	36.55249786	17.25035667	14.46335793	
153.80160522	37.4443512	16.23021317	13.44633484	
154.97055054	36.27267456	17.0719986	14.05928326	
155.70437622	37.64817047	17.40719032	15.11032295	
156.84384155	38.46044159	16.69220924	14.16354656	
158.76742554	38.85700226	15.9732132	14.53252411	
159.37745667	39.47058105	16.57915306	14.07760334	
160.56889343	39.7607193	16.89896774	14.38951111	
161.80966187	40.34698486	16.26257324	14.34227467	
162.99072266	40.69781494	16.69978333	14.31584167	
164.59594727	40.93535614	16.23737144	13.97046089	
165.42649841	41.95293427	16.35835266	12.96290302	
168.15151978	40.57807159	16.64032936	13.70379066	
167.53053284	41.83005142	17.49882507	15.14892101	
169.17788696	42.03295898	16.17593002	14.42065716	
171.20573425	42.61699677	15.07877159	14.33265972	
172.71520996	42.87798309	15.27057648	13.85830975	
176.98434448	43.26316452	14.73547649	12.13509464	
175.51055908	43.86274338	14.59987831	11.1107626	
176.76478577	43.97276688	14.67666054	12.8564558	
177.61766052	44.46420288	14.81759834	12.33958626	
176.93310547	45.36322784	16.22518921	11.98631954	
183.33500671	45.47610092	12.46854687	10.34813404	
180.97409058	46.28108597	14.98303413	11.56307793	
180.68258667	47.05690765	15.93435192	12.15522861	
183.25393677	46.88162231	14.12155151	12.65295124	
183.52485657	47.56825638	14.81154919	12.2864399	
183.92408752	47.80659103	15.7652998	12.75727654	
185.64675903	48.09467316	15.0186615	12.92988586	
185.68344116	48.88322449	15.65300274	12.14286041	
186.740448	48.88057709	15.77802277	13.09834766	
188.56022644	48.82077789	15.61969566	13.26418781	
191.86230469	49.12863159	15.26692009	12.70560741	
189.49328613	50.189785	15.78050709	13.37122536	
190.21786499	50.52013016	15.54191589	13.39708424	
191.05374146	50.72344971	15.72995567	13.41671944	
192.77377319	50.65062332	14.69723511	14.21395874	
193.49253845	51.20586395	15.55064678	13.67274284	
193.68702698	51.43601227	14.04033089	12.78822708	
196.2162323	53.06093597	16.74839783	13.93854237	
193.44914246	54.4874382	16.57221794	13.79191875	
195.7721405	52.32489777	16.27225685	13.5422821	
195.73506165	53.61621857	15.70540142	13.07052803	
196.93415833	55.05028152	15.66256142	13.03487587	
194.81533813	60.52898026	15.53242683	12.9265728	
191.15219116	58.40185547	15.53864765	12.9317503	
193.65785217	58.24312592	15.34178352	12.76791286	
198.85470581	65.40679932	15.22399712	12.66988659	
201.59289551	68.13536072	15.09914875	12.56598377	
200.6759491	74.02587128	14.71280956	12.24446106	
200.40652466	75.68322754	14.69535351	12.22993374	
199.05807495	75.17597961	14.60652924	12.15601158	
206.77230835	82.26739502	14.32160664	11.91889	
212.17842102	85.90962982	14.23478222	11.84663105	
209.74169922	90.09670258	14.12294292	11.75355625	
207.28015137	85.94264984	14.21639442	11.8313303	
211.64624023	87.83899689	13.9879179	11.64118481	
214.59030151	88.85585022	14.02103996	11.66874981	
210.27124023	94.36964417	14.02862072	11.67506027	
211.67001343	97.06759644	13.97641754	11.63161564	
213.47721863	100.12580872	14.04497814	11.68867302	
218.51017761	97.60163879	13.72506714	11.42243385	
224.71655273	102.85783386	13.66623878	11.37347507	
223.80705261	107.31254578	13.43315125	11.17949295	
223.80387878	109.90602112	13.38373375	11.1383667	
226.11869812	115.52036285	13.29763508	11.06671333	
230.61068726	118.3951416	13.25201416	11.02874565	
240.57499695	121.73571777	13.45218468	11.19533348	
256.39877319	132.32943726	13.37028217	11.12717152	
255.36508179	133.81962585	13.47889233	11.21755981	
253.82421875	133.99699402	13.79356098	11.47943592	
254.79501343	134.07356262	14.30453682	11.90468597	
253.61413574	133.47831726	14.13187981	11.76099586	
255.34579468	132.82296753	13.90862846	11.57520008	
256.23986816	133.43644714	13.75902843	11.45069885	
256.27575684	133.36842346	13.65454102	11.36374092	
255.30534363	134.09867859	13.59709167	11.31592941	
254.69294739	134.01469421	13.79601479	11.48147774	
255.96853638	133.45567322	13.99694252	11.6486969	
255.8918457	133.75314331	14.23021126	11.84283066	
256.0944519	133.92642212	14.0222578	11.66976643	
255.46882629	133.04621887	14.26537609	11.87209702	
255.68591309	133.16799927	14.03921795	11.68388081	
255.84257507	133.4415741	14.20473766	11.82163143	
256.12072754	133.01298523	13.93006897	11.59304237	
254.74572754	133.796875	14.22943592	11.84218407	
256.43060303	133.11488342	14.1589613	11.7835331	
253.66020203	133.40589905	13.82148933	11.50267887	
254.52978516	134.22840881	13.77240562	11.46182919	
254.82028198	133.78974915	13.62169456	11.33640385	
254.60635376	133.94363403	13.98169518	11.63600731	
255.25692749	133.19610596	13.70791817	11.40816116	
254.56430054	133.16915894	13.64969158	11.35970116	
255.21499634	133.45402527	14.08194447	11.71943474	
255.34851074	133.78561401	14.28003407	11.8842907	
253.98721313	133.87939453	14.29811096	11.89933491	
253.50137329	134.20718384	14.56236744	12.11925602	
255.64372253	133.18984985	14.796875	12.3144207	
255.19267273	133.97598267	14.63553143	12.18014526	
254.95239258	134.01737976	14.35164165	11.94388294	
253.82022095	133.81193542	14.4629879	12.03654861	
253.88606262	133.26985168	14.65076923	12.19282722	
254.92654419	133.96432495	15.02752876	12.50637817	
254.86837769	133.81581116	14.9247036	12.42080402	
254.2877655	133.72685242	14.55654621	12.11441231	
254.14299011	133.85928345	14.95424461	12.4453907	
255.71841431	133.41514587	14.80968285	12.32508278	
253.7326355	134.19998169	14.45999432	12.03406143	
254.62568665	133.99879456	14.39586639	11.98069191	
255.89619446	133.57797241	14.61754417	12.16517925	
255.33981323	133.7141571	14.62619781	12.17238045	
254.64071655	133.34959412	14.83593941	12.34693336	
255.7688446	133.44291687	14.48902416	12.05821896	
254.48347473	133.71321106	14.19569111	11.81409836	
256.63690186	133.68496704	14.03303051	11.67872715	
255.4238739	133.04112244	13.96955299	11.62589836	
254.80952454	134.00686646	14.41434288	11.99606609	
255.68716431	133.22375488	14.31957054	11.91719246	
254.50849915	133.70193481	14.60429859	12.15415192	
255.12963867	133.58779907	14.81100464	12.3261776	
255.37138367	132.68412781	14.45680046	12.03139782	
255.67300415	132.72114563	14.09250164	11.72821712	
255.16601562	133.36010742	13.85730171	11.53247643	
255.89433289	133.27336121	13.95115852	11.61058617	
254.66894531	133.85482788	13.77700329	11.4656496	
255.69277954	133.49931335	13.94697857	11.60710716	
254.51187134	133.33537292	14.05329132	11.6955843	
254.53617859	133.5080719	14.29873371	11.89984894	
255.98376465	133.58738708	13.99492168	11.64700794	
254.50778198	133.27835083	13.91614056	11.58144283	
255.40779114	133.64746094	14.11042595	11.74313354	
254.09614563	134.10783386	14.29990864	11.90082741	
255.32080078	133.45480347	14.3742218	11.96267509	
254.77311707	133.92333984	14.48297691	12.05318451	
254.64437866	132.81079102	14.03280449	11.67853737	
255.67764282	134.07275391	14.24144554	11.85217571	
255.78276062	133.78115845	14.09444618	11.72983932	
254.63247681	133.78018188	14.13920593	11.76708889	
254.21379089	134.01597595	13.76826763	11.45838165	
256.12265015	134.06272888	13.73968983	11.43459988	
254.35273743	134.15356445	14.24648571	11.85637093	
