126.0	15.0	32.0	33.0	
124.6730957	15.14423847	31.68652344	32.78419113	
123.28420258	15.2398119	31.53800392	32.53668976	
122.29660797	15.48135567	30.94768906	32.28009796	
121.54962158	15.70998383	30.44707298	32.01412964	
120.37007904	15.75271416	30.83080101	32.12346268	
119.25947571	15.87136555	30.62988281	31.81944656	
117.68972015	15.66963959	30.95125389	32.25128937	
115.83213806	15.61806965	31.09157181	31.8497715	
114.65159607	15.65109253	30.35322571	31.58391953	
113.46413422	15.93478203	29.93958092	31.48707962	
112.39750671	16.12842941	30.02481461	31.65155029	
111.39199066	16.01236153	30.15777016	31.57648659	
110.68864441	15.91710091	30.01033592	31.64925575	
109.99339294	15.81588173	29.78939438	31.6511879	
109.46718597	15.87328911	29.66210365	31.65118027	
108.86515808	15.51672935	29.67471886	31.83328819	
108.32645416	15.38183117	29.42301369	31.67192459	
107.46061707	14.97060108	29.67518997	32.01203918	
105.90816498	14.30175018	30.7716732	32.49142456	
104.7300415	13.52804089	30.56187057	32.77270508	
103.6570816	12.64873219	30.20329285	32.38768768	
102.09770966	12.12710381	30.22777748	31.97535706	
100.21742249	11.15595055	30.67613602	32.37327194	
98.12042999	10.34812641	30.83505249	31.88166428	
96.27018738	10.57926083	29.81692886	31.29378891	
94.81568909	11.00390244	29.62815475	31.32881737	
93.73936462	11.44510174	29.17746925	31.39551353	
91.86895752	11.60214043	30.50045776	31.90489578	
90.35360718	12.3064785	29.92006302	31.54623413	
88.79915619	12.67092323	29.86740685	30.91044998	
87.31439209	12.73692799	29.32292175	30.63707352	
86.36502075	12.6484375	28.57559586	30.07055283	
85.80570221	12.38386726	28.2200737	30.42341232	
85.13784027	12.67693901	28.42951012	30.18574905	
84.28524017	13.34502125	28.36557007	30.26804161	
83.03486633	13.84229755	28.82389259	30.25442886	
81.58922577	14.35197449	28.24198914	29.99094009	
79.67197418	14.32124901	28.75238419	30.64390182	
78.2722168	14.96526051	28.20758057	29.93642616	
77.17480469	15.31327057	27.83807945	29.63563538	
76.22681427	15.5003643	27.18561363	29.47034264	
75.4373703	16.13197708	27.31420898	29.46931076	
74.43074036	16.38314438	27.37421799	29.50632858	
73.60325623	16.59655762	27.29371262	29.52419472	
72.80696869	16.35830688	27.97961426	29.94444275	
72.86309814	16.19600487	27.34951782	29.76638794	
73.10723877	16.43690109	27.08097458	29.39520836	
73.66025543	16.42741394	27.31954384	29.73795128	
74.16480255	16.73086548	27.18019676	29.54183578	
74.13098145	16.89715385	27.43645096	29.77145004	
73.80950928	17.02999115	27.6509304	29.75250816	
73.2022934	17.33717537	27.32513428	29.58333969	
72.41410828	17.40386581	27.81547928	29.51602745	
71.25689697	17.55142784	27.86467934	29.61323929	
70.46047974	17.99148369	26.97490883	29.07247543	
69.43315125	17.87546921	27.37154579	29.6903019	
68.93074036	18.17653465	26.81856155	29.34917068	
68.72672272	18.50469017	26.24149513	28.63325119	
68.4030304	18.17339516	27.02828598	29.29793167	
68.34176636	18.10986519	27.04491615	29.32570267	
68.62291718	18.04810524	26.50962257	28.92602158	
68.55778503	18.01806259	26.58921242	29.06061363	
68.9004364	18.33710098	26.03581238	28.38358688	
69.05605316	18.01074219	26.60743141	28.99957848	
69.31999207	18.20378494	26.18122292	28.46311378	
69.40164185	18.58037758	25.88565063	28.23969078	
69.35179901	18.53739357	25.5157814	28.11589432	
68.75959015	18.38736725	26.43266869	28.26373863	
68.41976166	18.59443283	25.53844452	28.05822182	
67.77883148	18.56717491	26.11288071	28.39003944	
67.66416168	18.79353714	25.7837162	28.12717247	
67.70790863	19.11578178	25.08110428	27.41143799	
67.57364655	19.29007912	24.78953934	27.28780556	
67.75389099	19.28251076	24.89844704	27.35401917	
67.66461945	19.31188965	25.52080154	28.0193367	
67.45842743	19.16140366	25.92815781	28.61508751	
67.21076965	19.59000397	25.67934608	28.04508591	
67.00038147	19.63676071	25.86423683	27.97477341	
66.52006531	19.42707443	25.8284111	28.44063187	
66.32068634	19.61542892	25.49079514	27.9696846	
66.33024597	19.84906006	25.68442345	27.69418716	
66.00040436	19.5352459	25.85014915	28.2296505	
65.87129974	19.43466568	26.0067482	28.37688637	
65.48782349	19.21264839	26.18897629	28.86738968	
65.32962799	19.35871696	26.01676369	28.61143494	
65.54837799	19.6207962	25.13913727	27.8348999	
65.15766907	19.53121185	25.69165039	28.15669632	
65.07896423	19.4915657	25.83747292	28.13319778	
64.96059418	19.24679565	26.45198631	28.62039185	
65.07745361	19.37131691	26.19879723	28.48975182	
65.26570892	19.49554825	25.9415226	28.37527084	
65.10951233	19.41606712	26.45540428	28.93705177	
64.88928986	19.37866211	26.77316284	29.01927567	
64.73017883	19.21645355	26.93934631	29.17006493	
64.48932648	19.1645031	27.21266556	29.20360756	
64.5646286	19.36507225	26.70351028	28.6806488	
64.20972443	19.29401588	27.10854721	29.06516647	
64.29286957	19.46136475	26.74264145	28.77108383	
64.13444519	19.40874863	26.82818031	28.71215248	
64.38954926	19.66613388	25.77210045	28.00134277	
64.29281616	19.57641602	25.67735672	28.39095688	
64.3709259	19.52367783	26.31097412	27.96077347	
64.61502838	19.58425522	25.81560326	27.56786537	
64.34816742	19.30283928	25.6698494	27.75873756	
62.9907341	16.84249878	29.34872055	30.2658577	
64.00404358	19.00920486	26.28656006	28.40373802	
64.59141541	19.05564308	25.79296494	27.90452576	
64.80192566	19.14797974	25.72272873	27.71913719	
64.54955292	19.26246262	25.73452759	27.44096756	
64.53593445	19.43495941	25.66148758	27.09449387	
62.59150314	16.17143631	29.29059982	30.20592117	
64.70948029	19.431036	25.5823288	26.58478165	
64.45156097	19.2056427	25.26157761	26.54787827	
64.33660889	19.01227188	25.40036011	26.87637711	
63.99243164	18.92500496	25.21862793	27.16667557	
64.15490723	18.96285057	24.70210266	26.71615601	
64.46432495	18.61850548	24.91530228	27.00387955	
65.07098389	18.36587906	24.93452835	27.28810501	
65.26234436	18.61167526	24.72081375	27.12922096	
65.40531921	18.30238914	25.0571785	27.27368546	
65.65466309	18.40025139	24.85137177	27.74316978	
65.38322449	17.0032196	27.37703896	28.23255348	
64.85886383	17.97092438	25.22560501	27.63584328	
65.62420654	17.68228722	25.48893738	27.80250168	
64.92694855	17.16668129	26.34942627	28.710495	
64.92857361	16.98100853	26.07594681	28.59866333	
64.85523987	17.03767967	26.24749374	28.55194092	
64.51174164	16.77425003	26.59367371	29.04792404	
65.4638443	16.54778481	26.24888992	28.37265587	
65.63632965	16.69690132	25.9538269	27.99179649	
65.56074524	16.08314133	26.66376114	28.71997452	
65.61470032	16.00395966	26.15531921	28.24443054	
65.57629395	15.63568687	26.51227379	28.77174377	
65.3015976	15.43196869	26.97374916	29.23125076	
65.88768005	15.06926727	26.83532333	28.95456886	
65.6891861	15.11329651	25.93502235	27.70848465	
66.13633728	15.01795483	26.04897499	28.1899662	
65.87889099	15.17543316	26.00518227	28.08749771	
65.94724274	15.36116791	26.24086952	28.27084732	
65.73475647	15.14820576	26.40449142	28.38782883	
65.46874237	15.61970043	25.83456802	27.72987938	
65.8031311	15.5238924	25.02831078	26.94916344	
65.61134338	15.29889107	26.05900192	28.21295738	
65.60982513	15.71669579	25.93652916	27.89529419	
65.52497864	16.10945511	25.51846695	26.50016785	
64.55287933	16.11777878	26.69318008	26.77453613	
64.05632019	15.5226717	27.32694054	27.18693924	
63.68325806	15.17269421	27.25546265	27.42075539	
63.94086838	14.91466045	27.4650631	28.33458328	
63.67751312	14.6121645	27.52196693	29.17049599	
64.47258759	14.03512001	27.64519119	29.32191467	
64.22332764	13.83584309	27.71022034	29.740448	
63.52342987	13.15006256	28.0881443	30.40552902	
62.52353668	12.35977364	28.37890053	30.79287338	
64.20204926	11.18896675	28.9478054	29.85240746	
63.17033005	11.4644289	28.12382889	31.49042892	
62.80778885	10.35221291	28.52243614	30.94133377	
62.83457184	10.24254799	28.52110291	30.26122665	
61.91493607	9.14213562	29.30686378	30.38209534	
62.36603928	9.68421268	28.84714317	30.87225342	
61.17861176	8.6818161	30.47667313	33.36653519	
62.31901932	9.32111168	29.11298752	32.84627151	
62.53723907	8.40778542	29.91222	32.81995392	
61.17180634	8.97076035	29.84918213	33.62716675	
62.29943085	6.97516537	31.3321476	32.31125259	
60.61039352	7.06238794	30.28054237	32.44239426	
60.94697189	7.5912466	29.59208107	32.23548889	
60.35234833	7.30417252	29.3074398	32.98534012	
60.62514496	6.91028738	29.55815697	33.25603104	
60.45029831	6.64727545	30.29590225	33.26724243	
57.51547241	9.01928902	30.92698669	31.89343262	
56.49951172	10.16590595	30.51224709	31.46573257	
48.75838852	12.46546936	31.01749039	31.98676109	
44.2071228	16.39846039	30.5052433	31.45850563	
47.82850266	15.76403332	30.54807091	31.50267029	
51.37324142	12.35034943	30.46401596	31.41599083	
53.11248016	15.95470905	31.16115379	32.13491058	
55.96641922	16.96312904	30.36665726	31.31558609	
56.34229279	14.02237225	30.29381943	31.24047279	
59.85616302	17.69519615	29.93932152	30.87489891	
63.56196976	26.38604164	29.80727577	30.73872757	
69.06617737	33.71123123	29.88890648	30.82291031	
63.86948776	26.73751259	28.78536034	29.68488121	
64.13014984	22.56562424	28.39456749	29.28187943	
62.61378098	21.73820877	28.33728981	29.22281265	
64.27854156	26.96644211	28.28699684	29.17094803	
52.84497833	16.41707611	28.20696068	29.08841324	
53.20924759	18.62690353	28.56442261	29.45704079	
53.05687332	19.66504669	28.56276894	29.45533371	
51.4272995	18.91518974	28.31071854	29.19540405	
51.45454788	15.61924171	27.94530869	28.81857681	
49.87060928	17.56119919	27.44884872	28.30660439	
50.87435913	19.42383766	27.540308	28.40092087	
53.08646393	15.65217876	27.5550499	28.41611862	
58.82143021	10.06446838	28.02912903	28.90501404	
56.6371994	13.52479267	27.81847572	28.68778038	
59.82405853	12.13042164	28.14360046	29.02306557	
60.80069733	8.60622978	28.74606895	29.64435959	
61.32470703	6.66271973	29.07577515	29.98436546	
59.80773926	7.03397846	29.41930199	32.30553818	
60.18416595	5.76212788	30.34076881	33.04925156	
61.12874222	6.28208017	29.3268795	31.8081665	
61.36945724	6.31248808	28.85300636	31.74882507	
61.31463623	6.97691441	28.01576614	31.69549942	
60.56210327	6.11889505	28.58157349	32.2693367	
60.89211273	7.33770609	28.54445839	32.10651398	
60.40124512	7.11974478	29.50623512	32.36712646	
60.16095734	7.67028952	30.13225937	31.91923904	
62.00108719	9.13125229	29.21912193	30.51908493	
63.15805054	10.20951271	27.11365318	28.06140137	
63.44134521	11.17816734	26.29804611	26.13017845	
63.80828857	11.91243935	25.23315048	25.35103989	
64.16841888	12.20678139	24.17394066	24.47825623	
64.77407074	11.97778702	24.5343895	25.80566406	
65.00868225	12.15250587	24.15756607	26.00354958	
64.70368958	12.51408863	24.53032875	26.76454735	
65.27620697	12.0185194	25.53145218	28.07301903	
65.52496338	12.38043022	25.55979919	28.00522423	
64.89445496	12.55495548	26.74567223	28.51798058	
64.56867981	12.58613014	27.4117794	28.74451065	
64.65378571	12.89282799	27.42861557	28.69195557	
64.65723419	13.02387524	27.32107925	29.04139328	
64.51963806	13.28539276	27.57853699	29.25365639	
64.72769165	13.71648693	27.14546585	28.63661575	
64.60009766	13.85287189	27.26219177	29.01860619	
64.47546387	14.09112358	27.34790611	28.98667336	
64.1509552	14.24634552	27.41448402	28.72576523	
64.04366302	14.58414268	26.66936111	27.98877907	
64.41947937	15.06910896	26.71912766	27.54610062	
64.43173218	15.27114868	26.98872757	28.40618515	
64.76329041	16.28695869	26.61890602	28.44499779	
64.96170807	16.9657402	27.23699379	28.57793045	
64.89190674	17.2911644	27.2746582	28.67542648	
64.46105957	17.41961861	27.0874939	28.43097496	
63.58641815	17.86320877	26.81356239	28.264431	
63.00078201	17.90038681	26.81956863	28.0411129	
62.67725754	17.71509361	27.41793442	28.47921371	
62.7072525	18.23308372	26.50573349	28.12044334	
62.49282837	18.3094635	27.31850243	28.74437904	
62.62685394	18.47325134	26.99778366	28.38056564	
62.8328476	18.60558128	26.96762085	28.4604702	
63.18996048	18.78096581	26.66846275	28.07214928	
63.45182419	18.95614243	26.42625809	27.59539795	
63.46152496	19.07348824	26.33556175	27.90988541	
63.58126068	19.30626869	26.53432083	28.05353737	
63.75266647	19.29777908	26.55341148	28.28463745	
64.1650238	19.4268074	26.72147179	28.28847313	
64.34307861	19.70126534	26.8616333	28.21982956	
64.4041214	19.84761429	27.05976868	28.63080788	
64.43986511	20.10118294	27.40490723	29.08997154	
64.91639709	20.35200882	27.43906212	29.02179909	
65.11357117	20.67975235	27.21653366	28.58339882	
65.28099823	20.92771912	26.75645447	28.13563919	
65.28309631	20.819067	27.14834595	28.21142197	
65.32058716	20.53704834	27.12030602	28.39911842	
65.16851807	20.35663033	26.89761734	28.43289185	
64.54393005	20.02793503	27.28862	28.25919151	
64.44098663	20.0571785	26.75417519	27.75658798	
63.84508514	19.91181755	27.20246506	28.40226364	
63.45669556	19.9711647	27.31934166	28.3896122	
62.85807419	19.91450882	27.47921371	28.65819168	
62.05835724	20.08900452	27.4536438	28.38537979	
61.01207352	20.25702286	27.60216904	28.23175621	
59.26799393	19.97488022	28.24913025	28.64382553	
57.80374908	19.94853592	27.78400803	27.89097977	
56.05683517	19.80837822	28.06057167	28.27526283	
54.71340942	19.97748947	27.36031723	27.57333755	
53.12049103	20.31928825	27.06665611	27.46903038	
51.34464264	20.63542175	27.41343689	27.36894226	
49.83964539	20.53362083	27.0413475	27.70351219	
48.92891693	20.78219986	26.56552696	27.2466526	
48.04693222	20.86027145	26.44047165	26.99215126	
46.88300705	20.30628586	27.93202591	27.96306801	
45.92778778	20.85716629	26.24855423	27.09263611	
44.59401703	20.70495987	26.92139244	27.67979431	
43.54843903	20.38346291	27.2112999	27.92329407	
42.80157471	20.62851715	26.46670532	27.384161	
42.60704041	20.96146584	25.57470322	26.41425705	
42.64381027	21.19982529	25.47846413	26.1862793	
42.34138107	21.04152679	25.94296837	26.70407677	
42.72162247	20.75476646	26.83802223	27.48086548	
43.25361252	20.83602142	27.27658653	27.63431358	
44.4068985	21.17171288	26.15636063	26.7421627	
45.28622437	20.95807648	26.50744629	27.14539146	
46.59689331	20.42295074	27.29952049	27.39758301	
48.18314743	20.00681877	26.49372864	26.9225502	
49.58089447	19.41945267	27.06017113	27.2684021	
50.58714294	18.99370956	27.1789856	27.21419716	
51.72404861	18.70274353	26.70006752	26.89421463	
52.53646851	18.33237076	27.08236122	26.75978661	
53.42572021	18.14016151	26.26832199	26.29468918	
54.51130295	18.4782753	25.87729454	25.59186363	
55.41655731	18.32090569	26.45280838	26.06433487	
56.23311234	18.29118729	26.39619446	26.15295982	
57.31311798	18.40223312	25.76506996	25.40891647	
58.58253098	17.7029686	25.03635597	24.58575821	
59.02765656	17.59609795	25.98570633	25.05067062	
59.99534225	17.53200531	26.3696785	25.05311584	
60.53748703	17.03779602	26.03194618	24.67557716	
60.68103027	16.84785461	25.33389664	24.59101486	
61.84968948	16.64101601	25.18310547	23.61749268	
62.06376266	16.26890182	24.6185627	23.23886681	
62.0921402	15.21138	25.90756798	24.59649277	
62.18802643	15.35800648	25.35332108	24.34047699	
62.4985466	15.33242321	26.80809975	25.16827965	
62.88484955	15.70509911	26.75186157	24.87857628	
62.79743576	15.68457031	27.17370224	24.99138451	
62.65362549	15.85035706	26.86153221	24.88873863	
62.62349701	15.16049004	26.2576046	25.38114548	
63.1824646	16.27440262	26.38833046	24.81275558	
63.83541107	16.63272858	26.20095253	24.43556786	
64.29515839	16.95926285	27.32729149	25.36466789	
65.05232239	17.50852013	27.07047653	25.19936371	
65.36321259	17.5067482	26.85836411	24.73925209	
65.47969055	16.40103531	27.68084145	26.26906204	
66.7228241	16.43352127	28.2674408	26.11812401	
67.57124329	16.13306236	28.18491745	26.48071861	
68.73112488	16.35720253	27.42039108	25.49311829	
69.14228821	15.43218994	28.41896439	26.43582535	
70.23616791	14.82012749	28.04764175	26.3351326	
70.80944824	14.75128937	28.07593155	26.34310341	
71.55178833	13.97086525	28.51656151	26.70143127	
72.69055176	13.9383831	28.72565269	26.50189781	
73.06054688	13.49722004	28.96354675	27.04066849	
72.30613708	8.81191254	30.69124222	31.65033913	
74.0459137	11.08759785	29.02648926	27.75717163	
74.6268692	10.62568283	28.77709961	27.55965614	
75.48823547	10.83272743	29.07175255	27.62694359	
75.83979797	10.09488106	29.3297081	28.61658287	
76.25161743	10.65569496	29.27664566	28.58159447	
76.83641052	11.48331738	29.20816612	28.61491776	
76.8167572	12.7454586	28.87815475	28.22673607	
77.42906952	13.36536884	28.82912636	28.04543495	
77.34737396	14.03546143	29.50672913	28.07539368	
76.43299866	14.96687889	29.90443993	28.69848061	
75.6071167	15.20709705	30.19631386	29.17366028	
75.4631424	16.26919174	30.04737854	28.95786095	
75.14344025	16.76509857	29.55068016	28.3087368	
74.62674713	17.10536575	29.44970131	28.64434433	
74.4368515	18.04821777	29.37706375	28.08239746	
74.2651062	17.27070618	30.19652176	29.70014572	
74.00592041	18.74050903	29.7265625	29.47563171	
74.17880249	18.80553055	29.10668373	29.6518364	
74.85138702	19.19404221	28.56636047	29.30796242	
73.84506226	17.93885231	29.70646667	30.63479233	
75.30318451	19.9926548	29.59277344	30.71318054	
75.40449524	19.71805954	29.12564468	31.19301796	
75.68795013	19.91924667	29.04560471	31.02996445	
78.02381134	19.93144608	29.43078041	31.22473526	
76.76290894	16.68943787	31.01859474	31.98792076	
77.44075775	18.03733253	29.48345947	33.23433304	
77.90955353	18.10616302	28.41884995	32.61991119	
77.5820694	19.99006653	28.14037132	31.40964317	
78.16637421	20.39716148	27.64486122	31.02947426	
77.07962799	22.29764938	27.80202866	29.88599777	
78.74855804	21.53482628	27.63787842	30.53571129	
79.01515961	19.50244141	29.26155663	30.17597008	
75.94154358	20.32911301	31.5382843	32.45652771	
75.7787323	21.48630905	32.36707306	32.31362915	
77.23940277	19.37700081	31.08794785	32.05944061	
75.58412933	20.68652344	30.65299988	31.61090469	
75.48338318	19.23321152	32.00801849	34.92127228	
76.43321991	21.36846924	30.10896873	31.04987526	
77.05177307	21.33863831	29.9317112	30.86707497	
75.41252136	19.84313011	29.62816429	34.0853157	
75.96214294	21.71780205	29.40007973	33.06969452	
76.06761169	21.28346634	29.54854202	33.7676239	
75.83665466	20.38945961	29.59630775	34.18864441	
76.17887878	21.87688828	29.31072426	33.05148315	
74.96637726	20.69437027	29.66262817	33.64536667	
74.07784271	19.96153831	30.39786339	34.49623489	
76.12539673	19.75668335	30.15503502	34.12113953	
75.1375885	20.90372658	29.50845909	33.24860764	
75.5116272	21.13926315	28.85268593	33.54129791	
75.55117035	22.43953896	27.73352623	32.26468277	
