147.0	65.0	55.0	72.0	
152.49269104	65.01602936	56.5692749	73.0131073	
158.83770752	64.37200928	56.85107422	72.97948456	
164.80467224	64.01887512	58.4347229	70.40763855	
171.98733521	65.10540009	60.94782257	68.96591187	
183.44210815	66.85884857	59.38331223	70.07010651	
192.66304016	67.90729523	56.46422195	75.3299408	
199.83163452	70.45101929	52.51593781	78.69200134	
203.4447937	74.06467438	49.82407761	77.59165192	
203.82164001	76.12876129	49.78127289	76.1815033	
202.963974	75.88185883	49.9131012	76.40263367	
199.78511047	75.02687836	52.25943756	76.04373932	
193.31988525	74.64912415	54.93454742	72.99015045	
186.81440735	74.55794525	55.73138428	71.1865387	
180.4903717	73.948349	55.91691971	68.79154968	
175.94032288	72.41816711	53.80046844	68.49892426	
172.70530701	69.62417603	52.95295334	69.97544098	
169.9287262	66.63387299	52.94281769	71.44711304	
168.67263794	63.43129349	51.01140594	71.83840942	
168.55705261	60.09509277	49.60198593	73.10593414	
167.87683105	55.78089523	50.01960373	74.54954529	
166.91931152	52.42905426	50.52101898	75.71020508	
164.86759949	49.16687775	51.32449341	76.48227692	
163.44433594	45.06819153	52.01757812	79.79432678	
161.92541504	41.15005112	52.88751221	80.96844482	
161.2124939	37.95103836	52.25873947	79.24990082	
160.24707031	34.78250885	51.92633057	77.00645447	
158.36871338	32.51563644	51.54645538	74.36802673	
156.89596558	29.73638535	51.02695465	74.10095978	
156.8946228	27.25912094	50.02383041	74.20652771	
156.04855347	26.12636185	49.09549713	71.46495056	
155.43612671	24.35863113	49.40354538	70.68347168	
155.74458313	23.27480698	48.44232941	69.9526825	
155.07304382	23.92663193	48.1912384	67.42386627	
154.91435242	24.09758949	48.35398483	67.84783173	
155.21157837	24.03568459	48.19736862	68.73343658	
155.14149475	25.364254	48.30897141	68.22180176	
155.97241211	26.11211586	48.81724548	69.69608307	
156.70907593	27.41621399	48.77145004	70.18979645	
157.25845337	28.27843094	49.45822906	71.59204865	
157.36157227	29.94890404	50.11786652	71.93558502	
158.14851379	32.10191727	51.6843338	72.00765228	
160.25297546	32.71692276	53.94688797	74.2540741	
163.61392212	31.80443382	54.83441925	78.8874054	
166.13731384	32.47381592	57.8380928	78.19841003	
171.0962677	32.15857315	62.16582108	78.07446289	
180.06306458	32.08794403	61.57543945	76.52609253	
188.08724976	29.9845829	62.15629959	78.32927704	
197.01728821	28.15320969	61.42444992	79.79350281	
205.11401367	26.60044289	59.89656448	80.2533493	
212.12667847	25.58945084	56.82330322	82.09845734	
218.06741333	27.92883301	56.74887848	74.28947449	
218.35591125	26.96926308	54.21986771	80.94852448	
218.38716125	28.5851841	53.38170624	80.16080475	
216.0900116	29.45912552	55.575634	82.02671814	
215.42805481	30.76029015	53.57888031	80.53540039	
215.5435791	32.14448929	52.32293701	79.01068115	
215.15556335	32.40963745	52.65305328	79.18666077	
214.71794128	32.60660934	53.365242	79.86974335	
215.50590515	31.20360756	55.48091507	81.33220673	
216.70585632	32.38274384	53.97621918	81.24056244	
217.91593933	32.92351532	53.75740433	81.00411224	
217.39079285	32.07148361	53.91352081	79.70500183	
214.54708862	31.5333004	56.27158737	80.41085052	
208.44381714	30.1538887	60.82368088	83.63750458	
200.23352051	30.04998398	62.94387054	81.16805267	
191.17501831	30.80258179	64.51407623	81.78460693	
181.59475708	32.27138519	64.61872101	81.43000031	
172.89001465	32.60877991	63.92282867	80.15141296	
163.11222839	31.6509037	64.71298218	80.38554382	
154.84432983	31.85642624	63.22764969	79.78456116	
148.76930237	32.54634476	61.27563477	77.71614838	
141.6598053	32.83631516	60.95661545	77.86567688	
134.46803284	35.06137085	59.64054489	75.87583923	
129.43731689	37.79966354	58.04446411	74.08995819	
126.65409851	41.28577805	55.53105927	72.32443237	
125.16784668	43.65306854	53.98088455	72.33188629	
123.87508392	46.08701706	54.02494049	71.92404175	
123.3584137	47.99052811	53.50231934	72.11030579	
122.84999847	50.59257889	54.03000641	70.86092377	
123.63703918	51.40335083	54.92062378	71.23307037	
125.86029053	50.12650299	57.39407349	74.78855133	
129.87028503	49.98514175	58.09043503	75.39660645	
135.02520752	50.51337433	58.42090988	76.19963074	
140.7225647	48.79673386	60.54597092	79.0270462	
148.13711548	49.13751984	60.30271149	79.3372345	
155.48901367	46.59996414	58.21014404	80.34371185	
160.7883606	44.2370491	56.15418243	79.26567078	
164.77119446	42.99484253	55.14591217	78.45200348	
168.43933105	39.71427155	54.76343536	80.06240082	
170.58442688	36.39506531	54.08120728	80.38852692	
172.90106201	34.047966	53.84209061	80.06723785	
174.46650696	31.63806725	53.25489044	78.97828674	
175.48730469	30.5235405	52.17513275	78.10734558	
175.63006592	28.2542305	53.25917816	78.81187439	
175.65232849	26.80086899	52.18294525	76.26135254	
175.1950531	25.4981842	54.15557861	78.31919861	
172.91946411	24.29535675	53.66355133	76.30352783	
172.8084259	21.94897652	53.49573898	79.472229	
173.17549133	21.74051476	53.04176712	77.90410614	
172.52130127	20.56321716	52.78858185	75.70787811	
172.49551392	18.18032646	53.39048004	78.55820465	
172.09745789	18.70553207	52.0208931	77.40266418	
171.51452637	18.56066513	52.54901886	74.66526794	
171.65385437	17.63251114	53.36508942	76.41791534	
170.93145752	19.41412735	52.3130188	72.86155701	
169.2718811	20.1782093	51.59716797	71.69102478	
167.33752441	19.70333862	52.06919098	73.25431824	
164.38244629	20.96456909	52.30170441	72.48233032	
161.3196106	21.51238441	52.69707108	73.35097504	
158.98602295	23.36342239	52.49316406	72.92741394	
156.10514832	25.08152771	52.40003204	73.79730225	
154.38296509	27.45380783	51.9862175	74.6036911	
153.30729675	29.84512711	52.74804688	75.62180328	
152.55278015	31.88228226	53.68700027	76.88575745	
151.92572021	34.11384201	53.40451813	78.05904388	
150.91714478	38.36988068	52.91635895	75.6568222	
148.59703064	41.10381699	53.55827713	75.72961426	
146.9243927	43.36754227	53.45568848	75.79213715	
145.70220947	47.23464584	51.80153656	73.79902649	
143.67529297	49.17024612	52.23347855	74.52272034	
141.765625	51.81708527	52.38502121	74.43843079	
139.50151062	53.32855225	53.2472229	76.15422821	
137.87750244	54.78805542	54.02396393	77.47531891	
135.80908203	56.43969727	53.93214035	76.88903809	
134.12368774	58.92113113	52.50651169	74.35062408	
132.57156372	60.02966309	52.68723679	74.82885742	
130.74842834	60.19545364	52.46870041	73.8993988	
129.1676178	60.3740654	52.29843903	71.86995697	
127.62794495	59.88519287	52.15642548	72.86625671	
123.91906738	58.36960602	54.84998703	75.08020782	
119.86027527	59.26396942	54.98220062	73.09788513	
116.57922363	57.27861404	53.70735931	72.56639099	
114.80187988	57.38838959	52.78406906	72.20057678	
113.43730164	56.49447632	51.52278519	71.36620331	
112.58292389	55.57497025	50.47985077	70.25794983	
112.01940918	54.39757156	50.30434418	70.21840668	
111.72167969	52.26740265	50.36766815	71.23183441	
110.15751648	51.8793869	51.24806595	70.80371094	
108.84867096	50.02880096	51.18476105	70.25119019	
106.30273438	47.63149261	53.39050293	71.41873169	
102.65457916	45.95949173	54.08577728	71.11911774	
99.68068695	43.94664383	53.87258911	71.10980988	
96.16260529	41.45320511	54.96141434	72.32970428	
91.48325348	39.19622421	55.14209747	73.85843658	
87.82682037	35.87300491	55.69359589	76.41671753	
84.61962891	34.23690414	54.79212189	76.7750473	
81.39350891	33.28816986	55.58011627	77.3513031	
78.68113708	33.64082718	54.76698685	73.89009094	
76.82918549	34.26225662	52.46099091	72.27430725	
74.66600037	34.15556335	52.73649979	71.23973846	
72.4655304	34.28313065	52.80333328	71.69081116	
70.41430664	34.18122101	51.95013428	70.81016541	
71.37758636	35.04012299	51.50164795	70.37005615	
70.10675812	37.46820831	51.01488113	67.33930969	
70.33379364	39.05503845	49.61131287	63.89904785	
68.37404633	35.56420898	55.92073822	73.20536804	
69.27015686	37.94604492	57.45631027	75.21557617	
66.79821777	38.53731537	58.96379471	77.18901062	
67.6927948	36.61870575	59.86424637	78.36778259	
70.86994934	27.43298721	60.64838409	79.39430237	
74.12223816	29.48064041	61.33060455	80.2873764	
72.82344818	26.95078659	61.66346359	80.72312164	
63.65335846	22.53614235	62.36180496	81.63731384	
45.73936462	15.09173298	61.5739212	80.605896	
65.22737122	31.25047874	62.01311111	81.18083191	
91.27484131	37.2196579	63.29491425	82.85884094	
91.9214325	18.45539093	62.3441391	81.61419678	
97.93977356	30.02536964	62.05399323	81.23435974	
80.47332764	36.60445404	62.39716339	81.68359375	
74.34968567	49.15875244	61.59033203	80.62738037	
55.23957062	43.18844604	61.26543427	80.20206451	
17.6772747	23.3466568	61.83840179	80.95214081	
20.66016769	35.07650757	62.14751053	81.35679626	
7.27317524	31.72938156	61.42922211	80.41648865	
7.00443363	34.42565918	61.0599556	79.93308258	
5.39769077	43.99009705	60.62214279	79.35993958	
4.55105066	33.47076797	62.35017776	81.6220932	
-2.16366148	44.53153229	61.59126663	80.62861633	
-1.60011327	33.00281525	62.08778	81.2786026	
7.53016138	40.20737839	61.26848221	80.20606995	
3.65893316	37.40790558	60.74533081	79.52121735	
16.112257	30.54606628	61.50780106	80.51935577	
1.79395902	32.20307922	61.06344604	79.93766022	
27.08493042	38.71997833	60.331604	78.97961426	
18.65176392	38.40222168	60.31099701	78.95263672	
15.56839466	49.75554276	60.19881058	78.80577087	
9.00554657	34.37711334	61.88815308	81.01727295	
22.02093124	43.32382965	61.84970856	80.96694183	
42.75913239	32.30398178	62.19490814	81.4188385	
72.18611145	28.32224464	62.12797165	81.3312149	
146.78752136	21.25136948	61.36777496	80.33605194	
170.95620728	43.29067993	55.55115891	69.4655304	
170.13227844	40.89679718	57.55146027	75.86216736	
169.76942444	36.3014946	58.41013718	80.04212952	
171.41716003	36.10519409	58.67548752	81.18262482	
172.27407837	34.41230392	56.83829498	81.49651337	
172.25637817	32.06778717	57.93856812	83.32948303	
173.37576294	31.63184166	57.09906006	82.90235138	
174.17205811	30.29854965	56.83342361	82.03409576	
174.40974426	28.18257713	55.68664551	81.1411972	
174.90808105	26.90643692	54.90037918	79.44657898	
175.08073425	25.88075256	54.19100189	79.27797699	
174.95645142	23.72329521	54.25656128	80.36167145	
174.31329346	22.78329468	53.56623459	78.83661652	
172.66386414	21.9258976	54.72096634	79.2043457	
172.16261292	21.14470482	54.56031418	80.5351181	
170.22044373	20.69319916	54.38365555	79.45729065	
168.7208252	19.99884796	54.50847244	79.71675873	
166.36631775	18.6019249	55.10785675	80.14035797	
164.56356812	18.14321899	54.54673386	78.66184998	
163.28393555	17.17430496	53.45088959	77.73497009	
161.87854004	16.49329185	53.62410355	76.74422455	
157.99990845	15.67053223	54.91530228	76.05467224	
153.96990967	14.68365669	54.9033699	75.28586578	
150.09231567	14.38016319	54.43196869	75.15100098	
146.10249329	13.66341591	55.54673386	78.19271088	
142.99685669	15.2799778	54.69036865	76.61710358	
138.76266479	15.38958263	56.0231514	77.15688324	
135.09367371	15.47848797	56.12279129	78.26139832	
132.15126038	15.71348858	56.18340302	79.69488525	
130.57833862	17.21922684	53.8314209	77.76063538	
129.92472839	18.89282799	53.15546799	76.6661911	
129.8285675	20.40416527	52.59821701	76.58677673	
129.46768188	22.67132187	53.2225647	76.80531311	
130.8500061	25.36846924	53.57845306	76.02030182	
132.38018799	27.76111412	55.41533279	78.67667389	
134.61421204	30.92975998	54.91213989	80.8032074	
136.04150391	35.60860825	54.51871872	78.1754303	
138.46278381	38.38909149	56.93943405	78.00699615	
142.0818634	41.03038025	58.42993164	79.83525085	
146.55148315	42.91687012	57.31501007	82.64266205	
149.27604675	45.92355347	55.80072021	82.00447845	
151.56619263	50.04526901	53.82723236	78.91409302	
151.81887817	52.23933029	53.80815506	79.195961	
152.76498413	54.74741364	53.25989914	78.70029449	
151.85140991	57.09981537	52.77918625	77.82420349	
151.56826782	60.74348068	51.55044556	75.06156921	
149.83816528	63.47672272	52.19748688	73.47987366	
150.35025024	64.21372223	52.68561554	74.35163879	
149.57019043	63.79863739	53.52195358	74.38231659	
148.44189453	65.38587189	53.08535767	72.94732666	
147.54393005	65.5488739	52.55057526	72.55665588	
145.77857971	66.14985657	52.27106476	72.2341156	
144.19038391	65.3433075	52.75032806	72.68636322	
143.17515564	65.89647675	52.6048584	72.09002686	
141.21925354	65.11079407	53.98493576	73.91182709	
140.44168091	65.202034	53.55585861	74.20766449	
141.32540894	65.04594421	52.58113861	73.11717987	
142.36360168	65.04109192	52.27490997	71.83201599	
143.94921875	63.41197968	53.33887863	73.10305786	
146.25125122	62.72722244	52.93801117	73.54438019	
148.54225159	61.15306854	54.43839264	74.12032318	
152.31686401	60.24602127	56.22893143	74.46559906	
157.73420715	58.649189	55.99428177	76.52105713	
162.5488739	55.56229401	53.45627594	79.42205811	
164.28605652	53.78768158	56.13605881	77.41164398	
169.58248901	52.78298187	52.97246552	77.40730286	
171.27740479	49.66212082	52.91849899	80.84144592	
172.83125305	47.04249191	55.4671936	80.71531677	
176.51974487	45.05422211	55.86733246	80.58727264	
180.09109497	43.58436584	54.23169708	78.30934143	
181.64450073	42.19358444	54.33265305	79.08637238	
185.04559326	37.37712479	55.69739532	82.23030853	
189.68061829	31.99280357	55.65217972	85.30080414	
192.78292847	27.60900307	56.24428558	86.61525726	
196.79682922	24.2333107	53.31202316	84.07832336	
199.23771667	20.62027931	55.53099442	85.6113739	
203.48464966	15.69798851	53.70723343	85.28211975	
206.41186523	14.50349712	54.37852859	82.22682953	
210.6061554	12.01884937	54.04637527	83.37484741	
215.63652039	8.5180378	50.61940765	82.66012573	
216.4468689	6.27433825	49.93007278	81.08811188	
214.38345337	1.934852	52.34877396	82.61216736	
211.34277344	0.59643424	53.91333771	79.77050781	
206.83435059	0.2237421	55.5435257	77.26356506	
201.642899	0.0161958691	55.2185287	73.1901245	
196.58535767	0.26308936	55.66667938	75.27541351	
192.50564575	0.35930404	54.41018677	73.90168762	
188.53663635	0.0	54.70835495	74.53700256	
186.459259	0.0057952879	53.0251961	75.4872208	
182.67225647	0.0	54.92427444	73.64052582	
176.46357727	0.0	57.68230438	75.07982635	
170.185333	0.108813286	56.2565079	75.0926361	
163.08712769	0.53584516	56.65062332	73.87352753	
159.233078	2.03737736	53.6516037	70.54866791	
157.58430481	3.68222857	51.39011765	68.36738586	
156.1156311	5.17655849	49.91666031	66.15846252	
155.36795044	5.71686029	49.47981262	65.96948242	
155.89028931	6.28503227	49.21587372	65.78826141	
156.44975281	7.30222607	48.91266251	64.39701843	
157.57266235	6.87212992	49.49869156	65.71515656	
158.72009277	6.59732533	51.92448807	68.44165039	
160.68283081	6.28456211	53.93844604	68.79890442	
164.83180237	5.13865185	56.82289505	71.09342957	
170.84411621	3.40125656	59.61052322	73.73395538	
176.68429565	2.0371325	61.92179108	74.43226624	
185.384094	0.123454288	64.3700485	78.664772	
196.87936401	0.39330196	53.16266632	76.99254608	
198.99472046	0.63480628	56.41212845	73.8486557	
199.63296509	0.47016582	51.73365402	78.52151489	
202.38809204	0.31045359	52.1591301	80.60137939	
205.794098	0.0299192425	51.9946213	82.9496613	
206.93197632	0.39412346	50.68081665	81.75688171	
203.7449646	0.71163195	52.21097565	80.84477234	
196.95443726	1.89727783	54.30548859	82.75754547	
195.13931274	5.63838673	49.49412537	80.74107361	
195.27548218	8.26399803	49.14907074	79.60528564	
196.69638062	10.02875996	53.94116211	78.66969299	
201.03666687	9.46352386	51.82465363	76.01092529	
202.94795227	9.59630775	53.89603806	78.05700684	
206.56083679	12.65835953	52.52874756	76.9777832	
209.08981323	14.85925579	50.47258377	74.1931076	
210.91947937	15.97458076	50.69446182	73.95291138	
212.56230164	14.6956377	51.85563278	75.92712402	
215.00308228	15.67365456	49.1027832	71.46305847	
214.69450378	15.88236046	49.38693619	71.18913269	
211.79045105	15.56440735	51.56215286	73.59613037	
208.55844116	16.28338242	51.91492844	73.30133057	
205.53759766	17.8375206	51.24111938	72.62905884	
203.13844299	19.93686676	50.37495041	71.65374756	
200.42951965	20.4995575	51.36785126	74.03118134	
194.49765015	20.57567406	54.94844818	74.65995026	
185.20671082	14.50756359	57.53824997	81.31886292	
180.58779907	18.31987	55.39378738	72.51555634	
170.93447876	15.40933514	50.43861771	77.83969879	
165.47398376	19.00064087	50.46193314	74.93309784	
157.02770996	20.16850662	54.47299194	70.44572449	
146.93135071	19.91802406	60.50002289	70.77519226	
141.01087952	18.82015228	56.05627441	71.55093384	
135.30619812	17.80833054	53.6957283	69.4041214	
130.3707428	16.24070549	52.30750275	68.42943573	
127.25158691	14.52637005	50.35096359	69.51125336	
127.39143372	14.67570496	45.954216	65.27372742	
128.11000061	15.07884789	45.69553757	63.78778076	
130.28128052	14.8862133	48.64411545	63.0567627	
136.74520874	13.76216125	50.28950119	62.62137604	
144.97061157	13.32562542	49.04270554	61.29502487	
153.80488586	13.2523222	49.8449707	60.79374313	
162.17840576	11.23264122	50.23712158	61.532341	
169.95498657	10.61903954	53.53476715	59.25167084	
181.08465576	13.3300724	55.97601318	58.20944977	
193.33406067	14.37792206	57.09240723	62.13666916	
204.58407593	16.02265549	55.08849335	65.9683075	
212.69595337	18.47367859	51.53202057	68.92325592	
217.31730652	21.85078049	48.04806519	70.9094162	
218.75761414	24.99584389	48.32997894	72.8239975	
219.21444702	29.33968735	49.20877838	75.13795471	
219.93132019	34.60331345	49.73910522	76.87549591	
220.41130066	41.47846603	49.13373566	74.45726776	
220.5375061	45.49668121	48.91510773	72.46949005	
219.6529541	47.70078278	49.27246857	73.22582245	
217.73757935	50.93181229	49.17076111	72.61756134	
215.82991028	51.48535919	49.86862183	73.7559433	
214.00679016	52.02950287	49.74456024	73.63635254	
211.91372681	52.55926514	50.47714233	73.88781738	
208.61227417	52.26093292	52.08294678	76.13627625	
204.68041992	54.29336548	53.15561676	74.16074371	
199.9758606	54.16914749	54.1979866	74.63053894	
195.84152222	54.41909027	53.26916504	72.70567322	
192.9473114	52.2255249	52.11972046	73.72467804	
190.12426758	48.91672516	51.57622147	74.9103241	
188.28211975	44.64517975	51.23340988	76.04877472	
187.58912659	39.80485916	50.60037994	77.03366852	
186.89457703	35.97619629	50.33185959	75.91192627	
187.18643188	33.20642471	48.8320961	73.24945068	
188.14794922	30.25018311	47.97348404	71.52137756	
189.0839386	26.92347145	48.54015732	72.14616394	
190.69126892	24.27446556	48.47662354	71.34760284	
191.51956177	23.35106468	48.2085762	69.87412262	
192.46109009	21.05197716	48.54849243	70.75334167	
192.9030304	19.9491539	47.53449631	69.52187347	
193.12008667	17.72242165	47.92290115	70.38228607	
192.52835083	15.35671711	48.16394043	70.0607605	
192.33409119	13.42688179	48.13588715	69.78877258	
191.65426636	11.47938728	48.43581009	69.44215393	
190.64567566	9.29022408	48.73072052	69.09153748	
189.65396118	7.24377728	48.93359756	69.10017395	
187.59451294	5.55778408	51.27082062	70.12487793	
185.1257782	4.81800604	52.60326385	70.79568481	
180.5247345	3.56835294	55.03787994	73.44529724	
177.50279236	4.50673532	53.07878876	71.6759491	
174.99021912	4.60767269	52.13274002	71.7735672	
171.68054199	4.11258793	53.21787643	72.29722595	
167.82392883	4.45597601	54.00252533	71.22039795	
163.46072388	4.34134769	54.51557541	71.65506744	
158.97494507	5.07844305	53.84844971	70.57319641	
155.26789856	5.38075829	53.36568069	71.44352722	
150.91029358	6.15400791	53.71208572	71.24336243	
146.16563416	5.75887632	54.26089478	72.62947083	
141.24064636	5.36418676	55.0296936	74.25562286	
137.11669922	6.61358261	53.42506027	72.30595398	
134.42880249	7.88538265	51.72385406	72.31982422	
133.08285522	9.26286125	49.63396454	70.49162292	
131.69924927	10.49389172	47.75199127	67.88075256	
128.47473145	10.31301594	49.54219818	68.98577118	
125.96122742	10.25422859	48.67752075	68.54917908	
122.66059875	10.85680962	48.32112122	66.64394379	
119.36393738	10.66372776	48.14199829	67.47296906	
115.30297852	10.62350273	50.9615593	68.76017761	
112.19893646	10.98844147	49.97088623	69.13993835	
110.11386871	12.5433445	48.27354813	68.39361572	
108.28348541	14.39208221	48.17398834	68.63109589	
107.27433014	15.85563087	47.70565033	68.65917969	
105.70072937	17.64273453	48.57632065	68.50483704	
103.51322937	19.32740593	49.1832962	68.22911835	
100.39335632	20.81043434	49.29214096	69.06159973	
98.14780426	21.73073196	48.10889435	66.76660156	
95.20875549	23.44480896	47.4948616	65.55073547	
93.13222504	23.95863724	46.05803299	65.2508316	
92.26274109	24.32598495	44.58491898	63.41994476	
91.44758606	24.50619888	44.74243164	64.97418213	
90.61738586	25.02269363	45.29250336	64.81858826	
90.0136261	25.27303696	45.71644974	65.81344604	
89.87905884	25.78812599	45.20879364	64.64141846	
88.72119141	26.94169998	45.67111969	65.37395477	
87.29870605	26.73501015	47.16234589	68.79152679	
85.11180115	29.37951088	46.93376923	68.2512207	
84.71555328	31.19273376	45.78462601	67.39385986	
83.1709137	32.34213257	46.98056793	69.3377533	
81.62272644	34.26915359	47.31933212	69.93348694	
80.48912048	36.67125702	46.48655319	69.37878418	
78.72171783	38.04328537	47.52535248	69.08670807	
75.72637177	39.35740662	47.70621872	68.70341492	
72.92463684	39.37296295	47.29206467	68.36875916	
70.39793396	39.55458069	46.79288864	69.04551697	
68.068367	40.52137756	45.73108673	67.44435883	
66.76898193	40.09072876	45.21613312	67.54462433	
66.03366089	41.01787567	44.42201996	67.92021179	
66.43519592	42.95330048	45.11347198	67.90103912	
66.74074554	43.05631256	45.08127594	68.84490204	
67.61856079	44.44985962	46.35335541	69.75991058	
68.58744049	45.46147919	45.95800018	70.28907776	
67.61373138	47.04976273	46.50263214	67.62987518	
63.87576294	47.96755981	48.35031509	67.65766907	
58.9360466	46.70185471	49.64698029	67.87528229	
55.13082123	44.56684113	49.22124481	70.78401947	
52.84573364	41.60424423	49.01739502	71.58183289	
50.92427063	36.76210403	48.2038269	72.81513977	
50.06116486	31.86541367	47.63150406	73.27250671	
50.55678558	28.8378849	47.45117569	72.67169952	
49.96739578	25.95338058	45.64821625	70.33315277	
48.43198013	23.53199005	46.48252106	70.474617	
47.9791069	21.08410263	44.89434814	69.04064941	
47.77824783	18.14885139	44.57891464	68.96243286	
47.84655762	16.57883644	43.6494751	67.53813934	
45.7638855	13.63152122	45.90185165	69.17803955	
43.47743988	11.16812134	46.6037674	69.39459991	
42.58254242	6.84766769	44.51296234	69.50783539	
41.55553055	4.68105221	43.617836	69.40238953	
41.20415115	2.30597138	44.33875275	68.50901794	
40.733284	0.84803963	43.92218018	67.68122864	
40.78765869	0.13367948	44.45781326	66.86729431	
41.33045578	0.0	43.0294342	65.12232971	
41.92545319	0.0	44.51942062	64.71603394	
43.49975204	0.0	42.74807358	61.88613129	
45.07910919	0.0	42.82170105	60.61066818	
46.41766739	0.0	41.83335114	58.9550972	
47.06201172	0.0	43.98499298	58.95952225	
48.62652969	0.0	44.60323334	57.12077713	
51.33005524	0.0	42.27180481	56.71008301	
52.38831711	0.0	43.76262665	55.46593094	
54.79203415	0.0	43.15634537	55.60766602	
55.46401978	0.0	42.08071899	54.87878418	
55.86473465	0.0	41.8325386	54.62153244	
56.37120819	0.0	42.98767853	53.15370941	
57.33825684	0.0	45.01694489	54.5560379	
59.24918365	0.0	45.08956146	53.79135895	
62.69330978	0.0	44.42931366	53.69465256	
66.10985565	0.0	45.68651581	53.42251587	
70.02708435	0.0	46.60789871	53.04135132	
74.02948761	0.0	44.45490265	53.31653595	
77.34065247	0.0	46.16104126	53.43705368	
81.05565643	0.0	45.65640259	56.56251907	
83.78308105	0.0	45.6731987	58.08086014	
86.2648773	0.00198259344	43.4562149	57.7877426	
87.49919128	0.35644397	45.07094193	61.33443069	
87.88470459	1.56614912	44.3891983	60.81604004	
87.79827881	2.76145983	45.37271881	61.46940994	
88.66886139	4.74416447	44.72181702	60.87681198	
88.7383728	4.84434223	46.23016739	63.59252167	
89.50132751	6.09808636	46.14447784	62.65634155	
90.56170654	6.84575272	46.46591187	63.45029449	
91.1932373	7.53927612	46.67198944	64.69478607	
90.87249756	8.71099854	48.25130463	67.0783844	
91.51154327	10.29605389	51.45363235	69.65734863	
95.03486633	13.68440247	50.33895874	66.32253265	
97.3239212	14.17495537	52.1747551	69.57553864	
100.89591217	16.65023232	50.62820435	67.73679352	
104.16719055	19.10196304	47.37407303	64.64121246	
105.32225037	19.49103355	48.14711761	66.35461426	
106.75016785	20.64146423	48.41027069	67.14294434	
107.48051453	21.90917015	48.50509644	67.7756958	
108.40110779	24.1123848	47.83661652	66.42663574	
109.051651	26.23969078	48.55445099	67.18379211	
110.57485199	28.75640297	49.52454758	68.51194763	
111.64235687	30.97986794	49.3065033	67.47129059	
112.93121338	33.016922	50.65680313	69.00740814	
114.28625488	33.71999359	51.725914	70.95491028	
116.17662048	36.42071533	52.53081512	72.13398743	
118.87426758	38.95418549	52.1898613	70.81768799	
121.26621246	40.45470047	51.47272491	70.84889984	
121.79660797	41.26108932	52.22991943	73.07542419	
123.05000305	44.62296295	50.97916794	70.19678497	
124.27284241	44.9984436	52.58942413	71.70319366	
126.46166992	46.31050873	52.84572601	72.44517517	
128.94534302	46.66456604	52.62882614	73.35767365	
130.91011047	48.05407715	53.33855438	75.24853516	
132.9336853	49.76039886	53.27600098	77.08562469	
134.2336731	51.80912018	53.1219101	76.4389801	
135.56396484	53.65171432	53.26600266	74.9309845	
138.07284546	53.66464996	54.88621902	77.92410278	
140.17611694	55.21906281	55.32598114	77.17176056	
143.20939636	55.46359253	56.88245773	79.04987335	
147.34236145	57.05491257	56.73906708	79.10578918	
151.40185547	59.96273804	55.52289581	76.98233795	
155.73402405	60.14936066	55.01881027	78.04772186	
159.67681885	61.28745651	54.63681793	77.17307281	
163.34075928	62.39157104	54.06748199	76.51436615	
165.62321472	63.01226807	53.48062897	76.08182526	
168.60946655	63.48948288	52.30131912	75.79872894	
171.63061523	62.89530182	53.03089523	78.13000488	
171.60299683	65.50683594	52.41683197	77.55244446	
172.65260315	64.82820892	52.20592499	78.32915497	
173.5617218	68.10438538	50.94667435	75.15814209	
175.03971863	67.7509613	50.13806534	75.7665863	
175.16629028	67.58898926	52.1020813	77.19741058	
175.84933472	67.98498535	51.41577148	76.01171875	
176.46328735	71.69779205	48.75834656	72.18688202	
176.67362976	71.03983307	50.35124969	71.90018463	
176.20852661	71.29193115	49.92638397	72.52046204	
175.97384644	71.93366241	49.9276886	72.00245667	
176.62492371	73.32045746	49.42152405	70.31732178	
174.90367126	75.25093079	48.09101486	69.9127121	
173.64682007	76.65454102	49.19745636	70.25377655	
171.71464539	79.67549133	49.23120117	68.50392151	
169.92956543	82.40088654	49.82195282	67.50437927	
168.43106079	82.5153656	50.58187866	67.22369385	
169.22923279	82.23820496	50.5340271	67.32737732	
169.57147217	81.11143494	50.92396545	68.13449097	
169.51046753	80.44244385	50.46260834	67.66273499	
170.07479858	79.76048279	50.15608978	67.86249542	
170.24661255	78.86003113	50.75999451	67.92097473	
170.99227905	77.87779236	50.2891655	66.98673248	
171.62374878	76.82835388	49.90662766	66.05962372	
171.53103638	74.92005157	50.82213974	68.26161194	
172.38760376	74.90219879	51.12500763	66.82116699	
172.65664673	74.70249939	49.41759491	66.02626038	
172.01519775	72.35816193	51.37077713	67.68810272	
171.96556091	73.61528778	51.4298172	66.92844391	
172.24731445	73.58335876	50.54432678	66.48958588	
171.77316284	74.25546265	50.91202545	66.71451569	
171.96328735	73.637146	51.19609833	66.79682922	
172.18371582	74.66653442	51.51774216	66.20195007	
171.9985199	75.44962311	50.63364792	66.12112427	
172.37825012	75.02954865	51.194561	66.62387848	
172.94682312	75.37657166	50.45798111	66.03856659	
172.99934387	75.15441895	50.24985504	66.03330994	
173.2051239	74.49336243	49.08203125	65.7844162	
173.12173462	72.03427887	50.22399521	67.69413757	
173.77296448	70.61270905	50.09283829	67.69548798	
175.41940308	69.0063858	50.76174164	68.69132996	
176.84535217	67.93144226	50.08799362	68.64700317	
178.793396	66.4123764	49.13707733	68.52682495	
180.97970581	64.51727295	47.83547974	68.22984314	
181.43829346	61.87424469	47.68803024	70.28344727	
183.17514038	56.72321701	47.74660873	71.79243469	
184.68733215	54.21627045	46.55411911	70.50013733	
186.43179321	50.39963531	46.4169693	70.28340149	
189.49024963	48.94232178	47.03476715	69.48090363	
191.2013855	47.30733109	46.60345078	69.74462128	
191.29325867	46.24764633	47.31211853	69.62754822	
192.78520203	46.5941391	48.00896454	70.04671478	
193.95562744	46.94940186	45.43280792	66.82686615	
195.15144348	47.43579865	46.33473969	67.98548126	
194.94857788	44.12919235	47.98911285	72.90351868	
194.89889526	43.73176193	47.86772537	72.8372345	
194.14395142	43.04964828	47.85066605	68.41473389	
194.94955444	43.42676544	47.64744949	69.62336731	
194.8482666	43.03015518	48.84749222	69.65103149	
195.37654114	43.48962021	47.09164429	70.11813354	
193.42866516	44.66710281	48.38791656	71.35889435	
191.47903442	43.87335968	49.60200119	72.2141571	
189.09712219	44.62909317	50.99409485	74.16214752	
187.12139893	45.93450165	50.87388229	73.18741608	
184.15835571	46.83111954	52.10471344	73.36671448	
179.85214233	47.66329193	52.70534515	71.70684814	
175.27220154	47.96922302	53.91936111	71.95696259	
171.99995422	49.53047943	53.22615814	72.45462799	
170.30903625	49.9272995	52.02920532	71.45808411	
168.66789246	49.86514282	51.79621124	72.58073425	
168.05659485	50.00790787	49.50429535	69.37432098	
167.65982056	49.04837799	50.00650787	70.22410583	
167.28025818	49.04838181	49.76081085	70.55558014	
166.86763	48.57208633	51.25101852	72.47310638	
167.14888	48.67175293	50.31873322	71.44958496	
167.29499817	47.96527863	49.95079041	70.52233887	
167.80319214	47.90868378	49.99846268	70.91083527	
168.64955139	48.90949249	48.35275269	67.42227936	
169.46609497	48.4878006	48.4185524	68.39915466	
168.01921082	47.28507233	48.72177887	67.94097137	
