367.0	177.0	17.0	17.0	
366.59738159	177.45603943	18.51554871	17.0158329	
365.85372925	177.89135742	19.98275757	17.24675369	
365.35305786	177.87097168	20.98143387	17.17434692	
366.01040649	177.34519958	18.78608322	17.14753151	
365.44418335	176.89871216	19.1500206	18.13831711	
365.01275635	177.08483887	19.27590561	17.80822754	
365.07241821	177.34619141	19.31110573	17.41827011	
364.49136353	177.32794189	19.7759819	17.38822556	
364.58404541	177.38941956	19.09086227	17.30664825	
363.92822266	177.29016113	19.91020775	17.55618858	
363.26330566	177.2857666	20.73358154	17.78693008	
364.19119263	177.3598175	18.64598846	16.74261475	
363.28067017	177.34857178	20.49772072	17.01111031	
363.07376099	177.45071411	19.41143036	16.12711143	
363.33816528	177.46708679	19.39361191	16.697258	
362.54824829	177.37271118	19.81199646	17.55623817	
362.31729126	177.18251038	19.54799843	17.11081314	
362.4755249	177.18501282	19.68434906	17.71158218	
362.26699829	177.26628113	19.62518883	17.02270126	
361.97537231	177.35124207	20.04341698	17.20878983	
361.8817749	177.29634094	19.55994225	17.25486374	
361.64093018	177.1975708	19.14318848	17.23925018	
361.46746826	177.22042847	19.07898903	17.22384644	
361.08187866	177.27241516	19.60620499	17.29857635	
360.73690796	177.93534851	20.05153847	16.41416359	
360.74108887	177.22372437	19.42491531	17.00678635	
360.14855957	177.01785278	21.39215469	17.43012047	
359.80627441	177.2510376	21.92097855	17.52729416	
359.8130188	177.22018433	21.16378021	17.36875916	
360.69732666	176.80471802	18.56944275	16.73748398	
359.6350708	177.24137878	20.55448532	16.80037117	
359.47787476	176.94985962	20.62008476	17.05442238	
359.26263428	177.21218872	20.74295044	16.99125099	
359.31625366	177.14428711	19.87656021	16.57956696	
359.20401001	177.20149231	19.42232704	16.50653076	
357.58380127	177.40164185	22.09544182	17.07925987	
357.38067627	177.03768921	22.10242271	17.43345261	
357.27947998	177.09886169	21.77555275	17.34105492	
357.34921265	177.17977905	21.50834274	17.14956093	
356.75570679	176.91889954	22.82571983	17.65826988	
357.05419922	176.74565125	21.81023788	17.58651352	
356.92407227	176.57341003	21.63301086	17.97327805	
355.80419922	176.34359741	24.02529526	18.78834534	
356.21688843	176.1302948	22.8524971	18.10043144	
356.18341064	176.06097412	22.74235153	18.3503952	
357.25213623	174.9604187	18.97125816	18.97125816	
354.51168823	176.68673706	24.61775017	18.52985382	
354.80654907	176.55136108	24.10341454	19.29685593	
354.41134644	176.68075562	24.41615295	18.53131866	
354.00546265	176.37780762	24.37984276	18.72809219	
354.30963135	175.94833374	23.77164841	18.79068375	
354.23181152	175.97674561	22.98922539	18.60655212	
353.68911743	175.96795654	24.1048851	18.37295151	
353.88442993	175.80099487	22.72524452	18.55580139	
353.14541626	175.75912476	22.87015343	18.47784042	
351.94467163	176.43727112	24.17657471	18.60989189	
351.41448975	175.69203186	24.85029221	18.43059921	
350.99295044	176.22859192	25.57097244	18.59381676	
350.75384521	175.69282532	24.85758591	19.24107361	
350.54849243	176.05273438	25.05789948	19.22989464	
349.32977295	175.59188843	26.91592026	19.19122124	
349.65682983	175.51127625	25.38268471	19.21293068	
350.87844849	175.39306641	22.07183266	18.57778549	
349.82748413	175.59169006	22.9108181	18.39477348	
349.57241821	175.60061646	23.11281967	18.38506508	
348.96911621	175.47918701	23.4737339	18.83131409	
348.87060547	175.53916931	23.38621902	18.58798409	
349.04571533	175.85360718	22.18761253	18.14012527	
348.75857544	175.6880188	22.48888779	18.46503067	
348.37200928	175.7479248	22.59356689	18.56277847	
347.01724243	175.45114136	24.52977562	19.88840866	
345.83987427	175.24794006	26.19226646	21.05068207	
345.3706665	175.19241333	27.26285744	21.05986404	
344.7822876	175.20950317	27.2628746	21.09112549	
344.57315063	175.14706421	27.83025742	21.28595924	
344.50952148	175.16889954	26.91328049	21.25242996	
344.23858643	175.49801636	26.56835365	20.69163704	
344.20477295	175.16896057	25.91692162	21.26056862	
342.61077881	175.3583374	27.45411682	21.26029968	
343.72021484	174.7808075	25.02513695	21.49056053	
341.88201904	175.88943481	26.37618446	21.21359825	
341.70425415	175.48722839	27.44451332	21.29180336	
340.92877197	176.03857422	26.49242592	20.95833206	
340.37585449	175.09823608	26.67529869	22.01213455	
339.84613037	176.12763977	27.09018898	20.74666405	
339.19317627	176.34371948	27.6633358	20.55731583	
338.19631958	176.29283142	28.70208359	21.10860252	
337.56668091	176.00572205	28.4700985	20.32173729	
335.37884521	175.17385864	32.95413208	21.28068542	
336.3788147	176.32330322	28.51225853	20.47015762	
335.01690674	175.91362	30.11665726	20.79667664	
334.03781128	175.73210144	30.36415672	21.73284531	
334.08654785	174.88223267	30.81772423	22.81119156	
333.42562866	174.91104126	30.69084167	22.72332382	
332.21627808	175.75820923	30.97256851	21.77430344	
332.56695557	174.35787964	30.19693375	22.37033081	
330.73364258	175.42611694	32.15626144	21.78030777	
330.6506958	174.61872864	32.10612106	22.70700645	
329.88967896	175.06973267	31.0048275	22.86735725	
329.77130127	175.40110779	29.61745644	21.91671181	
330.27081299	174.89434814	27.35425949	22.87858009	
330.81942749	173.90266418	27.65898514	23.28615379	
333.93988037	173.11454773	21.80979919	24.32328606	
335.00692749	171.2540741	20.38570976	25.45797348	
332.58032227	171.76112366	23.80700111	23.80700111	
332.56060791	171.73542786	24.17353249	24.17353249	
333.02270508	170.44389343	24.53454018	24.53454018	
322.68301392	169.77008057	25.0028801	25.0028801	
320.28567505	170.43058777	24.66950226	24.66950226	
322.49783325	170.5475769	22.14426613	28.0640564	
321.28341675	170.79728699	25.12372971	29.02388954	
320.52749634	171.75076294	28.91823387	28.29677391	
319.00387573	172.2996521	32.39101028	26.71014977	
318.87597656	172.89897156	30.35513687	27.9989109	
318.40509033	173.28433228	29.18134117	28.19519043	
317.35714722	173.77975464	31.13360977	25.58699417	
316.40618896	174.6602478	31.39921188	25.49192619	
314.64202881	174.49780273	32.69200897	25.51011276	
311.97055054	173.86592102	37.54820633	25.67152786	
312.75326538	174.41305542	33.40627289	25.80338478	
311.28033447	174.33201599	35.48788834	26.04837608	
311.18930054	174.1381073	33.08060455	26.18153	
309.25848389	173.9019928	36.29082108	25.77830887	
308.42462158	174.14892578	36.66350555	26.70688438	
307.46557617	173.9125824	35.85455704	26.00452232	
305.43145752	172.3923645	39.99975586	27.8445034	
305.10864258	172.38124084	38.6330719	27.07694054	
303.51324463	172.23162842	39.78855515	27.25736618	
302.55941772	172.38119507	39.92629242	27.49551773	
301.75701904	172.83834839	39.68148804	27.14062881	
300.56207275	173.64826965	38.94351959	26.675457	
300.33023071	173.92422485	36.93942261	25.80849075	
299.02978516	172.21109009	40.26866913	27.6837883	
298.29232788	172.31417847	39.68498611	26.74245071	
297.61239624	172.48005676	38.88218307	27.68596268	
295.52236938	173.067276	39.1690979	27.12722397	
293.59991455	171.45558167	42.9351387	28.62227821	
293.18356323	171.20906067	41.63451385	28.06964111	
291.8843689	171.3086853	41.72451019	28.28577042	
290.33627319	171.50279236	43.18844604	28.54761887	
289.83148193	170.94950867	41.65386581	29.5186348	
289.59072876	169.91586304	39.90132904	28.79716492	
289.05865479	169.7767334	38.07672119	28.39259338	
286.75494385	169.21871948	40.85817719	29.43963051	
285.10540771	169.40625	42.52750397	29.36863708	
285.21942139	169.50071716	40.16672134	29.60239601	
283.08312988	169.27957153	42.05043411	30.01553345	
282.39263916	169.79138184	41.21314621	28.91230202	
282.00744629	170.16117859	38.19978333	28.15202332	
278.53182983	169.44670105	42.66287231	30.36040115	
276.27444458	169.75254822	46.30874634	31.30620956	
278.47821045	168.96981812	38.79564285	29.70978165	
276.36962891	168.35044861	39.53853607	30.11484146	
274.40240479	167.93814087	38.99793625	31.29741287	
272.42340088	168.08827209	40.49492264	31.14619064	
269.60574341	167.34147644	42.55266571	32.38614273	
267.49551392	167.12991333	44.63925552	32.60770798	
266.36557007	167.12770081	45.03700638	32.45515442	
263.85089111	167.35566711	45.50522614	32.11621094	
260.03302002	166.93783569	53.23558807	34.09474945	
258.89987183	167.29006958	50.0416069	34.91220856	
255.73599243	167.12271118	52.46272659	35.45160675	
253.96562195	166.67253113	52.82280731	35.57129669	
250.83901978	166.93917847	56.25926971	36.43612671	
249.42285156	166.79330444	54.54869461	36.35080338	
248.21289062	166.40061951	52.90466309	35.50856018	
247.07263184	165.6020813	49.74014282	36.3972435	
245.27883911	165.5617218	49.39324951	36.33115387	
241.90356445	165.0604248	50.43703079	37.12528229	
240.93522644	164.99136353	50.94266891	36.91187286	
239.34265137	164.8367157	50.20331573	37.37228394	
235.48977661	164.22090149	51.64427948	38.20349503	
230.85641479	163.74862671	55.94618607	38.17677689	
226.77841187	163.12501526	58.97880936	40.4786911	
223.26823425	164.10884094	61.42671967	40.09679031	
218.81848145	163.86247253	65.51268005	40.71290207	
216.77694702	163.74958801	62.57573318	40.35929108	
211.76933289	163.06509399	66.45854187	43.39222336	
209.8203125	162.83346558	65.32718658	41.17338943	
208.21923828	161.83229065	60.58597565	41.68410873	
202.30892944	161.5071106	64.12405396	43.76574707	
198.84951782	160.89350891	65.90000153	43.85310745	
195.70874023	160.83700562	66.45278931	43.72220612	
192.51272583	159.8119812	65.03623962	44.92140961	
185.8755188	160.10305786	72.08177185	47.56985474	
181.35018921	160.13938904	73.69800568	47.86830521	
177.92837524	159.44949341	71.51190186	48.16038132	
170.90029907	159.94595337	78.59581757	47.5844574	
166.79972839	158.40161133	76.75145721	50.14947891	
166.27542114	157.24954224	69.20245361	48.63431931	
157.99975586	157.36863708	75.02975464	50.76395416	
153.17680359	156.2179718	74.83781433	51.14359283	
147.24528503	155.0887146	77.7983017	52.26515961	
142.2024231	155.05834961	75.80414581	53.52718353	
137.44250488	154.57493591	76.46691895	54.96129608	
123.60648346	154.69619751	90.75170898	56.07174683	
120.50297546	152.81459045	83.16691589	58.41996384	
110.94455719	152.77084351	89.63877106	58.9612236	
106.06174469	152.62788391	89.23792267	58.96140289	
101.70652771	151.39144897	84.61496735	60.39621735	
95.14416504	150.05419922	82.95495605	62.34457397	
85.1499939	149.48461914	87.46305847	63.12000656	
74.23124695	148.31777954	91.08644104	67.01381683	
66.61698914	147.74743652	93.03751373	64.13526154	
55.82343674	146.0922699	96.75179291	69.19465637	
47.15734863	146.18144226	98.2561264	68.36579895	
33.71408844	146.98666382	102.25630951	67.66990662	
20.17716789	145.30905151	112.46511078	71.09002686	
12.28295326	143.70524597	105.81900787	69.91056824	
9.85201454	140.08825684	94.55029297	77.31420898	
7.53390884	139.81013489	76.63043976	77.85627747	
-4.34010601	131.28968811	90.05516815	90.05516815	
-9.54298878	127.35217285	89.03668213	89.03668213	
-7.25984955	108.75584412	86.05018616	86.05018616	
-2.2257638	127.18392181	85.39251709	85.39251709	
2.02953458	154.37924194	85.78588867	85.78588867	
27.76703453	149.27592468	86.49253845	86.49253845	
44.37300873	152.66259766	88.01940155	88.01940155	
63.34230804	155.80207825	85.37447357	85.37447357	
74.95713806	151.6612854	83.21742249	83.21742249	
