4.0	169.0	9.0	13.0	
3.9620471866718012	169.9861830178764	10.020118243824161	11.93322260205882	
4.807269123875016	171.24057008331587	10.761573723615939	11.28094315528692	
4.065622930883559	171.3200450451003	11.149904671378048	11.121574400032873	
4.117392733449966	170.90025947933998	11.368684189692933	11.101280688964277	
4.577476467583009	171.39736572607185	11.687103539922871	10.991233133658685	
4.803763833284713	171.35607294622451	11.920427551262371	10.925916394005753	
5.340811529395358	171.32066075969468	12.10906482481947	10.958211632710283	
5.183956266605839	171.12505984303513	12.358868364692448	11.000184367562241	
5.848577173705802	170.63719684589077	12.667595489637003	11.020527076438835	
5.614140552981104	170.1686506490268	12.639054455894914	11.254000643047396	
6.257873281123505	170.99695301023792	13.058120618042606	11.107795054598682	
6.601011604511833	170.65640731150324	13.170220447652648	11.402673326521302	
6.700325195399249	170.85682809412933	13.239388703178644	11.570952756977912	
6.958078930788884	170.7685902061413	13.305081676658498	11.668361535698823	
7.658858212150825	170.54208162932815	13.329112654989974	11.84587228049924	
7.827113320613957	170.93168998875012	13.40644386702336	11.934877744791322	
7.940616024016045	170.51602191092144	13.39332876836394	12.038992294638033	
8.333385010907474	170.30599961571312	13.393517950698575	12.074643439500187	
8.663738428755469	170.85369584875116	13.502666055609323	12.067455836854961	
9.371424440961801	170.8143410819378	13.684859835217816	12.081559730774364	
9.878179890275307	170.94348359091595	13.729418693443808	12.139041711777848	
10.907565964868615	170.15280627916064	13.821002951294627	12.279700336474553	
11.683805123660285	170.326846128119	13.792597851444308	12.518392394507952	
11.863709873162316	170.1685486503459	13.692627251153437	12.732119183811665	
12.387845704190454	169.91669111322443	13.782660683955893	12.847273062219545	
13.42950253651773	170.62619732794568	13.921544474822841	12.968104368273435	
13.900868092925426	170.07873910722094	13.617182465767726	13.23253430486883	
14.970535676005461	170.69146992438274	13.281162013328903	13.485195538832466	
15.749607449728035	170.5142972891696	12.989596329900772	13.680500735726879	
15.501318016191838	170.31348202557396	12.848684881605395	13.796315013015914	
16.436705526855377	170.69352964153092	12.725255065430103	13.905744889896248	
16.75178746892331	170.25825740403008	12.558913544045835	14.176760679566787	
17.067278988456692	170.58255142500138	12.43038947394629	14.300721554365992	
17.80292902451907	171.00022616346044	12.384505988265149	14.369382516988388	
18.844515043453118	170.29880586253418	12.27038302480072	14.473411246514102	
19.5633641583004	170.05060830798027	12.109883008724054	14.478334631062896	
19.270129553086065	169.89416504033574	11.894093147993658	14.536760472930752	
20.424102208396732	169.63111872601556	11.829946095594817	14.575046952135628	
21.597139133688838	169.80276356494375	11.775250221680166	14.566707300033853	
22.79452179006855	169.33703124234887	11.84993537818583	14.52391421015183	
22.627627355951564	168.97669131799927	12.08534183160552	14.45560939170662	
23.13555203478896	169.44875040123392	12.603058672163598	14.244168246658393	
23.759627878474173	169.61490891408204	12.716573514061485	14.336614911204032	
24.061262578149265	169.91672780013562	13.055088367389338	14.27235494007859	
24.832259250148347	170.02147704917255	13.374988436053506	14.16006405565171	
25.552478314515287	170.16711582170078	13.667536895305519	14.034660656397428	
26.016467527532292	169.85032100176178	13.948992053728771	13.884504981715518	
27.006597836327643	170.92373211045035	14.150914075087421	13.919455121757416	
26.54107509971478	171.46820725382358	14.240488258248657	14.143990998606313	
26.379132255834403	171.52715959180605	14.057515255732199	14.600287958450195	
27.000725394065032	172.00844180849106	14.090787342356803	14.952116548960028	
27.934712484117885	170.24554397295165	14.38849631034061	14.620144994178084	
27.708340072949635	170.11415940307958	14.55757908644693	14.389132932623628	
31.767470553662466	169.85231663062402	14.668593024627079	14.083127243191246	
30.172288107677918	170.71872006992766	14.918464201384262	13.79874724162629	
31.75398674001236	170.35356435998824	14.8731285479671	13.717291467591869	
31.207126230888612	170.71060437868536	14.802910751893558	13.685202229223322	
32.882154255530935	170.76396069587346	14.635064474146379	13.844751801021742	
34.083229157896525	170.37497528224498	14.645272189337486	13.961641591746467	
36.07851144217067	170.27040536586222	14.389890700285342	14.083129609090932	
39.17430564024051	170.62979209232577	14.03860981217602	14.14703575631678	
40.23649411892331	171.0030394465217	13.584636675218453	14.346114235834902	
40.5258200621626	170.85423418720723	13.430695520086227	14.396511705937618	
41.66444950268167	170.23804909966984	13.325557929113357	14.429313121549503	
42.35178217769125	168.79781428075634	13.28488078601258	14.38913321621862	
42.73663624521837	167.5592641423913	13.191392439032306	14.40373487298966	
42.9191166306151	166.55106809112834	13.191859158582306	14.395817717742979	
42.489091576941114	166.34213789111593	13.129100379658055	14.344511934142316	
41.61232920441762	165.09627842256714	13.011454788562679	14.38176872418008	
41.384561096790996	165.10204492368575	12.650322657633136	14.761221198578358	
41.82517739110513	166.02854492773997	12.411058754147046	14.880315540076927	
42.50413827726934	165.88566071243028	12.259387230124787	14.978066434879468	
42.48437473038046	166.78257454378317	12.243273344309507	14.89555155245535	
43.33631315056392	166.56813771044656	12.263324871813495	14.750521194654642	
43.12129031557106	168.45412708160077	12.281866402973801	14.630251644414926	
42.20785518934443	170.20698631161613	12.351785395499933	14.486275186801576	
41.37247014057345	170.91547523392404	12.37827647494367	14.423124569332895	
40.29879855198192	172.63842752461096	12.443045570049586	14.331262437632837	
40.947767252668044	172.64371794501668	12.416010657396457	14.32945939591607	
40.7823926762698	172.32516561017184	12.3189433550569	14.382345607703732	
40.73896679863831	172.66622784454617	12.352652996815923	14.280057783491792	
39.574368692430326	172.8780200742881	12.647272056235057	14.009559162913922	
36.50730552107518	174.78569166963962	13.044236139680702	13.581817050466933	
30.980520929133995	176.45691888219682	14.196586411580832	12.654936120188493	
30.918777727830577	177.47304710944832	14.793693390829546	12.11419392000454	
31.84215363561148	177.6011916192427	15.167373844760197	11.776195803610772	
32.666013485776375	177.63639294572545	15.278656000433145	11.61486999140412	
33.42911855286478	178.10203817417775	15.260235532322893	11.447558455812896	
34.60684001984166	178.20248074034566	15.260616211193746	11.344581073504521	
35.567242929912	178.3992194367086	15.080531246166684	11.414554993572077	
36.64875730621181	178.44603558110015	14.91832064996553	11.460084035189308	
37.957576755093825	177.6276850856459	14.52722904045643	11.692440675743761	
39.9917370249412	177.04690865994687	14.141313928903639	11.991918301452491	
41.76249780158536	175.6093357214964	13.795962890359608	12.278692259034983	
43.77644563798543	175.81775606538272	13.631236781766233	12.472645740476652	
44.772126744443526	175.7563922725398	13.438878976614856	12.628129237362872	
46.343533550749335	174.49336192906426	13.340594450076413	12.705209371872003	
46.149252243202035	175.2626659456117	13.36889103539256	12.63273305088224	
45.13792392176088	176.3540832124497	13.419412110988226	12.566636643785271	
43.31321482168892	177.37813154500887	13.494105718474747	12.496473518704777	
41.70435820635359	179.46800524585515	13.666334370678628	12.372804237143622	
42.454000212634085	182.5988032579362	14.163189402761438	11.988488636137065	
44.31121247365028	183.78295974812673	14.777822258174686	11.530815278305983	
45.69423436561034	183.41076645197637	15.204083034982636	11.230475392253203	
48.22166691347739	184.24785000959565	15.687054685612924	10.895079606057736	
51.01532502944743	184.4053731788274	15.797142456236765	10.824072878057063	
52.11517267312087	185.21421456857334	16.17627490691987	10.537774948794747	
54.40342658244338	186.22504291291298	16.640306673935072	10.254523908678292	
56.81557293661048	185.72228497226018	16.92793149498468	10.129285162175414	
58.65159592014481	186.77568776668917	17.21838182379445	10.015160051123166	
61.23039769537928	187.17419833689488	17.236416442679673	9.993352288444068	
64.64108481004683	186.84691998784447	17.430667216479268	9.88672976140288	
66.40844011579107	187.91055656361476	17.50836350927082	9.812044970219173	
68.94567774618415	188.4993310313894	17.62068712092934	9.782394026608218	
72.43166170626264	188.27583678415388	17.791739043100453	9.678560292568969	
75.24174422549446	189.1993254936118	17.96881305675924	9.560506685142434	
78.59099512394533	189.10081188298886	18.08035332020492	9.551830506043812	
80.96553751376975	189.65605262866862	18.025216618379584	9.538094431270489	
84.91860212168812	190.7509310040086	17.93285550949981	9.495257775569346	
89.45497852356311	190.55781238629572	17.577499085434336	9.702140413222867	
92.0391951875782	190.9738716013853	17.241799315796246	9.812453387887034	
96.73155178546887	191.89464968417371	16.91665927907357	9.847524037485273	
100.99901731249216	191.7834235075531	16.590264728019235	9.955397568981557	
105.31563998391502	192.017544943786	16.3255662951544	10.068476920298616	
110.1858519342063	193.07161889988407	16.217650086558177	9.978810628863153	
113.97515666481591	193.29140883600277	16.468819446319415	9.863435701355533	
118.47727234916509	193.68619751368263	16.53270983303211	9.952667848083975	
122.0337439965584	193.39265328829686	16.478854216481306	10.023046270045382	
124.72396800631589	193.94608488374743	16.495725511571326	10.06357048126412	
126.04289414144772	193.46013221830174	16.364100206544272	10.191742482069763	
128.01013593070417	193.91726754340937	16.226624036223104	10.288019582476625	
129.16323529419543	194.2093301818542	16.174382349149795	10.333481026016404	
129.28975391691367	194.11012179355276	16.170338042350583	10.337426075945721	
130.67333765521673	192.90962191069144	16.11142457882929	10.395360046117359	
130.98436819336632	192.77822105320695	16.10993875561431	10.397615849968922	
128.9111100926778	193.2418354712693	15.791325049740115	10.723939459951485	
129.9913001918776	192.94264256550397	15.315787436318999	11.198666766010232	
133.84712845866324	192.67733893247964	14.867163130105178	11.699299048105456	
139.24125957991967	193.29278746655703	14.179038906573144	12.422545437796892	
140.01632685638583	193.1481895100217	14.065365088154353	12.560340441146108	
139.5250156718114	193.29096968527938	14.063555290548837	12.561358308856517	
139.15131709969015	193.60046401383642	14.062324548002136	12.559186848320516	
139.9325754175618	192.74505334352088	14.070740137928677	12.504323941538853	
140.65319851249538	193.28644079967194	14.05689478353445	12.488324426972415	
140.32350632998092	194.00607967000283	14.028478443233322	12.483026444662977	
140.91835460326544	193.0235029618228	14.013020224436442	12.434292088281024	
141.23714890571864	192.14116831664612	13.962229864096729	12.423616749453144	
141.29521440222246	190.83805908673824	13.968843910341768	12.360493278954293	
141.13054752702993	186.3850515742577	13.938481111955673	12.240898183861615	
141.4781035957928	182.12962915238202	13.970693290718796	12.089891829178772	
141.2185866850957	179.71479391095116	13.949255745300514	11.873300389013695	
140.1536762497057	176.63027990587386	13.85084225859057	11.787363157344956	
140.83612436752153	175.5506395059196	13.803816080753206	11.63999088529608	
140.5879444873294	176.10551559489295	13.780093984477421	11.55517150638029	
141.09659699389385	175.65318445250549	13.764400580392731	11.477491523850448	
140.94387188403766	176.04972386414002	13.777500164261237	11.427942389740915	
140.7595661464655	176.61243284949907	13.767025878726034	11.391771517201306	
141.08684275417727	177.18655576723026	13.78254584633358	11.36063952540596	
141.29324890128356	177.33323096552064	13.783896941314236	11.351483190325776	
139.13090681001475	179.1543758464485	13.676390822459705	11.403574555905731	
137.31063874130157	183.05564644497574	13.395515999866069	11.641916006413087	
133.46620586841996	186.83853967779842	12.77115521722137	12.139988709787888	
135.3971456232308	188.15624524211975	12.232228861038577	12.49541754152225	
137.4056735927701	188.05651602862997	11.765474623041047	12.769916958192674	
