5.0	171.0	21.0	15.0	
4.63107751171179	171.18387108922312	22.4739125121017	13.79237466404509	
5.3977643481157305	171.7549902183074	23.515748156635883	12.888363038876916	
4.732620573700138	172.04873461609031	24.023093455363984	12.422912687945574	
5.639491202036183	172.42184533258995	24.423056157596626	12.094689758450297	
6.317929068645233	172.84609128056567	24.57846900846481	11.866671290334246	
6.500679815505519	173.35337483028835	24.762733855165852	11.67934010474955	
7.364118599102921	172.96228853555056	24.89262642861245	11.354060193350415	
7.653426433948666	173.14863143514967	24.85106659047187	11.193317769799302	
8.199816898669802	173.31764542237275	24.899279255869512	11.058659914343625	
8.443778817919192	173.3667540805711	24.93443551491701	11.09688274405172	
9.119849472758862	173.61227152090794	24.88076740991627	11.082287923853116	
9.34171877519907	173.91144377098726	24.810278891498665	11.060179599090429	
10.716139200898954	174.2834791388695	24.451126625820553	11.204349931183398	
11.623520533984037	174.21689524523978	24.582985555938023	10.939544155618654	
12.240020269153192	174.09963930657273	24.508454196092902	10.928398786496414	
12.155510766858423	173.84067471653873	24.424861589192272	10.90594903472954	
12.516794652889875	173.66097556806503	24.4851596961817	10.886750924704469	
13.556071064688387	173.50789087865405	24.51665461850944	10.966897372592074	
13.356487929146	174.45804009111103	24.912438597133402	11.13949909617455	
13.750818176366428	174.29557477485565	25.192200028501652	11.074854446543096	
14.982362974792018	174.11153508087128	25.30781178852921	11.12994546284555	
15.358360674251504	174.51542718343111	25.39671787135627	11.254348682590468	
15.463185342464456	173.78603613303233	25.454410917046328	11.31724904976016	
16.30549543664272	173.87427079251486	25.437360703922923	11.317708572348355	
16.491271527278894	173.83359321468964	25.463817764438463	11.328030188267597	
17.4453751337427	173.9178930424829	25.525341424070056	11.299057396856497	
18.83907041543756	173.736187048516	25.526313249575054	11.22048552433261	
19.29098960607376	174.0933075883333	25.452977543253965	11.292843325706405	
19.340243187393533	174.22866444098983	25.26294294573419	11.592315574206399	
20.571454879830814	174.29008919698842	25.233105918426645	11.623344186286815	
21.416688668111956	174.17387901945636	25.083091827412503	11.793184798497716	
21.796055186723468	174.14007450059282	25.10898265691242	11.767381620940744	
22.59460174460197	174.1643084067415	25.346118157200515	11.744979437819953	
23.0172230344175	174.1423759817321	25.593161257876307	11.682548079464274	
23.347505296207235	174.48239990931802	25.7380477954811	11.828129302572513	
23.50477043449589	174.03050168957205	25.89399074792875	11.850905992863483	
24.284125122245882	174.79613227765861	26.2493148515787	11.84372201713325	
25.762964692533036	174.22500453982758	26.26783189550265	11.933749798582648	
26.495140876141093	176.549358057278	26.16960468745925	12.963540711778071	
27.007038313058576	176.25474267487445	26.161877189491005	13.989541521327492	
27.41091100916749	175.51618935021588	26.471062187475823	14.804393050606459	
28.7081638100371	174.6536568567104	26.718470625716197	14.861420985064493	
28.445372536462894	173.8041174918002	26.955975947920546	15.877285256303379	
29.172752186841397	173.58967840444842	27.56841943134175	15.52362139070297	
29.952265008614205	173.51114851472713	28.059190864403416	15.35867637124376	
30.932191465293034	175.31853719153523	28.42756735146815	16.10166621723805	
31.359299635653162	176.3235982324298	28.53877564545063	16.916692879281975	
31.635263920808104	175.2951246989822	28.811645269114884	17.662825787581884	
32.75633302150169	174.01399181917347	28.960156484908346	17.764904698934995	
33.53452970533678	175.33493805369147	29.281681984146505	18.4844109860989	
34.1022629210377	174.16842489064962	29.651170298090616	19.282184996263283	
34.757605389493875	173.22759045771943	30.229398451018284	18.79547407769349	
35.316713140802115	174.36838178285765	30.501629660386936	19.537915404847283	
35.759572702080376	172.64518683772806	30.802574430066556	20.242625864759926	
36.15119077081064	172.95736702898097	31.158096367008103	20.8353951859393	
37.130975727089236	171.78117228769236	31.697829495160672	20.52846890962162	
38.283865168065574	171.86193592669787	31.941837854744524	21.233161215047154	
38.392701066606215	172.33952548275659	32.29408920419135	21.978841065206186	
39.34728906036381	172.06910950446118	32.698248699623456	22.684240958435158	
39.483792246665956	172.29809016225627	33.149073807629996	23.271474680647138	
40.291566226964086	171.53678668764164	33.974120371329114	22.730403275241066	
41.235707258947116	171.7515931945515	34.34388680383439	23.32453076779355	
41.94352944754722	172.15522360289668	34.790257631636386	23.78172791807618	
42.73142217993549	171.9912080685848	35.27296930299403	24.09185908880777	
43.30079731827493	171.95445109876934	35.899049783186165	24.362872396180666	
43.917166048634485	171.57963968455795	36.34692910294484	24.740272960338263	
44.57352431451798	171.96127082043446	36.832327722662356	25.005979437398665	
45.381527375380784	171.90663443341987	37.57487557615812	25.184991009798065	
45.76193673395224	172.12826666808738	38.400594448818765	25.44958185935064	
47.370722645636164	172.29480421769728	39.16056606822968	25.675408349405966	
47.466514899332495	171.99784163844492	39.90364130318366	25.93754930441286	
48.72271027442543	171.57400807950086	40.538611123172934	26.210255909681216	
49.34363973028301	171.50948646584638	41.01434112629446	26.49102601249824	
50.35134467243969	171.32559890798908	41.43255915954708	26.762592943476804	
51.248344730384076	171.44445404192408	41.8861402198662	26.98340357379371	
52.727487896630805	171.3792499054087	42.5275711736704	27.23782863339026	
53.75370101890669	171.4782451638123	43.16592078189203	27.453898326370705	
55.21870173602405	171.62560063551712	43.78696396367106	27.634026862720322	
55.348901255285725	171.4664090928251	44.40548324498025	27.96383697156409	
56.61246659900498	171.5960197188878	45.37370676447136	27.491456701498084	
58.080430607860585	172.16570496012292	46.03706022506094	27.38971741702324	
58.90346874139504	172.38078318125807	46.74053375895146	27.43254603537672	
60.12482573079678	171.3542145272893	47.52301688547206	27.424835619299703	
62.114717647435505	171.27360485352318	47.71939201245532	27.091005821267306	
63.824377028375494	171.1774037334433	48.00249703925427	26.900012981059202	
65.40894210016329	171.0050029941048	48.25659965307181	26.67306644333887	
66.65812210220733	172.6347568212488	48.61638781226374	26.71109593272307	
69.30074716365044	171.77222288030444	48.970426885557025	26.55958413785115	
70.60760202956638	170.81307360025522	49.53520679087504	26.1775592162497	
71.94644520063129	172.26796667473675	50.22459653945764	26.252195148616543	
73.16204470058551	171.28386092288355	50.56104031416319	26.335555668339364	
75.57278020923796	172.11649810957735	51.14352509024751	26.47119416834274	
76.67324546963889	171.69035316886888	51.90856976180759	26.67221347332634	
78.2691844696074	171.73896884734404	52.92546802330414	26.941421172989326	
79.74229110723539	171.49026269807334	53.979949644945215	26.881290554809347	
82.64109542551745	172.93884773721544	54.66674576449466	27.059803166719572	
84.11563690925298	171.76333396208028	55.30857236809397	27.19064058819196	
85.20431379159332	171.9544322096738	56.31498120773976	27.061740791006976	
87.68172168996739	172.54206436875688	57.20071972353804	27.198894081672943	
89.03222318905718	172.4759516926686	57.95643907794466	27.277556452940576	
89.6124152626902	170.90494443692657	58.74131668058172	27.29111066109671	
92.501470602323	171.56317251735322	59.44242334518541	27.422244597680155	
94.32132529406569	171.20193713418936	60.164181724276744	27.490726293936714	
96.5464371741227	170.978786001115	60.40719105572388	27.832135710521776	
98.47180729116387	171.5816391192368	60.996085248543054	27.820825845290234	
101.54464435363543	170.83897024429058	61.744333525099535	27.596899591584506	
102.72290499096708	169.95652913893696	62.412968112187265	26.962453453422594	
105.166347519452	170.43811332665214	62.64389191379201	26.946636092988435	
107.31157649127277	170.44038736388885	63.39929901365325	26.523405748551752	
110.84544511331562	169.85782939641587	64.30251867957023	26.16532752987246	
114.44514072778932	170.78255045975854	65.47578562786903	25.746562001275713	
114.35737449266787	169.52698693479783	66.47051231376601	25.33835852794323	
117.43862816508451	170.41321682797815	67.02342002932414	25.179465243494086	
119.20835232334278	170.63979764791017	66.86509362409637	25.370731303997864	
124.27529634743597	171.19346148177195	67.06639641196703	25.4154212332652	
126.46030598528995	171.3411149248963	67.63105480514508	25.41267724598435	
127.44519018388789	171.46235912063258	67.76272751663642	25.56666371027973	
130.36856350113115	170.44180928120974	67.5292070345483	25.756062259225267	
131.80070151526297	169.686428754349	66.9820450676016	26.08289695764395	
140.54913434001853	169.8120558000024	67.70809511197582	25.93208007856632	
143.36897583601348	169.6456253568356	67.7379101607458	25.76535648281175	
147.347276829243	169.1162289160805	67.986234488025	25.549671231646222	
151.08432948591778	168.93680835940904	68.59808988453875	25.24900498078644	
156.67242386695156	170.43873424098476	69.24882459590006	25.109631654994807	
158.8005130919815	170.1867355536039	69.41815943347645	25.133405818208086	
162.4968178563623	169.89361183242158	69.58585166882389	25.062774218991354	
165.41066199091884	171.8934773152963	69.5601489726462	25.128358105814513	
170.48359748552207	170.925777383128	69.64793042792874	25.309653569688216	
173.75422175358062	170.82909457880396	69.80891770339939	25.30010167860098	
174.52069712104083	170.4069681874209	69.25460368154106	25.377198861032863	
177.0870599581597	171.6928728800959	69.16480704694956	25.23922804864945	
171.99096637371258	171.25912193480752	68.32722929387126	25.334923410164507	
173.57754365346565	172.5375646053029	67.30174442157052	25.652649510810495	
176.95813729884318	172.9292288414713	66.37451113212427	25.819447967228808	
176.97032122569658	173.39123298223066	65.79978254201458	25.73147136125911	
181.70428988375488	174.02650532826115	65.29886272110099	25.636907980881467	
188.26021416283797	175.44056769105396	64.71936412394133	25.605626627486174	
187.80833819813887	176.22365780587788	64.48495375345578	25.339518753455806	
189.8624877850695	177.22896520307486	64.15025638318242	25.01586807471516	
187.38565665940027	176.7775570417946	64.70749563686863	24.32827529583434	
185.41816577520393	176.67934384198065	65.65104862335072	23.738053521729228	
181.25612530998467	177.2208863194701	66.82930808380094	23.038484632758212	
175.32502258360174	178.21736101480292	68.21224258324244	22.40672383989373	
168.6933071678641	179.25572076195314	68.96308362941969	21.97104764593638	
162.27827973349682	179.2282183984024	69.60806422172448	21.487563022375745	
165.86968842073523	180.38831460489337	70.2302246561941	21.089052597298835	
161.94613059172522	180.24677173231223	70.88787410532814	20.759717839222578	
162.22017620373222	179.92977454538908	71.76287398605132	20.382666569772606	
165.36095850013214	180.0560196922927	72.37857626250354	20.076311193121615	
167.32634537253435	181.0471243592641	72.96665837213708	19.718149156920276	
162.31739959330758	181.43211187443706	73.57909915481522	19.49803495236058	
166.9182494681158	181.71016989243958	74.0317870082002	19.269812768666927	
167.2426785499288	181.86112176542883	74.62020528494882	19.107661656147503	
176.46862536184523	182.17821162014306	74.87476941370984	19.121878713865296	
