11.0	170.0	18.0	14.0	
11.89114447228578	170.88503514740825	18.257953883921964	12.844340608129318	
12.120421223173645	171.09856513943723	18.363879395207405	12.254922466966509	
13.128567379503485	171.65491175195626	18.315565793514672	11.838332967920444	
13.047291723074851	171.68856155983283	18.439353606808947	11.592354773854114	
13.405076872725585	171.74105329718887	18.405860919425013	11.378507238172638	
13.612418983810556	172.27574253972293	18.492883851385457	11.28968077243166	
14.406461315551955	171.9286456842482	18.455751057214	11.212041414151567	
14.622877730310972	171.68851668876104	18.4906779133432	11.135799306480891	
15.185546499629018	172.4667874993658	18.53415410478414	11.057830147929558	
16.48429523636392	172.30402552565877	18.36773231417234	11.000328422090703	
16.273058327341158	172.28706787198178	18.524684151085236	10.914603204658132	
16.615496428844754	172.37392697816972	18.65855107179042	10.894093594050748	
17.393632641116064	172.48355240862008	18.76736619165394	10.878037407063916	
17.672897009934644	172.63744334019836	19.097866753127867	10.825208630539757	
17.959621327462635	172.20285965060424	19.35868347469928	10.848701734820846	
18.935694655324422	172.73786695896914	19.77792351673045	10.993305751428695	
19.69182922722477	172.65359687211665	19.969961469725135	11.259291575716986	
20.39460074865331	172.15350988728227	20.181700504214866	11.531969611707078	
21.570945594857665	171.83230128906857	20.15802811688027	11.96736648919861	
21.8138967593661	172.07882564207108	20.26340118181927	12.262319313498141	
22.154672509483657	171.71318773739486	20.488203148081165	12.77428493587629	
22.67127523828423	170.6580921213143	20.566194149855267	13.399021014765761	
23.822313533979578	170.96638787898237	20.633318739275836	13.778953697346362	
23.687568621066237	170.65502836350427	20.96004697419164	13.907865359640994	
24.0215466242686	171.0483373549881	21.16622393409562	13.900719080529178	
24.844890540051274	171.84030097708074	21.64236479736143	13.928037360065057	
24.8377175268654	171.49021749073557	22.217091291182243	14.559099810105044	
25.81916605713086	171.2378118618865	22.536519738578107	14.81849658407674	
26.551983917009316	171.1649905687611	22.850649892954625	14.939287605451392	
27.14268968840995	170.97670369510593	23.17693997846438	15.540092503111088	
27.37297707261734	170.96739865672237	23.727311704189603	15.945744093085281	
28.196122781586332	171.09232563418647	24.16194054635152	15.514343636996607	
29.092770382610283	171.37745171534883	24.43393820605773	15.757592434311947	
29.55984450775981	171.14302877569497	24.532837693205607	16.19707823333579	
30.58296601598629	171.59161074687287	24.634703028093472	16.424252073823837	
32.11224531094705	171.68437082471604	24.657519109710385	16.74793098988604	
32.858478634090474	171.35573475886852	24.901909923287707	17.048818573108946	
33.09555460262025	171.63766527863632	25.320910135292404	17.141118530009738	
33.962669910549536	171.3252261777459	25.52394022202921	17.34446541168373	
35.34378489114012	171.6090399005933	26.12504371746299	17.517957333744928	
36.10946975706857	171.3864393106554	26.576862087285726	17.841457511685356	
36.69409381608973	171.3654014843223	26.918080886969058	18.098197214708748	
36.706703397828875	170.9740526651096	27.398390540934454	18.43230730096781	
38.1197841609668	170.6567942042372	27.718107792176685	18.713356258913336	
39.057868436782414	170.95264252933035	28.27251916394953	18.848344981618297	
39.46859062305644	170.7994986269667	28.618840213002585	19.215488525958744	
41.62905926446069	170.8648334447094	28.527464344735492	19.610234346838354	
42.61971389580914	170.91072355260192	28.958477592827858	19.879528520987378	
42.721340519876534	171.01128564433748	29.566729305831633	20.051687821562215	
43.48324950255702	170.65332324561197	30.139359278346618	20.351169946190673	
44.555382928282484	170.3217058403485	30.521340412891625	20.606712176340313	
46.632008607901604	170.79948711195442	30.90083869266381	20.647388112867198	
47.599728839509936	170.73770463033642	31.522946397731285	20.82696901480379	
49.296232691801876	170.7025378257317	31.804163041663447	21.129004719000992	
49.79973653766703	170.3277618019457	32.28476105088074	21.468877559561314	
50.742512257478026	170.26551524239625	32.742945122001565	21.793489216007185	
52.33942887042163	170.54529709311012	33.04748689525452	22.049209112112298	
53.90994069073668	170.6085072102805	33.428352223960374	22.292844591776998	
53.87262429048771	170.4584974968441	34.4384294686246	22.52902352937604	
54.95702889968267	170.9645492825695	35.12855643454323	22.628952182823742	
56.88202656085949	171.05091356034626	35.41446531875206	23.038273569652905	
58.96052466450898	170.3867646053432	35.4537679661086	23.587689487641864	
61.23504071419685	170.35017613029854	35.6288393343326	23.85033864339431	
62.87427056963019	170.65678477683835	35.874068082875624	24.060838762242984	
64.76125645775701	170.69923320076916	36.16686367759763	24.280630267757157	
65.85546518649056	170.61518485848427	36.617961633931735	24.62674899563042	
66.8772437699768	170.99878037022253	37.56621362711355	24.864045732665215	
68.48663320085068	171.2818811328683	38.30317216285464	25.11699533028274	
70.3913859713474	171.1833127890211	38.962916675180495	25.26309862021138	
73.03188395248968	171.35377705690033	39.56168981586503	25.548744887847203	
74.88532012763933	171.07913444475966	40.309298256870335	25.811005486856335	
75.99434183668606	171.45546647022894	40.89773506472108	26.102266301904777	
79.08169940010924	171.15687391858117	41.120427117206255	26.559129215093886	
80.50134901196246	171.08802745801952	41.85375939773261	27.053486292683644	
83.62237705422577	170.69179810715787	42.4871295849553	27.52053777740043	
86.2145415529222	170.4935121064076	42.99342567080691	28.05946801952927	
88.16630110012889	170.59509717995596	43.91915323051687	28.35883426166465	
89.62208001872207	170.8367901558475	45.00857376617449	28.69006634157089	
92.77894056985093	170.5480771906877	46.30984868231218	28.068354325644673	
95.12979410190952	169.96250352252568	47.619811831822545	27.693936247841254	
97.69171950197834	169.98460301424504	48.64011684881135	27.30686692504689	
99.7515584794412	169.49680338625575	49.51741432652969	27.248473776266415	
102.09011896891624	169.67260056877518	50.82422737525982	26.74791520794554	
104.63895351865432	169.27680337228495	52.10211700188641	26.62751911256295	
107.78049369201992	169.65097265162393	53.549028783196505	26.37659955661116	
110.12152909233716	169.9847810057657	54.826215836221806	26.23737215232682	
112.80064145366735	169.3108292025764	56.32832616886567	25.92190151928045	
116.79697174692272	169.59828354030742	57.171800506943995	25.968356197627873	
119.57537135325983	169.81229982371264	58.3604840459141	25.87207833206594	
123.70039003285837	170.39041928334214	58.95091942048195	26.386197388990293	
126.85036600934767	170.07611873726873	59.68134453309024	26.81855549360386	
131.09129175891925	171.1315584831986	60.14174196622588	27.223873858312448	
134.68178475774397	170.71230804066224	60.724249806955484	27.788317306815568	
139.74688811360716	169.9907968730487	61.809103025254466	27.81378659002428	
143.8007017010095	170.5052587771251	63.237885273813184	28.06332696035495	
147.35148680841456	170.62091096672538	64.57653262325573	28.220451447937045	
151.6029769557523	170.11959387698863	65.51070944816495	28.368853820309212	
157.26426123953362	170.80913522846086	66.47034151744761	28.582572648741984	
161.66414553796852	170.14546498560682	68.02220890925483	28.789735496731137	
165.865511695347	171.41613557633562	69.5143272519985	29.223654489910757	
170.92908954962192	169.7449775107708	70.6964770134949	29.305096409016773	
176.47479840169726	170.17018033337052	72.03285824779636	29.31998801117503	
182.35475297727436	170.05446222937607	73.83261432087438	29.341068601992884	
187.3050157220078	171.21860736456622	75.306222400361	29.403324934150376	
192.12803620964948	170.0846995757259	77.40827432231549	29.217670560993955	
197.2852818151497	170.59870341153172	78.7433377849705	29.522880174493444	
203.07761758729083	170.16613754205872	80.16440538647623	29.63035263198533	
210.1292935996091	171.02161643451166	81.4725185945665	29.87654225677902	
217.37239732979924	171.32709346931597	82.71594285517014	30.273557534388377	
223.71947044987544	171.41444390684282	84.08550997799576	30.25046523880791	
229.16489179692033	169.77361838863916	85.20369491045807	29.980938856168084	
235.39794617348755	170.6407652706715	86.5690739276293	29.982639695696772	
244.8794331844965	171.3055582968583	87.2759232453704	30.025172969440586	
251.53460985450758	170.69128548969408	88.1950242890068	29.787882268147992	
261.1505651241701	171.67537658693806	89.18858818092606	29.94469675039765	
269.9840777247961	172.91064239985306	90.02674132758708	30.067461360306044	
276.3217092839266	171.09489894504964	90.68061494331573	29.99965269686141	
286.10017564427187	171.08933231352816	91.29140984569801	29.86894709247341	
296.1897550257606	172.16506150082614	91.85399599605482	29.843854020651317	
322.98540548210985	171.94092778564882	93.4631285205261	30.040858777997798	
327.59198885459324	171.92111297561033	95.9070312608598	29.85971806451312	
333.473595822738	171.1755084144175	97.02755144777036	29.587838704730668	
337.6589517165688	171.040861058487	97.62534428166222	29.407680473114503	
356.7309350058066	172.85629197240112	98.6445357747715	29.320911865879243	
376.598943779671	174.2870650565916	97.4849053119249	29.543825479555398	
397.8142938119962	175.68616610578275	93.9615262606256	30.662315894305404	
