112.0	174.0	23.0	18.0	
110.1755450987684	175.21129843681047	23.795843359066858	17.51769504940253	
111.34633578619197	175.3499263936631	23.88425762048094	16.936413297102366	
111.96470185875197	175.89939082551518	23.796197749426334	16.965046098275888	
113.04287062588011	175.5815357321567	23.91886876636132	16.63875201003244	
113.12739868645546	176.12868452715762	24.10064392721357	16.40080433623101	
114.04708655665733	176.56395571881612	24.131362748249444	16.215747995407824	
115.30032084302886	175.95596283500376	24.12669364271937	16.44493636378839	
116.09720538759807	176.33992352703171	24.366547157719097	16.638929219575697	
116.5324057718935	176.33841590730142	24.578026681887188	17.24170797481258	
117.60562423932407	176.62351686702772	24.791868335350657	17.563469746846163	
118.30456289306649	176.84183270361387	25.14060719125929	17.58759634831164	
119.05263915357023	176.18762199959943	25.608879349838293	17.718586854182263	
119.60685283174818	176.39238264965923	26.07476480802741	17.859681576433637	
120.21271829351491	176.0597514897896	26.515772149786105	18.119431828074443	
121.40116396213664	176.26406090061727	26.78600044468871	18.325841712925826	
122.33002743993801	176.24980580103727	27.16707972389239	18.52434298853855	
122.80899354063014	175.62514823066198	27.484699256207648	18.795799952898292	
123.31310795832206	176.0115905863493	27.675095594876232	18.77656215383302	
124.8334928547599	176.3105946190856	27.411188276607227	18.934766246216654	
125.73891874566588	175.97171529319849	27.353038098016505	19.16953648421881	
127.70953595993366	175.68951913528645	27.1798865254869	19.317202390780434	
128.7631389211563	176.34088851422993	27.256624393390602	19.28147140750857	
130.7871597816439	176.2808028523148	27.880015262403855	19.33408501717804	
131.90053608956293	176.32392299647287	28.17151581798212	19.643617941537926	
132.97948713371846	175.46382832644733	28.61836483491684	19.99202813555041	
134.0035145878528	175.8728635744876	29.277736516554462	20.05559948979238	
134.76442341453563	175.67184225845057	29.680448398644646	20.372488686364203	
136.27047176411008	176.36725784293182	29.88066802240976	20.387339604436384	
137.19896340702422	176.11688931344372	30.359407328671434	20.65760944528911	
139.1181967973883	175.84823034644018	30.883088118633108	21.041348340748105	
140.37918158058406	175.67939584881051	31.40150707225241	21.405416973163334	
140.96780158865099	175.67289808896516	32.13540488942418	21.66124121854398	
142.1410233774212	175.5203541488696	33.050922295508606	22.08591973862184	
143.5846293064009	175.53418893042755	33.872246455058416	22.335612185067983	
144.5757147075114	175.2665896519974	34.395898006306325	22.828836740486512	
145.80041627861894	174.89420445161966	35.0405220567157	23.34489079530297	
146.33290963935568	174.5872769698134	35.961825442112556	23.426107630944955	
148.1471097502795	175.29305324958958	36.37904094407829	23.623812185149788	
149.50156049925707	174.9868157921309	36.94249136792397	23.82696339372864	
151.1917078813385	175.43354202639918	36.99082092283241	23.701938603910573	
153.0454016773074	176.16512926393014	37.048056354186066	23.59946620182776	
155.10640006752098	176.0925937560416	37.271896189556095	23.56829860602179	
159.61483543952966	177.5484815379404	37.749996427665046	23.418651795828417	
162.38765383966035	176.95912385330982	38.21110243290257	23.60300641541795	
165.12488936034916	177.14560255150735	38.80319530450418	23.944867192084654	
165.73404932788986	177.19851530229636	39.80873432473386	24.336572529401643	
168.0408905021613	176.7486176330503	40.239885771455	24.844628562422898	
169.59307386956215	176.75635802451794	40.843621134054054	25.23362007361938	
171.87386225635353	176.87999675497045	41.1212500831482	25.42855806374859	
174.3591530027424	176.57476868508536	41.736749623688915	25.610766980518083	
176.1911911119049	177.06288337619233	42.45437331415669	26.041507777763645	
177.21102995826072	176.89328057745428	42.6330211984955	26.008477044736644	
178.43643284553343	176.55676348675766	42.86209586653459	25.9899444234269	
181.6582521504257	176.1964925689088	43.285086900784805	25.815386581401807	
184.5546198754977	176.73357700031872	43.60105941511331	25.764258039276264	
188.51307449120245	177.23043290133333	43.934968586159364	25.74158479237453	
191.6972971490252	176.5327958897874	44.28742964668442	25.582672238812847	
194.2806425114089	177.5488560029464	44.5488287360042	25.60932586157493	
197.74383199742493	177.57893213921315	44.779821874495816	25.760631510289098	
200.78758335563333	178.16359128330362	44.95824730765611	25.841649722382325	
204.50848137919488	177.57646295755765	45.302807803684935	25.90007605061804	
207.75489647598772	177.86541672526192	45.42628548971275	25.924655942260017	
213.39025655105746	178.299524536539	45.30659419783775	25.920787207949644	
215.01273887346193	177.27868198334653	45.50369668512161	25.87997709638917	
220.27329629897878	177.05117443223128	45.489460697039135	25.923868561367623	
224.23334919122073	176.94097461261714	45.54875600670969	25.872224341800063	
229.2223298574797	177.70132742993488	45.7498489227043	25.915592769345746	
234.0978228089592	177.5634822665657	45.85048548182617	25.855884870547534	
240.0543520762665	178.08238097778488	45.94157007534903	25.864409972930527	
244.29664044388971	177.29225897452824	46.010531570176255	25.848644616674616	
248.06986768991018	176.6129475209026	46.06779538276775	25.84343139192128	
255.3949919901457	177.38925141905978	46.45974028654256	25.733155600195897	
259.3069140851646	177.45451550265994	46.594288119309034	25.738062611848143	
265.37631628577634	177.15479552465558	46.89975120577835	25.736236059824	
272.85687878918964	177.1725410484549	47.18474427814055	25.813234202043013	
278.35807744152737	177.46496260152074	47.48860035056235	25.809722379295362	
285.01877790387476	177.73356206257472	47.74081310252195	25.822006943829876	
292.0179245635888	178.18534033801686	47.97269343321163	25.81714949618764	
298.183365871134	178.31575922753635	48.193327335056246	25.84644587646381	
302.65568100796196	177.84183014439233	48.339319227441244	25.855893837862958	
303.42256857287407	177.15104712506846	48.36582168018817	25.857224967571057	
300.946851232465	177.70828086191477	48.36584122365041	25.85725043851724	
298.9357197481235	182.04423628706826	48.36582522918405	25.85726537684404	
303.9288108859373	184.2191767988576	48.365800280269916	25.857314077009924	
311.27971518478574	185.25499208238432	48.365726572209645	25.857398876924314	
317.6961489661304	185.4839564277859	48.365669835803075	25.857479401695215	
321.9049709373158	185.8386859943741	48.36553714117108	25.857577159001828	
322.3656194759369	187.54998918094913	48.36546404277569	25.857601066020106	
322.285048985564	188.02661600774354	48.36545771382802	25.857603753223376	
322.45004449758756	187.40886623849866	48.36543467624968	25.857598697866173	
324.6207513245153	187.68910310433859	48.36541350323912	25.857581635774196	
332.06640968972954	187.37294416008154	48.36549304438581	25.8575246145495	
