113.0	174.0	18.0	15.0	
112.95353842449589	175.2237563229805	19.236206912601492	13.70763489676164	
113.16474862558746	175.85240849247975	19.79748289997942	12.925932599560218	
113.60992318914877	176.87941888170394	20.10309052141595	12.46914254639553	
113.97955452680598	176.94074346406342	19.96692983240567	12.35240422430732	
115.50491979379812	176.51600288142117	19.888489073724784	12.338893783636452	
115.58943751817459	177.29832490233815	19.745476969848	12.236575954985407	
116.0401786084259	177.16700976306382	19.728175964441796	12.164428480275971	
116.9066353678644	177.07246143406405	19.655154589941702	12.149599407846113	
116.86421609831173	177.54160041634805	19.78302210791333	12.17325991403	
117.70406392153058	177.26592502911242	19.80244194451038	12.345736671400164	
118.28801906363675	177.11376142360038	19.85460111149265	12.5086236123464	
118.7976043381528	177.52180658210168	20.014905135125243	12.497958435066195	
118.90907316280335	176.96774549382332	20.108423298847654	12.570349036920094	
119.56356619037597	177.59187055131815	20.40827146196891	12.531042180552463	
120.26580508938432	177.67864284193402	20.464476120097075	12.69756646195175	
120.69776528839851	176.9978241845049	20.510731051278068	12.851682499831206	
121.18302456990578	177.9304764375644	20.572326169782507	12.845607318897335	
122.30592985169758	177.87260031320528	20.74824360038773	12.866908791881741	
121.85044664554809	178.02589372683664	20.926653932987723	12.76371624185743	
122.88710583078718	178.3354974756111	21.276309543357996	12.69420165010162	
123.15980224983738	178.26415963409656	21.442828819313064	12.694336753313145	
124.12476489339592	178.33119780446862	21.65808955736293	12.66115249702406	
124.7940647975875	178.3338907136285	21.816368895011287	12.748358934266369	
124.76064501963516	177.9137174263474	21.82278452356789	12.811253486464075	
125.34530613873018	178.14641685164128	21.724807615958316	13.083534120049704	
126.56204503212574	177.55239090197873	21.87947142813554	13.333579838947221	
127.07983062916247	177.351334026862	21.864286308021292	13.554284706352519	
127.93485276660435	177.54663431225336	21.803698225013918	13.77053508168166	
128.44570639023743	177.79518068614294	21.83251245035866	13.888633036187649	
129.63501683238204	177.33074558752676	22.069124477093915	13.987696479160922	
130.1956225505355	177.31782258695463	22.127752602196868	14.13958237767766	
130.50629296562656	177.49064603481506	22.296443853749665	14.159508387894062	
130.9277749641406	177.09507953318902	22.55033855600336	14.246351967742408	
132.20644072931495	177.83094197610546	22.829200441645952	14.306894662362453	
132.83605616066714	178.18173331881974	22.931986692112247	14.291272194921659	
133.18482426522294	177.72105354792134	23.19716670372183	14.364491529714515	
133.67408616968234	178.1271359840977	23.64631434857816	14.234263498563616	
134.98003092519858	178.57795286414992	24.253315166239673	14.243154835017995	
135.33734882724372	178.07982335910867	24.46717574699067	14.308101899365527	
135.47833069957795	178.78809564652255	24.906226129634447	14.136321029628837	
136.82708210130974	178.7610868509073	25.191997216307488	14.248751412207602	
137.16214398610015	178.71814515993424	25.323657386983733	14.379323380219125	
137.83471402849406	177.95743039134686	25.397323074289755	14.716721963070535	
138.84041281198913	177.64387126723835	25.650129498528173	15.016988590089575	
139.39002522219778	177.50206433737574	25.70011996838217	15.512772224430176	
140.05888309196908	176.6784829433476	25.81629671001696	15.985877771699625	
141.03659008296975	176.49362477981498	25.940533882528936	16.46635406114635	
142.00010044327996	176.56291304293782	26.085684369707913	16.780165836782253	
142.71806420586836	177.0554779535349	26.121400256503385	17.086532144137895	
143.89954309008232	177.17686192913115	26.84162909423152	16.992385646302857	
144.8785344829624	176.93877023249442	27.33186653816265	16.865638989946184	
145.4725040649867	177.44299749318048	27.792162225588093	16.67467036268674	
146.59833501827532	177.2274876606229	28.328153432281503	16.74174864431474	
147.54960226103756	177.4365906701166	28.84957733158145	16.87440405839172	
148.62426341810016	177.41192385427277	29.574748988143746	16.920046006316284	
149.5205460145887	177.43873485635544	30.096654314272918	17.283759813934186	
150.54363135032963	176.77227501636676	30.490788856735453	17.626514140240175	
151.48014088313298	176.83663334765012	30.57789485339098	18.034492392569643	
151.6578621623317	176.65254944895858	30.492434333071916	18.32231095944223	
152.45540261870588	176.75281009879515	30.855332046993496	18.42304201352692	
153.97430017435173	177.33966276360937	31.23832875006279	18.630946009062335	
154.303959845229	176.297207609417	31.30110508082733	19.055834305172812	
156.29790341230552	176.6536585827511	31.450754544508822	19.410441307283072	
157.08364377782723	176.76583660334256	31.759327906340932	19.636914288939593	
158.60519053530913	176.45628806317154	32.13094698579497	19.92015373092386	
159.4717282843119	176.43052807628487	32.30811066629253	19.976906484917023	
160.84798307368706	176.57973332038972	32.963261888939115	20.05805277135355	
161.61301113649873	176.73457894559533	33.18693483203338	20.113873832108062	
162.56869960804363	177.21164095913772	33.337311645482885	20.212042754992286	
164.39685028232535	177.38815332358595	33.900431148701095	20.29758910779095	
165.13577840782298	177.29665356743052	34.0859123374488	20.384310466094256	
166.89897693284783	177.6380179570816	34.464666698019855	20.563667671986117	
167.87146365300592	177.36200419061967	34.574201965248164	20.935042324663865	
169.66451396184587	176.9510006421477	35.020754980201474	21.096343761600405	
170.89113257282284	177.529352862161	35.3633951142021	21.09780430426294	
172.63218465174273	177.3399100008129	36.06240427946533	21.216059735658927	
174.16673593952837	178.12284508419572	36.565113541763864	21.33004775903498	
175.78338249040021	177.2067187918169	37.02318715288802	21.729196390426768	
177.2697394514175	177.2883974733206	37.6599397832297	21.987706668162506	
178.5677694714837	177.6197296251916	38.08178776780898	22.10563947266026	
180.59104238642968	177.43480589190833	39.33232820651896	22.255980839636333	
181.15313159931446	177.0764709024322	40.11799173137047	22.429192259341825	
181.9717070459535	176.5229333199975	40.158631840723864	22.938819955429572	
183.43013300119614	176.84529454985113	40.54107174110533	23.385056598280244	
185.1411413505276	176.26121608847953	41.08640762328451	23.52327104532485	
187.12085978506946	176.60275220733715	41.70179657675286	23.580557865939504	
191.43766167533877	176.85681561650597	43.65401877489864	23.537909100708195	
192.22669975334148	176.35568577510912	44.487869064087846	24.121840894137655	
192.87647975619922	176.75845778449963	44.51996376130019	24.768453565119444	
194.98701595847467	176.86033055379798	44.510391058269256	25.029044408981328	
196.6315270701254	176.98761436272324	44.660043275385924	25.399240868325602	
199.55308303370384	177.03170748712782	45.18019043654613	25.65648983553166	
201.48853898049887	177.19469514532943	46.15887841238993	25.841116274482854	
202.253154878693	177.3591802058332	46.81588506113458	26.134854383310017	
205.1395304799424	178.11238885711427	47.78649782261107	26.114253404463508	
208.2137074118967	178.20510271972262	47.66267430121943	26.288277507841997	
210.85428608481055	178.29752026556648	47.998457097585735	26.463433314011265	
213.70521491392665	178.39504848147783	48.53313373830602	26.65408576349662	
215.78976535538698	177.86273977325237	49.05691594452334	26.967989634306228	
218.30170265676512	178.64021537490444	49.93966586426276	27.128712375614672	
221.20438321174169	178.87294333879248	50.77429181107053	27.153806778117698	
223.33594412821424	179.39829334544558	51.36931307021915	27.435156409875294	
225.85067261536554	178.05476591566548	52.15617425639958	28.014591731649148	
229.26862558716914	178.3486830533978	52.88914655200421	28.5676304845451	
232.38362520386772	178.49372036128258	53.81195696730986	29.06131060489035	
235.74149327261307	178.3605542183098	54.63139082674575	29.512243046623098	
238.47445061912023	178.31477501556765	55.59175384745018	29.86222908875627	
241.89194646812615	178.34239372562624	56.42506140844849	30.229282864737876	
245.4721293391048	178.8849820929891	57.51634110187833	30.723810122990933	
249.22961781715784	178.97634037967492	58.685237766775764	31.167238326569425	
252.82110924784013	178.62006829328092	59.54916307843892	31.781911907802485	
255.6965759998404	177.74255401706085	60.598980553467165	32.58143857646123	
259.9192803961542	178.38881126364598	62.03421494858315	33.264569599536166	
263.8074864791258	178.94210357292445	63.82964683219331	33.805900683205905	
267.06211891865433	178.6424607400748	65.40661300622622	34.288896014399285	
271.9245581757093	178.63753607144503	66.68634878590143	34.842059757832004	
276.8850703942924	178.32039354720996	67.9818894315521	35.40140564419787	
281.99198861453635	178.4920445579173	69.21127520909822	35.82433629899816	
287.3872335131052	178.00099935301466	70.15055320898819	36.56470733068187	
292.47699158109367	178.0236039814512	71.48301796501732	37.00387396759666	
302.6263186575444	178.58547862487882	71.78877390501236	37.56938141129634	
306.53091841223204	179.74562625739236	72.23316372521502	38.2618144015535	
311.6403397058637	178.77186053526816	73.23426419696294	39.10662925042654	
321.1418405325893	180.05076969120412	73.90013039848235	39.80814344067028	
328.0469710651293	180.3664964247437	74.1113137991342	40.411453595667446	
335.70604687464635	179.0181175796514	74.17295526200138	41.22723686751331	
343.4652450144002	180.98537641264494	74.70555642754725	41.689306182675644	
352.5268520861384	181.0929756168699	75.21472168614109	41.932934316515095	
361.8552786765424	182.2656971412195	75.35674720757318	42.09904933644634	
370.0842947137194	184.8053205756047	75.68523765947687	42.095229958404815	
382.51033322855807	186.28947923213005	75.8446509001195	42.08666201759049	
393.18752768442215	184.95617120899243	75.90133508574978	42.06689160588613	
404.0710577544693	187.65795080227858	75.88566857017072	42.20206116810972	
416.70660332736315	187.6807428626617	75.63252931289671	42.36920284214957	
420.08859071803977	186.28453298254038	75.13781764585148	42.669541517334586	
424.3335080384621	184.79465022914943	74.56617305438994	43.30581681519337	
427.88963336755194	185.79618643524756	73.62545995050304	44.146282837465954	
