61.0	150.0	11.0	24.0	
61.099895812426276	149.33327511862393	10.734470087610392	24.639994819527235	
61.60893409262929	149.89821277882626	10.5366752304987	25.149480707769715	
62.607104445186714	149.88789459879828	10.375851708925627	25.365309271144973	
62.74946242360347	150.44526328206817	10.210418011165327	25.046936707406452	
62.687760376353125	150.5094029117862	9.794330061201185	25.104185785927744	
63.13039109407763	150.07437135985916	9.520166668411425	24.909779134208645	
62.895608733549444	149.91316157185418	9.28658715817752	24.787821890329376	
62.73142891572062	150.73953852636794	9.06962979150771	24.74961031802817	
62.80534698612769	150.14393215215972	9.052623089148145	24.491776516013616	
62.95802355126466	150.2491815621676	8.887067812957403	24.59449663287198	
63.48147491687274	150.0541774416536	8.808716704628711	24.876155679441055	
63.634935088408916	150.04057120365857	8.671553646650363	25.176936613671433	
63.66214741977419	150.0769030261793	8.551294829801057	25.39584674849669	
63.531555714891866	149.955933337554	8.522520151518776	25.54203691053999	
63.59838260498842	149.57181627648063	8.372403217377833	25.975212431625977	
63.203002756042046	148.82466774413592	8.47650234547867	26.03007662427209	
63.624592328018004	149.30643140347297	8.495895866638111	26.382909467655093	
63.61864162431248	149.23134027533513	8.540507587743937	26.373008013159023	
63.65745959321028	149.17756968700246	8.5900619369252	26.442950884841014	
63.65861652820151	148.86688648232794	8.585688978687022	26.605005775791668	
63.67237335339273	148.63248712043088	8.617315275765703	26.705866512410992	
63.400417161218506	149.0031621211324	8.629184475252515	26.812803774583674	
63.06959445307293	149.46989361469906	8.708379306706574	26.733949542183137	
63.470097546578906	148.9114116480203	8.846244596564729	26.655304254023314	
63.21997236930024	149.16987374758233	8.780462892246835	26.911468931415545	
62.90704763924539	148.1536928329176	8.876869660083818	26.788446164474717	
63.274606586484694	148.6091478405019	8.89625902032775	26.955262759394657	
63.2519276134343	148.62670568532457	8.93895604609661	26.874288557380247	
63.21004996707178	148.75736810446838	9.01457510965873	26.64303059289099	
63.029091830239324	149.0890898182179	8.8884471403036	26.875914852481436	
63.008452122437475	149.11425133086024	8.912786644695041	26.748266490087346	
63.39726662482831	149.42963779202233	8.920239347405651	27.017122641557005	
63.31300980772415	149.2689646216968	8.97672588869214	26.898166127964696	
63.33664237653855	149.03891634145066	8.947023195828299	26.884606670157343	
63.327952606982024	148.970757463458	8.945073515791812	26.76958988577078	
63.07318803307208	149.2570951127756	8.907986006852898	26.94912813651014	
63.046181947185076	149.23187806944628	8.954003200640777	26.88006133722862	
62.974578741718595	149.23646485860277	8.978338395478143	26.787184145010723	
62.951144258692814	149.07739889754933	8.94060081320439	26.76952861182685	
63.34424633683937	149.47444432876878	8.87372321295953	27.043659304331708	
63.31808352150228	149.43597818317463	8.87428695364747	26.970446560056942	
63.28940804938738	149.49711986768258	8.935613170965594	26.73636255980466	
62.99315560897755	148.56126875931423	8.960621740228166	26.777352176830753	
63.317127774062804	148.99117122828702	8.953910033802725	26.93419101649311	
63.28920261751047	148.78416649663487	8.92030722669702	26.995443256641543	
63.22032596935636	148.56914243356343	8.920454138859697	26.985969692953173	
63.216205339526105	148.4252397887015	8.90820458049404	26.996470367234046	
63.26627741063005	149.2863326957268	8.862616863735571	27.121296222752857	
63.14886374213557	149.25104124234352	8.909845748185077	26.97535515416271	
63.118640503567065	148.91195640639822	8.872243681306097	27.00255991111818	
63.1090080921617	148.68220765001308	8.88632338694831	26.92035679240696	
63.068497730139015	148.6309638361791	8.916643045481718	26.848138057337938	
63.04378824791907	148.5600869628019	8.950048436942463	26.68748361133562	
62.815789585694674	148.80161449133743	8.8523094114191	26.91237507378834	
63.190950400958414	149.23098143359147	8.904536745132082	27.04670294492734	
63.14235598488394	149.04243069652722	8.902475656005604	27.03075194835831	
63.06939266422486	149.03564903045242	8.935082827309673	26.877685002552195	
63.00007694614066	149.200703503704	8.985844671038073	26.623470157923627	
63.385337536391916	148.84898988320168	9.096624178884067	26.5057216167708	
63.17064001582786	149.26458262667262	9.014651411025929	26.58623435080756	
62.85008838314975	148.41825187629726	9.01300243322159	26.54451315758666	
63.22669597001812	148.941831693434	8.961088327577299	26.67488603965119	
62.92628043343033	149.27216597093607	8.93853536645628	26.750560700018344	
63.30982896548793	148.62895320206633	8.98815025723694	26.711504005710232	
63.0293776236223	148.99221865785597	8.929621003581858	26.820157231992198	
63.39218368077476	149.51657289170956	8.976662437999464	26.85317482755903	
63.33304039482215	149.39311329111854	8.978420357829382	26.807476380346728	
63.2851323136813	149.35347645743968	8.963499921385193	26.706255737814466	
62.97111601734946	148.39037974571613	8.955815218519927	26.776459599801548	
63.367987612146294	148.87748538722144	8.9750032530484	26.85823793998747	
63.320053388862426	148.77267588954604	8.978575105922415	26.814287297813262	
63.21621711268736	148.85968410229623	9.042125965486136	26.546470861381984	
62.953938313035756	149.143211501088	8.96612968412012	26.70201403817461	
63.330723962625335	149.5851251911753	9.005193871798847	26.64969813865168	
63.02952919311871	148.68731566028785	9.027594454719283	26.673025801154093	
62.79804497856335	149.1859755557461	8.990421711648116	26.665525934060184	
63.213657841898865	148.54822735191047	9.008470975664263	26.746586798288668	
63.206912575720324	149.38093015389677	8.904176079885541	26.885937178697077	
63.12787753200993	149.4439513114195	8.948419914949836	26.723356165054323	
62.81080386967209	148.4110252803557	8.93876896033488	26.74656472363569	
63.20634245070129	148.99736774319206	8.926765421771316	26.948406928006296	
63.11511658863608	149.0508973556539	8.977008286658151	26.753162873259395	
62.85582013435501	149.5557196948984	8.974599153355934	26.827162373447642	
62.813402162584424	149.43170945718242	8.960446946731592	26.79575782032194	
62.819651705418735	149.45699373988035	8.929457668942073	26.77540942071399	
63.17907334874004	148.5992524603443	8.989912224478232	26.863989875005537	
63.157574714511476	148.59038692531706	8.97996856902145	26.730558606382864	
62.911451195497776	148.88241125251733	8.896154577089217	26.921001648180376	
62.86063339149027	148.92355530341268	8.91959702916796	26.810195779971835	
63.233612396560396	149.27341464047228	8.9191484091809	26.902264816092025	
63.22499913912518	149.22424860099417	8.928368267525807	26.85153387552093	
63.22283196171144	149.29276924801192	8.943583915717078	26.661379590172608	
62.91081714756694	148.3767892799622	8.97653750706467	26.662732809891608	
63.35261691554496	148.71617285023348	8.889517550743998	26.99395010746523	
63.32694112410158	148.62038919131635	8.871821665101955	27.041699706563268	
63.28345873549994	148.52676247955498	8.917109437449607	26.929993996395716	
63.34200566426699	149.33897916516662	8.818630023386383	26.969753162646143	
63.32718400364241	149.33274828843597	8.810776182615902	26.925548460057616	
62.91952419142733	148.48672924020403	8.934387886741899	26.879958638339698	
62.94841064747594	149.37638161150107	8.859757666301602	26.910690582188753	
63.3424368251819	148.9207387652588	8.937872826774138	26.918908707646747	
63.325421537938034	149.02764068520472	9.001768651201038	26.74190320944032	
63.30990947625925	149.11517907618392	9.016908004834256	26.52670948981891	
63.05717355323939	149.38797539845	8.920586981509034	26.606457561836855	
62.73453940969184	148.36585255923208	8.920534793904636	26.684874880005346	
63.12342633076137	148.77452470979438	8.919211122496932	26.856536551389887	
63.093337989277536	148.98143994928574	8.941346098225328	26.662944234894482	
62.829417255175954	149.34503442708368	8.883827712577673	26.7705095500848	
63.23043854791084	148.73955146988715	8.992682191610976	26.71323457727744	
62.95618899458469	149.25444862727508	8.974984753720827	26.738803687404925	
63.39707506578463	148.78708316048971	9.080518192380698	26.714492388453706	
63.39147981182145	148.70435592632984	9.054697994213104	26.643034236277302	
63.16101236874705	149.25554463366416	9.00546819217474	26.70081523405495	
62.92208466344113	148.56594319812655	9.03850176739792	26.558374077222876	
63.319277787691796	148.93596685616293	9.052450151415552	26.720606711057748	
63.31046343612751	149.0804192251569	9.044190463103517	26.6533079861549	
63.08226625580466	149.46739140954816	9.02060556520116	26.683594740827896	
62.763852500753906	148.4522469583492	9.01770718117358	26.75970022408791	
62.84474947000221	149.1993412357221	8.879142947239362	26.99464174743437	
62.76147141419651	149.29193844542309	8.967920712532063	26.779784127227998	
62.76057380604144	149.22927348193227	8.988036624533262	26.712799542342996	
63.24146606146991	148.23545880264663	8.989788348011025	26.99723202400924	
63.29158363930232	149.0787314778678	8.944969270021877	27.074408647979926	
63.233694601499074	149.17436810075375	9.00856943234843	26.880556179083502	
63.2175166957588	149.4064417978088	9.024060362424198	26.717439805307546	
63.24348796195264	149.37062111532322	8.967689013470293	26.71249584507787	
62.955632133985794	148.4394750601493	8.99130594663168	26.71186248446579	
63.37156217417129	148.81967226888614	9.024609352608609	26.81623165581673	
63.311299990217286	149.0081009753841	9.089190606649078	26.560076524319037	
63.07119424312245	149.45995382152918	9.036557861854204	26.641670308060306	
62.781984923720515	148.46719178279693	9.036003826030132	26.696259569564166	
62.81934502876786	149.47182217693626	8.972931816727467	26.693746988349496	
63.20223089489795	148.79671935723584	9.047467899571632	26.66808659443587	
62.923340929325846	149.20502852851916	9.031320124395615	26.727615514369283	
62.88736177488137	149.0753826873378	8.987511858181483	26.74598085339417	
63.263381886909286	149.74585818007313	9.06107389832716	26.71430448229352	
63.22672014636373	148.49522707420215	9.146149648055962	26.51446645688888	
62.98259532795534	148.96502134172616	9.087329311036164	26.64902283051107	
63.00557245564511	148.8347791940653	9.004003028462295	26.75857461710373	
63.05306310323847	148.68517913362456	8.914830053864831	26.798450364308728	
62.80990166118909	149.22925998170416	8.942625294234322	26.776602738866842	
63.215545382767175	148.5267317075293	9.038059481245938	26.78792596718376	
63.256593141041726	149.5340544575131	8.953277418303147	26.836085073772303	
63.23745081362114	149.61668531021223	8.98187553146683	26.69257559460532	
62.92398461524987	148.82683930357703	9.019722307567566	26.678771829803534	
63.36393443204338	149.25745922409268	9.044378377831276	26.854616015276502	
63.381966521050494	149.100370648014	9.03481501982989	26.836731804419486	
63.400869997994064	148.994845593351	9.010088368207157	26.82217665001351	
63.39905565269156	149.0395909480129	9.018504073692366	26.674596673456204	
63.13754671097968	149.39873310004913	8.973424884295637	26.81516685855667	
63.12656639402623	149.56549195163666	8.988454993052772	26.760028451558533	
63.11186357993397	149.5607614629563	8.94991100485299	26.71404462517198	
62.786644055512504	148.6452198335865	8.983981926526557	26.720818924474987	
63.21693021102067	149.01952905658152	8.954726779157182	26.960800822632397	
63.15500178575891	148.96974997518552	8.979085507723184	26.838405106133454	
63.12947896830213	148.88985632357233	8.955218710765143	26.774442158838195	
62.829267414272074	149.21610267306568	8.963225348088628	26.774269458520614	
63.25110172143809	148.53116423109313	9.10855507876198	26.70304009635682	
63.24664203231801	149.33432590985058	9.080576772335167	26.656735518442197	
63.26478879016819	149.3149036614308	9.068152184923234	26.55351592629021	
62.99895162211611	148.49934272507343	9.048437002311518	26.614927818271795	
62.71245059786105	148.7185324379573	9.010744227053362	26.749432778961953	
62.70826973305195	148.51370198974442	8.989910951582027	26.815114132468906	
62.766808996206834	149.30847122064716	8.919565018773463	26.965391167537007	
62.75771539361761	149.11642967323854	8.900487480150941	26.93277742528546	
62.73550256769651	149.05182005095065	8.967113791728266	26.748890415439522	
63.1595843573549	149.3560669011588	8.952609062915075	27.078217274870102	
63.12138560595131	149.19011776263125	9.037817720812374	26.90791986991809	
63.11680891820841	149.05828999762534	9.028720402889215	26.9359923710243	
63.06381883380971	149.0571315906881	9.063006591631963	26.8309465352622	
63.071959579904096	149.03150745419754	9.009836321589491	26.905465544904864	
63.08679942059674	148.8694826901373	9.018301159686198	27.058328399838334	
63.09747860396132	148.53810826576444	8.972501520976842	27.15628086843273	
63.08726418003107	148.56219396450925	8.993126192299393	27.086126289585813	
63.03073078144044	148.64468426202586	9.043359091643742	26.983769480751306	
63.065266740149795	148.4954236114445	9.035260750146962	27.010865699733376	
63.05668456229833	148.54089512226767	9.06928304454263	26.764929968543306	
63.110921193458424	149.18564005553318	8.973482569592107	26.904957196335467	
63.02634095640515	149.3168339493211	9.043460689382083	26.697179024066614	
63.02760150471025	149.24269122989665	9.044042623131435	26.590388360306726	
62.80185750037651	148.37511008743826	9.041496522199068	26.62684804225543	
63.21979528720865	148.79318150405635	9.053283946847316	26.80495864270198	
63.22557308009936	148.98102626088303	9.106336878872499	26.641644494158967	
63.31112986634719	148.95110971577415	9.02789770258912	26.643488006695126	
63.109644973441384	149.09213565713085	8.93435927193379	26.84542685547971	
63.08491465221759	149.25244873570455	9.031504935474088	26.609354282592733	
62.7462447792939	148.32198353590113	9.082131212800117	26.611307952027666	
63.1118183078044	148.76247013602645	9.11480326659734	26.775874442829124	
63.11152211256792	148.78628643402547	9.140844962727972	26.623835750851836	
63.12301020325629	148.69008575411488	9.12428844419975	26.59777950158476	
63.296696962777894	149.37629264663613	9.066522355984207	26.734337100866384	
63.31969504401349	149.21819579208386	9.038634230377522	26.83320676554765	
63.30813594835786	148.96164036750312	8.994685212565393	26.979458321128472	
63.303570168124175	148.93983048011512	9.013028534239472	26.97951754388639	
63.247706013366326	148.77662599458148	9.040161179277286	27.041714136193423	
63.18653469563763	148.90285270938716	9.147780367957353	26.79322292006282	
63.24215666393539	149.0616002049008	9.165779616626219	26.620229920745334	
63.26676806081733	149.01726869467407	9.160855621128121	26.610199715275154	
63.30509748912426	148.7679215751091	9.069190351782213	26.785100671758237	
63.25575572822084	148.74111533739364	9.095331918677445	26.775738944505452	
63.29408334216088	148.81006652614576	9.074017851792133	26.711575553459056	
63.236173434480406	148.7668001312909	9.161583317926782	26.43264975629473	
63.016377620418524	149.0456758593864	9.0409662865097	26.666093451381336	
62.799485174727636	149.53127485633556	9.052187089151516	26.698303783147832	
62.790391391882885	149.5881626962116	9.076658364692976	26.587668606279205	
63.27453790892293	148.85725517130132	9.135242593159997	26.699391273592454	
63.256617742674074	149.00092757897005	9.186973557294735	26.53563501135646	
63.223019566759966	149.15243604024428	9.22583790413641	26.308398062743372	
63.04961595695763	149.36899070524038	9.09160886259382	26.55910918263311	
62.78974951040229	148.57022669753394	9.078548087125823	26.668901637825122	
62.85915839500375	149.37048845533948	9.016541144979717	26.852023369430565	
62.85167771222198	149.4911294401838	9.099446279792744	26.70576478243123	
62.807024695075924	149.6265748347134	9.150991666998925	26.527066516522495	
63.21209977451688	149.29689210415668	9.286274799428618	26.30615516699801	
63.015831858831135	149.59432781488076	9.188038740729413	26.575384584014625	
63.03777556104584	149.69592663714008	9.214804098014637	26.387387234241714	
62.75879308656451	149.20759832001	9.225374200050544	26.26945392034819	
63.244354469376404	149.62448665378705	9.191268889373921	26.50868757170166	
63.30642445248138	149.487686665195	9.129531996416286	26.592642120806634	
63.343232843918415	149.35532034026238	9.058819466333143	26.710874295315566	
63.30704583802425	149.32205362169827	9.062047333593485	26.681987652927585	
63.314447050548466	149.47995078672432	9.09041875103423	26.568945174659213	
63.078870429526155	148.7975388796701	9.13993654209707	26.495257164069965	
62.848699027466495	149.12872429456903	9.081637276574217	26.666174065092914	
62.831476345117544	149.05611691353667	9.045595877775746	26.681996534551654	
62.79718401176377	148.92890571877422	9.040292632059042	26.642080041391605	
63.161705114580855	149.457293878766	9.089177597474462	26.75994326511873	
63.137153456135216	149.61279027161964	9.121386254944202	26.554182854353837	
62.92566329849776	148.66638072097868	9.073927917392213	26.72344225353777	
62.92451634789143	148.68643435288743	9.119969274815555	26.525021406545857	
63.387497681254935	149.19338446340583	9.133522168568948	26.604737749341975	
63.39036005368548	149.30011874647855	9.1178027536943	26.512604284880506	
63.142565705510066	148.63466954897305	9.125117063315665	26.453528127349024	
62.870464363814186	149.06854421374797	9.070193295200951	26.611313444257334	
63.340183617850116	149.4556130425228	9.128500989194656	26.78814568719043	
63.38263088188006	149.6523257778069	9.154446021325498	26.576681862556836	
63.421783209045415	149.48624156165906	9.153092674106249	26.552518090885563	
63.50406840410477	149.46450096877285	9.113370065048318	26.54220889021123	
63.24294742257854	148.84230159915518	9.233000660675536	26.27088140194592	
62.97110306366411	149.19649882719273	9.185180467440578	26.400331396386395	
62.84602017115476	149.63556517870052	9.056043664839038	26.587456121958297	
63.243297041700764	149.0741171523917	9.160996953546935	26.461245956068236	
63.04308809614567	149.40769551200623	9.057691183906742	26.627788218009606	
62.75597477543275	148.51747046475637	9.104329780535636	26.565220851230567	
63.192903955060295	148.83585828293067	9.13128186218218	26.7059177171308	
63.232223428194814	149.08346202784278	9.185908313727973	26.46085512807465	
63.00863843400198	149.59146765578964	9.150869996693899	26.458534963036723	
62.79229165540477	148.6567946477221	9.167486655537086	26.48690218233713	
63.245338308466216	149.2520063503212	9.194752079168413	26.5833882441393	
63.28672035316563	149.40451505326058	9.20467499772559	26.44808801350372	
63.00980512886568	148.41660553938553	9.18838749711314	26.429049855387834	
62.80350448924964	148.71768061337335	9.115107058343014	26.497235367515994	
63.233338366949596	149.209284173349	9.182763343422952	26.54711100291232	
63.272921300028386	149.25632698282087	9.208942249146997	26.37039268939192	
63.08993184403499	149.59318211970657	9.206776959773352	26.286790142560438	
62.85227557224564	148.8103403713688	9.166645356459627	26.295665305278632	
63.30072139055077	149.31684493936223	9.17996595568358	26.29221859560965	
63.07015456821806	149.69624951549034	9.124738034137474	26.35612736906093	
62.90151100431645	148.91338979477555	9.066647401898967	26.380233922393817	
63.314993506388426	149.16735436841194	9.064937683393891	26.560533546973264	
63.09860434040163	149.3605784940515	9.002829328613462	26.700828481259045	
62.81231448564884	148.34550331834598	9.011407747981666	26.846735392119157	
62.84388926012529	149.17477998490648	8.94621783015125	27.029921466490812	
62.85946362435218	149.13597955394633	8.993165605198087	26.847643705009705	
62.88788276617321	149.13967649275472	9.034864551646669	26.700149086838827	
62.922949968333214	149.1758751281396	9.044502015950103	26.564776871609286	
63.340894361975124	149.60110858359513	9.061139763918549	26.735361445058572	
63.405286326962134	149.69944504064017	9.072054887278767	26.604876912550438	
63.17840451220685	149.0241798651935	9.104908406151889	26.518750335389484	
62.96154828862994	149.39679172957574	9.074227408499842	26.572939330504624	
