289.0	129.0	18.0	18.0	
289.2035743197506	128.87526610535312	18.0684903380217	18.53365363678623	
289.47941959572114	128.9195320725904	18.096751627159314	19.059977979379426	
289.187963418669	129.17300962233958	18.079020861056648	19.36562395021593	
289.40978069894265	128.62883831201552	18.13949542287215	19.67508331894282	
289.3104100960056	128.4524913943926	18.16265671152519	19.85974359823832	
289.1325769562165	128.41111269476207	18.245231324550637	19.94227210355308	
289.7234626969991	128.73445816300057	18.116463030432993	20.003811475372334	
289.2271778553253	128.34702716325464	18.265020906236963	20.06835090164834	
289.77108435357155	128.6449678001225	18.095893624235426	20.051167098103218	
289.3674063626005	128.22431797585145	18.26371783013886	20.039922421564828	
289.77665787913054	128.60188094065776	18.11132581823818	20.10003684959031	
289.44798958755524	128.13302364308885	18.279667531655825	20.054528557348455	
288.9905080709662	128.50574394778536	18.306837207710423	20.027093023955917	
289.3751350319521	128.02465368614483	18.250244946463415	20.069585639273853	
288.89715361735176	128.44565489920151	18.309533593999188	20.043531925518582	
289.4577396729223	128.73912461941603	18.131958093506213	20.09286626783482	
288.97229865976016	128.388310650144	18.29121472945642	20.04445950925101	
289.5233124512893	128.85421974387006	18.194950019416492	20.0746556516741	
288.93928030928294	128.59699105327704	18.32117295655112	20.049054946609914	
289.50644939883244	128.22012962957243	18.21163477009548	20.02656109277691	
288.99859672656777	128.60604579986207	18.266043888637853	20.03562734476005	
289.41283487807743	128.33043733425936	18.23319505147428	20.019456292205458	
289.1328898026358	129.22295765130602	18.18472010886914	19.736875971528768	
289.29866515688366	128.33392277324384	18.297574102566006	19.84688567181979	
290.0015753685322	128.98507653730476	18.256602055146615	19.736938030515105	
289.2731779516842	129.27312540815626	18.300243471435053	19.688781121324062	
289.2772589394452	128.62712919273878	18.37685100038919	19.73407527356389	
289.86032854219076	128.93011466759583	18.171505693467356	19.836610391246158	
289.7053518547007	128.68023064546642	18.181218459635147	20.027034597365407	
289.17969349323585	128.39400600934906	18.278727551926533	20.076995794348825	
289.5826109619147	128.772210870205	18.164557873254925	20.072337208602093	
288.95835305768384	128.5366545507818	18.324043094579274	20.052404583044233	
289.3250119631024	128.2565518445703	18.27920313407373	20.098794338655626	
289.5678832041103	128.6004263669576	18.15840524536964	20.117347289458685	
289.16179909715373	128.13068062635256	18.309806666488782	20.06296821993375	
289.5060315376002	128.56627595661507	18.188938869053565	19.97425757361076	
289.0275007370775	128.18470074240497	18.35825530810379	19.87685150735824	
289.4018339414849	128.59133173568014	18.220799889175634	19.885435642896248	
289.2108683122945	128.6131346754205	18.268875558265293	19.95432804416073	
289.53426029112137	128.38704290774191	18.22095111869837	19.896083023010572	
289.21932591661886	128.80573495051388	18.244357766627704	19.907065783223207	
289.4999267455796	128.5740415162532	18.196480833889257	19.840222142899645	
289.1888161629232	128.39954408016595	18.249933132164216	19.989645547080436	
289.60063414506715	128.61132963627855	18.133311505617346	20.008102113975244	
289.00745418027725	128.13548397000184	18.316933018699885	19.99468504467811	
289.60923293585716	128.61454470434902	18.14843885814351	19.84904174555981	
289.5122199815048	129.03668377469475	18.27349148506711	19.555322285939692	
289.3551964506359	129.91333313373752	18.52630436748425	19.019170383061553	
288.9580680292288	129.5657173085357	18.42690629379262	19.214898600085867	
289.23540324344583	128.8431018035501	18.289476790936348	19.3727156204177	
289.4328882068903	129.5546548805828	18.264425279593414	19.198675666089123	
289.3568140136284	129.16013426160578	18.23943845049106	19.263796618765994	
290.16068794213317	128.13513719364914	18.205164037013258	19.445927366283883	
289.5562895686075	128.26936191294732	18.099743155818633	19.55549193164771	
289.36163447744354	127.2291591822345	18.084717655174696	19.806700917812922	
288.4685405164977	127.35908789612488	18.06499889204923	19.839806509435224	
287.8092296990084	127.90874396420745	17.877240527000737	19.7721483879563	
287.7612620602625	129.47273241374634	17.63657265558374	19.357539893044677	
286.7829472420107	130.74349604287224	17.586283954984992	18.950156864057448	
285.057184395248	133.37341018986268	17.506863015550632	18.26669072695892	
284.56952568941443	134.54470634325298	17.310775346067167	17.656171401169807	
283.3162921850749	135.12813972953413	17.21801215266789	17.250171743335624	
282.280305499222	135.53417386664637	17.201706691198012	16.82673528416192	
281.8369302074187	137.09382282988486	17.327997305559943	16.03208280046255	
280.27874890028096	136.32325186549664	17.50201349036324	15.911669084776	
280.31997360303615	136.60121985750084	17.69473370313125	15.736217655454832	
279.985159840242	136.71632350050874	17.72500931727834	15.686387347793444	
279.3825695073487	135.93038227366998	17.690981827899872	15.588502467371063	
279.45092670581664	137.159413049584	17.81949529650176	15.202456965725945	
278.93287675848575	138.17347792990242	17.95561038639605	15.011154426036242	
278.55617044553827	138.06561802459927	18.041607659238537	14.997485603028085	
278.14540179814327	134.9973376524603	17.827538965486962	15.432831330249938	
279.88911523496165	132.20623935201897	17.318768665109214	16.394210614113568	
279.5245689741898	129.324292390718	17.202801504931728	17.116706220752604	
279.40285560334064	126.34738765842457	17.22988321816821	17.58219009281151	
278.51512347828344	120.62334650971734	17.588904941806746	17.96031058239425	
279.25070624078745	115.87785250904798	17.728242217759433	18.14575482796988	
279.72063841034776	114.81626105879047	17.852682652271444	18.22415175162675	
280.67261845802153	113.82315705356595	18.197553861287666	18.07154011123055	
279.8694952821706	108.20858778327369	18.611279011642537	17.957594635414612	
280.13668757597753	104.87676545998235	18.9120893926117	17.98807315879072	
280.5907515793862	103.45081135558107	19.294236884850726	17.938004869142592	
281.28195078811984	101.79423708202812	19.677782315010948	17.929929416356128	
279.8782525936512	98.10371788570745	20.10665133761826	17.923487218522585	
279.96572006475935	95.28576256285372	20.381302487973173	18.0021677055197	
278.1703382571506	92.48515770715693	20.582422804253547	18.029166256032216	
276.1786132719652	89.10712079451517	20.81593317564863	18.02482306489253	
278.3406495838962	87.98879002055074	20.904941333887	18.104510112223032	
279.6532059545127	87.6800878983667	20.99563916652167	18.20523782129569	
280.57105541524135	87.05022341695191	21.130844803494135	18.30055011957074	
281.294721029208	88.67286208846477	21.228192267385943	18.401826070744228	
280.14507535771185	89.70369174393036	21.41390935723848	18.43848582869456	
273.58889175899327	90.74491051044232	21.31389696004519	18.72292211465996	
271.1998450377248	92.32746784092517	21.472630213810508	18.88327550865162	
268.50703999580657	92.9998733902618	21.678188903965086	19.165600224070786	
266.1851098495798	95.36730302724777	21.905355635127634	19.06928972349282	
264.69565004030414	97.66033788566827	21.995080020460417	18.94731572725131	
279.1222409800192	106.46520806981295	21.2965791015013	18.87729748819634	
285.87264668392265	109.9894754952688	20.576597430701675	18.824813905159886	
287.52379241641995	115.41327287420532	19.897873846333624	18.560005193739038	
288.6826774928338	121.22114523262165	18.757767541745192	19.47917065195752	
289.62049544460007	122.53970535436652	18.032679167045444	19.740486985702535	
290.7021271151369	119.36139358337145	18.039334522339285	19.607450955910256	
291.6489708794222	117.98928644150945	18.040553324698966	19.377783414399136	
292.02939114417103	119.98963971667253	17.819902996576193	19.33164299229321	
293.66020254045696	125.56735586373448	17.28498834685154	19.54172394935637	
294.8441478427515	124.66615769674445	17.438900733474412	19.652119265897287	
296.06298860100253	123.52253831811198	17.519614534597185	19.622841348101872	
296.88786151673446	125.25716301234476	17.22321230860084	19.62648010206559	
298.335240968144	127.79376832901772	16.943614279808674	19.59306499340135	
299.4072303479118	126.45183579080735	17.107740589885555	19.776364184441235	
301.26978101589043	127.4579061346845	16.986660858930303	19.796272084912708	
302.4825904489506	128.4253729692806	16.9293787273262	19.83474786650888	
303.82451269491145	128.1875170338943	16.919041763703756	20.082844795082647	
304.31853487342084	129.08577590714245	16.947009849387882	20.21659093831309	
305.7801182585405	129.57177986420152	17.02955604152502	20.16153708812525	
307.6716250898904	129.36586603275828	17.16984047204835	20.174961702529913	
308.92501193117226	130.39244080215576	17.512180164715918	20.01982380169561	
309.6301925948926	130.63963633334757	17.792852130564704	20.150756884442128	
310.9745291667088	130.67989841619868	18.101246218933937	20.132596705516686	
312.24397175398843	130.30575073731475	18.243250661246417	20.274403064843252	
313.8590249949153	130.83810707520968	18.33785011859416	20.214267546868903	
314.6824677589167	130.64809770577585	18.57184442110997	20.239648853640887	
315.98750278175163	131.1130722335844	18.691287279478495	20.131596800196757	
316.3280265695777	130.76443081088198	18.788790435918283	20.206591273184795	
317.39044721339496	131.51077209917577	18.912541301447334	20.094533083303318	
318.1065521765203	131.0809720333463	19.097637381241242	20.174418358705033	
318.08280749740953	131.2509347925889	19.14207166017073	20.154154289244076	
318.4985291651236	131.38896834019417	19.2272895127561	20.100735349335956	
319.4770978278477	131.42369884420913	19.20841236419298	20.030760210500873	
319.60867185643656	131.46073065119248	19.214985029305737	19.953320117063342	
319.9033434519576	131.24109460149495	19.183177718825124	19.99965138959935	
320.14258245202836	131.3261468629412	19.13450664732574	19.934641108024053	
319.5898442062858	130.82882268679722	19.337718416479845	20.129347079740167	
319.4673307189801	131.11684275523942	19.346715788551126	20.068389526311947	
318.99257161281037	131.49673563409405	19.36511988029	20.020218423516305	
318.2456634928055	130.65494512685987	19.41653157375726	20.187191190977614	
318.501042816503	131.36419205539215	19.25297668097135	20.10895391588566	
317.82597567042023	131.67968716107393	19.29311365334066	20.104533189967775	
317.7117406538844	130.81878145864906	19.281830385962397	20.23772886486483	
317.1412799177173	130.85851183172667	19.34506492570127	20.272482331028577	
316.95436217781344	132.07323243946522	19.144393027350425	19.953751686248403	
315.8535215966746	131.4639696770711	19.46856121667617	19.72410204973211	
315.04151174396844	132.26283477146404	19.33354015120266	19.734698075571952	
314.8908352684343	132.00789341148916	19.2910116558972	19.472818224321088	
314.2863832604033	133.43921428628238	19.26667600328184	18.70654356392211	
313.83703378700267	133.97182960675315	19.176787939962928	18.4525274913766	
312.8209282555996	133.11137672142357	19.01692765161157	18.455218419819523	
311.8617764907119	133.27925316101482	18.755388271231865	18.320407473267327	
309.4952135345418	132.1874902684759	18.625032730123447	18.744424779848902	
307.3679359662951	130.94766964548236	18.264845465484697	19.51904421704258	
304.5669775463597	130.39556571883244	17.95881763975501	20.118548176854905	
301.21073028136124	130.01588342510684	17.883979549246114	20.320159268736933	
298.33713127768345	130.4676484457979	17.91995560475225	20.25532303286461	
295.3332982548288	130.06109335141045	18.163828264454782	20.167442600136834	
292.44365066190966	130.48729339697917	18.226355723843888	20.152557834011958	
289.02885474668034	130.03738054573986	18.443132321738272	20.063164971435302	
286.85148084067316	130.0867465372163	18.43553175244715	20.03191616216707	
284.11255361992113	130.03456382101126	18.379005895358496	20.211383916940445	
282.10567964833064	129.87345198043158	18.31233177358543	20.46465903138019	
279.29795438352375	129.54697972236838	18.33202786858435	20.44623677846755	
277.15799082397035	130.13199896625088	18.233116852340444	20.244200542831713	
275.45119824246154	130.2687948979916	18.407985704331754	20.108998505171026	
272.68285144350176	130.2402808565574	18.520530654207345	20.09054951558614	
271.2713286566375	129.96721703007768	18.677962503090146	19.865787447770526	
268.2823204750028	130.13220955405504	18.80575227019213	19.84259039043145	
266.5668608130691	130.02542271034355	18.77229973306801	19.797422424255583	
263.9725902674821	130.42588733092663	18.799597339764038	19.804691710435236	
261.4393421415108	130.24347892026358	18.75964896579166	19.984537144949662	
259.58361458291427	130.23510668902384	18.929217208885817	20.06297827408271	
256.5312026617372	130.48629473141415	18.877847459763856	19.99580411723736	
254.8587682212669	130.94431265213623	18.858800012756326	19.874422902792915	
251.7919529235466	131.77526625030697	18.843270712351625	19.79144147930721	
249.3600639421725	131.73857205800215	18.865899367195663	19.781280512429174	
247.23725721439035	131.9858982580612	18.92256417458153	19.726140924608785	
244.66676818374066	132.59587013542597	18.921447035137668	19.68685936451819	
241.4083982740391	132.69106873737593	18.94901246667462	19.688103862666633	
239.7540655161023	132.96082190067395	19.030594464925958	19.65519325627899	
236.90864426855242	133.80918502385506	18.94428652142011	19.573564022684657	
237.1739221825737	133.3230422056844	18.978556947388782	19.558453695436377	
237.75047913245675	134.51085644493187	18.933706308074242	19.41121464683689	
239.59621507612178	135.677837748988	18.891810074681562	19.17736728448105	
240.65890099706223	135.86814005437213	18.98444394991704	19.57222016481899	
242.11466238616808	137.0850119390428	19.141636335422255	19.68968171183285	
243.3706616339533	138.93356535723808	19.21631722798269	19.754161414709298	
244.485951991471	140.05735343377376	19.248919693956736	19.773121280478104	
244.4556555736847	141.1613928511893	19.34764811436499	19.777816478648806	
245.65926239125986	141.80124663124275	19.214795148851582	19.777352715237885	
245.96208084858637	142.8238921562536	19.111217476444107	19.772549989710477	
246.68366261409867	143.955011492913	18.976697616197733	19.862883943382734	
247.28338248114326	144.85563725238825	18.968140061959545	19.88510234943217	
248.58855887725497	145.75316427077644	18.94388683303162	19.885830400804924	
248.73154484973523	146.67511805194218	18.940810295199466	19.900345824229344	
249.56159694963213	147.47773655900434	18.918809291438087	19.929313090603586	
249.95201797882103	148.17208561882936	18.915214570325258	19.933527419147403	
250.83189509800906	148.72953792192232	18.92002134881543	19.903983450448862	
251.49189618521237	150.26028028818396	18.972661967283262	19.831004957003206	
252.86025759300313	150.78676088581	19.000533855759755	19.867955632637706	
253.26791421561177	152.34793115018553	19.116857559134235	19.816851850354418	
254.5278050029762	152.94218767185663	19.180692536890813	19.935658755868737	
255.1996590784659	154.1894292611115	19.279928109639435	19.901026171710413	
255.61767551091717	155.49081364122847	19.341527195150704	19.910411723557203	
256.4146331692559	156.79133657050332	19.362895587868522	19.902881159286537	
256.58355382024996	157.29575287963783	19.451481628082977	19.95858017176078	
257.356974574279	158.85772026130363	19.475101641015982	19.91738669897877	
257.4063866383275	159.56800071845538	19.589634571355575	20.00363619882841	
257.772598277044	160.35371291932697	19.691041079190214	20.073555573478814	
257.89336989381354	161.8045436259884	19.693801483536973	20.167525923112056	
258.25727672551915	163.1457861806914	19.795263477439715	20.158514085713588	
257.5509318786974	163.38898349398596	19.850071402299168	20.42864635956515	
258.24563400079103	164.0913263066708	19.75341793684595	20.611253089489274	
258.00397592555186	165.4805602575506	19.81582253652593	20.652282489657445	
257.71956625331114	165.81522688143374	19.821294679038356	20.75181712619988	
257.20448920566025	166.73941675855264	19.851663434878635	20.894738658092713	
256.98275978229333	167.06550882329307	19.832870340150837	20.976092436308747	
257.42923466730974	168.05202997536912	19.754091954050995	21.004899057938374	
257.10661795450574	168.79577838877364	19.822103421393884	21.045186959817748	
256.98435182809897	169.2367263283572	19.834666494629012	21.067514737272916	
258.05040128734333	170.1874375125123	19.76054146190214	21.07310710816068	
258.6065039334068	170.65900095130596	19.65909363337056	21.13599204345514	
258.7464592416764	170.84530339545216	19.65277438365402	21.167864580427818	
259.1599631719724	171.48633981011196	19.818750827701265	20.987663596606616	
259.14489474023213	172.51214096396492	19.93729944103995	20.926148225941134	
259.71839029977565	172.95503122887303	19.725747308535066	20.97964352071135	
260.7988266470108	173.0289399887407	19.57694298942162	20.971025926902033	
261.2479908549326	172.85492779759736	19.561361509203692	20.96786376415387	
262.7896252529957	174.21607439908897	19.704320865341973	20.85098763229626	
263.45564596919945	174.42455794896034	19.86670496979826	20.86541050390044	
264.7411939265495	175.87915501591078	20.1082398526432	20.742288654442046	
265.9853154865721	175.5627306505839	20.119073311718353	20.947022882656157	
266.18178928640305	175.45281885441653	20.23232869384515	21.100953222214155	
268.0978396805526	176.35404565055845	20.470623612891856	20.95331126497116	
268.0021816931098	176.82545912682656	20.769788769359426	20.626095880384717	
268.4057573071806	176.2862165084636	21.084299766707147	20.462293920291696	
267.8066164691749	175.47349235066798	21.088757020256185	20.416792650458866	
267.9335121482035	174.4437545927079	20.942260811042456	20.34665047348696	
268.6769505184378	172.62253590660526	20.94792791651126	20.360816375457937	
270.6874359594036	168.95761575486475	20.87149801766555	20.68549691347595	
272.7704568432762	165.21671040641567	20.746453705306426	20.965885535143624	
274.8432394086672	161.64685643347406	20.20879980352095	21.19804165615629	
277.5479630453632	158.12372751362656	20.021168872347154	21.372870596073398	
279.67548203702756	154.1839657828565	20.011874474328902	21.574633037696334	
282.22872706620956	150.87745197943138	19.977010651558192	21.54411692888306	
285.01965834054346	147.38543785886552	19.74367123178432	21.401357736877003	
287.07624741575387	144.8967658727758	19.618773106246284	21.20614340441457	
289.97417688952635	141.77224512707386	19.343224159870292	21.060742705314702	
291.95459775988945	139.35742832227618	19.26941120343753	20.96457356309836	
294.29210903445033	136.65142232781912	19.14521301855773	21.019169835400476	
297.00320630649725	133.77527944286362	19.022318604946843	21.04483184459366	
