165.0	50.0	14.0	15.0	
164.77548069118515	48.91815884469093	13.783321588486933	15.36230358056913	
165.17697483442325	48.6872231012582	13.478360020200798	15.682041052672247	
165.34143050332116	48.180704257934984	13.26655738967882	15.91157708340954	
165.35603810191154	48.127770934503125	13.115122641088329	16.121309276906125	
165.3659747995759	48.079990467682094	12.99195687794206	16.337420310019784	
165.27847831006298	48.0845883624904	12.994189897028406	16.468908113390064	
165.19093217698355	48.023272311395864	12.984277622780395	16.58161136736065	
165.1129561768925	48.01795468073604	12.99689989548442	16.632984875475326	
164.99253746284273	48.012036815402084	13.007297200013195	16.727239453902563	
165.2201390785692	47.96266908457251	13.077499482220476	16.665101272195194	
165.45600248216937	47.92313127538929	13.10483400665382	16.60801836585942	
165.11545816579957	47.83415320256869	13.07688674877157	16.63326876401653	
165.41942764821107	47.80091289447417	13.0367496114219	16.600741334232772	
165.6128668471548	47.963761431633344	13.027248428112763	16.626434659369853	
165.5407756752956	48.00195435297386	13.034848579068967	16.677225583745244	
165.18120501689398	47.90037597465889	13.08266666178894	16.65338220248422	
165.47451281942077	47.88652818967398	13.03940345540592	16.651128160716095	
165.70339753017817	47.8108283985158	13.05345661176509	16.639178732159923	
165.69699329702732	47.79352659392204	13.043694703399119	16.634683712076733	
165.87158239108263	47.93532243685978	13.07064736763535	16.65772864994442	
165.610279281478	47.85221396164557	13.05812592113885	16.614631007321286	
165.5508455184625	47.83565468424502	13.051259970255455	16.65634442215596	
165.18578423950868	47.80187253398941	13.072616445839449	16.576753001413852	
165.1034452310363	47.81423719966512	13.054959400866569	16.630898553915635	
165.00581707673888	47.79885846752814	13.048738006484204	16.686943599852384	
165.36129052818924	47.69936180814288	12.974735524625649	16.73310339920048	
165.59319478499077	47.62964064549234	13.019430808560577	16.633447859656485	
165.55177545104033	47.50218980886333	13.000762809518744	16.754062490448263	
165.65557162970535	47.716893623795784	13.036889063048042	16.834943772261802	
165.59520247616013	47.54039969420679	13.12074014537929	16.774369605584827	
165.68069485293836	47.80612946796475	13.113096643839748	16.90533969419304	
165.65418584596225	47.71279967312408	13.145451900212509	16.891499614825943	
165.305182710715	47.60979064734856	13.204024265539951	16.83844188651516	
165.55381189838633	47.509483403836995	13.210290281654737	16.81185202578919	
165.59864525585076	47.75994324043599	13.192155316875375	16.987905867143176	
165.5701462623362	47.643412954088596	13.242862322775009	16.992045145866218	
165.80833331614954	47.59868151421095	13.242042205727003	17.0587131524784	
166.00765500492793	47.96750853915298	13.381667905325262	16.97192170353599	
165.75627684532114	49.10182725888181	13.534302467587256	17.016151157376154	
164.60743619242436	50.495771176570074	13.409674327363012	17.71262732033962	
164.08744616250482	51.9085052024913	13.27674624380475	17.803017557286864	
162.86416259278928	53.1166840723123	13.350816135128344	17.597936689022852	
160.84114328146305	53.584059913278054	13.810368507826169	17.390501390821676	
159.12136995138292	54.17181149171739	14.270574693396908	17.19581881863501	
158.201795013623	54.32710728193833	14.53784556360598	17.055565267485477	
157.35067537971986	54.762960850816	14.676755262838029	17.050696128799352	
156.1181973620036	55.24303502315556	14.664102787771197	17.059730811316477	
154.66364535345332	56.469429520609204	14.718855500677275	17.020824017596524	
153.18897665817545	57.10844723122644	14.683538933011498	17.220842751248302	
152.42066862262124	57.25577835437928	14.8202566254531	17.211504337460806	
151.61728276881377	57.79646974339936	14.975222829195358	17.199080385904715	
150.33504278763468	58.394267807464935	14.961390109937579	17.3975726687811	
148.96288305705963	58.76285368422961	14.931357853396824	17.529823097434054	
148.26457192419878	58.638841882172024	15.079719320845342	17.553848673133	
146.61588458066566	60.21778073204952	15.205118926531336	17.42361991914985	
145.84095676446728	60.35419253037985	15.270408079783717	17.66877323315199	
144.56862627595868	60.517234632995354	15.286647013676397	17.8055120291786	
143.21225469264198	61.2295002325507	15.381106117064407	17.881097593920284	
142.2504668308351	62.14888622963244	15.554171334596472	17.625569893310033	
141.2486479614227	62.468368125531015	15.560462507259672	17.747159659042417	
140.24037881381724	63.24560586218417	15.68130353030192	17.687463385591954	
139.21754387101106	63.44216065897339	15.583518423482067	17.845744382069977	
138.08815462739688	64.13039570045922	15.712105755070676	17.843405810204246	
136.96117053621333	64.32931443590138	15.706988706093107	18.04879352906798	
136.24004245755322	64.53531382246933	15.696491277801034	18.286676031800532	
134.5713700705004	65.14063287703088	15.621380216722976	18.398277895942023	
133.82461923536758	65.22777376432728	15.702939636604494	18.355852329749286	
133.0633415517355	65.86990623571855	15.808482090761379	18.43782362169975	
131.7469316370099	66.42556243815712	15.86000129478703	18.49109504090305	
130.35896671027476	66.50852142490294	15.799053045984367	18.799419332973176	
130.06888163443904	67.04759726626249	16.008539552047733	18.778366747138982	
128.26896404035685	67.54904998288973	15.973449114344318	18.942745082041444	
127.43463290241661	67.47984708348739	15.960735623087185	19.011855059563807	
126.64099716542492	68.82862732008007	16.060035927951816	19.061550778732958	
125.85587775377147	68.64047780739607	16.137425397703016	19.17494039900481	
124.47681418940897	69.54861164511388	16.244664716288657	19.238355723562567	
123.2130615973748	69.72577052683766	16.201659352321556	19.35304531815096	
122.97341378731109	70.32181035578195	16.42001334154973	19.25350417683872	
122.76077396385281	70.33025115872137	16.677484437763543	19.418164202734946	
123.41619166596202	70.22933808657761	16.93480569590469	19.515867472086295	
123.08808263040432	70.25617931674668	17.230479264065927	19.601475708550556	
122.57170962715577	70.18421959024566	17.507182537921754	19.72547678423741	
122.17077788559027	71.37683670836137	17.781124223026445	19.843447390416966	
122.1448341699229	72.38419572552291	18.064472425256895	19.986664987345122	
121.58895611279051	72.38571066246836	18.3428816539633	20.195956321737366	
121.09170419895311	72.33007690012133	18.59478846892382	20.339734780544195	
121.09446684576662	73.40303881811968	18.938091092303132	20.439970837962246	
121.43629955850425	74.53899038382745	19.193130987901526	20.64324354679999	
121.10997230632097	74.22454901271111	19.463617677742505	20.835552713616938	
122.10679764765695	73.85757967801784	19.778687568854487	20.987837164747077	
121.86158991942794	73.6455232572431	20.075539305978282	21.171662728033173	
122.63008598464089	73.3316272080391	20.32895914997205	21.34658712815253	
123.1503104893569	74.53526522846856	20.572243609777082	21.55272138281741	
123.06689875284975	74.21055841698251	20.888227731466532	21.72706899947628	
124.32023755749253	75.48074892553942	21.120077069910103	21.951379978004038	
124.23274505607522	75.28424556942534	21.362233518692847	22.223295881628502	
124.23406252744742	76.71471932553266	21.703423095455612	22.351879098822884	
123.82160981469339	77.24261289516821	21.940108830055042	22.652551399702574	
123.59791369555847	76.9918284454665	22.31965829348019	22.838414414908527	
123.55973367809902	78.26053823013133	22.621921267830885	23.047811957585946	
124.54001313786856	79.4855740588428	22.878372792315798	23.260702588109748	
125.08971626185563	80.9277976933949	23.21025594251467	23.410235529167952	
125.01959250077954	80.5868742458273	23.49640079660688	23.662696987684395	
125.01626103412613	81.15098003907679	23.750061879048925	23.832427656531138	
125.81044101885769	81.65507892324575	24.06242190480374	24.085544775224143	
125.25928417888011	78.49203211294429	23.833522203366147	24.020682368298345	
125.114373460263	90.9824743072489	22.301645821243643	24.328008457947682	
125.95163304167022	104.25448484945846	21.16238255994557	23.835659218169276	
126.1535887463194	106.74263914823976	20.349871110886557	23.735614965249685	
125.16318823751831	107.45022594158426	19.911916312294935	23.568045184966376	
124.68608544209586	108.6215877172294	19.541655565150634	23.35296981447368	
123.67992690261129	108.9485215210659	19.24697526705453	23.074685539698557	
123.2116577717248	110.02352348174239	19.164940681315098	22.9280287149924	
122.09653931378365	110.57977607936118	18.953941225669087	22.82820022972284	
121.06506975277225	111.66506875087464	18.875955056146744	22.687344353846065	
119.38371700170055	111.78937886894397	18.760232677845835	22.5613101212149	
119.234553817848	112.77414986501728	18.721448084074634	22.343624117438864	
118.48281164376995	113.72072481069648	18.82836770229735	22.25603272605417	
117.97879773819925	114.29091546304832	18.953148758200715	22.16913730078316	
116.96273493500365	115.08565468432559	18.652545854360667	22.39731592710602	
115.8090367004527	117.17551311805082	18.458739475877444	23.69559789641921	
113.27962284560948	117.08070136363	18.28195323385901	24.733496875107207	
112.98814578169541	117.38808802421043	18.39988645668053	25.23691691126691	
113.21221913927852	116.72180311589076	18.357068652486422	25.791058072146303	
112.92668657311437	115.41535569901981	18.632928529957592	26.358962458612915	
112.91911612750843	114.3444101329124	19.32651263939843	26.765328365763757	
113.17299335244277	114.1806173781805	19.693882508819577	27.39527573621825	
113.7482895048624	116.71179805198659	20.007654126492877	27.058257594199034	
115.75378996660625	118.24866546641057	20.491285760397336	26.024305515596087	
116.93202334734174	119.47868570196898	20.326381090516964	25.244205689330116	
117.90987866946615	119.90425861539244	20.04574728401357	24.912818187364522	
118.8757635432066	119.81229714666776	19.851988051431476	24.500161252540124	
118.99856439438618	119.84934352304282	19.692489182931126	24.23223994538437	
118.50078730691698	119.67431904697969	20.130617256118683	24.290679560303865	
118.34574546513892	119.39125345845436	20.58081463728377	24.468763656507722	
119.069211908801	120.70540030443328	20.89970257681993	24.612574796148348	
118.61132890714525	122.02364014323892	21.204150135885012	24.69817197262676	
119.40012024053956	121.84383335486743	21.51530767848795	24.832135621112677	
118.60698489904759	123.47183748328452	21.840207179663185	24.95506477554766	
119.65932155421937	123.53635818261047	22.150412232867872	25.213070177576366	
120.1638677013811	123.26325933008151	22.545001447476672	25.445681131470433	
120.34964012495895	124.55547412617989	22.86109430878538	25.668275347952942	
119.5455002003964	124.31592255053796	23.204804020314313	25.89785952672419	
118.62685535236051	125.72201339875457	23.494411121765648	26.090909769836394	
117.88604938916072	125.45217019898742	23.80591862697939	26.3295211767642	
117.70334913630516	126.9161068782764	24.16837783142712	26.527565846439526	
117.71128611945055	127.49929629981638	24.507102890877796	26.762989587681275	
118.19329296881708	127.36825388942165	24.811855661991675	27.095052203472825	
118.19787290171114	127.01357929758217	25.138053467538736	27.367374698563335	
119.27886358710256	127.6414982544833	25.506094637913186	27.6625190228403	
118.8296975627307	129.0506761949273	25.809096662032623	27.92528338555935	
118.09441195311724	129.60413268313573	26.125872906547354	28.241113532257557	
117.35243223395656	129.352595774848	26.442630020732082	28.551285300466862	
117.31043504210423	128.99362675932227	26.864397220494606	28.836870573338558	
116.93883479980911	128.9227579299351	27.257940399782875	29.111257242787282	
117.94087440978848	128.70788281170385	27.46737858822498	29.481529587193226	
123.17062102684338	115.21221227100072	24.602897168503365	30.74077975238687	
124.45988384611414	115.04384651721503	23.1448037367559	29.71062691837094	
124.38542420796392	116.452927799808	21.932680593276103	29.09777645598634	
124.93640888546103	115.71423498297115	21.0420522903609	28.39187134553995	
125.93824458916512	116.34933031606113	20.540931323674872	27.524137097986124	
125.15184124518804	116.24538196710952	20.17111439578903	26.904939106461914	
125.43810927084041	117.05975778876179	19.854146296465366	26.27597650417839	
125.55073304042968	116.92350621667026	19.695325945522047	25.627842570572078	
126.212327803224	117.35217275809137	19.590678878943557	24.875475495268955	
125.8280275778186	117.594713068326	19.440086950559365	24.490640674305194	
125.95061883504277	118.2572136204013	19.37234650857403	24.092544293331894	
125.43492821885306	118.18976459206701	19.299990306652397	23.827974377888236	
125.55396244533775	117.42415033540105	19.27526542980355	23.587757216523375	
125.78157377329705	117.94477424522046	19.157290490567018	23.385471595295538	
126.46891975197003	117.83746397406244	19.181404771932318	23.101972426828166	
126.22246730075197	118.62001311319536	19.09689367377486	22.9112204549238	
126.24009249291944	117.65059262094162	19.17044033055672	22.969817900519605	
125.88817113336695	118.43976430176346	19.091632950030345	22.824647042317714	
126.12555270184906	118.76168769010592	19.00455739042132	22.73352210953692	
126.17405878820959	117.82847392152371	18.941689637117562	22.81583899518798	
126.35890786004396	118.0442132346316	18.92848951564066	22.551731852987025	
126.05357895014149	118.81523621070207	18.95470759079032	22.51017967901202	
125.60147192929587	118.35415760605376	18.966701322852025	22.560516804850394	
126.25024192556722	118.07373621522382	19.049888593654796	22.503924620526874	
125.8320093832177	118.75660764150918	18.962109797455756	22.54006026511087	
126.583724052978	118.29059605166462	18.974350334502734	22.449714680023583	
126.08880426602741	117.74784182605211	18.95474367937115	22.612261706418476	
125.67772178223473	118.45636903501361	18.934055239118035	22.546463186363244	
126.30674112581296	118.22346744862807	19.03880777499302	22.477976410448214	
125.94082227684108	118.89821949074086	18.93375860134619	22.507761612277587	
124.79953814288085	120.47221921933634	19.057650493848296	22.236281791541614	
124.92400197226576	120.26053022037803	19.460872839652943	22.2975064814573	
124.97307460897974	120.18583312987434	19.70779582479716	22.446979951533976	
125.61492007420696	120.41941741624609	20.079754459802057	22.620180918161132	
126.07425444555967	121.77976371357211	20.345487362213348	22.864856420922198	
125.40938822249441	121.57864073452669	20.68017306999694	23.055300851182412	
124.71103447717174	123.11336075711405	20.94488869777508	23.389276569562565	
124.04205745460943	124.28218802455142	21.22084479056165	23.582771829224615	
124.40490754907518	124.19518851649948	21.517634296712828	23.812208218572582	
123.75129562988144	125.39569873665293	21.88676578731706	23.979484173328483	
123.40044145014768	126.53083216443656	22.202946013145578	24.14639822573962	
122.86952114154225	126.39567091735584	22.374504890291455	24.384250865937762	
123.21989144513059	127.0238531661281	22.69333485150814	24.55238363753459	
123.68862887656391	126.56879493764265	23.028584067402896	24.753830329721055	
122.89307771731859	126.33232747297077	23.259419165616865	25.032670460722635	
122.34679720741482	127.77284872017259	23.52917715134846	25.247615034483466	
121.8274652790521	129.076994395906	23.813982290184633	25.548687216316306	
121.07993568522596	128.9642102495814	24.07293395912568	25.852074254784625	
121.18784293657484	129.6126138864852	24.40968555208219	26.099532395234725	
121.15325685016528	130.26433891045102	24.704746765374228	26.348224759745147	
121.09619431359016	130.0663384367662	24.94144982663026	26.662691071550743	
121.37769791378422	129.81669749561337	25.180700614726543	27.032669795623335	
123.50459329086242	117.06120134207852	23.29799686977228	27.206909938430645	
124.07325928501878	116.53085918399083	22.336587792515928	26.743399834359792	
124.82241609852741	117.2095621351696	21.340855802539444	26.592634825055356	
125.28489861230557	117.22891647757247	20.61264744480427	26.037569963623014	
125.50931871171136	117.07598922371321	20.068105898767627	25.607478831608354	
125.78293918617767	117.47852746628165	19.715436109694718	25.1639305402017	
125.95288021815391	117.08444471344463	19.43540797056639	24.710726060707053	
126.1211949168229	117.78429274647642	19.231920467465446	24.271947634197307	
125.73286957016212	117.71673973868897	19.136463840257058	23.977606385094294	
125.86097347667965	118.2391133107083	19.17900456468347	23.576551626477276	
125.88534589529414	117.46553296465966	19.16850603231382	23.485479308877625	
126.1330229127124	118.00807064371982	19.006726525736738	23.24633834198197	
125.6857244475	117.78613294039741	19.053503475701465	23.076280330711235	
125.89744933359083	118.18227267685268	18.96676402188279	22.970419021240154	
126.04302025342677	118.53486258163655	19.01250476133554	22.76353509439577	
126.2328754339056	118.79321300574964	18.890907964760938	22.68605516276093	
125.66514924142703	118.41003314752365	18.965919904793815	22.776344911436848	
125.8510164080164	118.7395512646535	18.939535333276673	22.637344151885202	
126.52033939470881	118.43291034994385	19.054653694478173	22.47233623721643	
126.06038969540832	118.06519579442248	19.03390723300663	22.589882039202315	
125.75873060613151	118.76382227654462	18.97494539999077	22.567307087374196	
126.46376198286619	118.37927827673076	19.105900330029307	22.46217421373047	
125.94846394466575	117.90469623208888	18.96897782500475	22.690646651769587	
126.10617537867633	118.26197539029688	18.863325274438655	22.626178218870606	
125.619656811523	117.63140882043272	18.919400040592834	22.660877016549293	
126.44467131210403	118.44120308596607	18.983289369834015	22.585295162623336	
125.97872637001764	118.10625048549804	18.953233463154003	22.74226023508334	
126.15628116330743	118.45231166518575	18.88585587774336	22.66396164634081	
125.67343110895077	118.07419381869546	18.914722330057522	22.72765996906568	
125.77093263280697	118.29776322560339	18.932110787257173	22.48886911876198	
126.37322302008984	117.93009563448163	18.981594187374117	22.44925283591788	
125.99021838323888	118.67399316145016	18.942576371673432	22.494295425261992	
126.62945940990853	118.48345745119167	18.988796207894772	22.422031785781414	
126.13764657056649	117.91023602381368	18.91273414864748	22.58237830643357	
125.72552571910977	118.56577798542112	18.90840184819392	22.505230773536145	
126.42032804571842	118.30254482929806	18.976602103610333	22.475497473099274	
125.9999163860825	117.78019131559508	18.890191268513284	22.580186984119347	
126.78060506182557	118.61814518866066	18.940927322689785	22.43759613886125	
126.29638571719018	118.0991739538845	18.912940990546044	22.65721483564278	
125.97215598146236	118.79358826073653	18.85976548488492	22.522888498593893	
126.6958530890198	118.65142445722195	18.984743420591705	22.39081822132636	
