179.0	49.0	16.0	13.0	
180.249185316503	48.26533131535361	15.218313919835312	13.439825926796203	
180.72254333514496	49.144687944336354	14.514662071649163	13.765028379106077	
180.6846780300424	48.36158033920449	13.96868227238843	14.018729390253514	
181.04269810911129	48.07015946841152	13.516203299165875	14.223364725417289	
181.14276100533118	47.81091260984505	13.215874087264451	14.292905382363534	
180.73136983097845	48.211727625983244	13.155462319026599	14.198751851750615	
181.39108163468754	48.58655194933957	13.116499088684696	14.124549427574655	
181.00733950251973	47.81911167255534	13.105048183881664	14.11554517821028	
180.51142697224827	48.17278844589941	13.037169315350782	14.126444907777024	
181.07199947531197	48.565378037598244	13.011838122312863	14.091572959090238	
181.11301394860854	48.226286263704026	12.978860344679301	14.135703873970712	
181.13170562244204	47.769405993338424	12.872751433738088	14.187820758117363	
181.07119861560346	48.505928388451906	12.822495395571577	14.151186130809947	
181.1101852604373	48.24348643505134	12.859236596718624	14.100861469266203	
181.04116530554455	48.01807601770067	12.828158519182542	14.134989565331233	
181.17046700336167	47.86040652163303	12.670793928881837	14.339278592299681	
181.28720396301821	47.742047717183375	12.768844218072891	14.228405332507243	
181.32899830115315	48.751746376850846	12.749296997040583	14.22651124317813	
181.40664919711858	48.54421066353889	12.862171308605106	14.071273255682758	
181.6226115083724	48.37746237216837	12.862817040212457	14.049340162954392	
180.89945209985805	48.162224553001955	12.892400248951617	13.927130718963838	
181.04853668640575	47.85467985834333	12.723700976239385	14.055211373011502	
181.0155102137461	48.83710679471193	12.703689232978142	14.021676588216392	
181.21025836216037	48.548495765026885	12.679184338040917	14.042934495284868	
181.2023178833315	48.373596862826005	12.702865604209522	14.022251880518079	
181.18033241202093	48.19449451951696	12.684860604342138	14.004912073574001	
181.2063297559877	47.925317125081044	12.612265092425627	14.058598505510867	
181.3509017899203	48.841700832772474	12.651341371752325	13.946498580784278	
180.82127979033962	48.204518842375805	12.798485062454162	13.772739701953808	
181.2285741596315	48.627546466570045	12.901366014422019	13.764754093590948	
181.28782166924273	48.37554468974517	12.816207412526193	13.869250599461525	
181.51415272789998	48.14519942126558	12.715003487961893	13.981047133273421	
181.7212252688917	47.99826290931747	12.703916941082156	14.05825635593979	
180.78981988062205	47.869898124344864	12.816160612105023	13.901687850362395	
180.77164708028437	48.66095161165198	12.755117789375907	13.891991001714151	
181.21130122839847	48.04035309463631	12.824521833053488	13.876452195986595	
181.35843284636914	48.76278213213934	12.665466218454862	14.126467061603368	
179.8701236443415	49.27446804001243	12.658551130864446	14.26418854962691	
180.73708413321512	50.8701494728448	13.008366126054204	14.196065119328617	
183.36697736803345	55.52496965160103	13.702413028850508	14.20175854524007	
184.67765613958358	55.66427369246717	14.220944102998619	14.31967170681317	
185.3945152398352	52.75723514090794	14.359838403877143	14.578206176926715	
181.2334987133478	52.86167480482781	14.618499288858184	14.777726451245096	
173.01381163682143	52.84232756513599	14.840789179829146	14.721631006014995	
172.63117507385513	53.37127891881758	14.92350886693205	14.720674740466627	
170.60285758604513	53.83712827391725	14.970693896654131	14.69664264689875	
169.6686185407348	53.936003610008136	14.973991496755792	14.718870096793978	
168.73828899151525	54.47500845360864	14.955518312709833	14.753290859845675	
167.75534645730613	55.53984171021647	14.971843649268264	14.746550384361523	
166.6129401864335	56.08897396750932	15.017894400183623	14.730072112032326	
165.53896084192885	56.27412261083163	15.080399604965411	14.788138128634861	
164.43319049809674	56.94508679149991	15.22086898006994	14.799129375097891	
163.36613861107188	57.29242047632233	15.214981832008341	14.94083187581367	
162.55075079877702	57.618201454574155	15.267639499601163	14.934032769714449	
161.91120669977153	58.50471909795459	15.300614433712813	14.984214575337763	
160.22803677032837	58.99697363528401	15.250399981807197	15.164348459922492	
159.68843365343722	58.97632818964739	15.320477003314235	15.225442310236302	
159.1799882317634	59.36536456305757	15.341716901759604	15.291787733832415	
158.17526883873776	59.922340778803765	15.287811584636739	15.511023087996838	
156.99761392216607	60.914633079628416	15.367927420804486	15.631020952984713	
155.84499444625894	61.613069324028	15.489662173860115	15.783148725232548	
154.06281076271577	61.33573917172658	15.54932959154743	15.921299729105002	
153.52494755105505	62.43655831169415	15.506763873536206	16.116350913802183	
152.86598055025814	63.022064270428146	15.646134661419477	16.142067798511906	
151.68291666894413	62.62020766547032	15.748282755294811	16.15978224807589	
150.52613186812286	63.468753714666796	15.72263984685458	16.219313044899234	
149.39618672900673	63.99229508795507	15.805848282753493	16.28111833325939	
148.14408418673125	63.94911667937898	15.85784341391786	16.396972416983562	
147.43145777613992	64.7926907151284	16.030098764496216	16.34298676695929	
146.69638830015114	65.13526485465162	16.173588611800206	16.445378222135187	
145.23795364893599	66.08579305046932	16.23211165997597	16.58000055878158	
144.18077301717645	66.08689917227865	16.340656019373526	16.64146128023782	
142.9133600850297	66.33416695117484	16.423110461359073	16.657686893467062	
141.9058908953074	67.15459306522531	16.428402290921113	16.76878891650865	
141.53312127365942	66.93713565950951	16.443348836562304	16.711288516414182	
140.1194366640776	68.23144114116863	16.482903685468383	16.683693958870748	
139.68394218583745	67.9712898066757	16.510158015832367	16.756752956684853	
138.40979797485898	68.9528466506839	16.491356949799833	16.838468544194317	
136.28053229208194	67.45365429177394	16.86145716840318	16.68859338239203	
136.0159322363867	69.41093464660356	17.045567622006747	16.682523293453503	
133.96150142727174	71.02926584289271	17.3213008353671	16.591722945940095	
133.47419245376096	73.36700053936285	17.55886832689492	16.539875489525667	
133.58425185089573	74.64975819501801	17.79565737898069	16.51737205783929	
132.19477084707765	75.43414909501425	17.96250760735772	16.506848485067025	
132.63859004675146	74.84436211338725	18.148974272726093	16.49673191744367	
131.29259235087505	76.8118767716319	18.360361853045145	16.51573780974896	
130.57288055578428	76.47521022951491	18.61211500871344	16.48103694702444	
130.8021523157202	76.60944648469835	18.775948945051695	16.511823629985344	
130.47217750118537	77.59996170457504	18.901767735548297	16.562428310433862	
131.86210187773332	79.0327678930735	19.019915144328536	16.651710055184765	
132.05274143434033	81.44404729573074	19.205187863735045	16.699594748756667	
131.8243607257748	82.07751603408725	19.291106570461935	16.795624543215467	
131.52684709108092	81.6894636322826	19.32706191371658	16.922952043035263	
130.83666600590584	81.90101005933673	19.47321200874333	16.98377616274845	
129.48098269135377	83.87948267101565	19.586303161933994	17.117738204889335	
129.0569027505798	84.32393897199718	19.653809341599978	17.24710958383744	
128.16991443129606	85.40193391109287	19.798574612820516	17.31970529556525	
126.2931320428461	87.24023835268838	20.085080476808134	17.339588105877677	
125.5595424184842	89.12077136415547	20.246787120414382	17.38389319552103	
124.24645371802447	90.63006658678167	20.443238373310084	17.419123175116788	
124.81699658019583	92.22116670573493	20.594539915467006	17.503107356608147	
125.08256706905078	94.26813929622382	20.692230032956072	17.60716969919021	
125.25655175275762	94.45085770594913	20.79900482126296	17.71398739775825	
124.13963835415255	95.05345573738393	21.008357100716342	17.771651283885507	
124.71936695343375	97.15670634859164	21.12646512207649	17.89434145822359	
114.24965402968859	80.90253910842338	20.65064753850092	18.544612364359423	
110.88791476926242	76.74504788902632	19.94539246626595	19.212437007422416	
110.15861800866266	75.96594304088698	19.57742200422751	19.850247832654453	
110.15532598229937	76.69342008571451	19.25007577988194	19.983673750022497	
109.18602883046813	75.88950933932331	19.13951029750006	20.240710634934096	
108.41958154423384	76.30300297607756	19.059152253874643	20.507610259243705	
107.94061527544984	75.71372543231597	18.996705165487057	20.626396354643852	
107.35625934725569	75.40146806258582	18.868120012105102	21.00240118699051	
106.99717414304092	75.43577618521729	18.768921153064536	21.815756010182227	
106.45573883579357	75.40644476066845	18.68154296146257	22.412993315030988	
105.88412005568865	75.59982293234427	18.72235382069569	22.832588326288935	
105.16483684836182	75.22100809838928	18.774846913721916	23.198138739670316	
104.45220221687207	75.1393306844931	18.84589083932776	23.765793505238864	
103.70344892163719	75.12617799634934	18.851880332020652	24.188687819933072	
102.94997744442067	74.58631019389172	18.848941352787502	24.839298594940256	
102.71870624493317	73.64111691720478	18.789542581699536	25.520636197449555	
102.6359363926315	74.7607412569512	18.817424720548203	25.92070669273382	
101.44264823068669	74.2984750817556	18.728065836102754	26.6323828981288	
101.2834677781052	72.83518219925519	18.76915290405895	27.34595237246003	
101.14376575585557	73.31690131194979	18.79152274405077	27.989406328871368	
100.01362912316428	73.68852095566008	18.813840292941084	28.531607640227307	
100.82989703418073	72.36648246113818	18.657428769682287	29.130167206874656	
99.84156868201423	72.7737475869323	18.73602749899626	29.545729944900376	
98.90421383062474	73.2297683527167	18.953621090468655	29.60507920138492	
99.32476707210229	72.70032430905738	18.995594641710877	29.86910494754046	
98.85219036345077	72.81382012269016	18.962667100912856	30.11697944959694	
97.9366507070518	73.1545905559979	19.013479930292444	30.30493528229101	
97.74459514570724	73.17328814233743	19.151688268755876	30.229851566249035	
98.57093421857903	73.51141699933802	20.46814850435503	29.11907096905634	
97.55846484769752	71.87950351601371	21.83991650600905	28.07989846664344	
97.22270616118702	71.19765918746715	22.66844916274197	27.43759043539047	
96.51938410556458	72.65907443728139	23.614647257947354	26.759518763257518	
95.51929323867988	71.12330823516439	24.400344509861906	26.31077324825389	
94.56882196643657	70.60733751559412	25.182400090079096	25.908312477050035	
95.56800545077103	69.05354664445365	25.816122599678586	25.576644907970103	
96.16983128934638	66.68310087818604	26.316302563283156	25.39645805281188	
98.1203096135844	62.9218124559175	26.689100520305402	25.3745661792979	
98.16709583044958	60.31869665577867	27.127630966559174	25.26163650119313	
100.13548522951297	55.809350280114835	27.513795124652628	25.227225252296815	
103.85946512327723	52.24542705200589	27.712927833710186	25.1462513325867	
105.72255120311891	53.964056316705204	27.763857938284545	25.224662527733386	
107.81598837025194	51.567357010982526	27.892626431294637	25.10314277287854	
108.6745265438004	48.19080314087911	27.831066551633057	24.936577620122623	
110.6415540021695	51.02007830233538	27.707564776193188	24.852163246893372	
112.47452026973771	52.37299565276266	27.656119950132485	24.98262358745227	
115.49708025955692	49.9417520666754	27.6683903224414	24.73552876682083	
115.94324429360722	49.386051850100834	27.705280978737708	24.688464851457994	
117.14096825203208	50.9340997350832	27.67387518960229	24.75089922887638	
116.87120145941611	50.88603181740679	27.546664409800062	24.77552886811347	
116.15835256381992	50.17420472663399	27.474747996829617	24.776494887634506	
115.42039514619752	49.75356412065399	27.518959969719738	24.750097953316864	
119.69309674306491	47.336713352119915	27.331459348206472	24.72260849071634	
126.82126775911745	43.73145457878294	27.15088628229109	24.611753009806115	
135.94760416550344	40.06185789768247	26.936016677665812	24.47328450605597	
140.17565800236468	43.05176398716487	26.496745998219275	24.187100872643747	
142.40206686114774	46.36019653156255	25.819301559369432	23.807588824305743	
142.80553323486427	46.8773513106808	25.213929975400852	23.367499626302102	
142.91402960912887	46.932843857542686	24.620984719160376	22.97947668049643	
143.05874596437422	47.25608087723092	24.00168807006935	22.546784285378994	
143.49058784087268	46.92439578545938	23.40908074894997	22.1440971180658	
144.59258773314576	48.21895826323438	22.817009999742076	21.81625987695152	
143.77974218130353	48.46905442208503	22.29736033380912	21.39185533564931	
145.10298799726434	48.67999408022402	21.770373263440145	21.00697926948707	
147.96616090628254	53.318082482310814	21.233370155052118	20.540622960210666	
150.1452046804455	57.299556428044355	20.63170995840577	20.032481542069085	
150.36323838425454	57.55313378533318	20.15161504805582	19.594489521140904	
150.51233308325433	57.88645399867742	19.733884378425383	19.196970627019084	
150.68523424993344	58.125090110960414	19.355188316673512	18.849283089080387	
151.48021087299122	57.707929981591256	18.938935209193648	18.457161885437564	
150.9840611234431	58.35015279865486	18.683461572174167	18.061987869998507	
151.05985657144592	58.40204771637712	18.407167774396967	17.85377445984563	
151.71357368833694	58.90936198166697	18.171146135436086	17.58069453517705	
151.77144374703087	58.93679198900297	18.03368885743378	17.39669862464834	
151.34682837929753	58.29837054896382	17.89672004693539	17.24728925238866	
151.90301115904023	58.74497865560687	17.792253167301695	17.069214343414647	
151.9312353925767	58.70198477015648	17.72942832131625	16.98049818799683	
151.92051116461414	58.59123410698059	17.58943134657977	16.880740009401624	
151.37412645919852	58.98139083589557	17.579862543665957	16.78744403593818	
151.85044495689021	59.285821487914525	17.602823871179197	16.663290688184393	
151.3879143794515	58.5832583111465	17.567839485918444	16.58443768331776	
151.87796660496346	58.904451570045566	17.525564332775463	16.52723398422966	
151.44728238515708	57.57816478187757	17.72793468686827	16.56647037825258	
151.39299966889604	57.44216993143982	17.895785126222872	16.624386819233045	
152.35406363352365	57.749969976034315	18.048956806835417	16.704913027016442	
151.4474710136127	58.94806153667554	18.146839519411238	16.792858418646098	
149.97863285493827	57.40830611663265	18.320202871598312	16.91276237356109	
149.3705472275165	57.52939915131993	18.545369109093162	16.95547817481537	
149.2992955559888	59.234462980951164	18.685649030434014	17.06001079641804	
150.2557937129546	61.62454615719551	18.940738568003486	17.04035647625761	
149.39021064651314	62.30816561232576	19.13204305548792	17.046943157668554	
149.05719109076244	62.55401982577274	19.254375573851465	17.178356562663595	
148.62243622524116	62.14560803115229	19.419701269524772	17.2441096866406	
147.9550267343734	62.065820437715225	19.5205320867706	17.361242775885053	
148.83978613628045	63.20938042460284	19.73224205582603	17.400038565292945	
148.03173520496162	64.23329467625386	19.95318583621346	17.47131885924173	
147.53991985060844	66.19680552532084	20.082193478389062	17.62918516914907	
146.94854711211482	66.72789103769135	20.29362484605133	17.665676817894262	
147.03857947341294	69.05460193310456	20.472221559754026	17.753719393796832	
146.29806033182166	71.14174648931288	20.629075843356528	17.847041182359995	
145.95791342586122	71.7364861986846	20.769692641366547	17.9562746841131	
146.05731096563164	73.7774120940717	21.01613930494461	18.033179155029526	
144.61774763222144	73.84968893701269	21.140551415348757	18.14059221054464	
144.7775254057167	75.71451714925303	21.304256884422276	18.21603068347303	
148.69625239090914	64.81379235490313	20.677248959183263	18.340881332484535	
150.0667538463684	58.71616643525376	19.96027549117503	18.2949510641254	
150.84868141287453	58.24595749083293	19.469750899449714	18.16744040473418	
151.01474513317666	58.292593477924875	19.026635175174388	18.007553157366125	
151.11806302295747	58.32614085977605	18.75150359413438	17.800687715531218	
151.69356404464722	58.836587215408784	18.447781666181584	17.58522732830905	
151.78365127823062	58.81377677631618	18.23888634643834	17.390504305016965	
151.8522623959025	58.78899906398565	18.04068722045971	17.15456670059259	
151.40703284867138	59.26876986580485	17.903587030996228	16.989415558499203	
151.3394633105111	59.17532243077326	17.78352360042756	16.908685594604698	
151.38583017023535	59.09525172472544	17.679889875958896	16.780600116869223	
151.95096588928558	59.40183342087371	17.64784466505925	16.712085893758776	
151.50575737165846	58.5649854081249	17.55277678131021	16.610264750208326	
151.94975354864692	58.88382741275616	17.529028021496057	16.49651696271074	
151.93566526890226	58.58786151746515	17.486489787471367	16.49418992971765	
151.90274906805922	59.32947816453982	17.434884941280355	16.420073902066054	
151.8659095014772	59.0165763191786	17.38697122590402	16.37025867688617	
151.76794477594035	58.72444108650618	17.331591251295166	16.369402454836028	
151.55935569686483	59.49110357913116	17.3382296759259	16.274796818134952	
152.0572360921755	58.56180080003135	17.411474076295477	16.28783508345314	
151.96058219311843	59.265732790349986	17.320806034138837	16.233268429726877	
151.4020954434143	59.58513054396584	17.329003223283156	16.270836899830865	
151.84236267038725	58.79003505920616	17.390170482540604	16.316119552288296	
151.8584263986628	59.586046864777856	17.36290493338502	16.27802362745249	
151.8016196675211	59.34229688930682	17.320160144348197	16.319313425481198	
151.75395190110012	59.0594305170441	17.295707511990454	16.294989596825474	
152.25970461598212	59.259206944440095	17.369565495891433	16.311995650391854	
152.2763533649857	58.97056328503245	17.33210769925424	16.2830966948235	
151.7004568985554	59.240806709877525	17.33228774293812	16.290643247598634	
151.61115593719495	58.95086572388171	17.279434803870245	16.232635671969096	
152.0345461060024	59.16708543550449	17.360206841166658	16.257647656806228	
151.44845714525403	59.489394346892595	17.407009607640894	16.251481212106864	
151.44949523365452	59.2150284390544	17.35100583904265	16.26301402605446	
151.86024217280675	59.49792285489251	17.388114472894205	16.27853478270939	
151.78994870497195	59.128519364757054	17.342448792719605	16.323877302845023	
151.79553783559462	58.8681496074215	17.28882434386194	16.306023636924312	
152.2262497731238	59.11380652712499	17.37844390778021	16.29193600248184	
152.14268816109785	58.86383217764355	17.3005524100456	16.28331465843794	
151.61877385331692	59.145669012422964	17.29109280818773	16.33607711027753	
151.59884208269708	58.87570829149172	17.291660576929253	16.27092249286386	
152.01515016387015	59.20760135068365	17.336506254751583	16.268559733406764	
