84.0	151.0	92.0	104.0	
84.76932791136801	159.78387044702893	96.85727018570846	96.53077659283709	
91.70426290054996	162.36417818198558	98.78548962612108	92.52697290933331	
103.47042845605664	164.14372877260578	98.05814662908706	90.61941867262261	
111.84613697042637	165.63749593473702	95.80242985106815	89.38905919340685	
120.19955209965703	165.2994610149598	93.23846343853367	88.449607823076	
130.23820811709447	165.5066946058052	90.74784744720994	88.04951109306512	
137.44941570052842	164.75014631268016	87.63897564163153	88.84211696068617	
144.87326364227084	166.10081457030597	84.76304358437864	87.92194740360817	
152.46046321162518	166.70743172651157	81.96719296709092	88.1863399900579	
159.02024811447677	168.02306684326936	79.71657622396386	87.95374372570966	
165.62775122236508	168.22439559642223	77.55652127663622	87.04610069819377	
173.60675795637545	168.0716479932621	75.59307150102077	85.86968654146277	
179.44318791446742	168.8092103213156	73.53556739805995	85.12414189055174	
185.12964909011015	168.38762831515353	71.45847520816905	84.8248044602225	
191.16236741519688	169.53478386033743	69.20063814515724	85.13418416832917	
196.31363606381007	167.8257098293528	67.07130676176844	85.38616912403106	
201.5597258630827	169.168907218414	65.44505346448591	85.07209308614213	
207.53056526266664	169.03526427612505	63.47894388518795	85.44555507434126	
212.47503267079642	169.16185313519753	61.62098912074819	84.66258678411262	
217.5270610983693	170.03892413643766	59.85737309191426	84.2785847871201	
221.57354620889407	170.24762746960394	58.45836198074465	83.63312459189724	
225.85227761150503	170.01997786507897	57.12967493907775	83.37134605065188	
230.03981511229242	170.4743592315809	55.89068470918206	83.1111834269107	
235.14743407318562	170.4743269134507	54.57970547547182	83.08438342585814	
238.06963584063416	170.5977568132959	53.74119633929637	82.92268132088007	
241.17468575869972	171.2210675445927	52.69151820987443	82.50135016898699	
244.45949004007014	171.65683665584172	51.62393608429919	82.02877338638572	
248.3091501076536	172.03809826799753	50.42657854401369	81.79329810567536	
252.06039853782832	173.35208195738812	49.183380334335126	81.02112933971122	
255.0266874062414	172.71230809663186	48.07524014597718	80.87376771915466	
258.6407470860471	173.38926831740525	47.22040999531999	79.87759506253491	
261.2896289602077	172.90347827145877	46.44023018050591	79.14735826841996	
264.4310218246254	172.28890446991917	45.47894244408901	78.65463020282775	
267.0923157267161	172.35753302775456	45.065573222214724	77.28353041046667	
269.1821280903623	173.45816806187767	44.37312586473918	76.2558539933757	
271.1693646263848	173.53240711926804	43.75221253524009	75.02955954877459	
273.2429415209078	172.9763882115705	42.97126963551138	73.91560237326036	
275.5851981941612	173.66324997699087	42.41837561521268	72.64200735870367	
278.2515417770891	174.06037596896942	41.79050704584339	71.33765837208159	
280.64699441103653	174.02335491715436	40.82666217309865	70.17483901549522	
282.64772400978575	174.5451505984093	40.20788682570825	69.20719358505909	
284.7663268037147	174.0582124363553	39.524616950459276	68.35803655384997	
285.9252675781907	174.63608884431298	38.92347318335856	67.1374093097016	
288.8389817357318	174.75354100333251	38.13665302257854	66.25023535549336	
290.69049975676444	175.01836881113016	37.43853946966796	65.29232105545954	
291.7512289896361	174.37599692521866	36.83632615524665	64.8701144563347	
292.83547369004697	174.31058724686952	36.448575718926435	64.16532010197632	
294.3553610374222	173.97203497062642	35.8616168322194	63.4300419584518	
296.1623792115385	174.0261529397014	35.39063360695101	62.523987843334325	
297.0223439003232	174.64036644444914	34.97910624981905	61.749233933895944	
299.63384508135266	174.87790308298443	34.730898572338035	60.495773059884634	
299.87911643131895	175.6889018982064	34.60277947435474	59.45276665876573	
300.8004186040267	175.92299944562376	34.459895228905715	58.63746304742076	
300.8826928841293	176.30009340757059	34.81513458564389	57.697533254640916	
301.14069224311027	175.89888554696455	35.21043988859947	56.967783816424706	
302.1637568720397	176.33023767877887	35.726554325241146	56.18379754643371	
303.28529984585924	176.73880819405704	35.33027746342482	55.817466201842514	
304.16086527422596	176.621706273195	35.45779148607995	55.04997474996111	
305.6982486500742	176.67054155084364	34.996945908364005	54.32207121477757	
305.9513550779661	176.9026535702063	34.67178414417519	53.60567273335321	
306.68944178198393	176.64021286657348	34.4869047247291	53.32496243458385	
308.78942370236217	176.3456626535302	34.097541199679085	52.95859474232743	
310.2161153288822	176.8511803109954	33.35534788014752	52.294674520705414	
311.91974810329714	175.82616736480514	32.19618749245886	51.92303595822006	
313.6400393068283	176.0118562450953	31.324719309328643	51.440969580637635	
315.683948777499	175.36269780315678	30.29421934300362	50.739724977180664	
316.1087992134881	175.93619865888886	29.721758594105765	50.16641122682362	
317.2419306338007	176.7612190514106	29.232600031054478	49.24134878808277	
318.91980895581696	176.17088334984464	28.3063430512469	48.72392823435005	
319.64226307391726	176.30532477740124	27.791838042461144	48.082713247776155	
320.4906658176777	176.7466487861532	27.324549855310508	47.52587048072021	
322.6041365098583	176.9987039567468	26.794673127321094	46.33409731377708	
322.8206388653535	177.2053156751935	26.157118355255687	45.6482372908917	
323.8631659685976	177.40156416292936	25.73549181008503	45.05064052582164	
324.6301351662743	177.7944368351145	25.179364207360965	44.34366370062796	
325.6451863096907	178.0539462696833	24.80565005369452	43.813539543511716	
326.41775190648787	178.19174517904966	24.527581083302895	43.24004623220054	
327.12499003499454	177.38298436738148	24.21409322897606	42.92930479753969	
328.40743113537945	177.46140801816395	24.187405307538622	42.49490581245917	
328.2915875544079	177.4525884158015	23.958454691421675	41.896679048875555	
329.5194817396201	178.6270005144538	24.064590102957688	41.543114906018864	
329.28064706903774	178.46332405985072	23.95900611742549	40.96948558313958	
330.51100359642237	178.03803750427824	23.937532857951698	40.56155972343639	
330.8292454502901	178.37237954103065	23.833785893980387	40.366391186550274	
331.5403557987339	178.61284401147134	23.711612012168384	39.92510268112803	
332.3213783130621	178.23614283639085	23.41086697677565	39.64571736434147	
332.70615116605376	178.07893748222452	23.176647103516775	39.33001158599266	
333.77191284048075	178.6686862385496	23.145852297371945	39.15472411508626	
334.4574956217409	178.35546833444346	22.899355490291615	38.691322073252145	
335.11135058256355	178.56203549964798	22.701412977682292	38.30100081948082	
336.2203932513751	178.35395021865835	22.47843928352364	38.120276584058374	
336.8688415702678	178.98591806326385	22.467304733606948	37.83698848316066	
337.09958772930014	178.83875623048593	22.170911685084228	37.51678700339711	
337.95952122288526	178.11605461122318	21.814380463371712	37.22661064789918	
339.1358563823166	178.78039445601306	21.808031688816975	36.88746685482498	
339.3810078810519	178.61904860376035	21.410745462331775	36.58484441941791	
339.84519372698566	178.70956608031275	21.105521003269807	36.22294306459511	
340.23440177229355	179.11837687362774	20.900894364533364	35.945973567470375	
340.6817289852777	179.0024953127019	20.631563129038252	35.56154153548051	
341.86837727730654	179.28830778447852	20.570643897975124	35.11663457875808	
342.27882241255924	178.83035776575812	20.248415818384917	34.86456063516817	
342.60925483295773	178.834678675253	19.9314036471656	34.5548674780353	
343.1775604895393	178.6561306614794	19.812564015322227	34.37462964881335	
343.5015291938985	179.33986333699747	19.67428931552349	34.16500496776425	
344.4770158615393	179.11411013005772	19.52129222217988	34.1519533999815	
344.936191625073	178.86664238209715	19.37364276235455	34.119401443062046	
345.3387980337237	178.99132203914607	19.263912806950064	33.979986560748195	
346.3715617391755	178.94011157001103	19.049471367788083	33.79394106931999	
346.3927942066864	178.58805193697148	18.856150286965764	33.3974284153995	
347.0186602909049	178.6374811693772	18.629508771810936	33.235407014106066	
347.48235922551254	179.32235462225538	18.420281192436036	33.08520272012503	
347.91729181777276	179.33365460558642	18.322820703849725	32.88257009193394	
347.8719814938956	179.41831040312076	18.093486989473135	32.656870794539536	
348.52245189453583	179.11466538518897	17.928409737166163	32.5122085150944	
349.02546462577556	179.40054539314488	17.71356263763809	32.2081233781512	
349.55360003291145	178.70542709115796	17.491643977168835	32.10749402232776	
350.7961412884009	178.96366607497546	17.370612961089673	31.490505329524254	
351.37975895945016	179.04329523514048	17.191658279773296	31.15701203050117	
351.84733634740866	179.33561993752718	17.02523582055885	30.854756268337272	
351.9818481999394	179.15864583577746	16.732522765759764	30.781882075141716	
351.8663570259577	179.71633924602125	16.670798036762907	30.3749378343871	
352.9255037748064	180.01451662575212	16.721484079922345	29.844606812531367	
352.8947967177213	180.12354062043713	16.442057524753526	29.568863726543224	
353.10433580515905	180.18890966620114	16.348122987131823	29.35933351374667	
353.79350722730743	180.2701695919286	16.26011164040605	29.121619847245533	
354.061270497079	180.6563184538719	16.12427675972833	28.933592197864456	
353.80468521722304	180.2003689334231	15.876800393259215	28.610910357813356	
355.1670211214829	180.65787756828328	15.825876089063419	28.18831716550873	
355.01671394306777	180.79317777429065	15.649606852523048	27.816854619610094	
355.59456889250754	181.2572552119806	15.617179102873239	27.382471997106204	
355.5958360687358	181.33934128983788	15.339827421623607	27.239288276788862	
356.62747442177385	180.49359714926376	15.158553808732544	27.099951666508463	
356.3574108544696	180.18732135762835	14.978741678031511	27.060270681159537	
357.32493693981866	180.72913738523047	14.887606480210186	27.010468987890402	
357.13028333125357	180.5654208834454	14.735783695226155	27.079246662335184	
358.12604576369654	180.47374795337183	14.652548021791088	26.879783159688802	
357.77709755368386	180.86293151093543	14.543871315690154	26.703472977026415	
357.89485124546195	179.74658622309295	14.566047629318305	26.587483711450158	
357.97840108509257	180.1946575247349	14.53119094886261	26.359159961435115	
358.91651071818904	180.80767168524616	14.463246407017099	26.267163083337184	
359.1870447734309	180.58449706306902	14.5451483865545	26.071790745555273	
359.55333197634656	180.34721685306266	14.558583958957657	25.87436419890628	
359.5303309194297	180.51898370520175	14.734156038906997	25.693681254904572	
359.7535940753215	180.77695998313325	14.791730121111454	25.4931697683027	
359.5235647320707	180.74090976774133	14.819124869336832	25.161715319573094	
360.73192188418176	180.71724207259317	14.850529307175988	24.87757961361967	
360.57663389549657	180.98768858456944	14.859842321553673	24.74635665194558	
360.7999627888679	181.35912440119017	14.813264512389017	24.56091850361278	
360.7325266137121	181.1470214824342	14.776037666569135	24.49641887171935	
360.83061050884476	180.89287554213777	14.830871419419259	24.472993639374437	
361.17935434267355	180.69136756352043	15.033225706200364	24.210178254130113	
361.64507983405986	181.3532860850281	15.178246013440482	24.011539388265884	
361.5349031173704	181.09804087395108	15.261539853035849	23.995497892471587	
361.8694914976546	180.76961791555843	15.189104115353942	23.941976500759303	
362.5201359156244	181.4630174212536	15.158485641295933	23.835158180383985	
362.45337519965426	181.14894694986654	15.261368167617237	23.71145701658772	
362.1933005921151	180.75030619827803	15.236176748813692	23.695400812727893	
363.8259142783166	181.21710519843816	15.06072253657042	23.628585270874385	
363.7102681084159	181.19252638568352	14.891340533530935	23.76283793802124	
363.9550279870129	181.081543440424	14.601100235869144	23.791440671100375	
364.234140699078	181.03499132884866	14.324727887260424	23.62711248341091	
364.0914722342424	181.49558856764716	14.225272904804939	23.341710089290082	
364.7707239331985	181.61701027364614	14.095327074248585	23.05366473114781	
365.41925110678795	181.3177276663791	13.92205460361621	22.723869857609042	
365.7869187471742	181.4606875233176	13.732434421919391	22.4752004433591	
366.0413207945178	181.85254274538207	13.626399878766748	22.32405319814706	
366.2934466399872	181.58604755322895	13.535369344495916	22.028938596258538	
366.30931242594016	181.66188817916267	13.378282799445596	21.790808145698797	
367.0117641031764	181.7626724396733	13.286655875238269	21.53337538916706	
366.64917317615283	181.6486820846187	13.293921923692734	21.14399482745617	
367.18776192542157	182.27835693237245	13.127314539194332	21.03303481899617	
367.5352989029842	182.42180688699457	13.002837124546755	21.039456558201476	
367.01297630746103	182.61024749800507	13.055228609039155	20.872054443151907	
367.61835845488633	181.95906969100906	13.180636562974913	20.670784054777236	
367.9524269272699	181.95609717650888	13.353548146075893	20.650035129059845	
368.3996833680827	181.91005035017398	13.556050452333595	20.55270175443892	
368.7640271939018	182.01912049974956	14.208695852506764	20.32832861861731	
368.7118870034632	182.39355896381028	14.476302644456755	20.2445337872281	
368.8315864265118	181.87846457592377	14.677433915942649	20.376455466266997	
368.5918102074565	181.7683580341918	14.856536212995465	20.47128846046787	
369.24259827019836	182.29215000635025	15.050883059578135	20.451252336812892	
369.1006504793792	181.83875866568334	15.274747405585279	20.304442718966257	
369.23457003613134	182.1950517822779	15.245784138478252	20.452723186925393	
369.59374404286154	182.57294920291417	15.146839098524183	20.678155287278106	
369.21057981036233	182.56543246810241	14.996326897811954	20.80855918182482	
369.77422418646654	182.46674947854356	14.749787333581033	20.913628899554936	
370.0442930082837	182.11481720844446	14.659899207583246	20.886020511337353	
370.3542597208705	181.84065833120087	14.55085341330299	20.61495756538036	
370.5020413434682	181.881106425741	14.485356544916412	20.629476201410686	
370.66467621892247	181.96315062795009	14.236633873575856	20.593983105233335	
370.7605752401103	181.98074023721327	14.025261180702003	20.748507459393565	
370.37480204305893	182.27167702755617	13.720270449459035	20.946193613753167	
370.8015372026838	181.9559774478144	13.699238670834092	20.735267347229463	
370.46256381586727	182.26451396086733	13.581534200273278	20.643532465431985	
370.33016558622046	182.34686501026832	13.597444497936479	20.566746159647504	
369.9474250078087	182.37262583911993	13.70925967989458	20.350447383891286	
370.31332166005836	182.37675737933506	13.821021909568474	20.218675972221355	
369.60434125812515	182.37986296757134	14.056402112311222	20.025994917095407	
369.7737010218442	182.30311806421102	14.173712989507493	19.824226688298985	
370.04613427654783	182.143395235497	14.166982505914545	19.72944900232292	
368.95121328584486	181.97222184586636	14.256250264911218	19.61877366974867	
368.91142611589163	182.52199230534563	14.24026891374939	19.664574985503975	
368.37150279986065	182.363880558937	14.5197672054431	19.374538321185973	
368.5526295232924	182.21082596204246	14.815883425399743	19.092819802319433	
368.41751561373263	182.93713797546215	15.066182366029928	18.770421352792617	
368.03168911181854	182.7208009600447	15.52845504232921	18.33480105308361	
367.79285601204697	183.2112048803793	15.915761102953368	17.91980783278368	
367.36194722445134	182.72790631521337	16.136563014959602	17.87208209603293	
366.8420359786577	183.0560212615464	16.73599763515663	17.38934701162824	
366.624743532403	183.10117476867057	17.291523259742313	17.090866339006148	
366.652925621205	182.81658942597588	18.208791959149245	16.558370263456073	
367.0603261743587	182.77478573889746	18.667236599307127	16.19470746081202	
366.865996096079	183.60776672193404	19.222795653583542	16.011411904125975	
367.0532286730475	183.00170320915564	19.633719090060854	15.854854429284218	
366.93655187678564	183.23216207072284	19.86944005363911	15.806811713910724	
367.33306861610936	183.12851935065902	20.06405550865769	15.816399792792788	
367.5163413146224	183.05775849438277	19.72653493867924	15.92686585366792	
367.72728774961746	183.31295310298358	19.936431303609176	15.774579352808049	
368.1750190851384	182.9804502348824	19.758241838085066	15.70161995752936	
368.0427234657356	182.98568055489577	19.562164836924072	15.835723718343154	
367.15624094251933	183.12261256385767	19.67482008410662	15.85596117043594	
368.2465922010805	183.14448237845394	19.206246101798843	16.17941823442389	
367.1772774008532	183.132889416956	19.240913971837216	16.229766004276325	
366.6983114503324	183.2200688102094	19.51072169136131	16.262819567874168	
368.9290948948829	182.79015398433663	18.728058545808253	16.63941626747741	
369.5063089694325	182.93318294758632	18.132423875581285	16.95092796319665	
369.82053436091934	182.91298341810452	17.614755573355716	17.153759223361952	
370.3890008161968	182.91289267802617	16.971432492585464	17.330695485045158	
370.56872699762243	182.24722098629277	16.526041743481464	17.395282638407064	
371.3884602872227	183.16408605163977	15.965305078042258	17.59133883011097	
371.94437244169546	182.67029434051636	15.563503293878165	17.713292883332585	
371.61136482291175	182.04963763960458	15.407983482598512	17.662698446435247	
372.4810779530264	183.3152131956674	15.165151101162534	17.691012643918636	
373.7190264550044	182.19499061004566	14.930780387916553	17.67951319539068	
374.76306384941654	182.5243976539348	14.82008448065297	17.615676647783747	
375.0060916741217	182.76522399992064	14.67717656161902	17.475550920156497	
374.3626195261451	182.49135997778413	14.30613599166858	17.47378832648541	
374.7235902833818	182.2597592098005	14.048834717984535	17.290127038995518	
374.7490748578833	182.4019764016393	14.02343915365597	17.04540361855729	
374.96802968937936	183.2339400991778	14.145456674869607	16.766207045663787	
374.3761685800396	182.87020929988708	13.997915219823087	16.7619349768524	
374.60616559193386	182.43639912255804	14.164936508935279	16.58259265316629	
374.7678732578435	183.21276692519376	14.548808476986927	16.15683390241364	
373.65696970123616	182.88350308046543	14.66906571174819	15.997305450268662	
374.34763896676947	183.5348622822056	14.926284004451524	15.737621649007092	
374.6155872559844	182.96065185380175	15.034411057190015	15.600474495528196	
373.6290232274547	183.35659921877058	15.54431455609421	15.245192251830296	
373.8280325249462	183.58716480537578	15.949533051614704	15.038209004035359	
374.3046801735926	182.85402782357244	16.23446124329678	14.861200452466878	
374.8525240564991	183.20647553372467	16.122531693900935	14.947951771493463	
375.7607230361414	183.51339301286527	16.052556366250986	14.984206755315665	
375.4348879254393	183.17826717689607	15.969924746771188	14.983112439204936	
375.56427796606914	183.63912624453286	15.89253929141642	14.974461301898288	
375.4104642572303	183.36282362338417	15.922948624019966	14.869896704695968	
375.552426429879	183.75478299820563	15.872858176423225	14.83296871299957	
375.51364652226755	183.1885311687462	15.961919466264264	14.580040481229913	
377.10716258676877	184.16826007349707	15.719263875257196	14.532466996055412	
377.44894478669437	184.03486576003303	15.235357726121135	14.658443083914527	
376.7998356277179	183.514034917254	14.998299834912567	14.49817217284086	
378.58024056102454	183.37951818660915	14.682067022762185	14.441192940770094	
377.6526543006705	184.07457309764902	14.653909578898775	14.252367217753797	
378.6490780591577	183.64579767775302	14.483407518642462	14.059268548811065	
380.1913138415783	183.20829139356215	14.10096261260498	14.099572138229846	
380.74049863314553	184.008397801109	13.627330900228634	14.16919036628184	
382.0749012756796	183.21381019888292	13.098799752847643	14.476749053952465	
381.7541834329754	183.7335432415395	12.432610239808625	14.852375537581734	
383.32904528964514	183.38834275213623	11.985471095906522	15.12575010901332	
383.79042050933697	183.54872397425035	11.583826501481493	15.235482844486599	
384.3401549035262	182.68059388014035	11.190764153796177	15.417796929360875	
384.4208786518268	183.4736569000125	10.984991895465871	15.472091493747241	
384.57509232415146	183.1905080831866	10.99138345750971	15.172883916564443	
384.5404890284428	183.3075144398823	10.827660248049341	15.161954547111767	
385.4023093564906	183.3739308064622	10.778023039427579	15.088382021657944	
385.6039619280949	183.11757777299178	10.704116978291497	14.971124355834904	
384.82628880410977	182.71717135537347	10.736578182259262	14.812416986072757	
385.1235660106064	183.54389434549145	10.732311302616244	14.63637050873369	
385.44767676111337	182.98584482689841	10.777046423280547	14.383803112338997	
385.69327139438366	183.0480929504277	10.877595566978867	14.16640412663948	
385.3284165530216	183.04432725700616	11.079106049642107	13.866138756783226	
386.86275628524515	183.34109845364392	11.332936937959193	13.430115437918351	
386.2205538021942	182.7699204578582	11.533849275313896	13.13264600676917	
386.32444977414633	182.89685480841482	11.602693806658706	12.87961326713968	
386.94434654216775	183.46766131544308	11.787521978285513	12.617583634987946	
386.942773181423	183.36583092727085	12.050967339344457	12.404511631276437	
386.8104262417827	183.18379887279258	12.437640930474041	12.129244405373726	
387.87590561785123	183.72995540978434	12.632940681206499	12.134833601607216	
386.9966002438386	184.0347999307266	13.071109720938956	11.927520605127384	
388.8736581699923	184.29357831447547	13.033818512392608	12.120803878620016	
389.8651773118189	183.4824433024078	12.781966216924422	12.513169218901771	
390.45467325228395	183.06475936162647	12.583127137569573	12.871649526110325	
389.8001456938805	182.74317559456756	12.393440581633415	13.125490426027097	
390.4253370809222	183.43148725329814	12.15410658418893	13.505236071061523	
390.2801004542486	182.6980467629912	12.196323379304944	13.559170486914219	
389.83914075822264	183.0794107552797	12.340660001146626	13.484887842734457	
389.37483858496427	183.31886670107252	12.409245345518299	13.505238969999127	
390.4633409469097	182.3714031638075	12.208032339152101	13.738289828122403	
389.6446451022637	182.6375582107634	12.406458802777344	13.621770127513127	
390.1835648422113	182.81565831023406	12.495125424054478	13.61878273829709	
389.89861273238057	182.76040020771117	12.54723919459846	13.593578709504154	
389.6063312129877	182.7152172518155	12.691010314563306	13.460094527984166	
390.64723075840357	182.5768220289225	12.748110302707484	13.444331322612408	
393.7246701407852	182.00064042854947	12.914707817443421	13.48256571586373	
393.799179170158	182.07331571240903	13.038916622468811	13.413881992860171	
395.256205237836	181.22445595091258	13.083141130488174	13.432500426350327	
395.3421285000497	181.81415621100348	13.07032703947318	13.45639194000788	
395.92239339077474	181.59460011543817	13.08286606407508	13.478219314117167	
396.49493292524835	181.8990916553441	13.091686666730096	13.454509890990275	
396.41770834448073	181.37031417622708	13.142456112099364	13.408534875079328	
396.6463273532894	182.39371099605071	13.094914783995295	13.44252755821939	
396.44959779770556	181.73541344040564	13.053302256216968	13.432007851408075	
396.3165509410222	181.95784900722666	13.04364715168769	13.42870660933911	
396.1292144619171	181.27267432729525	13.01054056568399	13.481887108315751	
396.32617505403744	180.91339183920766	13.020063853933346	13.456532788859443	
396.0608864058463	180.82193843234785	13.069245862611746	13.392879925077205	
397.053631543161	181.54203627359874	13.001241122106476	13.442620976445873	
397.5170559754511	182.65127829321648	12.89929949321489	13.55923522199273	
397.69871142729437	182.51633832594135	12.87696122729635	13.600095581961659	
397.84319723883556	182.4287386659	12.671039880658238	13.737849527228502	
398.01189291426795	181.93517273820444	12.6085021860088	13.775993801190173	
397.99250066420433	181.93619820409666	12.597248969046975	13.739883826519607	
398.16980510472115	182.51167612566587	12.45510507746459	13.855577756307916	
398.3918592740354	181.39730603538305	12.386423522555338	13.885858789185827	
397.169418063562	181.02555108005578	12.412568313073402	13.836230043724042	
398.1310884046031	181.10255023200585	12.39029442254967	13.842449434307763	
398.16804105009874	180.70418103192327	12.388369390576845	13.840601485410897	
398.31499854628356	180.48890876499073	12.390194850149586	13.832912390979136	
397.32628929456354	180.58629510336073	12.38400890323321	13.847016272554388	
397.14849134574587	180.1791896329694	12.39104030619903	13.836133623245113	
397.1101918311676	178.8876164268187	12.545990194554225	13.6550069388301	
396.89916060758026	177.6841711726387	12.690985294328813	13.514532714285743	
397.21095273122785	177.16526323802103	12.737555681921844	13.445091885529509	
396.2287496953767	176.19209261282654	12.8163814604907	13.332977967235323	
396.11103679797327	176.09761812424105	12.935476806426491	13.199150864976895	
396.835533290201	176.79658911938049	12.996111492265792	13.123743612565946	
396.3309510287639	176.37241719122872	13.09742010747646	13.02464332041199	
