125.0	167.0	13.0	44.0	
123.31938153351176	168.07933867116077	14.869757872760488	41.92013090562873	
123.57230047570678	170.28983221619293	16.61449166980821	39.24512051480029	
124.51201571411382	171.0509647688357	17.041023205344256	38.63652696391181	
123.95612685874939	170.81691477316295	17.58850010702634	37.79533083390837	
124.31297116034793	170.95200781171675	18.407500140252363	37.1165926508862	
125.4524854177934	171.77888761408914	18.961518750452793	36.95717891825794	
124.72841568562517	172.14017087034583	19.757550794732147	36.571636300546146	
126.02258494187478	171.21348629305652	20.1019926151081	36.66258552429693	
125.98622004568881	171.1980130192493	20.536483025667753	36.361825130683485	
126.87616229238975	172.1855395917514	20.72107814384336	36.15389963643111	
128.36540201937333	171.45641855109884	20.762125399718997	35.92992454131255	
128.053620242814	171.660987909319	20.872766299657147	36.18826744498599	
127.63643026187653	171.5790048275066	21.95472320031979	35.601928316458775	
129.59399571176553	170.94608120653783	21.9318079532139	35.212643839523736	
129.92480826721638	171.3402665040009	22.59794888431866	34.886401613588816	
130.61884956745305	172.2248808424733	22.700094809202007	34.7594909257356	
131.4162889354528	172.32895369987097	22.683675814768836	34.46987742868758	
132.9570151216599	173.4758361079219	22.809355027509227	33.60848532964331	
134.58960266741641	174.5153747543607	23.02496708083436	32.57082348436464	
135.21616514080304	174.83120341840666	22.812152575202397	31.8492002479235	
137.7384040121208	175.72542496920596	22.092961372069336	31.53134840341477	
138.35089928754707	176.57219591866493	21.366681754246738	31.151695401579236	
140.2464535910032	176.74496606321227	21.07727925089417	30.539916399351426	
140.38643697769712	177.3152581486582	20.49181821863179	30.109322619405187	
141.45823051539216	177.3897340947426	19.602987196832338	29.978399797947247	
143.88798614992297	177.83022900692092	18.890343080395827	29.841995060256085	
144.9558894545824	176.4101659018003	17.92303175554735	30.398512218798736	
145.45591820421308	176.7408659392321	17.164603505856274	30.575036968174505	
145.99929150100942	177.33345061722648	16.36654583324746	31.00680898195459	
146.66868149939083	177.79249992690083	16.028881560711795	31.04462141769994	
147.2371981639308	177.56800529538197	15.635226153870072	31.372904066569827	
148.58790234766508	177.67939675227493	15.799462483601246	31.16419839655552	
149.34029749030918	177.7120939390858	15.956037991296832	30.998690226777423	
150.5056585521111	177.9086158397711	16.113853722390676	30.89754753295084	
150.878735847805	178.14432474488967	16.05257474139494	31.01054596504368	
152.5357843555473	177.80693602029834	16.21893285772237	31.2016655608191	
154.17146200077855	177.93463130852587	16.357742744868798	31.383925159660418	
155.2195057726516	176.98385007225647	15.95301330718136	32.07147642046974	
156.27110179419378	177.55209454665612	15.597395276001723	32.4971181008698	
157.47122640352896	177.59978625951288	15.212080623435604	32.99254294774379	
158.63105601908998	178.18351711565174	14.78228871943488	33.60181416577685	
159.464890367916	177.6795513222677	14.289712202056881	34.181488051338974	
159.66543357707795	176.40671516342408	13.971996327487805	34.48187819364379	
160.59548029272494	176.6731260182949	13.651002723743497	34.82788661707482	
161.25130623525024	176.17363912233753	13.928761885445025	34.55480572029677	
161.13315661661687	176.37567519030557	14.334957737901636	34.40752864450392	
161.07850462572398	175.58134169941522	14.646176844749025	34.003645017240174	
161.32120633971348	175.18120862613992	14.865482736316498	33.63502516053433	
161.76897560856983	175.2548286744955	15.015975620894716	33.59352660813726	
161.1233639007942	174.60117651362054	15.101375257801152	33.72367367112807	
161.9176684818117	174.2110708252064	14.976563785058609	34.147190984812184	
162.4509067901674	174.3461678825724	15.007945852555574	34.485461754740435	
162.22074297158042	173.40623928595693	14.829701420105087	35.572213228198606	
162.11772132510194	172.93951930633415	14.857313029670195	36.43072394239789	
162.09702393628382	172.54506752365504	14.834209263898218	37.19835737821765	
162.49473293213282	172.58647823803776	14.947653772671913	37.4631040309621	
162.5636737410174	172.44717458136884	14.963368995051487	38.20390073601141	
162.2603984804404	171.7764676422474	14.912196030776382	38.999994423232025	
162.47500476241976	172.1466054634856	15.227074461603383	39.05441928428609	
162.16354857680713	172.06458308578303	15.259573365411232	39.72659625122807	
162.3880903602313	172.8969652109676	15.467453416692173	39.496584373989684	
162.03211564964008	172.58387863048682	15.433397625115095	39.85624441705686	
162.93852575284254	171.56520682244442	15.279282518967392	40.14117579128827	
162.96337309601003	172.01248090028673	15.275852533105313	40.66021442697636	
162.5761100531802	172.04943784843303	15.474907081489372	40.928959010790926	
163.34252706609138	170.56774725842018	15.305334517290465	41.56869798413838	
163.77571014017192	171.04288801694616	15.311467075022529	41.962201516259675	
163.57541121097614	170.65094668699467	15.339117883761899	42.40123140735779	
163.64522322344263	171.10476204566527	15.501127963554103	42.55995168835525	
163.95704078370048	171.0540805275051	15.560694162204305	42.63410247735789	
164.59894898408186	170.29908769555328	15.24593062107481	43.087021274286414	
164.2864890774093	171.31979077219074	15.239981060322805	43.01625244028957	
166.0678145535124	171.05141531966777	15.089590249829595	43.44144359791382	
166.12041862430877	171.3889880269279	15.15245512634992	43.64662828683583	
166.04301823557668	171.41882198505715	15.450255132028067	43.48870365065991	
166.79259246311844	171.47739432982831	15.676800028368156	43.27944015837166	
167.810945051376	171.82832194327005	15.61649759609456	43.32598369692823	
168.74936648606513	172.588772086978	15.46921976530142	43.3337928152901	
170.24757856156805	173.10748230683967	15.579417419806708	42.76092492514012	
170.81550544749462	171.12481571595677	14.872090990020645	43.64640567438041	
171.75999242706482	170.64380606043778	14.48317803271373	44.5252921939366	
172.5025886444334	169.39514054285988	14.347270153822903	45.05834097865993	
172.1678348525581	169.69168845191007	14.51446063976846	44.6905180361024	
172.83429626193893	169.8662061012559	15.115767850028353	43.590644584649795	
173.14539853492198	169.44079995942977	15.275685770564964	43.47685227629048	
173.56397922227526	168.74264221592466	15.292368144541367	43.788627736827955	
174.44209782247592	169.35789627652917	15.222730333604863	43.813171375771276	
174.98130403769065	169.71592223705255	15.120444132852908	44.280149751673434	
175.61233887124428	169.99674128452762	14.860690395492666	44.11838989500914	
176.1244955530365	169.2730051923594	14.703406805444452	44.059920913719495	
175.22683581382285	170.26001088187385	15.030688439181596	43.17114097457352	
175.76404247101993	169.915057226251	14.889579692389493	42.850390633063036	
176.3553827963539	168.3901624935628	14.68901644324182	42.80306352001277	
177.24685478528832	169.7751737384312	14.516010086918678	42.913876020476785	
177.50513055731432	169.8623887765982	14.323840717658845	43.17509966946039	
177.55000370739094	170.46464401624942	14.306578560660988	42.92644241496079	
176.46408099389222	170.9472404697287	14.472829896380881	42.46899434033477	
177.0559794958729	171.05614305514752	14.209341725573816	42.70887705659796	
177.75178123117388	170.53134838784922	13.94620853643888	42.932136570625495	
177.46516499713877	170.54484168949918	13.982155849263453	42.88947206065144	
176.5360858484821	170.9482314764265	14.09219995897208	42.779720589865434	
176.99438203619664	170.216881185407	13.781412496783776	43.28373035083548	
177.38371144229308	168.76241148553297	13.59002290715997	43.60383511889736	
177.60289314201557	169.60369187509522	13.515638327394903	43.761763844278214	
177.23577948935193	170.62286797753106	13.646672156132922	43.3140089184452	
176.7109649661458	169.8839598617949	13.63721866637668	43.27610496398901	
177.37546880191172	170.52806111768442	13.717695575578437	43.391260638445715	
177.9135062890989	170.7641942500387	13.683938680412503	43.471898426700335	
177.11893611255567	170.0444615343247	13.998639431462612	42.95344226250311	
177.89212557960724	170.01476075001472	13.900405051293712	43.091052409111974	
177.07056877348603	169.83734810951822	14.134722497753124	42.94550767512214	
177.41565823336146	170.77679440234166	14.527607084606446	42.50692878764544	
177.65738341207134	170.36965467008088	14.492442614431098	42.59544209046188	
178.23010347836436	170.2930246808616	14.615803365804545	42.54923714138283	
178.41503703206706	170.39014074142574	14.635012474199007	42.62906126971074	
178.97473475011233	170.65931899593377	14.779144325628687	42.483060501060805	
179.5239793832023	171.73122120216834	14.983470743320726	42.051397560892276	
179.99478483692906	171.08379688228746	15.171717696593799	42.007291909064726	
180.65558453837232	171.42261189311185	15.448951581708462	41.694968541565835	
181.14468543246437	170.94466503244533	15.555872518591029	41.57657623172116	
181.52578224020826	170.77529142227888	16.067106447716064	40.80650383288994	
181.7960697944142	170.74126976466823	16.249812247862945	40.59337949205493	
181.8172099507273	170.46642968134333	16.83554533994181	39.86569619920158	
182.77850801876755	171.67604882416498	17.079190526624522	39.62810148968361	
183.2808081253226	171.5233963234954	17.06837570807313	39.81541990061624	
184.7704704574763	171.40574041227072	16.97909177605382	40.219448425753654	
185.6432940095611	171.54631681243114	16.6816226214526	40.98653696026958	
186.39851037397585	171.67542940021397	16.779708779966004	41.18340876088806	
187.4578808958057	171.72461627989708	17.053892829087214	41.155563692284396	
188.32144860747422	171.1105471450736	17.208652600103804	41.36274897592765	
188.5274222489441	171.11046953390797	17.324552517261502	41.57938534390933	
189.24347973923997	171.92364697503717	17.422280746185052	41.521546031232155	
191.1626637010517	171.58681029280058	17.34245770126328	41.7965569820609	
192.686508021455	170.88919829411876	17.022836716293153	42.28666349055635	
194.0986444291851	170.46852619009624	16.572710760485283	42.810542997587454	
195.29419941353476	169.7740959587067	15.996836217756421	43.59107350001435	
196.2992663534715	168.3549700455863	15.675857923192714	44.147551010707026	
197.90867709224688	168.419425486406	15.606094860611593	44.32332052495237	
197.5706534477936	168.60845630789092	15.52853293647121	44.19965096802532	
199.75296452402748	169.75793385180398	15.405806118057825	44.213508954301076	
200.81364963753745	171.12773455953743	15.38017216919315	43.864034033996866	
201.70203429703926	171.90246172706793	15.685077039308142	43.09793457910308	
203.09740564051455	173.27164857922742	16.196873337281698	42.1795319472327	
203.73655724444802	172.80460942712836	16.63348980455352	41.22816909736951	
204.41626593973643	173.31573743163906	17.03166934282427	40.486331974479334	
206.12536193356186	173.28602554894542	17.314209161731313	40.088260535825	
207.08607886805194	173.05984493388073	17.26936289814121	39.84109589686517	
208.71183045009076	172.69185459493258	16.794650787742057	39.54966074793919	
210.38069652879656	170.33762985084365	16.025100412417313	40.37556857355153	
211.63100255880133	168.8235626625727	15.309067414190169	41.293038185779636	
212.7179783901958	168.32301147649858	15.031556142192224	41.743317871261986	
213.3115976539211	168.90549692085995	14.854051189389196	41.96226877238111	
213.4020490696465	167.9106185516956	15.017743036138521	41.49529954919882	
216.41017584762218	170.14665883372325	14.742364035075456	41.777724693266045	
216.86071725315975	169.54377205230574	14.959793471505476	41.562216833252386	
217.24639288889685	169.87071924650536	15.223520059752145	41.408866252057344	
217.9597450460235	170.45167930853066	15.606226569001224	41.19287720680149	
218.53325518473937	171.17400274161312	15.926152644537282	40.91674532795371	
220.36366688315834	172.13425236472403	16.415593745591465	40.277067668363735	
220.8439703052463	173.57785827197745	16.65499873830364	39.59042596341339	
222.7165517842515	173.2419769231135	16.436167511297494	39.58499726474069	
224.6062646686832	172.04165897116036	16.032126115906205	39.6844695090751	
225.3027782913272	171.36687595305244	15.178313449345241	40.25877091415139	
227.59715241852524	170.87021580177614	15.010687083645779	40.28652087970502	
227.77282437784615	172.09315170058665	14.77075948348673	40.051639499981256	
229.63539564336256	172.52233374495867	14.506458385872955	39.892215157208625	
230.9105820253502	171.44502538539805	14.188934683580614	40.25126608252273	
231.78963561284357	171.24655333779452	14.16971140944723	40.11610832474082	
233.108824798088	171.1124962843882	14.417203109266117	40.084267629425575	
233.72525484017473	170.60523720795558	14.75583014102765	39.87815287316222	
234.56995054132352	170.04360745802407	15.044058717453765	39.66908713849602	
235.5583814607222	170.26119681976462	15.123909634304955	39.25702508058432	
235.9565718444427	170.04542737859677	15.300947450399558	39.27117878377947	
236.1827420424466	169.3046887726538	16.038167852734407	38.68754231026648	
236.69864687496303	169.90719045055172	16.648598229252208	37.988488617812365	
236.75718285453183	170.0193318738756	17.45533829264609	37.52356686486378	
238.85920210595822	169.68741215682527	17.554214493349566	37.513550535707346	
238.90158660880869	170.68236601865877	17.447921742725853	37.66619166537695	
239.8021102649079	170.16013979110292	17.76294486895158	37.22888813011075	
241.1659614718059	171.48658129762978	18.14814631585346	36.49162220117101	
243.1109125950753	172.05094189225895	18.197748492564703	36.12727362883259	
243.78651766684854	171.63136322234217	18.23528937424001	35.8368746093554	
245.4187041492453	172.3443749444904	18.166467318044077	35.56344481420352	
247.51382121030682	172.0476213395088	17.890666243593095	35.61323389637682	
249.56712998068113	172.85393499250537	17.457526762031016	35.804013184732696	
251.5097644457388	171.46726779309898	17.038818333218064	36.0773512271484	
253.0647825080606	171.34095890555318	16.25847859368986	36.524518528037135	
254.55707323233224	171.42986549474338	15.655428722595925	36.82635171768182	
256.8483153534822	171.01246013634994	15.287228987643159	37.08648749839769	
259.05269584633686	171.22156040338234	14.775350355390858	37.21867211445063	
259.8233731424671	171.46679673258714	14.39818465705457	37.24704752802115	
261.3921714408284	170.81176151651962	14.382823899630157	37.229975458808475	
262.1730442879663	170.61580403977183	14.228679578832214	37.43722553390918	
263.7127365379477	172.14474617873373	14.580117582695902	36.91932308354975	
264.618498432376	170.67878691418767	14.720551384293639	36.88032950054409	
265.6660221152369	171.1308826854955	14.833005944734785	37.00490421865491	
265.9734308615597	172.3864671908023	14.963023428675408	36.6241145430368	
267.81701210474927	173.17750406043828	15.109522459753757	36.23438737332006	
268.32512645566106	173.77554918359084	14.949657756171245	36.1919806929482	
270.16715075899043	173.4437004063383	14.78259199522203	36.18890323007162	
271.14239409822886	172.46567626098206	14.71336722030312	36.09079239344506	
272.72216323918764	172.8750352601526	14.461706374432039	36.26504489239816	
273.78083064041766	173.13156026368588	14.178571571933052	37.044959693616505	
275.8685247670426	173.18619034843303	14.030889558948484	37.3754542258789	
277.5999662586785	173.92783327502102	14.349484606107719	36.856861684955895	
279.06374593437386	174.5614584387524	14.803606594009063	36.34121806615495	
279.74708945375374	175.06845150666229	15.125171072377524	36.14793806836711	
280.5262994970548	174.33853509322455	15.443392253985346	35.83531075897413	
281.66998859659867	173.79696661262417	15.417867422721267	36.05885905851341	
282.70091591312354	173.61603550167516	15.414269378777366	36.15096054030524	
283.65825636442656	174.34759393647008	15.14798578078554	36.63449190451974	
284.2467711259315	173.7248894577452	14.80544625267482	36.75275597877736	
285.3591297257464	173.42499820172566	14.44470772804983	37.01751140898	
287.2808968170894	173.2971519052136	14.31166544328168	37.08842262136969	
289.9600399237762	172.52566146915456	14.099838641183412	37.44614410167933	
290.5518872039312	172.0735302567847	13.662151240430655	38.1599956037277	
291.8111779360811	172.1938436119709	13.606940186266312	38.45135729283953	
292.6180665189731	172.25687111381094	13.766198912464072	38.278386688120065	
293.7252568871736	172.33227993952372	13.925029558234401	38.26124554879006	
294.6326972663643	172.71140257923156	14.089477635576305	38.01355345486984	
295.55258095261644	172.6867516170539	14.231414482218634	37.91800165099619	
296.83510006480503	172.64983336675635	14.480803767659962	37.65657552791925	
297.47619021727405	170.86400431289348	14.366614535477618	37.99319496463571	
299.3511047401426	171.76166369224086	14.353146898814705	38.241813111324404	
299.7254555960535	171.37506825679642	14.288425259109625	38.11158095020802	
302.9557201817092	172.123373510073	14.167125845553286	38.02216193004395	
302.68871995174896	171.26631015216861	14.027734960542283	38.50173972495768	
303.80467645882806	170.76153731319866	13.749274765536219	39.10606984388761	
305.0926025391509	171.16784689271205	13.55074037358751	40.04075857488799	
306.5789971224271	171.03452795552593	13.774163324625349	40.30935312790167	
307.8612806238184	170.77707636114854	13.853671638103075	40.8839309995299	
308.38518852947226	171.03652079302645	13.825016959386978	40.83816323852344	
309.31371147769414	170.9773870129619	14.24992823416531	40.140855826371364	
310.5694938962465	170.74213336631988	14.750605330527877	39.5431256122226	
311.87179669864446	170.81212873541935	14.995657049598043	39.58191392143868	
312.96015253346775	170.25494110132814	15.079749079482644	39.36714560387462	
313.31383903950405	170.60118876597744	15.010979294650957	39.43394112090004	
313.9423363966993	171.23604744566268	14.930484064750155	39.681927330956725	
314.86550535694954	171.04060854904168	15.341934197911403	39.48968154422674	
315.5887098092352	170.61665036419134	15.629819813392118	39.5796001241684	
317.2884568999046	170.98033909636678	15.76189089054039	39.06623077807034	
317.6377799038406	171.55102459093428	15.88342432019846	38.63252250781258	
318.00231019418953	171.96881247461977	16.232645225258207	38.06625732134686	
318.3980157054473	172.8605561400566	16.78991456944698	37.49948380971777	
319.0567209219855	172.70377384846742	17.551829048523718	36.80099170199293	
321.7794981039888	172.09509674352415	17.535641134678393	36.76908129319661	
323.3284764472456	172.8921064243652	17.71980731291221	36.55589149364702	
326.1114007174544	171.5254969277152	17.471197015007164	36.91357403269538	
327.4580671262527	170.379515917678	17.274862691865692	37.16544056171869	
328.5067548751478	170.25702808129213	16.875579461275358	37.42571791011679	
330.10523965437415	169.21101971217124	16.526713420180084	37.70007199752985	
331.17026248125103	169.4757287115041	16.317700772214593	37.84695841477401	
332.79839746771347	169.04309624607637	16.126246453433808	38.04067244044037	
333.306991490482	168.77880501647732	15.907866380963132	38.19936344930528	
334.5027677592887	168.54256202331916	15.532039083432762	38.55088281300645	
334.77557988810213	169.4275871306627	15.49907660335646	38.41631360062031	
336.19215440224974	169.2714854583215	15.51517003289736	38.26662243052603	
337.53448079178804	168.34476210878066	15.518074567013372	38.19123054273828	
338.40718220564526	169.0077470748604	15.501596744628376	38.14821559041672	
339.02018037707205	168.6832562575419	15.50103570894446	38.12623908034799	
339.0373209210569	168.01100437715002	15.50253397195829	38.12147448617425	
338.62684257911815	168.85760407319748	15.504812584919152	38.11313261653714	
337.5228097188256	169.29306997287514	15.50661098671431	38.108779395025266	
331.17651767687033	171.83991096183266	15.581330959663733	37.77103563997575	
327.0145258308966	173.37650222429838	15.738363820684548	37.40081541661316	
321.0027459821983	176.28715594188662	16.191306879837036	36.408917515270694	
314.43350846134445	180.96734202138475	16.52951188094954	35.365421759736854	
310.5097240150408	188.93611055794483	16.88487399374324	34.22174056836869	
310.26429382470326	191.49244029753288	17.12028873173044	33.3706653476756	
311.3587880365734	191.5977481550057	17.364919717298736	32.516587111629335	
310.37101295383474	191.80041906400353	17.49173234169698	31.52260348682923	
310.23271844679573	192.99718343205825	17.514885286708907	30.86650609016683	
310.5122767064963	194.53799560274794	17.584671167596607	30.35952395008242	
310.6178160296564	194.9311041770729	17.697294253479804	29.69531821948692	
310.00020289701877	196.15360332554783	17.785841496231622	28.981942342282046	
309.8552259327641	196.33942157808087	17.813485753242226	28.29204568863096	
310.2746433733383	196.76391173026354	17.857603913531037	27.58508555111188	
310.11181271286966	196.796862521875	17.82288381815761	26.98688081635132	
309.6261438600023	197.24302480005701	17.764460055823875	26.431039606922184	
309.94823975960867	197.4267620787381	17.705706911046615	25.80700143185879	
310.223358167063	199.1009912595203	17.473040356468864	25.515140726623528	
310.43146663858215	198.92240547781688	17.400485868158754	25.015618486780514	
310.07783291708944	198.70486996983902	17.296786305548967	24.455368017899485	
310.42978324555816	199.13562792854006	17.120332707063234	24.01918960400912	
310.62955225248646	198.448129281727	16.98484210585507	23.55909390376627	
310.4470301557569	199.4657549514337	16.72236841332091	23.130693022437452	
310.7289374519692	198.74343350162178	16.456806922477003	22.713467535101973	
310.9535990296987	199.083929448648	16.159850753245582	22.31682551014633	
310.92730529826747	200.07863667552644	15.840775655830402	21.985280014688577	
311.0263502222468	199.18697181996504	15.574190580935067	21.54093167058046	
311.2090684258977	200.2885607712219	15.267165749251378	21.140922266422187	
311.089326148822	199.92987764857935	14.967268468128774	20.705461877469325	
311.009464873087	200.34879637533274	14.542401377774707	20.3247272143131	
311.24570602398444	199.97152201912866	14.150474588405556	19.925194652182856	
311.5915777415085	200.67252942908584	13.871126251784236	19.57359009701673	
311.61591156254315	200.91494423152798	13.441834973132242	19.361605440901375	
311.96249820393155	200.37315697685392	13.09674110336577	19.052918077976116	
312.21998771076017	200.83805365783678	12.751660944040713	18.68662095964303	
312.0563350914527	200.75440616256162	12.402342641674343	18.447761139017796	
312.314339142867	201.0444431987432	12.070167871865607	18.239861114917385	
313.186388378381	200.72889549767052	11.698220675087377	18.102037199642766	
313.0775202608676	200.46515596266048	11.372235217438948	17.991258488452793	
312.96825429277055	201.35172676844968	11.112071142735152	17.755532057080863	
313.28097936231825	200.5375349092273	10.877788240922934	17.55537974020195	
312.97309688251136	201.35278379450293	10.620236535820426	17.3487829169899	
313.321296326923	200.59625953996328	10.40602193124955	17.239669242968066	
313.09831237812	201.37027546137693	10.14412583097825	17.210496314399336	
313.29000494632453	201.48756193933684	10.06359898084727	17.119579768735775	
313.54353760027425	200.5027711461446	10.035617273854003	17.001546311391422	
313.77331473573577	200.70219849673333	10.011726812653666	16.89770748450883	
313.9423881589509	200.9318451615024	10.000000417103328	16.86837288595486	
314.14696271311686	201.0644951333635	10.00333062585956	16.841797609241212	
313.73206757921133	201.60115456591004	10.0	16.8677225867026	
313.84826248521614	200.73718525925824	10.00367492806396	16.733780614163248	
313.3802452256236	201.43154726471897	9.999999723593689	16.791526542573877	
313.96975970570185	200.9123565828221	10.002935028227956	16.81212598463251	
313.6079843510818	201.45576335872815	10.000000827137887	16.825650502333097	
313.23537800659034	201.1786475360469	9.999999861272375	16.896298576121637	
313.4605109782423	201.38288222375047	10.000000278638089	16.84967810681015	
314.07925346350663	200.79965154924582	10.001978583527267	16.862668665906032	
313.66314239456204	201.3638385624294	9.999999587532436	16.896703305137244	
313.860918728377	201.567761230315	9.999999860750517	16.785357315572146	
313.4965696539027	201.29379099628915	10.0	16.757515932966214	
314.086546654025	200.83681295366517	10.000000277183313	16.81734499917681	
313.6732839000687	201.53293789340472	10.000000415183768	16.789391247514587	
313.4994184118961	201.15298744153483	9.999999724462798	16.76344523584804	
314.19618980943517	200.7156730914976	9.999999441037255	16.88314879809831	
313.29501050103715	200.99459789054202	10.008057696283737	16.883377808595505	
313.4903625771151	201.09754873681837	9.9999997248698	16.831041646458495	
314.1302491517251	200.52989486737667	10.005491083076121	16.86259753943911	
313.21394404046157	201.531157234206	9.999999448872327	16.76655079931333	
313.82243661481544	201.0806111495333	10.005927463774068	16.83985284465093	
313.6158090662678	200.73648756027967	10.014319205215472	16.841539218069087	
313.32390022116414	201.4078107810023	10.000000556038197	16.93809980794969	
313.49380632149456	201.56213686624665	9.999999583901632	16.84473090890853	
314.1820992775619	200.96995765269833	10.00588042849754	16.843429016494582	
313.86367477651277	201.66697516458365	9.999999304222136	16.916543066147746	
314.09612679398936	200.79346068494212	10.02412475428541	16.847903707558178	
313.2699689937857	200.94613155714555	9.999999586732777	16.80546699058685	
314.04038239987455	201.43925890347904	9.999999166879297	16.87401498910355	
313.1976774156069	201.6248513367536	10.000000277037964	16.901600815962837	
313.3719224545249	200.80678225771055	10.001648345254178	16.85807705413476	
314.05246484045927	201.45232154735552	9.999999446907673	16.895974842135868	
313.20705617776736	201.67383463906313	9.99999931020942	16.870489211285133	
313.473935590728	200.71700214321186	10.00346738168753	16.75696499178584	
314.19197536814806	201.15099552706778	9.999999861188476	16.874659400760716	
313.3777150070046	201.2307983038642	10.000000139268705	16.939639575359635	
313.6775022127311	201.50718933818106	10.032034031056838	16.853865500694244	
313.8907413459501	201.7310729752068	10.00037334111976	16.784769350914786	
313.5817957288085	201.31891604038591	9.999999861509119	16.772558080435157	
313.4274947088764	200.93529400164684	10.000000690843995	16.758861517946652	
314.14030175470805	201.4928263871332	9.999999583808115	16.794219588424156	
313.8294671604705	201.21212833361054	10.000000138183218	16.827613898805676	
313.56768468073744	200.7896234046953	9.99999958524838	16.801252148452097	
313.28056979642645	201.3934490301379	10.000000414159208	16.816077637598642	
313.995321627587	200.9789889483901	10.003968996927211	16.86004613761122	
313.65928753504454	201.74706951150083	10.0	16.929951243067045	
313.80375428711903	200.96193139604645	10.0	16.840010679125406	
313.3778556385174	201.49182058329532	9.999999589264807	16.86281859919512	
313.98710392837177	200.89049841828452	10.026605340189224	16.74722630383167	
313.6583338236625	201.62955867066242	10.0	16.86305043080575	
313.44428640342824	201.36394945047883	10.0	16.92318962552881	
