126.0	15.0	32.0	33.0	
125.0082239593005	13.562111236067523	30.8899956139103	34.44218308459391	
124.76497554588805	12.734221443163737	30.44073249976901	34.81442691269132	
123.45506353147957	13.117789316295653	30.188994861075216	35.18401518140054	
122.26284795250056	12.750259638667304	29.926442337544437	35.76090371383707	
121.44994689350233	13.593718259774496	29.86738261715488	36.25424033264838	
121.04670069839223	13.053679209035598	29.669513860659595	36.521886453489714	
118.98652676700362	13.083402704779358	29.68866043884273	36.78001633847562	
117.37559744403673	13.086645735922126	29.977369784070092	36.88597233827888	
115.61790679882868	12.436733629810336	30.294032905583823	37.009112026807344	
114.3494895941991	12.388644027952118	30.259911251668118	37.24663493767636	
114.21002736746816	11.980749834270354	30.292289344847646	37.34514666073013	
112.71721511977329	12.589424290752644	30.43121830030881	37.80150843683305	
111.92370364768361	12.818903508308823	30.543152937247783	37.859039896770206	
111.63305211827489	11.573980729444258	30.93538480666127	37.79722667638492	
110.2101542192683	12.035900632369692	31.077802826220797	38.04877594005485	
109.82839330130703	11.588907021663129	31.06750304175915	38.1887469421966	
109.98779451040153	10.867784075478678	31.124845714314304	38.28487059649108	
107.94978922045628	11.159447981171835	31.0453887363705	38.39154336332199	
107.63761464426119	10.455090147146922	30.829430998341213	38.01752633893869	
105.50764518935526	10.004349951359474	30.722197579655976	37.71235357084398	
104.76380942064453	9.198618958121674	31.20083651474785	37.28113812246715	
103.49938198872147	8.777551543487721	31.162505257427917	37.347269787379894	
101.11811576540013	9.0368480844941	30.67322875560969	37.94142633527147	
98.77485436618673	7.593801585831903	30.72001389785194	37.36704961160347	
97.47027916072517	8.545414110437843	30.640953670382874	37.47665932778751	
95.32275985860123	8.215778948489323	30.30018426833166	37.32425760930981	
94.1509360123146	8.493899240079866	29.646862570624386	37.27923947593232	
93.82010639619934	8.370753447529399	29.192946069814734	37.5306988540214	
91.56961260385756	8.709843774311492	28.967348381492158	37.34106763122829	
90.05769320174869	9.122318993096174	29.214045706649216	36.67772464167144	
88.63062042466447	8.90769272467349	29.3588872475318	36.366995708245675	
87.37923497725996	8.309204729905291	29.697135876995983	35.96013731182396	
86.3548631416762	8.262475976130643	29.994839358299743	35.58540071659322	
86.0609714629167	8.488633062077087	29.961639915172746	35.64409387288877	
85.08734696158228	9.18267717123888	30.142297658395183	35.47983999840078	
83.78374951494912	10.409725296418156	29.784291986320277	35.415816114985375	
81.9563358854373	10.15872182587337	29.629587404647122	35.14939947265169	
81.15982097147759	10.731880568502048	29.398666709225168	35.02470328800654	
79.14623155519999	10.746438583148972	29.460744980179996	34.959252875047596	
77.72970947485955	11.402926267524348	29.473607771823747	35.33771667702799	
76.84403644537839	11.023088670778254	29.526088813754196	35.34934513870587	
76.34157959221233	11.864495845325006	29.869553767820666	35.624959510291575	
75.18022370046201	11.636965050280429	30.05265178483843	35.76036024452162	
74.29505637065353	12.35018380013027	29.987824806702548	35.69503045087338	
73.94555461283504	11.796671879169041	30.010703108850237	35.900942128596995	
74.52539334517762	12.187139698676342	30.07774400101727	36.27640537201359	
73.62064744808977	11.969662373831547	30.10342162899487	36.28544432990556	
74.24915395320437	12.178623636956498	30.125390701210286	36.33061715681739	
75.55571819440195	12.61081743055627	30.50437426969065	36.11025924474353	
75.33133880782368	12.545269563931594	30.493837012143107	35.691774299978924	
74.11628374190046	13.105146976962695	30.192449931483395	36.071502461856895	
74.2403434616267	12.954284282429581	29.88212470858766	36.44255317534633	
73.10010366118685	13.26821029953544	29.828345089503216	36.548559809000075	
72.02236308040735	12.924507121519186	29.694564639628197	36.50943559747072	
71.06501312965138	13.79041590857877	29.660067587617483	36.667588381796406	
70.15469818873808	13.537531014975244	29.72530963486249	36.614328172908884	
69.60489638170576	12.8785382296902	29.641813400834135	36.29775401513102	
69.06163404347359	12.691989973396268	29.95954540050352	35.985855337884196	
68.5525197562939	13.157367087730586	30.200668078665927	35.73943072545901	
69.03380334306246	12.418660373001797	30.514866664253415	35.55190350595235	
69.29401882096623	13.80005162265669	30.477413683818675	36.14939348819292	
68.97345324386987	13.92946172400335	30.453073402037614	36.345933748487965	
68.96974354210725	12.715359101859264	30.304038675372663	36.372922373306615	
69.39718803309283	14.014732260574393	30.18657208970786	36.38040949705034	
69.8253011806686	13.543643235277344	29.768819749595252	36.90722675105053	
70.25576836792175	14.465240411460217	29.475528658119224	37.33620254147209	
70.11087252460025	13.481519578254629	29.47293571156824	37.54729716417851	
69.51591951436926	13.172256946099436	29.75043291401534	37.4702801398277	
68.71148728914523	13.622233630528052	29.666709304968983	37.67220753023773	
67.51070922936933	13.832359925267173	29.7742116715647	37.37933701904363	
68.29423425390739	13.295963680443855	29.5940457626981	37.40589334098309	
67.4652300261118	14.01021305255554	29.55798756660142	37.32871960699851	
67.5646831423444	13.912672988187351	29.22644295888908	37.686740017930404	
67.767102481848	14.051398900801905	29.092900287197427	37.72088824641141	
67.9928256744307	14.421037717949194	29.004496860990322	37.7073822813563	
68.26437319001008	13.907163403737952	29.184220647429786	37.417410584130735	
67.60825289927544	13.52665639907506	29.060926496206324	37.387345245098075	
67.76822734314186	14.609555368251348	29.06874724471319	37.418647123859486	
67.59763601024562	14.37955172771761	29.433889551345914	36.84041946110212	
67.19821506614038	14.203325103039754	29.58217243896702	36.61604748554644	
66.70386441253828	13.8180679847368	29.456873001129935	36.7013468322592	
67.16850443328237	14.645420594483427	29.490616707314107	36.894668365976834	
66.36594326342859	14.230049097224656	29.635968999465355	36.760292663809594	
66.70368973856438	13.937627191156038	29.929322459080502	36.797117884311305	
66.41841021058033	13.779629030806314	30.001072418269843	36.86385824092474	
66.08397083181677	13.841265512606563	30.497332881625372	36.490058080585754	
65.57171879708409	14.138217685527845	30.739839844022267	36.401630100136444	
65.68662116767817	14.92085205847778	31.009389382618153	36.53512552934422	
65.36631220888552	14.467647448832592	31.033027028168636	36.94147053735994	
66.27682438542679	14.36944253513181	31.124291410674427	36.84098742080217	
66.17204392047539	14.538026189797455	31.344848655228024	36.68060567605109	
66.1118567600165	14.919156282487831	31.195411638707466	36.86520582357545	
65.71018822121391	14.783707947648246	30.91635856702064	37.19239292821962	
65.88364306256672	15.577105109152074	30.554544267998534	37.8516249622067	
65.6150487834787	14.618696922588647	30.30074128396767	38.32152915455443	
65.76100216239772	15.185450674578485	30.24011375761253	38.558221833499765	
65.97077510088108	15.07538721422344	30.242040140586315	38.79227257951049	
65.22973820491917	14.776048570910435	30.1638816677342	38.993860959201726	
65.94792790151135	14.9079456608568	29.719423246485377	38.98884576082836	
66.13376060393114	14.20715443927675	29.54136240163009	38.74461453676556	
65.77209684942986	14.092494213712454	29.65136409460856	38.47595953530539	
65.13184903401235	14.636373995322208	29.589114562065227	37.98523734987098	
65.5769991065858	13.790959196864332	29.556442387707314	37.617803320666916	
66.01889658791625	13.704252208136925	29.58997828883576	37.169907624918714	
66.24715365390938	14.064619186213799	29.679556775762112	36.962262166071	
65.99802901553674	14.281394378797382	29.743827621039525	36.95074807152094	
67.03838912221437	14.397218647463776	29.5684600921099	36.660263193817144	
66.69221459285075	14.019866820593434	29.62122776990803	36.408704262203194	
67.02339090216691	13.732534396005978	29.61550746075713	36.103478313350784	
67.40659153762978	14.229712740444063	29.372237141957918	35.80264655800793	
66.97466947749726	14.303004753507915	29.40331785956533	35.58296366594026	
67.05371719405288	13.346758696059362	29.308705458561047	35.33688320603777	
66.98447918762963	13.286617540128939	28.768344387898914	35.3870956115835	
67.12906755033526	13.531543440867946	28.00469404086536	35.68808763285834	
66.37744434444046	12.956314301507923	27.88339106886406	35.3622862484863	
66.91710598032405	13.049275447386423	27.58437370701705	34.87237883782227	
66.34116993994041	13.548528623652984	27.415046162779273	34.59535717757727	
66.38080990390367	13.810191973934236	27.41777218423204	34.329327536180216	
66.67351489422755	14.11011463397017	27.403857764297936	34.24615517387298	
66.77298807608247	13.02342433148426	27.646389469708616	34.035579580813334	
66.74786453879663	13.248291413445925	27.538101788578455	34.03041782925992	
66.47487078404339	13.519447405173462	27.259978484097605	33.9805261310524	
66.74920374324303	13.168668574916888	27.233041349542084	33.9081588303589	
67.04006296484786	13.859622436235048	27.17793620989672	33.7723098367774	
66.93820912236363	13.664847525022061	27.231513775274482	33.97609943956348	
66.10741393169306	12.846159006943978	27.445444109919126	34.00719570718049	
66.0775775152082	13.012992643249811	27.691851003414154	33.82580936673817	
66.08175208069711	13.021216838009407	27.82892178858223	33.78179712251609	
66.82134055230499	13.09768440239681	27.519846996855037	33.827904157973414	
66.27190188518642	12.922358154105106	27.45508482722381	33.78683773971203	
66.45941843058408	12.464274738710277	27.35123623644309	33.94958087773328	
67.00562146604373	13.177695969002656	27.54275347921799	34.05365631091721	
66.96682914862858	12.420877943842306	27.461040072078703	34.39529704100876	
66.72123386716333	12.32629651233016	27.353721267980784	34.46007600869137	
66.3969886678575	11.899979349404788	27.376485496367657	34.63074692139958	
66.11319036177282	11.354851561071026	27.327153608565006	34.83405577011133	
66.25275336250638	11.287593955909523	27.555354845699583	34.65225465101811	
66.4092962686222	11.094564618293438	27.58860157770545	34.47281256942773	
66.17943898034882	11.39352076108756	27.934688317195324	34.213780058859875	
66.3312265608574	10.90675557786613	27.85325664698467	33.99624082659795	
65.5527387431015	11.84944277641657	27.868727577188434	33.66528727666141	
66.18775897603496	11.05566392054978	27.837897219604077	33.48161226016851	
66.10036234184605	11.305346890355624	27.86242229167591	33.08254775637233	
65.72712843827927	11.677507695267849	27.713656477211174	32.872106192738975	
66.09822905947881	10.866744611345238	27.99578350165435	32.0526021456496	
65.77736443858592	11.546827091623772	28.077998241438223	32.06229989756142	
65.13205838907639	11.248916654270902	28.280075434284715	32.001236952539394	
65.01198435102776	11.810628117186884	28.333304405380773	32.296623568493885	
65.06615887978823	12.049462948441404	28.343836857223533	32.701179511506	
65.41392391827314	11.859883920095553	28.433145490572546	33.27366484497019	
66.11791513819533	12.192393223244046	28.356113761057546	33.77571420547595	
66.31650153804668	12.131405717838117	28.19110615185383	34.08987192022248	
66.29545582697634	11.671071336085227	28.08195674829088	34.2687184011625	
65.86510479845516	11.288203089065117	28.277487685570907	34.365204061185345	
65.21132617462085	10.548536012608922	28.87509489157106	34.513613065416926	
65.17094355101324	10.443484588644383	29.085895325980964	34.83118540504554	
65.54682657773925	10.119738490505956	29.04416238282916	35.04823760082022	
65.29733832516709	9.564709208441592	29.303408718903842	34.97323633149212	
65.0948807544111	10.201344002919535	29.41628269908364	35.06921560606576	
60.748341158023194	12.361042920477939	29.38531139421776	35.36310484084217	
60.826231555620026	12.544218707781111	29.271584803498136	35.888050384452676	
61.64968242676493	13.186074441488966	29.514302750091527	36.28836275977498	
60.92746621243482	12.028800013353251	29.666023447650105	36.61126412799936	
60.37775145228684	12.203510902604767	29.905518122240174	36.95047986633772	
60.245889860886436	12.317258246316543	30.512058648983004	36.94441489513147	
60.03216415349492	12.072767839578288	30.789718460577237	36.99309180059255	
59.872076116759814	11.301208426573039	31.16422818563885	37.00118613858861	
56.50689915498798	12.640931261991245	31.032165839965394	37.218180272990615	
49.07760215410892	18.26281882702174	30.412474079815595	37.28731004469259	
46.8680807360232	22.572656460114278	29.83812537227728	37.30188959756427	
47.417910026861804	22.769014117714455	28.757923008075377	38.12658532121709	
48.63319653656113	21.749675828724946	28.144198925342607	38.54337535647727	
47.62084736158587	20.43475818138501	27.868324380157638	38.71554083665756	
48.653773489769065	20.272815072055778	27.09449754260152	38.914740023683265	
50.61543513246258	20.173768696895465	26.456059526741875	38.79539513649972	
53.74808098915715	19.561371635796398	25.878744881527037	38.22816590655531	
55.249285538863965	18.38946337047149	25.709362925812574	37.83936413086894	
56.224730300975864	18.437476779141793	26.123965511599316	37.15732094065538	
57.81559837206818	17.715836798355614	26.778420167096595	36.61243582007696	
59.43769991239637	16.286495226029846	26.652856627937602	36.783601875884784	
59.46623226409974	15.490259227103818	26.638091591629607	36.59594080321545	
59.69004444280772	15.988783751341288	26.540101970072705	36.418889106755785	
60.38314703598456	17.19606950969705	26.444117352711515	36.15172346801164	
59.57171438201407	17.60379593316307	26.34897018487904	35.3300039003764	
59.23503109712685	18.837493002722464	25.91523448783346	35.03336132302679	
57.22434059927444	18.746043542255297	26.052089129425188	34.09625276381651	
55.898224791703676	19.873342641755478	26.353326748441106	33.50161401097128	
54.676817713341656	21.91297046656795	25.932049902327982	33.14149053653318	
54.04829856966691	22.683706681515478	25.26074495690389	33.0757602199225	
53.156982987533915	23.568360369559635	24.840416089033038	32.89071829972961	
53.0367685649187	23.343635243458323	24.174656199024955	33.2369793326388	
52.740155393773406	23.56545350005573	23.73500446653872	33.22775828347746	
52.60516613119377	23.153824275671393	23.434795015008337	33.47950108546121	
52.23465456227008	23.94735311034911	23.351674561220815	33.20755856199328	
52.27731159892033	23.256308828305777	23.250589460488076	33.39971101839422	
51.90881866063157	23.543408140183043	23.50461669321772	33.1028123325072	
51.168457625562	23.91376298400151	23.80742736336106	32.85317533411173	
50.60188639654261	24.139150856143157	23.981858989900964	32.410639173142634	
49.46972643100965	24.90377412743476	24.172746030956958	32.110739717004115	
48.4491681214287	25.04175540362397	24.16087548302573	32.162960657067266	
47.61237868476943	25.45259260390865	24.117246947389837	32.15510283791632	
46.483606627090005	24.492672183220815	23.68992473248338	32.18433287537966	
46.19564583790852	24.962154104784723	23.628528046799737	31.961979151299662	
45.48984234762986	24.850737937157138	23.50604598660975	32.16309327144135	
44.9275712619191	24.691403743253915	23.401087492252287	32.43785742878549	
44.41265437156353	25.372297184361322	23.54369827641587	32.35503092467246	
43.26574563272397	24.759759054496254	23.78966498681844	31.767664247801868	
42.572573861838556	24.41110271168601	23.94323372607805	31.575919815531584	
40.68809008690584	25.253578424743377	23.99397445765846	31.5407655660269	
39.32622265766677	24.927973620656758	23.71800740202323	31.595053230337964	
38.089493811666436	24.37736603870214	23.249735106858733	31.77269281755921	
37.615198902161865	25.051063750328268	22.871751037076663	32.104325309117584	
36.58857798370928	24.548653900532205	22.650308057975366	32.083223123226084	
35.80441432251116	24.988346650906035	22.555094827645604	31.97960604156916	
34.27214174499806	25.379693534056024	22.694104088443062	31.69760838913987	
32.713092130956866	26.014553836339438	23.047436268901098	31.143219745515022	
30.665869012286322	26.40058633924343	23.134539836250408	31.06214291421173	
28.081041486462276	28.042327133486975	23.580154235998407	31.25090529942794	
23.992577346362097	29.03432002874784	23.939023650318955	32.03234140198752	
20.19398016900564	29.162221265377433	24.69618314233071	32.10309025695292	
16.229734714041417	30.099552935128276	24.988781827219288	32.274039311056974	
13.837443240749161	33.429666604452784	26.03547437001875	32.38921437853218	
11.458690215933713	33.893413959473214	26.633881775453926	32.95597982544497	
9.095278872389317	36.659639122680325	27.987837432950794	33.307115057440086	
8.322103248780003	38.09313130705881	28.878394318816206	34.352076451988374	
7.213694361093113	39.13336687448077	29.26686915111692	35.05941112499819	
6.108636786070548	39.05600817565019	29.663506662648697	35.842418830584734	
6.269633423206508	39.40762424576218	29.7029064096681	36.584174176912086	
6.810870174541278	40.8322397633913	29.899023290961665	37.02574565973337	
6.860873157304086	40.59149953132811	30.047313563903405	37.77512029491885	
7.217632061751132	41.34869217156571	30.23721380398276	38.23983661509486	
7.425504376543394	42.147795790483755	30.57487434137903	38.533994725912436	
6.953515183206947	42.57075293817838	30.703114408623875	38.729175890357325	
7.618117038449614	42.87088943333195	30.75007610287367	38.87561467995823	
7.304341124185616	43.19525217973457	30.820067705409564	39.00464893057028	
6.401599125914732	43.390871253922725	30.95725031090644	39.00340704548271	
6.123376845660837	44.30844200033423	30.952077969104366	38.93815754340179	
5.735102109361704	44.50238100904723	31.158785188416942	39.314432267154785	
6.092261578435264	45.27949918552874	31.08011164372224	39.26686188449337	
5.487925258763225	45.192513674542816	31.07462762728593	39.56809354259343	
5.8042249973533275	45.729128837337115	30.744163027128916	39.588421071024705	
6.8632076812906675	44.81257557641676	30.667409270530964	39.6998842737384	
7.987404291130451	44.29057121346282	30.65624076909841	40.08834657218802	
8.905604267320461	43.03135901765812	30.582488131874385	40.79832787272263	
10.487371836354743	42.23981110490566	30.64346845525453	40.93369350539997	
11.776241692767238	41.14176112650631	31.080202489409206	41.24944251983646	
15.784323872730509	42.266238893244314	31.43008892911856	40.74560821896426	
16.714379378014385	40.47361463867764	31.611826164857227	40.99625890649816	
16.568472922215864	40.18470611171925	31.602800380745688	40.86416077026983	
16.99938470037025	38.76899233684739	31.911105560902868	41.46921308723886	
17.191545025083606	38.731208931143634	32.10936311539243	41.90544500328242	
17.08938420423148	39.67242454647181	32.168915428462356	41.86288244752355	
16.34150740137416	40.01293726435065	32.16457596601158	41.923519908067284	
15.82666095036362	41.58976997365737	32.63333835014956	41.29059071419244	
15.103391445805608	42.414290748551224	32.935426986874894	40.66281873792948	
15.01250019053091	43.79020460518281	32.98035404664173	40.14912208492089	
15.015561442646185	46.84210463285111	32.88989973738705	39.268108797335046	
15.949694436883943	48.56869968507021	32.31254535280677	38.44407181153436	
15.69617138746751	49.69738511603479	32.34151135563118	37.327551844857155	
16.985549374944767	48.931433822590954	31.48535229533156	36.992425847338005	
16.909842507208616	49.00669613913336	31.01092134928986	36.89143276266642	
17.14536581975156	49.623338421202746	30.690048943370524	36.556121737750004	
18.02165782910015	49.38315697296165	30.236561060834006	36.217778374240005	
17.871138155622784	49.86259818647246	29.95462765477757	36.11669076421263	
17.464125609362316	49.253935180993516	29.67675233717935	36.000057214374465	
17.42687550147767	49.3259379040422	29.628598641971053	35.547451550638606	
17.73414819916562	49.52789987801242	29.49260068868354	35.376947056732256	
17.041712330520962	49.4110733828327	29.547087348743496	35.22254699113855	
16.988386142701106	48.05663846098317	29.60143978394829	35.27343002393094	
16.775235115482033	50.2696304930016	29.601840456829457	35.02171565519461	
16.616012536264602	51.46489014974258	29.76056443433568	34.643459245544626	
17.062745974983514	50.60557730521478	29.955280034831326	34.29368028589068	
16.60206105187958	51.142433411774405	29.75413871514583	34.27348440294612	
16.08713706671555	50.777809474971875	29.484413569012613	34.24169118453845	
16.13341776135367	51.64427208693664	29.12706654895841	34.424196585493945	
14.699574767069665	50.80606193891492	29.043643565879588	34.26839766377872	
14.64763829660296	47.24123909233634	28.64546709939963	34.566454304754075	
14.817714326765294	50.6919910114186	28.493184513282362	34.278607478163075	
13.073872293547064	48.20316744540115	28.59145721980089	34.23093325101004	
12.585665663843393	46.56816088265786	28.158905216660045	34.76725117833992	
12.196533307112668	47.51660466850934	28.140458179647336	35.1619345628253	
11.714647775099818	48.544057373531295	28.300161765175904	35.02250409766473	
11.259261047716482	48.941228941789596	28.072115399568624	34.908420312164516	
10.869408052226829	49.26028015198165	28.013269787779013	34.96883888918668	
11.554168735766952	49.27842126819757	27.856082146296725	35.07932093161371	
11.727145802042854	50.41195810730355	27.7764193269895	35.28842214994849	
11.594644586837394	50.252350394322384	27.832366351144387	35.23934170769573	
11.494842114677535	50.328398538413396	27.700879680178765	35.198007505265274	
11.33449357845357	50.55548517813224	27.622762654882283	35.2902797129687	
11.13146859619533	50.40062477928989	27.798949044187058	35.23750537885095	
10.939059238420052	50.310679841849094	27.984866746250507	35.21795221327541	
10.698628638581948	50.32520595808985	28.18332291824576	35.36319042750361	
10.549285324941609	50.61556404356183	28.25535333110205	35.375316629836604	
10.375532213436554	50.53118083971359	28.615859222644332	35.37128803415896	
10.222868044268344	50.41368519134114	28.88008574140258	35.447075092250216	
9.566518091261102	50.35037541913914	28.90096296284293	35.66006544131478	
8.905391709601396	50.68101909807266	29.35941513401561	35.71290440151392	
8.457667445500435	50.346623174596324	29.548972877520022	35.73907861620991	
8.928294183658863	50.43727727617068	29.63209669591158	35.94350820330244	
8.969647235424372	50.55490617211363	29.699097314784364	35.818688519575836	
8.194023570324172	50.95748238793808	29.9318465714786	35.93805148643506	
8.111671682493329	51.12885015128052	29.924425679140732	36.01530584345288	
8.116935158915476	50.5128712152865	29.93093376772613	35.990416738841084	
7.906486630526727	50.66831149255442	29.926312721959906	36.04447387976387	
8.459316009005207	50.7626411709712	30.028231556178604	36.16702872604109	
8.6699731078745	50.5107701003151	29.98662065213956	36.37308419032127	
7.874817834527449	50.29593526509038	30.13599626781024	36.33517015450574	
8.134529577382523	50.667102830891565	30.17172180246847	36.50842599192283	
7.915448836993129	50.75100984474921	30.175482503473926	36.494878264105516	
7.701880126490199	51.03882214826258	30.114256458040398	36.31065523399021	
7.908816872164598	51.15772028384705	30.07905127884891	36.24961693484711	
8.110088105152384	51.52728746337607	30.108751080758704	36.15712682090315	
8.23777702269065	51.18534134296125	30.147408524935035	35.87852916471958	
8.041303937697542	51.03568186716165	30.021115719583943	35.8404610331778	
7.584433916656836	51.943828204386925	29.929729257270548	35.78244946561995	
7.702775628783216	52.15942218872876	30.21172518358666	35.67522565199866	
7.80283186839606	52.011733039708595	30.42326208318284	35.700118603416534	
7.6343348355989535	51.3693821306801	30.481741447237365	35.65544357953133	
7.0742742943749874	51.122806665022324	30.576077781677753	35.782988742256784	
7.6490208310806755	51.67551743471699	30.832659040977113	35.80364352784617	
6.90452152689739	51.46125328932225	30.852911640057382	35.728541213852104	
7.200675900712271	51.428507539597796	30.869678834244958	35.81104021184273	
7.681055407755101	51.37033358370894	30.78525289191211	35.900856980644605	
7.511559577748146	50.9798550711689	30.341091389053044	35.95180608627481	
7.702871330920108	51.6510291152671	30.096126389505653	35.84917519039548	
8.239547104726658	52.125697500039095	30.083713147887593	35.47025886582493	
7.433857449509202	52.48080692862274	30.20332487279881	35.20338938886534	
7.364899047155483	52.39053642489868	30.05381738358681	35.06593123232701	
8.445115457334618	51.95800895473159	30.065981356218984	35.059378417441735	
8.997257489193425	52.16722581766236	29.903512090391185	35.37952934049136	
8.941300640692736	51.576067636407444	29.441098509572296	35.30287733502334	
9.335962970621315	51.7488024631053	28.8388944252109	35.222909347043014	
8.969682986697233	52.30827303404675	28.701992253452016	34.99451413275151	
8.741624508499484	52.04847277093776	28.664331070913978	35.060316053605405	
8.59222355758647	52.36089046511592	28.550191367953136	35.0298217831458	
9.09405385425412	52.3955307463213	28.80116447800644	34.7985658976524	
9.819498235301495	51.79883665860765	28.671532655095728	35.087958960959625	
10.039506137490909	51.73206725480482	28.788303701209806	34.881291786833906	
12.714659159253669	51.29786924435156	28.27184776519814	34.621843546400335	
15.461456712533614	50.163375179779386	27.730806380912792	34.95591572301421	
19.551695463707986	49.97612606828851	27.3013818920459	35.04929012477341	
24.162425284531782	49.429191633462004	27.143885814138795	34.9874126463304	
27.555116601716648	49.471670409578714	27.017895917625296	34.68276937781641	
30.86341693171764	51.283262898463086	27.122271850067843	33.713728374466115	
34.38309255267195	50.996547588398855	27.357988755556757	32.710396542807445	
37.29523380008608	51.13150158469236	27.005199212052954	32.09780889443051	
39.49521036615585	51.3557840052697	26.598887204064475	31.58519557986791	
41.743185328595786	51.384927045262664	26.369807458861207	31.12965558309146	
43.869977579716036	51.17630527178844	26.352500932341247	30.68271962403178	
44.54799005221147	51.632104956856864	26.43787564167449	30.466547097790613	
45.44608214569004	52.42194341076955	26.548620566787264	30.264360445010965	
46.01978502436169	53.72542012464152	26.720374760758208	29.968774188612713	
45.84229173111776	54.5874225792276	26.916047571312557	29.718330052573997	
45.4769467143148	53.69123429939366	27.060507789742108	29.613696511119116	
45.65077184760861	53.34940955262418	27.138375130644828	29.524064994414537	
45.911523605673594	53.06188814328695	27.332392149751687	29.517909491266145	
45.52145962758558	52.630115723401744	27.418106761203585	29.531995441593523	
43.40141227429441	51.61630367788033	27.566296061196756	29.710056964018236	
41.79729484615584	51.84807087391992	27.400890277251	30.356179959758254	
39.03190438827087	51.608314755882795	27.629045513181705	31.325432973313717	
38.608156065280255	51.1225396320125	27.79586950376069	31.928789876652683	
36.923764319474664	50.76285039689514	28.264254479313077	32.372299589758974	
35.544956081592986	51.609642264281504	28.721521064025378	32.71934013606362	
35.908004679157436	50.99254685701662	28.848831219504202	33.18818918912701	
37.07714818775731	50.82859083747261	28.87731191947393	33.67004188041613	
37.62621054214341	50.96561486457798	28.788491568527277	33.58891851063945	
38.66211522622289	51.41621606885135	29.018684544096857	33.73725124094701	
37.00563155041935	50.82244839966626	29.17188095122642	33.983293361990164	
35.395568001779175	50.64341574752533	29.556373139516534	34.06998317725056	
34.44141330541244	50.72316064931129	29.945651039233518	34.06942695756453	
34.7299882578801	50.71379749126459	30.212403940294216	34.07617922561054	
35.234065530999565	51.05943339146499	30.77558610210385	34.15268155859939	
36.58331225881856	51.27126016362139	31.533880510329027	34.02219891471814	
36.9070328161795	51.31637266650301	32.06391435213926	33.909428898329104	
37.856815709108204	51.04956674463658	32.50687175639774	33.72637381293331	
