139.0	94.0	59.0	42.0	
138.34774066109705	92.57292592867715	60.08542333020078	42.40153900775451	
139.24201689458425	91.19940550331594	60.16526463252836	42.8254457820364	
139.10112603119057	90.45500492946292	60.15994366721278	42.985613738007245	
138.9699828258684	90.50051018278609	60.35813700715054	42.85225449961552	
139.2472288272112	90.09302106503351	60.47303746766353	43.01088119036297	
140.4426003831911	89.27215724264559	60.733419764614545	42.832703846434086	
139.6606564016635	88.67990649844492	61.066132895593704	42.7188146067517	
139.52768298678586	88.2260120996155	60.80304190138988	42.49617994190691	
139.33167157109347	89.46784365096502	60.63285589510131	42.48584505762954	
139.72791745716773	89.06364705786315	60.76580975300998	42.43668255137943	
139.4406785240343	87.96767465947512	60.9806455590169	42.44880536455373	
140.36000621385423	87.41387262339614	60.82806368377224	41.975504954599316	
141.00475597698767	86.25953485574387	60.627279592581154	41.816292860870995	
140.83479926952603	86.15438348680561	60.32955832666749	41.8486284916375	
141.15920198154564	85.11046057445557	60.23110106398062	41.58993234893082	
140.46381472521534	85.54737311596075	60.58117605883505	40.96625480225935	
141.06798958710237	84.97451448763616	60.69874070867731	40.86633679651606	
141.80200677719895	85.51799012380572	60.60985823702572	41.03885396931324	
142.08548613146644	85.03610585284046	60.892338368908945	41.00050506694426	
142.65735471878745	84.5605721308944	61.025523524691685	41.28054920783679	
142.61691816584008	83.60594022108232	61.14854362740379	41.93522141831565	
142.27256735882648	83.77368697276599	61.44947781736374	42.210285255215915	
141.53863405979595	84.45622050130461	61.36573211095229	42.41577523813907	
139.65489393607697	85.63233053325021	61.361010971283406	42.47117243259909	
138.57621268298803	86.77172493732243	61.28877885078091	42.33681691463398	
137.44210667244707	86.59204180959338	61.46372166899963	42.36879197661843	
135.45620016818887	86.73036727122303	61.44900727690376	42.3615851928104	
134.7088292808868	86.10576838201342	61.29740101663465	42.36657288280653	
133.82708673940584	85.85461452111684	61.52741589449309	42.400449157805646	
131.95706116178462	85.32243340271049	61.92712889111619	42.282573198682606	
131.09299689159613	85.45429789763935	62.144283342442186	42.31762003049677	
129.0045351681677	84.82787377678733	62.047233207510786	42.31675898352072	
127.72364134995283	84.7986345125958	62.03740136177433	42.331452302350684	
125.75305590426377	84.39991760490139	62.21232736090882	42.34687728263108	
124.66486157751453	83.62721361486335	62.09148195077714	42.42108934367071	
123.31281322835099	83.27680429768057	62.07987132519312	42.555423078377636	
122.33297756059922	83.04479390626759	61.86313833811782	42.665076314986756	
119.30796315392807	83.9433324461642	60.61375293181019	42.434606113353446	
119.94502938884975	83.61839971242892	60.46431131727722	42.446541284016526	
117.352767220435	84.80364026584431	60.71055080664981	42.729901972962445	
116.9346189538014	85.08141909241473	60.6114108893651	42.66407119133142	
116.06428966992766	85.83324728014854	60.54688047429605	42.56168900092222	
113.98602893393311	85.79378015156699	60.70550744129115	42.35737132192911	
112.87617976200961	86.83112670906513	60.689842262311004	42.25220691806758	
111.48554879068713	86.84179659898338	60.52479745588286	42.04613589369738	
110.36991843891373	86.21681564698962	60.60940962693211	41.98127665979442	
109.1632885017929	86.05876113251304	60.76837929261688	42.05640838241371	
108.71955554369956	85.02446929861217	60.511280485936275	41.932436750057754	
107.59464989803718	84.72499561983062	60.50528312618979	42.167632729076644	
106.81248766785194	83.95851513781525	60.410398733024586	42.29757899767236	
106.07442779681236	83.4973929189548	60.3742291669057	42.391697390400225	
104.81596304886884	83.55330244432832	60.03979726762296	42.425932324651185	
104.31997226637216	83.07362480189931	59.88796178207708	42.35764324789257	
103.92748504402195	83.76413469489492	59.74276178524975	42.34040159613769	
103.27749574690358	84.37265686455902	59.639502325686095	42.39477039365079	
101.93727682674765	84.50648669618731	59.49909794750299	42.31799885273544	
102.36356199711322	84.905307560778	59.37481815609503	42.168150368025046	
102.33052628461857	85.00831129523904	59.41312117342128	42.054462281449965	
102.56914360001684	85.53925392275347	59.2545747559406	42.065885594446456	
103.100481232578	85.52431411477471	59.32896812859902	41.8119717942935	
103.67645858531125	86.31211107983592	59.501054686894705	41.76510244099074	
104.99454973423214	86.81331004222046	59.28886087313638	41.74668647536485	
105.72955286248813	87.05291469250294	59.3925970052535	41.70982631095718	
106.80261551466913	87.3780864538474	59.439684353232906	41.817534251782696	
107.44952873766226	87.55445714738842	59.4658054554309	41.84898196406572	
109.4497304103328	87.92377639703369	59.41733805126138	41.9239041001419	
110.44246171213017	87.74289188528516	59.820091584623306	41.77482896436256	
111.41839944178473	87.82194952579268	59.92584297316354	41.768935272675556	
112.70245315312602	87.94510642264365	60.07138787419126	41.85236331375505	
113.8275915859789	88.64780693154837	60.29822006644693	41.920314976626045	
115.54552560086334	88.33268047103923	60.207016285847835	41.85496170112164	
116.8671189610745	88.10088019076697	60.35518742087553	41.75305940869254	
117.71390552738404	88.80961356484954	60.53274812038262	42.02000137958324	
119.5030086348156	88.28001296447475	60.459251596337666	42.044050552275515	
120.1408628757752	89.43797316444915	60.53830942001297	42.535874232890635	
121.15326453873635	89.6213603534025	60.59196259243335	42.8966332889113	
122.36569888307334	89.66076643658303	60.87797462688742	43.236412104567016	
122.64588782257849	89.63811918980733	61.3943262598066	43.799255603132636	
122.20414778125455	89.88950999743504	61.78098642979619	44.41114093280518	
122.9753918056335	89.48413350809781	61.94003141860705	44.64410439749824	
123.17380488433794	88.88684330220265	62.187243191708816	45.15627215417444	
123.11461970681334	89.55043767788963	62.41767741712568	46.14201112793838	
123.1093357471264	88.27265343626378	62.6769709994261	47.62672152906938	
123.6740388680612	88.02863793866577	62.706215195973414	48.60051351826156	
123.24478054501692	87.61779952989507	62.810656756664905	49.15314831198954	
123.98149759128232	86.82189320911118	62.788303262012484	49.35545663663564	
124.0100709364184	87.87151224567704	61.74971675996915	49.16708859979281	
124.72885028718888	86.30846077721846	62.32478656465649	49.581667539802176	
124.50690680492872	85.44292467945152	61.050021042655466	49.71900243721124	
124.13703341489523	84.77950747020517	60.37107284398187	49.84551332789199	
124.77637382762292	85.88365387543497	60.11630238974622	50.01348813269446	
125.06643480219702	86.26865851180082	61.65915927548248	51.22775155039826	
125.17345992705174	86.14046933092828	61.11219041622588	51.895823773815025	
125.1343252292161	85.36141744471257	60.53298846546533	52.1462744551827	
125.8721769988246	86.10985838480265	60.17195034879426	52.64245768234976	
126.68939873075216	87.28549007382698	60.14935516258439	52.99560851577767	
125.91487471037561	86.723812204767	59.69552428996964	53.952240103914995	
126.92526915054954	85.45444253048272	59.370015589107865	54.92094926523236	
126.78972213951262	84.96690334924128	59.185188873262334	55.56381119290797	
127.23180483779679	86.87726561435198	58.85253592891263	55.976111843806734	
127.61624388682499	87.33800055791447	58.33257725764292	56.60811972502061	
127.976286734764	87.2001241899648	58.00310648516678	57.8024737004442	
128.8502438079885	88.37877743717011	57.317186096892804	58.70301964643172	
129.1560937948033	89.62072856061438	56.70447697012238	59.2384560015016	
130.14697940950995	91.47964325818762	56.20396807589951	59.53325552713642	
130.45479129527058	92.51370469980205	55.60997102947692	59.73258157412406	
130.9275873908125	92.41173710970916	55.192659319382756	59.83191460741354	
131.53814148951344	92.53595888668842	54.82566412531268	60.23160466215191	
132.24757464157156	91.79626306785053	54.463420092573486	60.382803259237114	
133.1212770184181	90.96565774030564	54.16337925395577	60.47370570553393	
132.05315259013997	90.17225228489733	53.99281141630236	60.53527009318391	
131.66280107450112	91.45676771830819	53.814663554518695	60.06569735621161	
131.745641047767	91.24984587854698	53.74129247938926	59.564323525908314	
132.14521400991694	90.51881628268245	53.82321743375099	58.91848172646066	
132.21394879685718	91.06397574279613	53.893417612670376	58.51498797444657	
132.49429889391746	91.27765296028892	53.83197504469136	58.247896952400325	
133.36140744491095	91.94426728214731	53.71383584799192	58.037188728524654	
133.1569305606309	91.66748560310931	53.40327389645667	57.917329610843346	
133.09563625319046	91.47769128569767	53.45188064453487	57.75047648902139	
133.64687524503367	92.38494307577693	53.00232312343077	57.47169862202555	
133.61737506212532	91.09743153537664	52.4714349885565	56.853381436685815	
134.91939936383764	92.53431347846866	52.01051136556817	56.521246955890184	
136.13941633783185	91.41918573779624	51.575284058419484	56.86081835321089	
136.64239374538204	91.37326255723676	51.05754162070117	57.255520432669485	
136.977932618552	91.33779165503887	50.67120596351388	57.25645451557599	
137.7035963714613	90.98954023059541	50.31968929921821	57.29549791466733	
137.85700600191467	89.99062219457953	49.94190913600912	57.75773450550665	
138.45819336512335	90.15558834178303	49.651904175964326	57.93095584682414	
138.63546250887217	90.28824012146596	49.11903584098001	57.67609330982593	
139.12440551976223	86.19062585474296	48.31758666918717	58.858880182085805	
140.28930837512672	84.1298306684831	48.46478884316969	60.98828213942871	
140.21293017093384	82.82403143733066	48.03768681517246	61.95511585330001	
140.89748407097966	82.25025906668945	47.73540197870865	62.639678046790436	
141.43126497703068	80.92672244620385	47.470355319905046	62.2453726044066	
141.93084698038012	80.15997437625188	47.161009598660264	61.90304144653144	
142.6573879480993	79.53121535252886	47.43301694892243	61.4159548491613	
142.62365849170908	78.27417214442512	47.63536411722502	61.06294275695313	
142.23807307031046	77.04619601956703	47.365970106783934	60.71916873447346	
142.80736315293217	76.15933708863959	47.240507671206174	60.11774827486745	
143.82922066580454	75.03675763944612	47.045172395406375	59.619680576323354	
143.81980029247592	75.19264490101686	46.56304310088846	58.932239285839884	
143.82710056288445	74.79925992816119	45.70503756060993	58.01125061305984	
143.67208304898594	74.16240078653088	44.8473680641995	57.4232046440456	
143.9639975606149	73.85073614083387	43.46346250340978	56.90281832921435	
143.87913275771052	74.22049986154492	42.47172742182087	56.517129259418155	
144.30207725335237	74.33477350959622	41.93515742148177	55.911475130798	
145.00988583020822	73.96724043352012	41.60426310175092	55.74675760404173	
145.8888867119381	72.69379125981327	41.14035260745768	56.695595072382716	
147.0959396653674	72.0837733915345	40.834664988372424	57.73575474629899	
147.5351986637286	73.00394154634866	40.87942203743785	58.483798150322066	
148.3470887125947	74.08601669614913	41.12517409122013	59.20921197931984	
148.37717955958664	74.16944779700732	41.39719161938966	59.19174714326862	
149.0986106173859	73.93011213915536	41.36162951136972	59.562208850192285	
149.75974152373013	74.32313938685164	41.3592399555441	59.463519886457966	
149.82293757736625	73.55312652423646	41.240500527996616	59.42232194115647	
150.6357251249274	73.48043255702164	41.351813592873796	59.70759166272893	
150.43652945647204	73.10529533937222	41.47871946564421	59.858495668737916	
151.09226661467125	72.25583795518715	41.62535894222411	60.031094877001465	
151.37780765133246	72.00214640820705	41.76932880996256	60.3770766149267	
151.9673378901792	71.38396012669745	42.13993009053857	60.617192323386305	
152.57037706954435	71.20093722661039	42.08566964214206	60.633685776918036	
152.93082589050246	71.4848050496137	42.14027054623701	60.661247874842076	
153.35650998630535	72.14733545633496	42.343542137224254	60.57045106293211	
154.21956034861464	72.10753871344815	42.63327097906458	60.468929780942716	
154.56353170362996	71.752348312414	42.88934166673196	60.73175276406345	
153.924146790253	72.2100774611034	42.93763178461395	60.90420758180225	
154.0690675229711	72.39719764621849	42.92449507354679	60.77006851218841	
153.4549713664589	72.37736914081889	42.40443452456109	60.75883957274192	
154.80973424554827	72.7985807261433	42.606129039538665	60.51559156370177	
154.43148267030205	72.76494143175792	43.44217904897007	60.54642161756862	
153.36945883469085	72.38208165757204	43.44392491226285	60.15551038561281	
154.93423685213506	73.13050190637694	43.55963202283373	59.889316554803486	
154.73298544941724	73.1642579041053	43.52053414755146	59.64665298609082	
155.15456652433292	72.75255681981271	43.31138356024844	59.491415645894364	
154.79045533559483	72.74396721017835	43.25155179122736	59.56799819925131	
153.20632158365757	73.18086953959593	43.22054027692256	59.92847409702322	
147.99664121774887	72.94620749146189	44.037492429918636	60.22878206304866	
145.46685372470708	73.10159940752501	43.763797895871114	60.300746972106076	
143.4340463861079	73.29312302294832	43.45815444065607	59.995397783843984	
142.3449482917883	73.96419858083935	43.38092155079502	59.83469919027076	
141.4364348554722	73.76904978839234	43.832535985163105	60.05952943296158	
138.1214628147658	73.71099233425791	43.33616220154195	60.16944378418669	
136.89455314802365	73.72139984382385	43.483347356441584	60.36953164185513	
135.09746082719687	74.0316678149902	43.18261997460873	60.15397650966151	
133.05345980259222	74.10891435177446	43.07303362916354	60.275966694099694	
131.20339151389828	74.3784483614715	42.84305800629243	60.325357439675486	
129.9295569193075	74.31058070146752	42.57436085908464	60.35839559726298	
128.13727416910947	74.26940046221334	42.39402785943971	60.223952408218196	
127.16491420849938	74.47858830616532	42.358492978305634	60.03130798166142	
125.61821488433169	74.80292903928145	42.342571691256865	59.85941238058263	
123.8665553241186	74.51043142191925	42.43158457013024	59.723925983670156	
121.30829597307941	74.16805038849492	42.43913619740915	59.652705703323925	
120.31988453771515	74.65379342056983	42.318599365923745	59.49469342660926	
119.0021726725763	74.18357248337013	42.12278078988865	59.37930675483082	
117.81326239865469	74.00350062854412	42.02437112750562	59.289690375037885	
116.16842266465626	73.72133271362	41.99439809202275	59.15909952146473	
114.36048314282982	73.75159373141881	41.858435605306944	59.185945100703826	
113.15067582208047	73.94690109032747	41.80607192673364	59.22221683358175	
111.60624639260674	74.05473878050628	41.851327062535326	59.14639461931983	
110.98188024869233	74.18637509131425	41.9025010187025	58.99752802270451	
110.54702070705967	74.4344601479723	41.90769088708476	58.8091346984389	
109.37598166211052	74.83412375157512	41.785054717557244	58.59290406181566	
109.08159953066995	74.7442338079059	41.61575386536745	58.57472666318053	
108.98236333729366	74.18112157323179	41.47417980579702	58.51597145790864	
108.68192782778235	74.41242404539459	41.45410346547098	58.369066502078994	
108.24687726673605	74.63210170482799	41.38899371219066	58.16239417116375	
108.1704041464976	74.18813760827696	41.29554313951267	57.99282423256815	
108.03387541948483	74.22109783269356	41.401463829118924	57.84346081570282	
107.80464713417517	73.59251126594349	41.675664243566516	57.873252542915786	
107.56162830947991	72.38331945640725	42.08652035708474	58.007493731725425	
108.0378736524366	71.5299304979125	42.77208124620538	58.41912646411796	
108.2226196216819	70.62108457122926	43.43868195849341	58.076527576276426	
107.700879501546	70.00762347677164	44.36803728990674	58.06549493063322	
108.2555014669579	70.01356587176352	45.23194783915735	58.081541320696964	
108.48284450349855	69.77681957906103	46.279941886540385	58.31139160406585	
109.02210703010404	69.95740344535415	47.29859592109324	58.38640089546465	
109.23012369665067	69.10428917040548	48.14822464942945	58.38364054744088	
109.75046013509314	69.28197201385062	48.85005753426447	58.28171003711074	
110.36472920956922	70.24582466833705	49.75760378622844	58.04104662900654	
110.28393791030659	69.63021522625637	50.418013641165196	58.05571566735895	
111.0334912517983	70.55114018403003	50.93327107171115	57.89863864569605	
111.79957024162685	71.31682853102458	51.4295874356794	57.657678966506566	
110.91275402660902	71.91502984616716	52.555964899409844	57.09324510404845	
111.05158592989024	72.36581721401853	53.94696978271857	56.49196141442034	
110.90033481870208	72.92956477071921	54.759475642458334	56.09958354722227	
112.57590193082059	73.8898926484616	55.07410952141989	55.96673167489961	
114.20163058055252	74.61902685475877	55.11872756842287	55.65132099379158	
114.58489210345587	75.28688532710348	55.211027555782515	55.41445518366132	
112.90559695227134	76.12265868686045	55.50402335568382	55.08776786120942	
113.48745693889983	76.61120535527247	56.09523620403097	54.31717764931608	
112.72934782283805	76.58976647927645	56.88350298742931	53.37803613828108	
113.21785025748751	77.57731204645071	57.80688016959044	52.37115203616789	
113.47047554989116	76.83962578820238	58.439135279392865	51.267886869955106	
113.6014607127767	76.42296808218896	58.78887305980552	50.67714424450627	
114.23708796603525	76.09454871510373	58.9277246969962	50.291302024225566	
113.95434671903004	76.2471402681634	58.777981720743455	50.34205910073029	
115.12978666480059	76.75983969240961	58.83457093166943	50.12575179688124	
115.3203446975289	76.1499474601331	58.48450724226163	50.06832135286135	
115.13737014943985	76.16864675671926	58.71334796711181	49.89449990503	
114.99512736484179	75.90600409926449	58.90479835373148	49.79401554962332	
114.84469425512195	76.8964052510109	58.939798269797976	49.479583282245066	
115.37317531185708	75.93928529194973	59.14138087862047	49.43369556970902	
115.42412231481829	76.70000458345811	59.413525698695935	49.4689479755638	
114.66647351033882	76.30953855149438	59.66567467925493	49.3057371879083	
115.31766898033315	76.5189432506566	59.87672325664363	49.096272030169544	
114.72790645895563	76.72193292204489	59.976551025642706	48.882630419498014	
114.82895020159465	75.98223981222769	60.18438341278668	48.74764414266426	
115.25016653131847	76.14160198774948	60.19882828376361	48.5698362813639	
114.6236405000876	75.8758614533766	60.22498291698117	48.29270658247436	
114.78824445759243	75.80068746019083	60.46062163339769	47.87771895598202	
114.95414421243144	76.69140558001575	60.6126401177625	47.34207018838221	
115.23662209761441	77.82956824256618	60.722430946533485	46.77077333289508	
115.87976198879487	78.70348933899619	60.3426867155054	46.353581845779985	
116.61672304669294	79.17113840646103	59.98169671966945	46.194002057492824	
117.04662819981661	79.15263996516774	59.47107725775609	46.8118107958528	
117.6137470152619	78.47904380034262	58.74953273793365	47.41260200632967	
118.03005753337152	78.5499118262078	58.32340984206909	48.24804723133425	
117.37373199848771	78.72318378648622	58.14594681621116	48.56746956870117	
117.73018649035053	78.18071323093396	58.007915108948744	48.95651033965353	
117.30416242403281	78.64038676233007	58.132529866826694	49.33785918744494	
116.79678189089668	79.4166981401515	58.52372142813337	49.70032037771825	
117.00029253971411	79.5904244943591	58.89180901080246	49.97354790841745	
115.6633675561995	78.62428035403127	59.311857633586456	50.026606513421186	
115.75822777758762	78.02038055078002	59.69789812488891	49.97903338560865	
115.03765326276526	77.6566522467311	60.24116320307388	49.78449934591576	
114.93383784822299	77.52729898476099	60.796165072216446	49.33867932956097	
114.83169387518454	78.38789561181868	61.10043370175383	48.971812788710096	
114.94626963882413	78.33389909153388	61.35048521645012	48.698951985170005	
113.99695879947517	78.32600487782587	61.60154794272612	48.558732089577894	
114.24625797085791	78.08475402349336	61.941721167862376	48.416011381541495	
114.86957344539915	78.66582795044029	62.040796536613186	48.343548030161514	
114.81716555290431	78.08525968083005	62.337451905150616	48.21392427605618	
115.92293732062774	77.96336528326901	62.34540094820871	48.17260656955423	
116.56098121817215	77.60535897017976	62.33419428916919	48.3929395375443	
117.49630618311916	77.43794679904602	62.52835545376834	48.271789780719956	
119.28701369017213	76.24026260538015	62.518699289893156	47.825970152318924	
120.48819145537242	75.375771012635	62.50433469519637	47.504305781454065	
