293.0	155.0	29.0	30.0	
293.8384209810127	156.009302781778	29.01759081175945	30.346827625513104	
294.6276182143957	156.22609710683085	28.96274213164393	30.423427544378928	
294.46983829861796	156.37482453287564	28.8900113716178	30.44289320918144	
294.08291513662607	155.69527921791178	28.807703112934878	30.421792019149407	
294.7643012655534	155.96575528280422	28.86558325446873	30.410131167596397	
294.59834080650603	156.23300199862877	28.869114988989597	30.47894790976241	
294.40819742291006	156.33506735434358	28.929480245039333	30.508118372744118	
294.1126238566305	155.7221081505363	28.932108253245858	30.44240509531094	
293.8523100265334	155.8284224208811	28.88138891163137	30.51645295754443	
294.6360516147953	155.9870619330774	28.954610542860763	30.510091314425864	
294.4022700757953	156.37386649137926	28.953778965407846	30.592124115275993	
294.70069312167385	156.2687023912829	28.996552037839475	30.499726339745624	
294.3946173232999	155.6680638250978	28.900086346827063	30.478073758938773	
294.14309310895453	155.8641552663949	28.896899779483004	30.5048617281615	
293.8935241056473	156.16153245917494	28.833856329180183	30.575804217390342	
294.5721300414359	156.40558610229303	28.84199492154324	30.54892975095862	
294.08083264784904	155.73650920547527	28.785855332223832	30.568642336647134	
294.88067559536626	156.0891321212133	28.852267994118034	30.52791270602424	
294.6338795982663	156.29692566413814	28.836730428488433	30.634392133130305	
294.30617026340997	155.68730224259954	28.78601155627806	30.558388888575912	
294.0850655231288	155.9490189068342	28.819916236939275	30.590055870979775	
294.9317725927675	156.32199712014062	28.942464241131997	30.59590483215484	
294.13541419552246	156.17067326390656	28.87674417434489	30.433919702826884	
294.0074220939138	156.55368916355377	28.860606815393293	30.526394221223565	
294.72186986579493	155.9999475741571	28.828081162955325	30.402218686301296	
294.55333207362264	156.4158821991313	28.66741243732162	30.454423900755618	
294.2945613023119	155.81462972747033	28.63130784216183	30.25088716235049	
294.7727363345393	156.63212479821948	28.67385510413888	30.33371088377156	
293.9258825840274	156.54822736897398	28.557634720586282	30.249729398646956	
294.39211679983646	156.3680028150263	28.61708225195276	30.198550564240502	
294.6470086548384	156.21510985591527	28.592611723435777	30.201292345947607	
294.94201178313574	156.2544604899857	28.575250180922787	30.15766463878206	
294.3917124858079	155.9468414436632	28.526073351611192	30.074581434187127	
295.66551307062167	155.79926622638183	28.64465585607907	29.963539315087193	
296.749548086073	155.18467821264065	28.54549576337805	29.68233467754052	
297.11556578184843	154.0935709574898	28.39010135588031	29.574887395034327	
297.66146976467667	153.50792807502734	28.319591253093733	29.53323343622011	
298.3068872253132	153.0438603302293	28.359584182131435	29.48513283440648	
297.83672921671445	153.4113844053629	28.39975093656306	29.78719966863888	
297.8380792721561	153.37955707705433	28.324096773135008	29.806754276210167	
297.96987176442883	153.26681601469505	28.36125970914959	29.853026611681848	
297.9538888382829	153.3189813297066	28.268137315139352	29.885500160059866	
297.9883778517111	153.37082989985262	28.19906164481154	29.89319645678876	
297.9519113081341	153.43930130903053	28.238881481144713	29.796600299064856	
298.03245312916886	153.35733733307688	28.29751632078169	29.834057861939385	
298.0614207027696	153.3818978297752	28.355781412321154	29.83944999851461	
298.0704102345717	153.4095850301846	28.270284099959994	29.858318373771954	
298.2140754977062	153.39076318784805	28.32607222064442	29.858177923006615	
298.09662495357003	153.43944401242683	28.371379376714607	29.8059277889408	
298.1391407460323	153.473702596474	28.350190522768965	29.82001471579465	
298.2278816751279	153.45224089579037	28.320207890471696	29.895326702694305	
298.293510491059	153.56443850196757	28.374166819102438	29.875200493306124	
298.223038781126	152.7057572730008	28.336565723506222	29.73055442867366	
298.3774232707017	152.7907835063462	28.39012413958885	29.78183789811077	
297.2838769296608	152.72869778991543	28.454069382278576	29.838735964436186	
297.35118218142026	152.77120449723935	28.36484130597446	29.799167099220565	
297.36848134275476	152.8694883208797	28.337294250158696	29.828221195711038	
297.316174333833	152.9086801516651	28.34794472652562	29.916979390367054	
298.091064377327	152.99035185616668	28.41632104462842	29.839263432963254	
298.16575316514127	152.93413999683594	28.440032767246866	29.87148708762262	
298.1674892943173	152.87435423931151	28.438642664045332	29.928039525596375	
298.2683553116183	152.92279084053052	28.43094393075902	29.947474818307846	
298.27988923215867	152.92421156140094	28.549345452830664	30.000992736135046	
297.7565119579703	153.23357819401755	28.631015932628134	30.120092350563596	
297.0298540054072	152.79655936501774	28.555401002317183	30.124418539735732	
297.584830668902	153.23431529565568	28.62030063091411	30.199731170744084	
297.94607878653136	152.9887718048526	28.565805462082423	30.139768661360375	
297.34487793182507	152.5699126532844	28.606321471746483	30.21395272694191	
297.8358779799197	153.12166387958115	28.647511650844862	30.24055663101466	
297.08244075753146	152.64528922978235	28.711521031200597	30.282037156002108	
297.7483391217512	153.16105496217517	28.863831332655483	30.325868330587017	
297.90066946688233	153.87636021982163	28.651261884656765	30.258720175604022	
297.19226869799115	154.9882257420948	28.559561877348063	29.818736068419152	
298.05745140221416	156.07432051825288	28.161119961229865	28.980099753557845	
297.8303421029359	156.67607048915664	28.265960894684028	27.692436104290856	
300.10580158702794	154.88607993275878	27.278039700018446	27.293712086729922	
298.4244424036075	154.1272523197185	27.393520285839827	27.180097154386864	
297.9511002263984	154.692014450793	27.703666683295978	26.97878738112881	
298.9032518646503	154.91159614445343	27.92978477408976	26.831934059085174	
298.7989650222848	154.75112660881368	27.98716998695245	26.850071471638202	
299.484532928845	154.92107253554252	27.5794234646416	27.091509974209554	
301.47524701882156	155.42255729586807	27.12321815545492	27.85886010671071	
302.7087590509746	155.08701507640276	26.581738136235845	28.63368955527951	
301.0506391445472	154.7636565251867	26.054228449177643	29.466270635220447	
297.069122326902	152.9231173180669	25.919499353302808	30.056369542403345	
290.0691847361696	152.7021684117486	26.0167503364466	30.534272122063673	
282.93296360273416	151.7834722906491	26.17160181494271	31.339167923259474	
273.62892029823666	151.35730837993535	26.18600130613261	31.44353432292422	
264.2738335153347	150.24996063714335	26.741631330452485	31.414960294557137	
254.05366126278093	150.20047780944122	26.97410453190392	31.687281408804147	
245.6365405112804	151.62483072468254	27.567994061782183	31.517191292650665	
237.61951573637535	152.0908294202313	28.016969936731233	31.697646892839916	
229.5009398411473	150.3325602094002	28.497349522725795	31.97715523971953	
222.77432410468856	156.79629764014823	29.055885706433628	32.045013784068544	
222.87270715755702	160.91623701417993	29.055882791173087	32.044991102457224	
215.40711918856027	158.34872085453392	28.97598788473674	31.456297297720663	
213.45350781114644	155.9639200885511	30.01421844831098	30.805215530349624	
211.30629728063963	156.44364857209538	30.258068438887463	30.835397433666873	
216.35295363815456	153.93421177614292	30.208597317775755	30.78989995033828	
216.1463144063312	153.9320012622386	30.123734526618335	30.75620930544255	
216.0926638462929	153.92401324520145	30.02676760159596	30.79025917361322	
216.00599549955663	153.93306501634447	30.011170069157497	30.733237408726428	
215.92749451041539	153.9696690343711	29.904971322848695	30.73928882294682	
216.74213861886616	154.0181071592667	29.74314887306146	30.594294605121092	
216.11457355088626	154.36075733357256	29.810164355768357	30.617905154598535	
216.51827973030368	153.97839625604442	29.837087497269025	30.490848625993905	
217.01624394226954	154.48602580579487	29.736595598256425	30.356690320237828	
216.4590592885556	154.2542308659318	29.67589959381504	30.273554230394183	
216.56274582234235	154.89188113613224	29.671138325288364	30.033496143901118	
216.5230963874237	156.0719960588507	29.714653853474502	29.83960353294112	
216.3898008240312	156.55690038246857	29.724653302625367	29.521941280918593	
216.7460954734248	156.5633683616058	29.70393660970832	29.309048118201446	
216.46734028767796	155.4687488566397	29.78921250315595	29.26557894865086	
216.92714816851588	155.91875279898207	29.867632186546896	29.148683992935226	
217.22551368085345	155.96499943442348	29.87501626157516	29.10274183602076	
216.3775930657602	155.5767070281012	29.991008698860366	29.074224904800644	
217.03979500510457	156.10836030525988	30.028214880858	29.031858182215437	
216.85027923275467	155.09160365045867	30.035473391781224	29.050618709274104	
216.47654633977083	155.53392354053275	29.895274938410136	29.02632677301627	
215.30814583175183	156.06759194348706	29.106315916029875	28.961205665032345	
214.78376950091916	156.62971297645245	28.414953934861632	28.655911510283886	
218.47880531622033	155.89728738487085	28.05396018645791	28.689113351877694	
215.67539180111666	157.37245951722912	27.377343858011756	29.03627973568332	
210.87557119529154	157.44293031853624	27.79386148280892	29.053665226063842	
210.12309308277554	158.36777585416107	28.09091346974288	29.055426498780015	
209.6841220348402	156.9881982407734	27.94350490730098	29.261937724858996	
209.2913298144002	156.46929650134896	28.029039725676178	29.466420506475657	
210.14977012784038	156.34586083750898	28.24552720839151	29.631720556103673	
209.5781740499599	155.93703427663905	28.315063866204298	29.869791134149498	
209.31329863610654	156.28439723412194	28.316841566752146	29.917058191666438	
209.90393333882602	156.67540122417444	28.26605712485672	29.94515241286182	
209.99085383950597	155.73133094945499	28.470134357722877	30.15104821383712	
209.65397661614423	156.15931715103807	28.656853924094097	30.229526663612624	
209.95748941761715	155.6823726569287	28.760143187489557	30.390134899747455	
209.79466436160862	156.07920683994655	28.754734373610745	30.365827260305963	
209.60489658919838	156.4697968491484	28.73528069941219	30.362452601818084	
209.63080185022056	155.65789881499015	28.895500448098495	30.535786096229	
209.5936326471426	155.83541873418798	28.91192656722791	30.534998902026658	
209.70311414443233	156.0905333258426	29.026498787751034	30.579163850409135	
209.37994340345483	155.670101960605	29.08495431320788	30.728944434234823	
209.82609607426443	155.45162857547945	29.142238565499238	30.800483823004356	
209.61733430586895	156.018090944702	29.395469444755083	30.81885893672517	
209.7580417257542	156.296498678524	29.30859283169732	30.770892096701495	
209.61023336094814	155.4743639184953	29.086231748050743	30.920325844814453	
208.95350015271228	156.29233824655995	29.014900902771412	30.869630330540794	
209.22712133739807	156.50875872083242	28.89302166090915	30.725139303973	
209.52368136238482	156.6964969583961	28.768856786941814	30.560139559826556	
209.3690886710569	156.8115204259619	28.67143066875615	30.36842620893087	
209.04269465055535	156.79279618523495	28.499725504619033	30.280962085507944	
209.02713142423102	156.99140132463415	28.350223325964002	30.22748623752221	
209.21610490912897	155.77598332210079	28.343760669597795	30.25208043459139	
209.48935146671099	156.74889783368403	28.364650750679825	30.237930473961093	
209.90970833211628	156.44315181037732	28.425590210646387	30.31987232066806	
214.97607037956539	162.59832372879694	28.842772418960205	30.451269532925785	
210.8949398312882	155.74462664489914	29.291251524854122	30.541456441516388	
209.28725599325972	155.40991903602676	29.231724819398053	30.64115879264749	
209.64199960389405	156.04798429606203	29.219842248225493	30.69492893233015	
209.41963865876465	155.62972954714934	29.27696423765569	30.847165866602317	
209.3477508132681	156.06834726532253	29.212189536776688	30.7682296081444	
209.76533924429373	155.64401329546354	29.327036873514714	30.870848197786135	
209.84071195832823	155.89671990309893	29.287917645958096	30.756131108969313	
209.84567016308498	156.28462213618104	29.246405225446967	30.69911138121438	
209.824263501713	155.78610781099832	29.542077689634944	30.829143157021836	
209.32121405019595	155.76850924550112	29.77657414261052	30.882955739095124	
209.35458634671792	155.24369106923618	29.924076633819702	31.00234444230779	
209.04804453127656	156.0321502189915	29.858547155294797	30.953734850279663	
209.66165746914692	155.71232015831603	29.80262365753592	31.081429398027858	
209.51719804100642	155.38351093197747	29.8010540470433	31.142889370170614	
209.31358141309124	156.0684056658383	29.897236293436368	31.090916790450304	
209.29678778484765	155.4025270227008	29.978747415920107	31.255649451772044	
209.6675639922269	155.36940302680426	29.87410753903252	31.31112436536393	
209.12062496125523	155.2828014820312	29.941602068517835	31.267629004144656	
209.554300792977	155.12784272991735	29.967159589901797	31.310038536621583	
209.03908798872595	154.5666569581748	30.03723838295417	31.502624151159708	
208.88629576692267	155.26496901552485	29.99781925793467	31.301946400471554	
209.06865964752117	155.12214853166734	29.77675832606514	31.42068705562378	
209.14643298732295	155.5202066106494	29.658311359511913	31.27583634319365	
209.56701839254447	155.29019201625496	29.513397796567464	31.238502276761874	
209.03268520085712	156.86432197356817	29.482319537807417	30.832950415087502	
208.99686805333738	157.35619833049972	29.40945782896818	30.626363610059148	
208.9326031813608	156.53041552394194	29.237889722566614	30.406854502424544	
209.1700262533464	157.37739610821785	28.887935473441214	30.27180240817233	
204.95819162067266	157.50730587924872	28.95334775486137	29.895443746836058	
201.83981595834146	159.10322537035964	28.577769759739382	29.761118272201617	
200.18327104510075	159.1229403564935	28.159797437935662	29.467734112831508	
200.09808889998624	159.67542825640118	27.940668423964233	29.24390678071255	
200.73498626383727	159.74088916563898	27.796181214366644	29.07142283565709	
200.83607182565834	159.3533711897188	27.682116255659565	28.9500253684343	
200.8148912546568	159.9150468982482	27.57559596328076	28.798581421516374	
200.147366277819	159.88262092280777	27.538990355941433	28.7770486620322	
200.64769732997448	159.9722247104802	27.444564319813114	28.67051526992788	
200.32263081202188	160.02507889221505	27.480769689468612	28.496723775107494	
198.84341944941116	159.72513488995875	27.61267664391198	28.388718136888965	
199.42094209975102	160.64610731639814	27.589680764661882	28.36490480698949	
198.6168962770697	160.69242054259874	27.48186371231288	28.223235889267993	
199.05118802948905	161.07680492715647	27.353027745312357	28.122098290971664	
198.90215278574487	161.08642883984703	27.221878379183572	28.021378265847343	
198.68538889920453	161.28575781064194	27.121199914227617	27.84709941128575	
199.05714307155063	160.93395416195796	27.05308737750172	27.7674993854749	
199.32338288630447	161.4525361888238	27.013194809366702	27.651784662964157	
199.6473865674104	161.1934703060151	26.978521033314202	27.520938291155286	
199.33244540099366	161.29341534335583	27.035170639118068	27.45842959895873	
199.0768876677825	161.44608726484933	27.01154607863368	27.426556679362662	
199.52061278295758	162.7291767397816	27.058250827939204	27.201456316165427	
201.36919507747726	165.49992333804744	27.02467267681389	26.913882979861484	
203.1691929759094	166.44616479070697	27.018469709333676	26.99622268925454	
206.21063247737825	170.9981554686807	27.070054120686535	26.78732251897695	
208.75875726612904	173.2392054641915	27.13052976806496	26.69021235217496	
208.37353746486568	175.26824352429833	27.06312462882836	26.724375920820194	
208.94638828496136	174.40643689223361	26.962847882616316	26.807082608199853	
206.39760599466655	172.21122850712095	27.102947215497665	27.055734970499376	
205.1527063641553	172.6193050756549	27.59715217774425	27.457517191330894	
204.92654193567031	174.6633117535469	28.13154086514043	27.9139524033684	
212.67752646082488	190.06899277015424	28.45411457023882	28.750248706220965	
213.94954543557745	193.27560943317772	28.4999581844061	29.748961088796275	
220.60233270795533	207.00741463623044	28.619857892783497	30.63550429497386	
222.1823004658353	216.7583045119383	28.630676121486687	30.522196172211242	
224.36508377797028	221.15811126935162	28.796960605252696	30.305587275274227	
224.05899194003928	222.52115687781716	28.869603121147414	30.140166903760715	
224.7947244884948	222.39801981548493	28.97891191466999	29.940382715914048	
224.41983580720654	222.1213429362581	29.27249769630863	29.899565262393182	
224.8275312465405	222.59751133435543	29.385818456905987	29.901206934026273	
225.4212712034566	225.57194077839057	29.19803354967551	30.13059231180398	
226.39436874627336	226.0883160539833	29.02629601284538	30.37668115727937	
226.5752536307741	227.11614610806836	28.99043559910308	30.440828598522994	
226.86563953126728	227.58109353880906	29.029945995751586	30.629941598510445	
226.87463876581498	226.91723219395922	28.931834735173048	30.92364267785226	
226.70667127936662	226.07055276563014	28.929399761246394	31.14411537117049	
226.92061908694828	225.81409069721678	28.875100728447496	31.34402650122241	
227.21572929637847	226.50514924635033	28.880200785186553	31.35018458107264	
226.49242845945818	226.48602527317863	28.953293605639495	31.311155595093062	
227.40468676756944	225.91742230405706	28.833321667409393	31.20993520450581	
227.85209153766587	224.23065210172712	28.41158354767304	31.365949234926575	
228.0188580801233	225.27884159139967	28.16256307203906	31.192853240140618	
228.38295617537884	224.97115790808925	27.985647401295765	31.246994905293587	
228.96475667896684	224.85333106966664	27.842904465339103	31.210160859186757	
228.5956742258727	225.10774819936958	27.668494287430473	30.877215372644468	
228.17213515002186	224.92953511114118	27.731992340286418	30.563069952047286	
228.5622855884352	225.84582329328995	27.631676602043388	30.368750919599265	
228.46908397903294	225.05601196653987	27.675299956470486	30.49477864276011	
228.72392399466878	225.84266771406388	27.62911095663058	30.342577808576515	
228.54071880012538	225.2585273379128	27.948688728340166	29.956822240424135	
228.40146306057713	225.00335687700886	28.169466913033897	30.027097081032814	
227.80715835975926	224.1851654669171	28.59327250309476	30.326943224974606	
226.97539563048198	224.6118621348738	28.96711726210565	30.39229945972356	
228.88222304692192	228.89232011447277	29.058151389153153	29.965224026802595	
230.999276428413	231.83305157035934	29.24780506368235	29.606581261627678	
226.79935850848597	223.9644654205952	29.26878850938466	29.397819028340372	
220.45005754627843	214.69604074285775	29.38298099414754	28.76976383199832	
215.88793870417427	204.3128377201636	29.637427434596898	27.57928614259293	
216.20895791719764	200.3759928486098	29.934851994458704	26.87624029427334	
222.87841480834086	194.12684037390946	29.443761169339012	27.724915116024324	
225.96095777925376	191.68114501591316	29.443939399978028	27.72477861507036	
228.74112209238427	189.83441725191042	29.444307545655697	27.724445825533373	
231.26005840941897	189.1244548958523	29.445272411827094	27.723693520925128	
236.4149045722947	181.7297779856019	29.282954421162188	27.89147901553899	
231.7048906857942	175.85215463580204	29.286649834732923	27.755337236654377	
230.05905039580648	173.13464388117723	29.36747114104818	27.773661859078207	
231.13356239967257	172.66200136128953	29.36662812712044	27.773846202583634	
232.7098267640926	170.37580240791047	29.36155896831212	27.785137941201256	
233.84245971876854	169.06413248808505	29.358177556649082	27.790745387862533	
235.00748943272086	167.44008065033393	29.328405958206208	27.73802970380602	
236.42240435319277	165.84821351465436	29.31232946776258	27.66824055555081	
236.231187378478	165.7681557885581	29.346412859679695	27.643611610958473	
237.38453511048093	164.62816661131828	29.37977818168622	27.59870793034188	
236.34963420474645	165.7541576624527	29.40649315655313	27.5623239096276	
236.24866525677533	165.1673963169382	29.41168286156895	27.54226102505197	
238.0353815791419	168.20390069324947	29.214100630543317	27.65906276977117	
237.04122230784978	166.53986349776991	29.173311360579394	27.647289734550846	
236.97651227706095	165.29801335622216	29.132601242666812	27.623771834230286	
230.291028890194	169.19252976025342	29.211408387877864	27.70973064701153	
227.4802666565382	170.66041328800347	29.265284027516017	27.853695746478035	
226.0144426218484	170.7522548819578	29.28057407059285	27.906107069232846	
224.90699365260807	175.47147075037563	29.305936765043505	27.977433797417085	
220.4623439152429	176.35100751996737	29.2009807625113	28.058702247576612	
218.17428692610892	177.45511428842474	29.150482435903292	28.147708547019423	
215.448017142455	177.4549874100526	29.118625110348944	28.335487462425803	
212.30337849249992	178.56294083461904	29.118320449143667	28.335832701254056	
206.76882213861543	181.65440035033956	29.16912228232674	28.37139746573793	
204.43149210843114	183.06375060411935	29.21689400987325	28.37408915231041	
202.51515660997597	181.0136560278212	29.217908017015738	28.37387862286952	
210.46478155644584	184.78554629667403	29.08523586459145	28.859163182095696	
212.05867105899966	184.59337296201184	29.24652354306018	28.962855067950937	
212.69685080809126	185.02287997720302	29.50178502977955	29.309254208842283	
225.54813518351634	189.19236170682433	30.149276884338647	30.18811643638392	
237.71514010630244	191.47236310804905	30.786208424509702	30.372579828316766	
238.91819819264086	189.14728806677462	31.71864060886392	30.104035747203888	
238.9192116162861	186.9645238901024	32.68010972743198	29.351941221225587	
238.4049632792902	188.70012139922505	32.7238248471199	29.31430180213603	
240.27793280345034	187.46062819425742	32.81875093350335	29.185342337564414	
239.12724549296422	183.40399339581782	32.837301034290114	29.19415494613035	
234.35052275031288	184.56492853221073	32.80131170786686	28.93086665593499	
234.98830744798425	193.90997832273106	32.87457722148664	28.856363040164688	
236.1356757927448	199.77278506663276	32.97169048013372	28.665543086058364	
237.1348056864687	206.69936167544284	32.749581122242716	29.007219563272567	
237.45149009421928	233.14266971630883	31.837609220382344	29.826526870848145	
237.84981115331453	241.98931643005815	30.85029676368554	29.865586035381618	
238.35202518041459	243.57001597166533	29.97177511203054	29.32593442291058	
239.07115029398534	243.43079715449534	29.322922498128438	28.910035868660486	
238.93906969353026	243.29935004992	28.669501622011353	28.621216811105896	
239.57322618391692	243.19686646002498	28.510884677360423	28.3554704534457	
239.8303235624423	243.66617092685937	28.213585264349554	28.1468603447254	
239.3352490104332	243.4341396871351	27.980781865100603	28.105513510272683	
239.9648712237008	244.3738054918089	27.728800872613146	28.056300503807535	
239.8551776311219	243.62929903622674	27.654769177302043	28.00393604553508	
239.67560298885567	244.08503700791147	27.619303629364012	27.890907962454705	
240.07514704502597	243.87014152100903	27.610352976990967	27.93646747655872	
240.0047775928481	244.29361093491227	27.54973521753327	27.83892088225563	
239.43345132327647	243.93178387483707	27.548004796283642	27.910881775751353	
239.9689237726515	243.73456235474805	27.500732167849986	27.896845410947645	
239.231054978589	243.2664897201704	27.462208837702427	28.00826345099983	
239.75939164996163	244.2572672415217	27.522082286352152	27.95016362998132	
239.10599159721906	243.89337587861067	27.558262844021538	27.996151293947346	
240.16069628967438	244.3735142608531	27.472559772118842	27.810698295777705	
239.5200349822406	243.92430703702536	27.47005244825988	28.00614275729005	
239.90741642028667	243.62588342017384	27.447833283392626	27.878992519688293	
239.2121952849087	243.23611390862177	27.397742214493437	28.019277789711094	
239.74675033455597	244.21321188071352	27.49025924477405	28.035565275611294	
240.1421302966809	243.94420076092737	27.472500963713706	27.999004321552164	
239.5497250305903	243.61889804090058	27.388740293976714	28.027034679544325	
239.99863626770258	243.39500085244137	27.45082062069074	27.875706794227312	
239.5618727730496	244.29113281094195	27.317781111131552	27.89965529426129	
239.95861385909308	244.1731016924345	27.286764090905557	27.78423346825827	
239.2363813919231	243.85914900355587	27.275577346072772	27.882657200425523	
239.64445597073052	243.69053475006663	27.29539578203817	27.734249982820884	
239.62297787919795	244.12307039781953	27.28879274405172	27.66727257402264	
239.62470495465925	244.64234008413553	27.22640083398657	27.725263631508973	
239.4810552984639	244.08456361772198	27.25877691085329	27.701093438720378	
239.31780973023206	244.5033846704356	27.324736993446376	27.72167992940811	
239.79806821437188	244.39848513800126	27.258525182800614	27.690971057580732	
239.7021481675943	243.71032653602396	27.256291695252724	27.69835472555808	
239.67815521475677	244.18905392815242	27.320742569634966	27.673953872576774	
239.59466008646842	243.51635166424785	27.330788617872525	27.696303238762297	
239.4425167109516	243.9024328958131	27.415177935676315	27.735303342384974	
239.91433964126333	243.7842850261559	27.362735912448127	27.61273682070895	
239.71294567352518	244.28852394611835	27.40702795192693	27.703466263343465	
240.20715276508074	244.10081907339432	27.41598381725519	27.639288731394497	
239.7027975574983	243.83565705669824	27.27362042119608	27.70136520985751	
239.63873471525622	244.25403184503526	27.36086921713411	27.728682756816596	
240.07649862700057	244.0689341019449	27.31213570958091	27.77328427690315	
239.53771192709286	243.9061379049046	27.345599467870237	27.709768051996406	
240.09001809367442	243.68287885122731	27.24744930610681	27.64059914486257	
240.08928951378863	244.15032726596166	27.313388442114345	27.635223518215547	
240.0988560988748	244.57761805598975	27.25596184220295	27.640005958001172	
240.1515795318912	243.84305704055953	27.342540294705927	27.638793425386233	
240.3229204534061	244.24941977857776	27.49467920632932	27.633611144272603	
240.0442521528157	244.10633382208817	27.367143289025794	27.560877700464836	
240.12227027251112	244.51192696499086	27.44084197737871	27.548936297807696	
240.3219410454544	243.93243772111208	27.322336742046566	27.511369567016867	
240.46760772577124	244.37709710629161	27.249193252243558	27.53816858820838	
239.60388792566872	243.6853296926308	27.20896864078295	27.5043387455328	
239.77292679807684	244.08363240658153	27.214352071910753	27.498053107239993	
239.97807576430787	244.5182895346807	27.134780158734685	27.50288351069521	
240.01691299062608	243.97540618050155	27.202174466490973	27.354380676553543	
240.06713274239377	244.3210127448293	27.260375565565298	27.346030900927975	
240.0921389907506	244.6173129391625	27.313613512593044	27.3721876269017	
240.24347879078084	243.9808016266768	27.255749046988925	27.3818336956671	
240.43533133563906	244.2737434063375	27.185217099808543	27.4729357133648	
239.59258662552045	243.51970850280887	27.153845437484833	27.441510528737812	
239.7435783585685	243.80596849702945	27.14076590111257	27.477630638370666	
239.72315305979316	244.20535299187247	27.251715270995575	27.47489207283282	
239.88934381958111	244.4859335577396	27.213216463194108	27.504541689603062	
240.0318913806368	243.73141232693982	27.120417431954934	27.44689003225626	
240.01832596366236	244.03164560531462	27.115497491427675	27.437579514680777	
240.24212189335375	244.4788704545216	27.024759008278366	27.392196302983123	
239.78030296232305	244.30469179648614	27.09385902770197	27.36966490347107	
240.35354422559578	244.05863557187863	27.084105613803743	27.346042100827173	
239.89182015310982	243.87063773392367	27.103201946451016	27.419511199262228	
240.44318343168783	243.625465281314	27.08088824914504	27.42827068405277	
240.02110056955112	244.40200204651393	27.059017497499063	27.56733705646296	
240.05147773685184	243.6957568984446	26.99712365001747	27.493187472368355	
239.5786994540422	244.5661242130208	27.161869755088812	27.5471128119356	
239.56727614811717	243.79016924864965	27.12854721172807	27.571673078914667	
239.60359498577782	244.37074395569513	27.124799431508958	27.48466853129716	
239.6785336298936	243.75177712634957	27.019913941230463	27.47974207495786	
240.1108724074677	244.58133193796155	27.159374989206306	27.503736113917522	
240.1342408942557	243.9394612489633	27.182999553426846	27.440757255676406	
240.21858227063004	244.28638033917423	27.192848452375042	27.456651886653045	
240.21099668973582	243.6149827453613	27.211855792698483	27.48807425794246	
240.3091039813616	244.07144370562696	27.24269419561571	27.415334020718035	
240.35996640299646	244.45070702840366	27.218167904762044	27.42877512026787	
240.32069895111496	243.85990983866247	27.206741494228304	27.424965185681824	
240.3808005199564	244.40765152179776	27.17902498247572	27.399400910869023	
240.3751630091641	243.78044777506128	27.185592892318482	27.402728721171922	
239.93660224479694	242.4948763399618	26.954605070554436	27.58815677501573	
237.46714226879192	239.974891201233	26.799333822388565	27.573203597938136	
236.96759558849337	240.09889338195865	26.759001899723163	27.481409244551603	
237.74232129251718	239.83293583617598	26.730668660593885	27.5057720321251	
237.1454369754662	239.8237750733918	26.863324008710695	27.489251204872907	
236.68078171456227	239.76192239350485	26.833368275731814	27.58631682388668	
237.39183017325033	239.62699472185767	26.81995475707881	27.584996281321256	
236.9028163275516	240.87872926422696	26.82124530355344	27.481800969886685	
237.57538901811085	240.06133326884472	26.815828668932802	27.474062221098073	
236.96298246359183	240.2784046824336	26.73487911396389	27.469287825917732	
237.6396726499265	240.17142869169362	26.73153368654825	27.36982782017732	
237.08344004171386	240.29289292945722	26.67009328420508	27.394476928264982	
237.80611794029446	240.12332873362988	26.679164789902554	27.39706936242645	
237.27610494108052	240.0112506489447	26.63989591028041	27.277369174852318	
237.5815096571985	240.43633597825246	26.669263998824633	27.250681714986914	
237.86197671822524	239.80231257062042	26.815495337698785	27.27270079399238	
237.45801164386415	240.82062801231137	26.81877340234415	27.337557917081046	
236.98036161278245	240.702354769466	26.807482902040924	27.317641634857466	
237.71369704227808	240.52278466687218	26.847519751161993	27.39218190519005	
237.31459883961423	240.34274505302517	26.79078313985116	27.389356584414905	
236.75556578171603	240.42787543015314	26.702529232534037	27.386090329322254	
237.4860975460325	240.2815071040924	26.75662027516343	27.36685286509203	
236.89886525139235	240.26748819521174	26.731584599745183	27.336597822957916	
237.60270590557394	240.00962196814166	26.717699457935293	27.36207658883329	
236.93842788500896	239.930668249894	26.638118233888726	27.34817699884737	
236.86207187457228	240.30890483264227	26.70920777870918	27.35259538609485	
237.57872807757704	240.06472228503026	26.745735236564773	27.386272818515287	
236.96051893359095	240.01314607547224	26.662276278951158	27.425772300791035	
237.69788970548564	239.8913796492142	26.703719927282012	27.495582094828208	
236.9986183014034	239.9650327927755	26.67284582420117	27.368195644313733	
237.68251271055553	239.78020485048847	26.664565069365445	27.375792255331866	
237.18844203111647	241.20748768912384	26.582406770248827	27.367651048022392	
235.94916077051204	241.31452838808121	26.759755005969577	27.34227597418212	
235.7384065539626	240.75228817552443	26.916416430993173	27.300868374476305	
235.59052697617628	241.59059476301172	27.050748747259096	27.22609443865269	
235.463905442204	241.1019949326279	27.236946629020814	27.236035324970818	
235.54194252528805	240.78051466720416	27.343194437400964	27.219368494206925	
234.7574523451175	240.85522333648893	27.452052170343524	27.26273690812798	
235.40616495906917	240.82950756211412	27.413609670952493	27.41960502374082	
234.56345338653946	240.8818792073673	27.54583124053112	27.41865472862926	
235.0705078934633	240.99166148665563	27.503340079789268	27.409937889559146	
235.6059176481105	240.9521164454187	27.375678317159053	27.562578390170742	
234.70917605260172	240.86618855642902	27.4461714777332	27.62183636457872	
235.5528237495941	240.29588062756102	27.424910755682905	27.65785512453647	
235.5732576103009	240.78749421982445	27.453826230670785	27.81612094779452	
235.56656495319328	240.3544173642258	27.344046511330433	27.736242800394244	
235.51830586924393	240.7421929345452	27.310836539648378	27.861764693827723	
235.51648202496767	240.3905090105844	27.170828424166125	27.822143410809286	
234.96607990283178	240.25826344021544	27.146345592082124	27.859868043078436	
235.49365747132015	240.1332811713956	27.093097696674718	27.975945471473022	
235.49265868560084	240.45854425155062	27.113269263229956	28.11534874186329	
235.5115205740255	240.11433099997214	27.033291510248585	28.09322664403918	
235.63384598292265	240.65162712844057	26.979653998032873	27.948789986616873	
235.07951457364575	240.640616316021	27.002410328686658	27.87657312710342	
235.60099940956803	240.5792285809689	27.01882472603217	27.90285021746257	
235.1423488005329	240.50550451859544	27.038155002729123	27.877657993914216	
235.69510795046787	240.46778487353393	26.984707081573116	27.963738829051024	
234.92232283685578	240.927843898711	27.26335111014525	27.948989210912885	
234.66300475999392	241.32986598076968	27.553661941606904	27.900887512440377	
235.57993049865917	241.9708094925475	27.706865502597097	27.577220447172387	
235.7324429673537	242.65995633471954	27.83680956566893	27.07670015643153	
235.38283146200848	245.5468070411708	28.188085912701922	25.42949662053908	
234.9694957616214	246.0379751789297	28.171993918069905	24.29388673192155	
234.8268080471424	243.43993919149514	27.986534120378245	24.593396470291232	
235.43855309278715	242.27536075618562	27.56099180035028	25.5834482982461	
