38.0	137.0	40.0	111.0	
35.56822351578003	141.95960296691246	42.52584043630428	108.28525983486345	
38.010053447571714	141.63104677758483	46.06073615430083	106.83018923490772	
39.45024421782393	140.15197474336108	49.32709415235711	106.90288804811233	
39.35551346658602	140.85754387751322	52.09580674769712	107.43748994196756	
43.10301740793166	139.45302440211694	54.514875178118885	107.94375925395141	
46.926363528474944	140.77493127817647	55.48178623955931	107.88838163072158	
52.10098668537685	142.50680534394527	54.95270029528367	107.44590758988522	
59.54096424031038	140.83638473121457	52.08480531470337	108.62814028238733	
66.22777175606778	141.29127215419823	49.14395311418651	108.23511461792557	
74.92302366072458	143.06848761782754	46.656779429190394	107.10463600146335	
82.74369641273175	139.33884467664845	44.95520867393125	108.21207116708838	
86.88672551929679	138.4198323279108	46.155694002275716	109.48929078771914	
89.6531412955737	138.68792124214434	49.17059925237233	109.48380993210026	
93.23041893192372	140.4175384905569	51.69370155640288	108.48521296798609	
99.95873064933227	137.17963581849764	53.03235935306659	109.38862595715419	
106.46530900051	137.4530712126189	52.48810898831809	110.03152933223407	
113.45131072216537	138.94945679812588	50.62378664820368	110.79160473053487	
123.71549787274304	141.98409851506975	47.613552739489954	109.44906167250103	
130.72190499546798	139.3051858660181	44.83126970657858	110.46846488441423	
139.57307266006876	138.35407261570685	44.61024328711137	110.62598310206924	
143.87319309543514	138.77354532850873	46.663142605561845	110.32918892361052	
147.48729925924098	138.04080471684026	50.93449956405243	109.46040997429462	
150.92505244971161	139.04514055841736	55.29779737623033	108.44270483801988	
158.5506509870448	137.04378363863472	57.70780580132725	108.44601985045202	
161.6034473097846	138.0027245752393	57.35087388766786	109.484245729332	
168.92806258863507	136.8712884996901	55.063247681271655	111.17189345573681	
177.39782389207775	137.46361695115434	51.094716893610524	112.39052545069563	
184.76446099353612	137.47956474188564	48.75718319839215	111.29919690730323	
192.1780829135626	138.39887062562445	48.54437975568578	110.80648986196101	
203.57036010059718	136.62444747566593	46.1408246328692	111.79127693710679	
208.87515036832556	138.7937613832488	47.61893393883784	110.77978497071621	
213.04093391178102	138.8384789132889	50.99152999042341	109.89163969952564	
219.2678918483221	139.3371807760205	54.706933961997635	108.54707631609874	
225.46218754373984	139.1985631835602	57.13599574757618	107.4884687067664	
230.45942780283696	143.43152671888944	58.56451380819417	105.04710841716236	
238.03004207477633	142.818103972228	56.419038646084346	105.01810537025275	
248.48476090732598	141.86672990411455	52.511713060162876	106.64745753687109	
257.10331315554856	140.47820868169006	48.022869299224894	108.04149110327992	
264.67232254435334	138.19568786793727	44.748976874014865	109.52046096906805	
271.4150420596085	137.1221970078769	43.32379717067079	110.65813516753236	
275.6757099235628	136.29284831982787	43.58696256649738	109.7188425714022	
282.15359307784394	136.7905267322176	46.505369745707796	108.41539004639421	
287.55209136993926	136.87824864925724	49.117634944894	108.01473447778193	
293.2485903266857	139.01624930995644	48.16654444330931	107.94260334723792	
298.15068423936975	138.74888057976256	45.277813930789165	108.50911056492006	
303.4575334718998	136.80293424396325	43.84855677194004	109.81076082324482	
310.3274061954085	139.48544285394217	42.78768607827381	109.10415283410312	
317.13050136824063	139.5984241835164	41.211492868116316	107.61533499600806	
323.67024033873	140.1984722956556	40.14159903574575	107.2840801455808	
329.06938211385915	140.1155830148911	42.33812581131049	105.79689978136227	
333.80047757595815	139.96477646839168	45.46075951427678	104.2747690058849	
336.39171170279565	141.39285904161042	48.38354081460958	102.32327876415306	
339.5025038098988	141.6770672678201	49.32944900050304	101.33680742386922	
342.76702498265473	141.23060749801184	48.29869367317343	101.5417214623387	
348.32508838076745	142.00147881537447	46.09774483230879	101.55289852791948	
354.70946418216215	140.0492023453561	42.72738617168142	102.53008706389814	
356.97008229708365	141.4984087091069	41.384484177163664	101.8102583078636	
358.3000152106581	140.62041589610183	41.693389876552715	101.31748114807246	
360.82206449062363	139.48885386303553	42.571762902692484	101.80178530934393	
364.8984624133183	138.94211891106656	42.33962569683755	101.71477482659708	
369.4593421414176	138.479289478776	41.53629774542878	101.19453230324294	
371.9608772610418	140.10192749618975	41.84947291711855	100.19113404944889	
375.51473408436686	142.81910873811407	41.11123117463234	99.04696610254874	
377.9068567381361	143.98198714706507	40.63781632339456	97.12626837041873	
383.2559386714614	143.31364751744974	39.06243599751069	97.62758068686793	
385.83145851301214	142.08276416361804	37.928462924908615	97.06373419109791	
387.6728192933598	142.2673805552424	38.0312213250483	97.13664326890765	
388.52377518544523	140.06908789497786	38.61326599724574	97.75870351936658	
390.69065394597163	141.20001554914674	38.62342396207572	97.07639401811151	
390.8541400964439	142.04873688629607	38.28151286958404	95.0625352592512	
390.0210096156851	142.26294325810395	39.424542675076914	93.31225183566897	
388.53750332889945	143.70234489047274	41.16511381608509	92.14769501127249	
386.83479099583184	145.25270319723907	43.96513502440246	90.30810718878152	
387.2820441002027	146.8463851889255	45.050299096002156	88.91288499730459	
390.5704671030683	146.08845580254638	43.605313029222025	89.57177116862856	
393.0364471035829	144.30935828074593	42.66761676722263	90.10576437145141	
393.12144149067836	142.25383259413783	42.24557240860511	91.27399487294787	
394.06080855910693	142.01312523247887	41.211240674032474	92.27934282338735	
395.55764928415346	141.07747257155262	40.04158045323472	92.5075245721017	
397.15329179098546	141.95467165129432	38.58629178138135	91.28043332068339	
399.93005107995845	143.20145481775458	36.7908966859602	89.73787002367885	
401.4245177197151	141.82195560959303	35.879840588531856	90.42824887370634	
402.77115790735206	142.07386369548593	35.45904737938234	89.94013010194392	
403.9562292775981	142.06342310631047	35.20151343457859	89.44697156557729	
405.90426574721573	141.53758672055426	34.58729689776546	89.31833298057612	
406.83568558015406	141.00839155127574	34.66729925502008	89.49321893798616	
406.55855324695807	139.99536933345297	34.86882893193262	90.41890853094172	
407.70200176432786	139.894067966289	34.623050083940115	90.00023625068285	
406.8227496431718	140.22579534188895	34.93832322387673	89.13399927831101	
408.2950657184499	141.9537943353243	35.250835497238626	87.30010940540049	
408.7470836083213	142.7909539636998	35.33084502976855	86.34434257992878	
408.546870480572	143.38610365855422	35.01947711808755	85.32118349194299	
407.4614376489799	143.96387032485748	34.25439989305367	84.58286909584284	
407.37009254649263	144.17849569169442	33.54446725022474	84.28589061855781	
407.74531233144927	143.82811304806	32.787275558724765	83.94452208440882	
407.65385953635024	142.6121569003897	32.14310425272203	84.10953526713553	
408.53550594472205	142.19663631856673	31.590084713763353	84.15747088170303	
408.2628590666768	141.6803308780341	31.4451407483223	83.22389174677666	
409.27137792931836	143.9128897156157	31.17301659566482	81.66760838744312	
408.5685604721923	145.45756515510473	31.60551904739395	80.17696353522118	
409.1602369329261	146.5012234547649	32.254901803992006	78.99156097589758	
408.08487048228324	148.42470979566798	32.90378090381007	78.00154496144162	
408.57598957598844	146.6718947970595	33.13997069087419	77.41799603339936	
408.11714847709754	146.2893933685135	33.567769015394326	77.14090420821503	
407.27341786525767	145.76690796985068	34.17262766587485	76.82436717594499	
406.73517686491095	145.02688723022482	33.7596586444211	76.9283293345399	
405.2466716955892	144.55742518529223	34.05122537250074	76.53718389671116	
403.9984540468959	145.0536396892157	34.2073044560399	76.11707394411528	
403.142917944249	146.89370497099608	33.652575934746	75.24466023340541	
403.0110040488799	146.59010703902158	32.874253715559334	74.33716743337027	
403.3350066898851	148.01382770368573	31.765037405844588	73.27495894671975	
402.123179096804	147.86696324241552	30.60446277534509	72.74309874423442	
401.74702711027084	147.42766465608997	29.918159126785778	72.64958943716482	
400.2627540758595	146.19345096024304	29.544755786010146	72.49732741186351	
399.5377621466081	146.57878574695698	29.37475014143378	72.54925172794812	
397.9905427232014	146.96639076996328	29.925685773752086	71.91545233277519	
397.2457979696508	147.5765019025831	30.604724087985915	71.30047566420615	
394.80222034830643	147.5319931610257	31.564816067232883	70.30809000642884	
392.3479769353954	148.10201656386462	31.94387747816012	69.45350318978765	
390.2087368555366	149.98256380273398	32.088291820251634	68.32118469326669	
387.2785522607021	149.43607097044512	31.977059060674595	67.63865929888397	
384.5234433285896	149.5978692990276	31.62257322893845	66.97024689284765	
383.01601354366767	148.70954688918187	31.373741007221504	67.42082705531439	
380.1897165784821	148.093869947865	31.47407580732931	67.73583965032992	
378.6327420628528	147.50661352743984	31.651311582127608	68.02996695996538	
375.60270339906157	147.31013611828257	31.780107031783498	67.44694635184159	
373.7665988398082	148.34615456382707	31.1650319768139	66.83252907979438	
371.21462306238976	149.62245285825568	30.000267376063768	66.05339437909103	
368.5190283928609	150.3081941509116	28.295212169340456	65.21225779791368	
366.3940330486913	151.4585985740272	27.31037206162521	63.95291456718416	
365.18927186849925	150.3166058789322	26.725599191608733	63.71076451826596	
363.4275282014198	149.3049918767117	26.923035308240063	63.661967801589164	
360.76008036339397	149.066481394612	28.090204057271965	63.25002575897129	
357.93997801340186	149.09214443142852	29.603916585008637	62.4319221181359	
355.44897869801576	148.94958569577324	30.26734540609894	62.477194902743214	
351.5799824154237	149.91224897617835	30.267494054050733	62.09016023619717	
349.52606298189784	150.09763383949155	29.763651627034445	61.93421774481064	
345.9479710406155	150.44404294791013	29.082652489940816	61.79055942130892	
342.938547513225	150.57204655306387	28.33330212724013	61.49360561825833	
340.15198583044764	150.20169071797338	28.34495649530306	61.627794252150615	
337.6475969059756	148.5165438000234	28.427471399824896	61.7566857868908	
335.2310098853338	149.21823671989512	28.793815162500966	61.55522803321778	
331.7437786722805	149.28314681405868	29.158131500034205	61.35426081534058	
328.5567266931024	149.0924129079595	29.269696663909677	60.802215831540025	
325.06747747369104	149.16933451614483	28.740061117320117	60.80151864966444	
322.8206183610053	149.0262394724734	27.785395592419537	60.72329984270484	
319.32225169981876	150.91110228405984	26.172311475131178	60.21888208196038	
317.2085476760563	149.68307682397798	24.912757032212824	60.015636873877185	
314.5292466810325	149.48310351425474	24.989717447730037	59.63906472256998	
311.1975889349355	149.2348390532	25.655034619401953	59.18613539384862	
308.02694549060857	148.69126843965546	27.383351042222884	58.76746863232138	
304.03053743483486	148.27733070981287	29.301527805862868	58.129738873210364	
299.99319386429903	150.2447873076284	30.51972861219407	57.48352602154999	
297.1974764017533	149.8743901290896	30.61190997381514	57.05113350638905	
294.03861147502096	151.1156830809095	29.764026938332854	56.54493430148704	
290.66929332409927	152.1082063866802	28.25435885232881	56.56470520254202	
288.30952318769766	150.79435735182435	26.98986187401557	56.789195776316205	
286.2774343424149	150.14366655438363	26.165336986016097	57.00041841770659	
282.7865964900866	149.72379092669857	26.24309902508369	56.98192358781146	
280.4310448794416	148.70783744216402	26.61093337092878	57.54195008871678	
276.03132781755073	148.45902818471228	27.541790880528673	57.312896852800755	
272.5427803071386	148.55381484071984	28.46920920502878	56.70186598518364	
267.8288280606172	149.68764151453237	29.139903526023854	56.39157132703383	
264.31229679036807	151.78563730849274	28.808528336732618	55.64747981832548	
261.2792924986325	150.96885423729432	27.314858220501833	55.69158325388234	
258.82758640690975	151.87654055909246	25.849391584740484	55.786156966654936	
255.51942542772443	151.00725929509744	25.075550873378003	55.16842584074171	
252.23793506412724	150.93238655724429	25.412912291761476	54.560516511375305	
249.33083259854578	149.43953202262162	26.909642453560295	54.294170031413735	
244.05935172414848	149.19836136945307	28.36570043755859	54.38005270613151	
239.15828791350464	148.8476543819446	29.715235862882643	54.50240780215762	
236.34493944495657	148.39571452040147	29.820181828964262	55.43092849698361	
232.12228846505533	149.4381041830186	29.664999147990766	55.516796713629425	
227.64409863222988	148.76381807063734	28.560271627057123	56.30264347292858	
224.562458675883	148.15362992385758	26.514044737291346	57.15968336275055	
221.39846042531966	148.2873915500524	25.97037707112141	57.29651777513758	
219.15006149421177	148.6828112881037	26.291003309422763	56.91658750255662	
215.38987404332093	146.87027856223634	26.985941130434774	56.89975177264685	
212.1302770305152	146.9254146367076	28.359828144773363	56.748741216115086	
205.93606883015948	145.85765864473493	30.298522065817565	57.27612125090622	
201.5736913415606	142.68767477022277	30.713388584660528	58.65933058737195	
189.8783706007668	148.43862738784404	30.910348976743226	60.48170992058755	
186.05116103141853	151.05364048564064	31.16116132847342	64.22746887521062	
189.18454748771754	154.41570616752358	31.134920001488766	68.82305706071173	
192.48500901605362	152.87017605356812	31.44446524069884	72.66848711112617	
194.5960358984123	148.80486133214322	32.061570463800365	76.00551847082097	
203.43431035832924	150.98595314916892	31.816965181964584	80.24801096676786	
207.84938867004942	149.29894583277542	33.07794524405974	83.17926710297705	
212.00855111289823	149.63782170266978	34.09409503441838	86.21129912496073	
216.21290029812926	147.72012311904265	35.116410939926645	90.64553995894298	
220.88180479613052	144.73354657030015	36.52095490665553	94.98664469296017	
224.21814190353473	144.13507995985856	38.90860246333852	97.76146510490956	
224.85998738653785	143.24929873138808	42.138584320293006	99.92014357971314	
227.9964386585742	142.2907673705476	46.618305365221026	101.47909491078298	
229.7015194691462	142.0770343448268	50.49300188391451	102.90329047700551	
233.00384866827258	141.13059178586755	52.90405338078907	104.68981878475569	
238.0869381365024	138.79150450408653	53.40965182088253	106.63213805982585	
245.010467851145	135.93886726963237	54.31588384241366	109.18834434416361	
249.31657186347303	134.37824302960095	55.36943878269988	110.35207593954443	
252.16940689042113	133.54474868700464	55.44570476104934	110.8737151804312	
255.5520583197886	133.0392270856362	55.88550555007903	110.67108513199412	
259.37211157008704	133.53926007822585	55.52517054821927	111.24631980146204	
263.21963281356506	133.31133579246537	55.9285237342715	111.293078371875	
267.03515434188	134.58503468911545	56.33531875119635	110.64353372148604	
270.69123957040836	135.99184802294153	55.45528497732886	109.90117901102973	
276.6612975105223	134.36971765961474	53.38588539863618	110.32106489190933	
281.08087140381883	133.01286425208653	52.729989518243116	109.75624932080909	
286.2846556645759	132.65322275188976	52.29336980463903	109.73350090220798	
290.53310338084236	132.20598575696297	51.86328212270212	109.80731735649336	
294.3445358604118	132.27935382711834	52.671558973786865	110.188717594312	
296.5843480626435	131.36293148872343	53.91725519675097	110.02424721928361	
297.996869145039	131.68848398630857	55.863605722822655	110.08989871513543	
299.6854007319394	133.55134906321268	57.4142608288635	109.22073256952591	
304.8722342937621	134.2181043139369	56.827204041182576	108.79585262579864	
308.57981559970597	132.41533044917298	56.17667184820797	109.65621703453239	
313.0439259178268	133.16193348814417	55.69362431687547	108.90929285415842	
316.3584970367937	132.92026360895795	55.678126405663	108.52692783571378	
319.6386358282469	132.08312074736395	55.3455614164856	108.66652653722561	
322.5952211133264	130.69642663940846	54.094398846943506	108.5840430171713	
325.2345563821941	132.07329154678757	53.23433053843756	108.18298677879687	
328.3410214345256	132.33241313202166	51.95746163159856	107.85209343399616	
331.92657414605765	133.01962185639346	51.36732230962321	107.20366269829948	
335.14502547172674	133.54198240565825	51.07929364554928	106.44603617858748	
338.80112680351345	134.6826180589462	50.40864597487348	105.32507009265899	
342.6398625488513	134.038891122702	48.345886240303635	105.02362108311156	
346.76845800406187	132.52372283881266	46.434053527231434	105.38449717222852	
349.98041626759084	133.12773125259477	45.56465432463956	105.07877167086043	
352.8179495200094	132.69383455042197	44.679569795311764	104.8037052268996	
354.3946852868658	132.53838113790167	45.08510500278566	104.41719159434706	
357.1378608717576	133.01120107108693	44.70373289989091	104.86623570321056	
359.38158293797795	132.94693036925585	44.54837009195929	104.80245294262515	
362.32797612389896	133.07758559376484	44.636422616818734	104.0854061111908	
363.9602078523192	135.04623266341721	44.4839923831116	103.16653471931447	
366.9569352914586	134.9736347723723	44.64442060944648	103.03926123394845	
367.1917933573895	135.8437306609647	45.67534735197006	102.53175871477647	
367.8445118320621	133.60220817795312	46.458091834812755	102.36316650715598	
369.91876273704685	133.75967710475865	46.17067255309025	102.52825270479269	
371.34689223624713	134.3344722842255	45.241545891868924	102.17196214084964	
373.7422402380968	134.16568749241875	44.681319235304166	101.70697072800071	
375.0566006917344	133.178748895583	44.80648495012175	102.16300187553674	
376.906903787553	134.31209907616034	44.04902181248636	101.49271647211947	
379.0415948212887	135.7228804059667	43.5051549460463	100.24374841121994	
380.3246622984903	137.00253058030734	42.911806251101034	99.2032138955583	
383.180194060289	135.80597281769818	41.66262317844866	99.05368465822893	
386.0062727429847	133.5152970673784	40.34744500665673	100.72917981743657	
388.49381298385146	132.35292352352647	39.14763132450222	101.98872978730103	
389.4614240613011	131.36213563869515	38.128843016620806	102.46656412841158	
390.5881195928349	130.2006430710605	38.22555133496681	103.11348363923183	
391.60734343320723	132.68578988275655	38.432551148974404	102.07331698072316	
391.95693551567496	131.60182797555464	39.25408747054141	101.02803637360685	
391.78664605284996	133.06900807355487	39.528605960990305	100.08246895505206	
392.21152468342655	135.2751842764488	39.89594662847673	98.18438327313841	
392.8958412591984	135.93319922206115	40.11210829719215	97.69127392281429	
393.66674799071063	134.621757133257	39.87574214211957	97.01560660304516	
393.8491378578456	134.78142485364097	39.79585143345033	96.71659424391638	
395.2315271898164	134.6833852732518	39.054711698442205	95.62449094372298	
395.5563859942695	134.32805117698712	38.654329500623696	95.63552766619456	
395.9388862964823	135.10716456493003	38.13907880964746	95.72668181360797	
395.7965734259654	135.37116606689102	38.44049442768991	94.8995510008869	
396.03864783749015	137.34059373992977	38.33627290506696	93.26262757072698	
396.63831728915136	138.44938785704204	38.37808501880569	92.87612997010362	
399.53343215420716	136.65685545685474	37.672685227447076	93.09910239421967	
400.9305411668389	135.91512244536992	36.276555448510024	92.9995582791752	
401.651811954946	135.37284050231034	35.321329887743275	93.2835267823443	
401.4947070007945	134.2193791970114	35.684137347921954	93.76408927189404	
402.32312031711496	134.7820488257318	35.03609946077242	93.47842818512174	
402.52970361857234	135.12889677813914	34.525555591132004	93.02684677024541	
402.43828686060675	134.31491337780275	34.472550006916514	92.65456078367731	
402.0043405538035	136.12724732097934	35.006106033301954	91.67808173059954	
401.71544228351274	137.47920265256394	35.326121876484244	90.42182629374037	
400.88720294444573	137.1783015857663	35.6349554397135	89.84494964009055	
401.67041301341345	136.40010997197854	35.32762977700372	89.53229025502196	
401.03712967101853	137.10766408305972	35.216957053015875	89.72221108851802	
399.78478825942483	135.28670100900192	35.21628950555019	90.38372882915796	
399.71687343152445	134.4157814971409	34.933927808613035	90.57850697606037	
399.1151009709438	135.0893035490977	35.20762264000439	90.63432098114498	
398.38889009350174	135.1853622364138	34.927047300079934	90.17487219305546	
396.71538214942194	137.04528042985132	34.91842202598921	89.2265615144237	
397.39108907853824	136.60980472385143	34.51251394700148	88.22690439491404	
397.01449048582634	137.9985038539637	34.040057230903756	86.79179481325968	
398.2214703714989	137.44048423440552	32.81030392595268	86.44068530479915	
396.697670446398	135.4802001527189	32.28277058867635	86.61986869208421	
397.5898501176693	136.7449868772002	31.608699201843727	85.80841712040716	
396.9672717662963	134.79306861966052	30.96526374298116	86.4096710870354	
396.25142119507353	134.62154609690333	30.60275662228402	86.81671861941109	
394.3758315423011	135.1603918037141	30.62506507016095	86.61236552918264	
392.6732802422534	136.2325442353991	31.38734777996212	85.91449451157456	
391.64779339431857	137.18552176148543	31.56387434888457	84.23894418560948	
390.7681228440238	136.9195899785534	30.7964896743423	84.03318666181323	
390.2758333931624	138.47798041058775	29.774991100534617	83.2708504878257	
390.6249837843396	137.61426351260997	29.111931163406158	83.08985719354075	
389.78752978788776	137.72008656945044	28.746236084610754	83.01138132907599	
388.573501811975	136.39993507092785	28.761407311772974	83.25670398173301	
388.46184153828136	137.25207216133992	28.60382123915536	82.52672562502957	
387.4150004508856	137.65698332811593	28.464474791470657	82.20217689657335	
384.84964844243365	138.4012456366692	28.532882004601632	81.60385684125505	
383.4978804484396	139.78710743809387	28.55789370018668	80.21793575282337	
381.8666570510842	140.9036347971979	28.421022599244854	78.9460430477747	
379.49420018435535	139.8295558926498	27.644047218380173	78.44715638784265	
379.8604935257446	140.4840074956007	26.99111265838981	77.64862883808291	
378.0175110818092	139.39343756135688	26.374923867942716	77.8682264853545	
376.65861647539924	139.29767058579893	26.597675147637883	78.64091056927191	
374.8656838666994	137.66231987523688	26.513967249047393	79.44838646565385	
372.7769169700772	137.18164556619433	26.711736403784084	79.99710145837805	
372.04830556001775	138.06448282103054	26.382766324643427	79.58685858278417	
369.57219488457025	137.7746053298345	26.069137407960014	80.11583835365228	
368.2412431516107	138.09972911523982	26.054252462207877	79.71219997589641	
367.1077917279823	137.22535861109967	25.774829865365554	79.37991248251888	
366.46622124644557	138.1519576460013	25.295270430589902	78.63271237193945	
364.2131156219291	138.29314058891106	25.22579695615895	78.09337124907498	
362.7497735112165	139.23252223717932	25.522796501487438	77.12675448524222	
361.20443631490247	140.3906828573823	26.239836110553863	75.61182213365608	
359.8515229749979	141.609436641833	27.156851607650776	74.07643795048448	
358.0566729327432	142.0805829681571	27.663609284805215	73.14329500436838	
356.71131454833557	142.6189290939145	27.764666263993163	72.18272129812713	
354.4989209816015	142.50681235036132	27.516489792129818	72.25301897021092	
352.356501399869	141.29182265976124	27.00610743737799	72.45492023461688	
350.56203639677545	142.06587480457284	26.138557698108276	72.26894833929407	
347.65583571108795	140.49760603899492	25.229057175078022	72.52137509550451	
346.42137696625605	140.47212095767978	25.074476053086077	73.21126154717173	
343.80037670816387	139.1235943291147	25.39848534656152	74.34407528133546	
342.7364749942351	139.17228827486872	25.848718643955003	74.19341328005797	
340.04466523300687	140.4801983040539	26.482706001830493	73.5473359204231	
338.06744553015676	142.27300932440284	26.799268233050377	72.86387704590472	
336.40416550182505	141.3608810493549	26.438167288800905	72.24237249281643	
333.8650533014556	143.6382906653734	25.275048829328576	71.17116764152368	
333.5112815000408	142.8432557252516	24.462911842519084	70.32094997385143	
332.1836106031646	144.57460760318511	23.502631998831905	68.59887887344672	
330.94719851193366	143.4386591538323	23.202201625138798	68.49796319331433	
329.82674170394006	143.29123368384907	23.46156696868733	68.2219089989536	
327.3181746238791	142.12843467703698	24.04129342377462	68.6882934875303	
325.6286555545093	143.10749349064983	25.179236539415797	68.44025648523727	
323.36169119515813	142.8409256748302	25.85263296364284	68.46001652946381	
320.9564801345529	143.85754098719866	26.09752679314076	67.72689003348994	
318.8789197584951	144.02115770011036	26.261637467285563	67.1504364612234	
316.59394920984334	143.17044424753897	25.641688876209656	67.12852709496165	
313.69106410575307	142.1179010250125	24.418439483049426	67.71292805997652	
312.7818242119092	142.54362155623716	23.8424517999988	67.85969800900476	
310.6601423046561	143.2300821170027	24.091352337509818	67.61584816408181	
307.6508064187635	143.2392961112513	24.851197893044773	67.27786865840855	
304.108677406855	145.066484623797	26.0260214189267	66.16900296470205	
302.7339167201954	145.41796510421153	26.72463724605416	65.14542988390751	
300.3765964624713	146.62748308845133	26.466199226234707	64.36567686326275	
298.3470680747525	146.6215621269691	25.281059454165153	64.32065373790645	
296.2649382190446	146.13615309119177	23.987540027767388	64.67554776131654	
294.07974025954263	147.61294200899582	23.15558117533267	63.498144770368455	
291.82047137591627	147.4238874079413	23.014506516376162	62.51055154415406	
290.88528843910944	146.53045155410052	23.532616902669773	62.20937885506402	
288.79487821051185	146.08648744661758	24.132782809553337	62.47376712763592	
287.1812874744867	145.2878974960083	25.17877958588075	62.84808887203256	
284.21171974569745	144.47218295793084	26.206438977061175	63.23893324883855	
281.9902495835764	143.6752539135654	26.621588234650428	63.90038020794435	
279.27589890497524	143.36138264921004	27.000068426872787	64.47480904311134	
277.0039673265705	143.09162076675096	26.433661273181535	65.14552180995551	
274.0469184087609	141.3088650912918	25.57658207028279	66.12858508899923	
272.7729603024536	140.42141784268375	24.504964226888127	66.7809863420035	
270.0226289854017	142.9790464033538	24.276353646753883	66.34677523276952	
268.693544880637	142.8502762524054	24.360260002577522	65.7825692094046	
266.2604302559535	143.08619609243624	24.84469018862368	65.43637189389577	
263.80946245652905	142.97648802685129	25.27204691982187	65.14442665558694	
262.5603896680084	142.8821474206129	25.241970116299107	64.89932311631397	
259.86100933151437	144.7165170163129	24.913159584995345	64.23826121508611	
257.75783371593957	143.99137004256286	23.762536195647982	64.2927966046255	
254.98964015362287	143.02445392854696	22.893376824182432	64.40620530449046	
252.2277191944523	141.58816223607968	22.34516688787819	64.79946758376936	
249.9457843259554	141.33396901699473	22.916175858939166	65.6174962997769	
248.67897210778608	140.84698367733307	23.852643695591095	65.8898064028058	
245.81610283472403	138.8640278914124	24.696142082256085	66.46839766053236	
242.50565566371264	137.8848067135206	25.455690410634517	66.75709925923265	
239.85774826849624	141.44057826441005	26.404268421323295	65.74637543857133	
237.7450518956805	143.1821375035262	27.012570958012112	64.98037253172295	
227.90822681486975	145.47653688995283	27.444638575303458	65.85374487926956	
221.65633817728116	150.2573916740326	28.494964987395154	67.95805225756506	
219.6316697675655	151.6733438812718	29.24450998790337	74.18000843823934	
223.2501928236114	152.0363923486921	29.327565568129952	81.04374269240412	
228.5129586605147	148.45774174613214	30.812276074122806	86.68692847841606	
232.1644975434006	147.1776248786526	34.0642699543038	89.80490704824632	
235.82730924565894	147.2336953621615	37.63334239780503	92.06595149816398	
240.66362354454097	148.8326793941134	41.5237406248989	92.48013829399666	
246.57214159526416	145.96398529967306	44.81726196565032	94.9405287323098	
253.5763659836838	143.86180594578587	46.16726092478607	98.08971859042946	
259.61814074263316	142.49423134159179	44.53933375225243	101.66517063932811	
267.30537522369724	140.86219325764586	41.74986018931056	104.98729024696776	
274.3466638878094	142.3775586677691	40.17390383656735	105.33134510482333	
281.96072971912696	142.00914105388577	40.13927011043114	104.92355990443215	
286.7972745523289	141.82842330635154	42.614505842395836	104.25882809008216	
289.3490902207002	141.87070417401688	47.35598120415126	102.87673045199858	
293.71069182128645	140.1740041761826	52.10705035204821	101.62510330886849	
298.0815073602022	140.37589278340707	55.55803852572302	100.53508356616186	
304.4712279928822	140.7894048385825	54.638319392875665	100.9274282440844	
309.9768421581139	142.83938435479604	51.667991990401326	100.922931105691	
318.99770480748566	141.94015360868704	47.87813382653092	102.4399429557354	
326.53475070473723	141.82704630817213	44.100637767702224	102.44709995629472	
332.7285364103862	139.8197914807503	42.547742611117854	102.2257457128721	
336.16545070407733	139.67342115872046	42.708544232587684	101.37866078421125	
340.2160928764862	138.97131842327548	44.031664255148044	100.27237759642743	
344.32943940857103	138.33488639922848	45.58943291897838	98.97648838544978	
349.82833821706646	140.38617248855041	45.91092053837669	97.73918105349189	
355.95866079961513	142.31978764405397	44.27656291550844	97.11697238490338	
361.5266968083626	143.16913325390493	42.09677044004724	96.71733585517934	
367.6551331613853	143.0482574919871	39.388581022723905	97.54597656560236	
373.33911300082485	143.35952604990146	38.53745754911773	96.6576146268222	
377.1301438350338	142.70017837370298	38.74138880636391	95.60141737021421	
381.04369475865445	143.36269142771476	40.44319604918503	93.67964676572899	
384.706908937963	141.69827442136247	42.22115490051941	92.33383457700744	
387.24471786109655	143.00965744567017	41.98321510316813	91.58440282881463	
389.8184534715253	144.20948611535562	40.749791405555115	91.05226290990917	
392.0118624598429	144.47610384095975	38.95788070059987	90.74323012618683	
395.75004320909744	143.29210711758606	36.37878030348678	90.70643999093407	
396.8067980453806	143.1288850312555	35.15805482766656	90.91524116044512	
397.66019178406293	142.30029908064688	35.140384256317574	90.86840838896231	
398.73038187660836	142.04510836091916	34.7708833601736	90.49983043380374	
400.10188945688043	141.86099466157876	34.681766494917696	89.99684077556559	
401.3926067442804	142.60759940859197	34.8093326231763	88.30275162147734	
402.6177506456388	142.8453955048228	35.22744384190586	87.41346498484428	
404.3770980254751	144.22491010578491	35.764067896374264	85.71313030819185	
405.8154873520541	145.75448796918792	35.56787814691498	84.68866650678521	
407.1105157364589	145.9990736296081	35.7600765070628	83.85523554619249	
408.30135264538427	145.77212532098906	35.52757901274938	83.42126919844723	
408.6413762845022	144.9597172963347	35.26147448285761	83.18361846403177	
409.5585612979913	144.04566804425826	34.94167659899076	83.45702577944343	
408.8710912412544	143.21441580021522	34.642234428879846	83.52488905059825	
408.86025890224937	143.7244632161045	34.13016596753437	82.84960170414512	
410.0870098131295	143.71822451807782	33.90805479021178	81.66484056324792	
409.1047930339618	145.29565623874666	33.84020559045345	80.32144796633378	
408.0571016003608	146.9424644815132	33.67144482783737	79.29920237632201	
409.26609187512867	147.75566781085067	32.943090248825435	78.38217206675814	
408.10725445977187	147.3846536139682	32.08501310312123	77.46909092651948	
407.69051396013344	147.70968574900655	31.87357113064205	76.93558812342074	
407.03475438209705	146.32098260317295	32.07120909153898	76.69024934587638	
404.5934737381661	146.54343835405908	32.69888561614109	75.449481894746	
403.3539389774455	147.1296514684481	33.87683459365075	74.57554539175645	
401.97910095797545	148.2403484229473	34.56296407456657	73.05453731609686	
400.6730313267433	149.29420665350546	35.09288582673927	71.66964136189206	
398.92659547796586	150.72195409598677	34.98898555591631	70.63190126065533	
396.8627199119738	150.5582949928519	34.80459983003822	69.58606956448865	
395.03295893249395	150.4072863388757	34.86319491984709	69.42917909312833	
393.15287614996663	149.14368857876298	34.925529842969645	69.19554813503444	
390.7286290423148	148.80885893957606	34.87630998973154	69.29590148242573	
388.04321988705135	148.69309369089376	34.85816486092069	68.5881939480601	
385.94785933981365	149.10943968072135	34.877663953572004	67.93242132727468	
382.6303330827006	149.30651853657207	34.29032405592833	67.63190365262169	
379.40358460477427	150.68406355996254	32.521294269108104	67.0468937856236	
376.6604379526176	151.71526674872308	30.668597602365878	66.4034862354888	
376.08493867832794	152.60601827918808	29.985188535692764	65.40658983955602	
373.41461357898623	151.24222669698602	30.204819813418574	64.78455871330559	
370.5641095326499	150.83718258079685	30.96278347912988	63.94626153226475	
366.90756110229046	150.00006790185626	31.77086946283234	63.90850032186814	
363.5953729557554	149.97208151048818	32.68981332397555	63.424829772681775	
360.17330454580537	150.71294789104303	33.1729354124161	62.724078308121584	
356.8292868861849	151.13455287152837	33.0888599372083	62.16439908496158	
353.15804708511104	152.43160262405362	32.1250842455754	61.650231925393264	
348.41600478708	151.574553735536	30.95172845487741	61.465202736735655	
344.9729727090385	152.66391192762174	30.600884855202814	61.110461660900846	
341.8756825235782	151.8318913094293	31.026835549494496	60.62295672535755	
339.33166822960027	150.80689895575983	31.56674706472729	60.536957128916384	
337.29224434173267	150.27985557077767	31.747488578402688	60.58747788001728	
332.3618104969094	149.91777042719536	32.30089883058431	60.37163283084916	
328.4576460150542	150.6720858507367	32.54619219422206	59.80078941266588	
323.9008645593745	150.31669395606437	31.753793745961044	59.93232831744406	
320.277520667521	151.19821920195233	29.85429163075971	59.79971512396959	
317.4318885121526	151.05043120483472	28.350493864438807	60.234042771742395	
314.17415221761735	151.99208999139861	28.587733704339254	59.21309192005844	
311.36934854090606	151.25359493918072	29.546566123648706	58.38343372239924	
305.26430489856557	150.96926137932664	31.702863927720387	57.47692970676775	
300.5158099031786	150.19714112879788	33.76280290485998	56.848247980656815	
295.9488719143662	151.3711808151495	34.84504875917545	55.914261600484956	
293.12720318014084	151.38685975314692	34.826391516830725	55.78979243217505	
288.0007346589736	152.92045808507405	33.97778418036645	55.12428410953347	
284.70622059792356	151.66505841919528	32.296452479338235	55.58315006583886	
280.7129959871261	151.47444273078142	29.728246105584084	56.65570953880082	
277.5465928614026	149.61142802486347	28.666569672029826	57.28606634822412	
275.4263502456079	149.11375329313879	28.508482241974637	57.42611089798417	
270.8335349094944	149.40245147015068	29.098461703424388	57.332734633912516	
266.195651009945	148.9287935449242	29.97238596325359	56.954861835074674	
260.747693322897	149.25215139611777	30.974003957144387	56.21987132372174	
257.13839445466306	150.46118992862966	31.36366452263761	55.67401061839404	
252.12110193095592	151.59774604305218	31.233053841287845	54.78130162858903	
248.2878121998873	151.68820571236841	29.440250691048	54.65314127763526	
245.20029432171464	151.22163234579284	27.455342205825197	55.34557455241015	
241.2533667146886	150.42927036392814	26.740864028766183	55.249809362306856	
236.98946086684848	148.96775618859235	27.293873857424078	55.47482629906862	
231.48532924635714	148.9181158035598	28.489586439850253	55.857732860558386	
225.77070361983965	146.5564254339738	29.61431337609904	56.6079915809256	
220.6409037924479	146.57923393973147	30.683764891624513	56.38431262373596	
216.30095073500902	148.03317525027265	32.05397506715346	55.459590631290965	
213.00171885772264	149.18647323039508	32.039048573417126	55.277023224415885	
200.05226429298907	151.39977109613116	29.904680825832116	57.08883480700533	
196.47526649601213	146.84129545295033	28.982658876349753	60.30582387109613	
181.97034639160856	149.834483344935	29.158463333153747	64.52825700479353	
186.51527781186658	146.5992052052371	30.605957818744603	67.70896572305439	
188.48213651070512	147.53495873747335	32.966107256955205	69.66925631303143	
191.19840453555736	147.37073306433015	34.971961014675685	71.63042281545383	
193.46473962032803	145.21619400351761	35.99277997355011	73.26943832327572	
198.96886552497458	142.57873020806804	36.066190373718754	74.5863663202383	
209.73947529462856	144.1844551322107	33.70911632832215	79.7085652350543	
215.64247772908493	141.9076443651831	32.51535039766251	84.87733037646812	
220.68795544513546	138.04278283029365	33.35444930452227	87.01865107072307	
223.43872132446205	136.65900121595462	34.72514698512281	89.25347870458356	
227.1118789994756	134.68148031261407	37.7416300190593	91.17293286845195	
229.97789417516066	135.5979010990317	41.57386710110659	91.16679111913687	
234.5522947208638	135.180202317392	45.071641655816535	91.1779292819189	
239.23385061825482	136.6462412481572	46.829220829535195	91.5402978650827	
245.3658376968749	136.4676182803652	47.212173156523754	91.788349714568	
252.85364780848897	135.8007308456227	46.06865484277357	93.56956672005148	
259.6650406815361	134.79375896760303	44.93432566080901	94.00744899879578	
264.76883550219446	135.08690861743415	43.48317649568519	94.0286074465629	
268.9733353814212	134.60434668402132	44.409771970033	92.69058282750095	
273.1466584289669	135.00225744734962	45.03282483945736	92.26494684309961	
277.1106743853379	135.0653876199049	46.439376944653	91.83351428735389	
281.77283142483066	136.5209401427942	48.09609625549965	90.86977792982483	
288.50205896480213	136.85485718904775	48.19235661611446	90.88923973549207	
295.2752666838748	136.25809562568858	45.91724830200503	91.7333112596069	
301.8729675694066	135.577406711389	43.909028705838736	93.00499147331239	
307.1449082112985	135.34441906143704	43.04634013401734	92.79792941393067	
312.0712507257094	136.19399161284295	41.90562179137742	92.04214732029565	
315.8967340416215	136.09579031591164	41.07837114861303	91.6255107931788	
320.16649950690237	137.1746763430016	41.64404178908788	90.64808651213094	
323.1131049186126	137.58065903532835	43.29641970460895	89.82821951496982	
326.2008804253062	137.83416640466865	45.524663872852884	89.20466897901375	
331.29143850515857	136.74764374331502	45.759369102820756	90.06391847137051	
334.68199704269205	137.0772224509504	45.754546067548894	90.04781129812096	
337.35409286386	139.1308141898671	44.51350401457993	88.7371022962659	
340.06589083533714	139.886687649922	43.92963071604319	87.97545168648362	
342.7872221889737	137.68196513428586	42.659196935093114	88.41569926107515	
345.06927539473844	136.82972250729125	41.488974651907654	89.22903795710857	
347.7135853095669	136.45858380496966	41.600601616098885	89.93420739135568	
349.8451354945749	135.6801190382029	41.35766563305915	89.80595275658582	
351.04607537317474	135.40837290053818	40.46336023020357	89.47076459302453	
353.51633703701197	135.3312761296768	40.24556032870552	89.93345315607631	
354.57842120976227	136.38782013004956	38.77885926894269	88.7367755299641	
356.829222648907	136.64894608430973	38.873457662078756	88.19972396116007	
359.860855331619	137.30714575241115	37.94426797774236	87.76142812406447	
363.1281338265772	134.99490053788372	36.79235629199831	88.75238666662649	
363.31735266621405	133.7835168619195	36.308788968305144	89.69164100034985	
364.4103135311121	132.13801358808018	35.615164396446396	90.65270472284588	
364.5416621650589	133.42340896530027	34.68209170216225	90.52133716046482	
363.4471003601819	132.66379802064108	34.47578341954796	89.80484614364701	
362.9355646175068	134.03185814900138	33.800861503048175	88.20259344566534	
362.85721504675337	135.85244185272344	33.608788749738004	86.52893682920045	
362.62628590199165	136.65287488476253	33.3351011745627	85.30307874133916	
363.3796406415159	137.54183578470014	32.966398715269705	84.45815040638746	
364.2950052481231	139.34909858243032	32.35878205548591	83.25615133455447	
363.17560974834015	138.51590843306352	31.75886269985875	83.04420496816707	
363.4446987285031	137.33316089897693	31.537536115054433	82.64404328878173	
362.6742055043604	137.18134618347406	31.27616294659503	82.58664513536014	
362.6155321979466	137.39372680358667	31.226953574976147	82.30045809728686	
361.31063713085626	138.1949452972037	31.1448707069746	81.31923213317951	
360.25986220159587	139.70468764537836	31.008276584305005	80.14692304431516	
359.08829785702176	140.63060859851197	30.70070195679295	79.01978942641709	
357.2425202846971	140.61212305921276	30.377688610574953	78.40383502101666	
356.1170277467012	139.72725289489588	29.808259102205785	78.06515816326757	
353.5310720454794	139.43175703202957	29.73288030464453	77.67620715849947	
352.25303113435484	139.1345066435676	29.944037090577325	77.64642477811975	
351.24720448300883	139.10134728172824	29.794787155939666	77.41567515290498	
348.501649495469	138.9799189181004	29.590996472924136	77.30953366700342	
348.21572142224954	138.02533177726696	29.58491472784095	77.63459769127475	
344.3612235605225	139.89523841491686	29.79886722333845	77.19373147303597	
342.88476233592746	140.43519297635817	29.416510508722748	77.16721599773038	
341.2456950834399	140.1402468600368	28.43418761276752	76.85797473947507	
341.06927658239397	140.44060653427607	27.68163409102063	75.84291876387249	
340.3104233722758	141.03599017437986	27.56396700899196	75.13284039470109	
338.0121486437797	140.5484274572851	28.065064614934663	74.82955532455988	
336.5000450677445	140.97498440670412	29.083680863998605	74.20415126625554	
334.46084679810457	140.744282008068	29.795042140656623	73.29436745871227	
331.7387624601311	141.65820322565537	30.09739524060932	72.19730979004878	
329.2136649022033	142.40191809879028	29.9036410555809	71.63314785870153	
326.47384542077225	142.9502147469159	29.44144255771782	70.90851929613018	
323.37214307014636	143.422707393206	28.819712132451585	70.38811566008606	
321.01959235832464	141.93240706384051	28.386576250669997	70.66829570812678	
318.43697241783644	142.06629764682938	27.75150847959791	70.79299567739812	
316.43049169644127	142.46133049452644	28.31040513754235	70.81394942566648	
314.3125092131513	141.39151389363758	28.620877591357758	71.44495039721842	
311.8023702845452	140.49886638866613	29.218333833485133	71.39098146666326	
308.88386312303135	140.57284729445433	29.200870219393675	71.43030283333333	
305.1011958558272	142.10310809217538	28.678295106626297	70.63202489528507	
303.0430912818075	144.74804423708025	27.740024505091032	69.6275861622346	
300.48510492482205	144.10330992507892	26.773630020039786	68.35055785753146	
299.4005218209529	145.49859965094552	26.086709685644035	66.68344310580422	
296.37993935145914	147.37194045039578	26.39453935167333	65.2545804428445	
293.94352364347833	146.21575299103816	27.48266195194487	64.65066040761592	
290.8403722755386	144.19880093801405	28.8007394756924	64.58315915433742	
288.0976646564217	146.04377100080677	30.04627938256584	63.98071291966724	
284.8602508866794	145.7959936594835	30.40267641135694	63.27311135444958	
282.2285842492941	145.60099670781457	30.041094052017325	63.69473766406267	
279.2450229911387	143.5831110227887	29.147853556514143	65.41774232190986	
276.61270219472846	142.21969946551923	27.760605266251172	66.44690191832758	
273.77058201025204	143.25378074637317	26.908624601904144	66.66201099215304	
270.6953078677237	143.4001796200077	27.247054212803135	66.23641397027491	
267.7378941252629	146.04662740883978	27.64540323078081	64.04760478045186	
265.94392294389223	146.05438447097822	28.282346144188562	62.99324104164894	
262.11829929153396	145.7610510811229	29.20817315346803	62.59182988634579	
259.5263675614543	146.1786626137432	29.46171759277785	62.32771156491145	
256.69287983316684	145.6853324884962	29.07762726338101	62.67478013285771	
252.87096554129855	147.96081418174197	27.87343404842951	61.32514094407879	
249.79756007719396	147.77736728340636	25.9477939906065	61.93007421094178	
246.18297769618798	146.19213222261178	24.867932405396736	62.38737890004896	
244.00193108016222	147.2350413294348	24.8173938365732	61.550060297315504	
242.19998241889812	144.7406212901096	25.349923898899196	62.00028130490021	
238.75535808202267	143.041850909534	26.35645612363976	62.786567649298846	
234.9295360476176	144.15174336309443	27.733210843841498	62.883511846377864	
232.45837158721065	145.3625586523742	28.378624723349102	62.6462917337066	
228.2698791791371	145.50683423743118	28.487569663476815	61.50439834396534	
225.4645002431631	143.77901184509457	27.463331460145472	62.718224638388214	
221.958226347307	141.99444859221816	25.82644190923285	64.38207203035611	
218.34640250802576	143.07240888635505	24.870079410340555	65.42789655799352	
215.9683634551441	142.5408115143954	25.30138077136291	65.28246234661093	
213.41213326919328	142.9058909805754	25.919695844648803	64.98130664291344	
208.93493215657938	140.9410338984496	27.243229291727445	65.12167634496299	
196.26145001422682	143.997414948126	28.949248441351358	65.66693568623825	
191.47237430751457	149.00445737851982	33.09486675354443	65.58270243625728	
192.1709250317705	147.98341791554677	35.14938220629354	68.83946405773617	
193.53747401259335	148.02628214242554	36.014293799228184	74.09562594621447	
195.69244003611547	145.36235235099642	36.3752858350231	77.52079129554494	
198.21193783361355	143.6762353664681	36.50108975209231	81.10317693867223	
209.85118154761884	140.64111461383067	34.445494761700424	84.69862920177651	
215.46222548477223	140.85280005200713	34.25284356266095	87.00541865272804	
221.7818977344995	139.28186680499684	35.0886297604578	87.92746817101954	
226.10049678650896	140.24067079853026	36.86485030578027	86.80498915041477	
230.5962567033139	139.23353748043053	39.55916744366362	86.16347781406438	
234.76141173479198	141.0023203462639	42.242855990114094	84.97777868815173	
240.2318434388406	142.8813507244276	43.64333388110623	84.11513283034921	
243.52268837370198	144.67268977480913	43.359816998897486	82.90739750838823	
250.81253357248633	146.0139028601985	42.27043487669906	82.49896179986507	
258.737047216728	146.08228141005432	39.798185547038045	82.93393768139416	
264.3210528987741	142.6042468727356	38.068523825332896	84.52078859353671	
268.31755419811657	144.61557757474722	38.60308841861081	83.76494618523839	
272.50263603414476	143.30349875230377	39.27586915444978	83.4779387245543	
277.9196496985728	142.61339593527128	40.18863846999172	83.0961270816906	
283.99601339993245	144.0619325216522	42.306620136839754	81.80835614575498	
288.72352658720706	143.81587294216993	43.04592079717302	82.5822851530123	
294.39377039413256	142.96417028875476	42.20956609513493	83.54362382584637	
299.6238435922705	142.98054219453957	40.89349852938714	84.17974283358296	
306.36697078282566	143.26073530549675	38.94901495243974	84.65098538055364	
315.8087651501624	143.0553081580747	36.26307860317057	84.29312374389289	
320.75818017782683	142.3519879977124	35.401903716486395	84.94905920584507	
324.7512153333128	143.2438531749792	37.03788611277278	83.90878238645206	
329.55887329394557	143.00320911567636	40.11970685133584	82.81088449665313	
333.57498527696276	142.87958511853074	43.26309759710594	82.74172786137729	
337.45848915585407	143.36145753158647	45.52598841334588	82.37189969753376	
340.2968297911633	146.03647856978404	46.5084073004717	81.75207405393041	
345.38225455885305	146.30584469207014	43.884305686372414	81.30115055080441	
351.7404645025253	145.0913593329536	40.829985639458464	83.28965715156549	
356.6562281578527	143.98530162015317	36.9525057150518	84.35854378427972	
361.2439076917262	144.41117671452338	35.738444085280584	84.05606397906638	
365.4701108928968	143.60255903203176	35.2488920991329	83.29764450430353	
369.78181112563703	144.18839026433045	35.51290052584861	83.09730595012276	
373.4717846783292	143.9078770216731	36.83092886108464	81.68735745734973	
377.7143114156802	145.6678837285405	38.54737813045382	80.64770234414802	
381.6892642253918	146.76767089940594	38.71774134207679	79.86804360919346	
383.8892906838876	148.43592340838734	38.20006141021488	78.84631962247705	
387.848432324426	148.27337908027826	36.79339671330199	78.78298625528137	
392.3429245966885	147.57238156035243	34.58189207684921	79.39955520726951	
396.335494113469	145.8527104471982	33.709164661446536	79.98806855141919	
398.49394338087006	146.34692117422725	33.66405321763008	79.6493328020945	
401.05064089734225	146.24875500189248	34.708279751077605	79.04567972859004	
403.1391568723565	146.16403083732177	35.05856371864247	79.05619118165288	
403.6424536814335	146.57828305959174	35.70176256460986	78.68082004671824	
406.30704407404784	148.3670675092755	35.18489964219273	78.04566717795566	
406.8986559474998	149.14478143472957	35.138115439993484	77.21584394570468	
407.77962200946644	149.70061202280723	34.585048112383035	76.8093187969556	
407.6072357531849	148.0877974536148	33.83738790180462	76.76586662932293	
407.98587351930854	147.84494888911956	33.51716991807409	76.78796831521854	
407.0314367452488	146.89458665691106	33.68321364422566	77.58627495856437	
407.59189067846035	145.85278587885898	33.52041056928695	77.91881302579596	
407.06422007311613	145.66276808988385	33.80108826461342	78.02104761766029	
407.60957394205127	146.25054526522922	34.15314686427594	77.7160898587199	
406.274352187829	146.80366754722834	34.60783064606886	76.58221778812295	
404.93676323783967	148.44247088062096	34.980693023679606	75.19662967015786	
404.45265138746805	149.37864417712902	35.7398085347987	74.09521591961733	
403.14133992536057	150.4461894868368	35.7913778299446	72.8755576578768	
402.3559774447154	149.3985782784595	34.87277476145324	72.32760195387756	
401.56101464754227	148.4945250629515	34.0728094234343	72.1116921357219	
400.8521185129001	147.84588529436604	33.77819674365871	72.38062796768847	
400.1201770190082	146.90120390905727	33.45175849904247	72.61387438648252	
397.8381583622716	148.68354067602746	33.2489846588792	71.90358702502684	
396.19797804485205	148.13178673932745	32.93193577342034	71.62702343117647	
394.1598049817436	150.01298463257606	32.53413822840706	70.93263552692055	
391.976465771666	150.23461945874567	31.554523547119253	70.30555097122422	
390.58540466130296	150.96265223210972	30.32302064433991	69.77253244541005	
389.925607095662	150.04489847036507	29.200481076171254	69.49796445112655	
388.84835320502896	150.1187162309584	28.806028745847534	68.9029245303472	
386.823896602018	150.14454478564764	29.4640209599607	68.01391289116019	
384.9709359072402	149.51536515033553	30.439032897687728	67.2776513721086	
382.4720418605161	149.89856368331218	31.56953909813096	66.61575706907803	
379.77736993410883	149.13050358416575	32.28910206939854	66.79696458973342	
378.1350502751896	150.64234258276286	32.30919131720611	65.87419500504907	
375.1411901329242	150.5566504215262	31.635537622168282	65.68166442309676	
372.4512938479493	150.57731350971326	30.358878363898437	65.71163404061154	
369.6848644625415	149.96507785627387	28.797357030265697	65.80132960611489	
367.40521185429446	149.4279133821321	27.964390316883186	65.89242362010948	
365.94342871311017	148.24505658132378	27.84579337408581	66.7137080050147	
363.93768001322326	147.24606384947413	28.31694181631067	67.03329922072726	
359.9571280825592	147.11270693109466	29.378993886236596	66.74584839134009	
357.33283238323435	148.63503556886818	29.675089308839826	66.32765630420768	
356.0314689220275	147.91033392401135	29.080376744632407	66.43804709606272	
354.3014715660893	148.34520323864533	27.804617409026196	66.23202604663652	
352.21615284534005	149.7081677631226	26.74423162950791	65.43082445268278	
350.22032936663385	150.0989749948706	25.629689818878695	64.72050355855181	
349.42887242470255	150.693146780694	25.40209168708512	63.97848047005777	
348.0705575779183	149.22055876395657	25.7784055359289	63.8647787054532	
346.6477001015179	148.2237382015094	26.69049434496874	63.95579665298859	
344.26365436437777	148.48393214286867	28.29912217131175	63.19745162042561	
340.391979653828	148.23821142317286	29.522784381341317	63.2430947383068	
338.23985643354723	149.30263173698052	29.764935034922484	62.711885777209204	
335.10493561889984	149.05842855397344	29.55420228926794	62.28714938525888	
331.28220263225296	149.8647367434292	28.317886799851536	61.99179733074501	
328.75320903599356	149.3375749650305	27.18321296718197	61.7175785167293	
327.23633421149395	148.82101605810112	26.695837341893036	62.20833554024043	
324.36515235909377	147.9806896285032	26.815171322442332	62.486772530938865	
321.35571462253495	147.29828089379885	27.477170192144953	62.3370068354704	
318.9263545602759	148.18471473880132	28.151694275676565	61.85773519983878	
315.47183859102614	148.09873034189025	28.921809778380396	61.26943041461816	
313.41125840621106	149.85536626378192	28.940119324808702	60.500505970879196	
308.87068456929825	150.84559197431767	27.90480742852988	59.78283857124411	
306.38342929673644	151.35532279975232	26.766354460600617	59.648364102010184	
304.09608540421954	150.3867110170849	26.281903197138185	59.19951000526775	
301.4297949926423	150.57965496842368	26.561390241253726	58.96178762602866	
298.73675130958287	149.56667774754644	27.37993593949118	58.716846831076474	
295.13149210249924	147.9447705464503	28.99695795827203	58.93307831213079	
292.1934728358396	147.95243637776986	30.333798372206445	58.527610264651834	
289.5463369250845	149.3767380967376	30.994874705556256	57.53025595057909	
285.84919380880063	150.85452903121848	31.16518219006988	56.39760190981092	
283.33859898697256	149.5125080981823	29.898707105750137	57.046668467168566	
280.38702724968334	148.52309282222376	28.3802404426798	58.29775838054894	
277.37612506223377	147.5015836101116	26.87531911470437	59.09253160392073	
275.9927711770782	147.78624320837258	26.46126619688771	58.92429647011518	
272.88527408241225	148.13891746148016	26.595032421066954	58.55676024415965	
269.5596595369618	148.39170709071993	27.216141630066215	58.16886773912156	
266.39940130251586	148.98259175323074	27.944275287660652	58.195882229792836	
262.604379851035	149.13574318399216	28.83793771206753	57.33817482686221	
259.4496134074353	150.45960650892238	28.710432316276066	56.42787816614609	
257.2215248734628	149.75369090706135	27.06247103978966	56.787623902797634	
255.2508606735847	150.60360581177832	25.41672938514804	56.98267377231734	
252.26986810489905	149.67480937176023	24.28163266134627	57.113118584002805	
249.54167934706743	148.28515397285062	24.07969167405871	57.025633661347776	
246.219513577422	147.141119965432	24.887452604531624	57.43124418459817	
243.84027586253632	145.7948932926496	25.801966052139385	58.34758146187397	
240.3140750256642	146.28899061692778	27.15512070730208	58.232885410886084	
235.26578209175392	144.87984992094198	27.93476242873879	59.37741665516954	
232.77204832323582	145.8181517063915	27.90755951284759	59.59878419071169	
229.3875910166	145.9389780897039	27.338119113221936	59.27006186012545	
226.64459204687697	146.6063945350737	26.226541117656456	59.10784929071358	
223.76735556244228	145.83013681714434	24.80385007864951	59.09980418494656	
221.4590174702782	148.05091719272014	24.498272215478984	58.45769690931686	
219.05715528784754	148.08886845963144	24.81623876341779	57.616879726644044	
216.31906024817405	147.93516558576022	25.851435380513024	57.244937529005774	
212.24080663248645	147.94732927839289	27.120359487158872	56.58003826071051	
207.75586004042884	148.88663909617418	28.51942843017939	55.69407668158044	
205.14008125016997	148.16925675109968	28.572462340880875	55.47861197353877	
203.0218847224555	149.9923284643498	28.35798735167663	54.656405935271465	
200.04705796859707	150.7679399989282	27.32103908864316	54.326380164316184	
197.88848661111143	151.14905776854087	25.738363699577516	54.59038204812703	
194.02897684480834	148.71882246418716	24.494229652392246	55.62688679160949	
191.6196937336494	147.0036900510584	24.536511628907736	56.13571395352927	
188.90720860170563	145.4879936964021	25.241244332992885	56.8939670232837	
185.5698723716407	145.4449993153384	26.274683450250755	57.492677953304224	
181.70654746356317	143.89884166293712	27.43384474905057	57.88191301658533	
179.0046070567802	145.13029042303572	27.99735775414219	57.547555591280265	
176.23542367704604	145.6771893432592	27.546685409580487	57.1716744804627	
173.59027823747772	145.19117207113686	26.128523100765452	58.173757820394286	
171.08016188091096	144.5344846525334	24.443602905868445	58.71197476604739	
167.1515891130242	145.69413653487845	23.549273081266627	58.69927134067998	
164.3616592106422	145.5751873981511	23.484524832922624	58.76489702720539	
161.60471573038203	144.55282062641606	24.022054279143497	58.72878521229753	
158.3972769191685	144.26469556858137	25.18038477580647	58.387753278561064	
155.31737702486674	144.74398119643126	26.86905397003145	57.600663933063	
150.68405867390882	146.0769534798057	29.119507276959027	55.92343618853294	
146.57101138303665	147.12985989703085	30.924415280662693	54.90123723272237	
143.16936768655978	148.4013272468717	31.804139454989983	53.60819785698243	
140.04312747354948	146.6340070704435	31.03994531314596	54.347564962406736	
137.89691672988465	148.0454847266743	29.31343593758664	54.97017259376848	
135.90238177805128	146.42107544078024	27.166205552958353	56.40451132638633	
136.6071806763136	145.5920138638312	25.590863535988987	57.79947495045146	
133.37930271414922	143.43685798428746	25.32226475605056	58.54787444777548	
133.29396444462216	144.80906208886222	25.128155686480262	58.375774132616776	
130.0623392175996	145.34531249244	25.516943796452683	58.60077215216387	
128.15870492840307	144.3332826661763	25.833290839849287	59.3660735980988	
126.02109682984124	143.31997115603144	25.845401218079427	59.64051616382387	
125.12184037834422	146.50569605356003	25.093769331860504	61.08275374224651	
118.74382657136321	144.16775652513556	24.7056494409415	62.61597508621164	
110.25704840468981	144.93257012639867	25.127323827997664	64.15263163606001	
103.49920427764388	150.35724331351403	26.494987697350513	65.59151671753833	
102.50771212082556	152.09192548713736	29.48461601481538	66.80885059237396	
103.41684450437418	153.8359786487889	31.06424338051819	70.5933400627513	
104.50873274569675	161.28821736984318	31.615790544102513	75.44487366952916	
103.96395301748339	158.2657195683855	31.801821361347347	80.96662046377412	
105.26030053108221	152.62169501064696	32.03329756273789	87.04701863114214	
107.73041553552818	148.57267035164696	32.7306631740209	94.04163318466088	
108.51967985213915	146.68044802343033	33.72285187859337	99.45041738282147	
109.49567325448655	147.06001899903342	34.46544001990256	103.76734647124991	
107.79454164676368	142.64682357007638	35.76673955055177	107.9543470285869	
109.40223535736915	143.29790757460694	37.01165993763068	109.96850090760029	
109.11165191807464	143.54986662126845	39.126257416314026	111.31445473636373	
105.43860784719477	143.7387722434165	42.045626828614814	111.29749633818685	
101.4980316826909	142.49261385749654	44.47548804624315	111.28846134138136	
100.6999530299846	139.706866564603	44.92507824197858	113.56924813281857	
100.48979413468987	139.3657660239422	45.951337008785934	115.69158602418784	
98.9036829718862	138.1429540488093	47.881971355843746	116.65721618200169	
