54.0	19.0	85.0	92.0	
54.387867866001486	18.784403225715455	85.2310244285326	91.72558598960975	
56.10746829544144	19.1752023808044	84.55956458293436	91.72468477824071	
55.1751995861704	19.956042110355153	84.65600898778658	91.03247112842197	
55.07260963885955	21.025368198756606	84.83737325316804	90.710100246473	
56.71319037812612	21.90836877689084	84.50893938500609	89.27411051176033	
57.53564200000826	22.194485431355055	82.9861865101408	88.54877570974084	
57.40399019433623	22.772026876236055	82.39590577184381	88.11859250044628	
58.177543799263695	23.445333364163904	82.36885992700647	87.16535862133841	
57.85477500374223	23.77375799333146	82.18624668951858	85.76614306753333	
57.56532301369807	24.037904235344417	81.71730583549902	84.8651031454519	
58.23592473615188	24.57320207925688	81.38803878093057	84.95326494471328	
59.95994046231363	24.32123876704984	81.01915239662186	84.89859862150576	
59.38250644505017	24.944295878947006	80.48142357704073	84.7759978186544	
60.10746808097492	25.172954754429426	79.60897640225167	85.11000334884827	
60.52255443805858	25.719650412989036	78.85601004081734	84.4277853597273	
62.20657415172247	26.370706483601708	78.79108504520116	82.54529817125861	
61.59583672966264	26.656297048146847	78.33478684534164	81.90869305092941	
62.286246639201096	26.65500737811021	77.9400758241132	81.2947092627356	
62.60417329129784	28.037191235031752	77.38208124475071	79.78259838835636	
63.84085665414633	28.2561529926617	76.35162000691437	79.56561720051141	
64.34584455096301	28.77898651218882	76.01487547316376	79.54819185385607	
64.12522487147999	28.765059252911186	75.11169086266382	79.81626325152182	
63.398131409072384	28.24118135613333	75.5399198812858	79.45517348177835	
65.27092625762722	29.289769413915177	74.93220633128736	78.43244556697707	
65.26745518905454	29.073783983400364	74.89896968332977	78.19758004462946	
65.46676323666635	29.240548666005015	73.7966015099815	77.50757199012773	
66.607303799791	30.50451051473569	72.70969300561283	76.48964448056769	
67.20362435601989	29.97519107389819	72.28658540356311	75.34998804411278	
67.02875924237588	30.9864090917243	71.83002551878577	74.72489463086926	
67.55880478439701	31.2260954550979	71.4820042372656	73.70737646741114	
67.48974929069475	32.52698919615933	70.69044707612979	73.74355425644616	
67.65938086063723	33.57517697690386	70.47244483234591	72.79013844928379	
67.88400774040724	35.03613489045576	70.42276664136787	71.78565600285944	
67.07751874002248	35.39304632098289	70.06258713999003	70.87443356929165	
67.93425995036503	35.250103685444	69.69950073494054	70.36486670994128	
67.36753970883618	36.22603895223229	69.04565037486697	69.95666326255403	
68.13154383963276	35.81573006785801	67.76679066051808	69.34334451786273	
68.446824071771	36.50318669178548	67.37324660989816	68.72684425188903	
69.28787132153927	36.625295962820026	66.41534294380158	68.44378322525434	
69.79194617487485	36.56055566060698	65.69689663528199	68.41922141255141	
69.11822750087492	37.470107073696035	65.1385691016667	68.00369385104074	
68.87567192388974	38.63250119939766	64.78252668246768	67.41707460956849	
69.50600999596162	39.35452134010857	64.60332765706606	66.61800988925762	
69.1598593356333	39.29995447234961	63.764916162731204	66.4490064101422	
69.22991008230971	39.44471470709789	63.91294386090802	66.2431933545322	
69.4589728092927	39.96983855371665	63.68170304919443	65.83042023975219	
69.356434487424	40.91598717489436	63.300811088788734	64.90819221078725	
69.70129695169412	42.16085815307761	62.626307849787004	63.788161432437924	
68.04735388015791	41.29661208492615	63.10056419585541	64.60341861541957	
67.8026118454848	42.16051881427892	63.91509357661102	64.67746416187808	
67.47451361256044	42.34611896854706	63.315116740666845	64.7097728154667	
67.83987099025207	42.829549207468254	62.666590339026364	63.69209243477032	
66.70638723102947	43.141061845371794	63.09485312301153	64.3100276670437	
66.35758517494178	42.92460526551101	63.448915227109495	64.21113772901224	
65.46941269382145	41.77977855422083	63.47495628099547	64.56700205259664	
67.77141696599985	43.13325049247815	62.27376890471473	63.57135980940038	
66.54351293556762	44.66849620814019	61.446729480854074	62.68186292771116	
65.26938612433867	44.43023142657604	61.687360165546686	62.28785788227449	
65.26165761792497	43.57657099444061	61.90292943459637	62.3702612921658	
64.21488785294055	44.27431444800536	62.73220642832752	62.20999122267865	
64.0124036478582	46.074642464222265	62.82897345860678	61.85721988957772	
63.25058626058507	44.32810250552813	62.644395535780355	61.93687062672042	
64.03004645596828	45.7468989620981	63.55656631152539	61.60247605166123	
62.96454114192729	45.817334872821945	63.46835155732184	60.427822935779844	
62.869908597008816	46.97973702572246	62.89862135074694	59.99410705968426	
62.829682288078196	47.59873431740014	63.22300241393304	59.44279961627872	
62.19345425990968	48.52016662286753	63.49298956056716	58.795404938922886	
61.16571822556869	48.449772298759974	63.605797499436534	58.411795311542576	
61.798331986268735	48.983919921604155	63.02349351053705	58.06997823919442	
61.59180768642053	49.689549224786795	63.36093371848574	57.303903486103245	
61.01338326971576	49.66336513911069	62.9490308290196	56.9335164956882	
61.223563263730725	50.426698808806904	62.87024851786634	56.68099421911864	
60.7334655253118	50.27837519131888	62.713855682675366	56.882715116905544	
60.59331586776554	50.35286419607942	62.36395942585197	56.31906022822033	
60.71598170571662	51.233257615595456	62.38648080895044	55.69526230850442	
58.912440616230874	51.352647485228395	62.12258229611	55.85603945968484	
58.25115115260948	50.991211531690574	62.735323866822206	56.020437977226806	
58.96223130525091	51.33758679509486	62.628216578965635	55.69024697831514	
58.410814319588184	51.47354058752372	62.99846217573549	55.58216917592749	
58.69876836988201	51.815554923124395	63.16694580107453	55.39617165502388	
57.72100165608418	51.36341392420778	63.22990837284204	55.66632295444362	
57.276011567943804	51.12014397362013	62.85004577798538	55.995616968857256	
56.49144406306688	51.34715121594309	62.66026798714762	56.04683193908158	
57.34461161346374	51.81638105322939	60.888874314533325	55.904987686318634	
56.78302915956758	52.07727217621134	60.703083803626505	55.37586203021726	
56.451990519978146	51.961654340406795	60.17163067263421	55.41989978067027	
56.26152562459082	51.976599339234035	59.9628370104896	55.16564398058812	
56.598347469969056	51.35712410781526	58.721249763102996	55.38380602324318	
57.48314577862601	52.048755921536575	57.826073004808116	54.84227679099936	
56.686790758290556	52.68739612757584	57.15607497832861	54.04005357665127	
56.465402109558546	53.08430800783318	57.21882208906037	53.077058170707616	
54.363537761858005	52.809457642117415	57.61484552037969	52.45829295412076	
53.595288077334914	53.58051125045137	57.53734648066814	52.0082443541551	
53.59093846145017	54.40933832083177	57.1294539946691	51.94834703127064	
53.874636830406125	54.76644219330194	57.3786764539756	51.686693262682404	
53.43898220775176	53.92293253990658	57.61434271860681	51.59399313381799	
54.66624928394696	53.800565943424836	58.96745352359737	51.47440916651727	
54.30715935450238	54.05695391845484	59.70704992728313	51.17384627681901	
53.805502714555935	54.204063035106415	61.06259917547616	50.69539008536491	
53.07300306003983	54.27235343112021	61.63871654832102	50.57972078056596	
52.66150353043301	54.17723892768021	62.889589768846605	50.41249185225662	
53.792378196320065	55.100811657718765	64.0987488620511	49.8329970377585	
52.824570159652545	54.47696591171761	65.33589004383147	49.464320128689316	
52.651753876248485	55.031963379807216	66.59060677592628	49.09091824731606	
50.97406236113697	55.41268709460478	66.98548869804095	48.84274765526785	
50.855765597933924	55.58461615102598	68.00625614445495	48.69440132581601	
50.400105469555335	55.57928200932152	68.44594073839605	48.770645726348015	
50.027360106684654	54.950369196163486	68.73025117229281	48.813940775805996	
50.2557274050782	55.53437889646174	68.85912641407563	48.84523960947813	
48.11395661128961	54.763964756321144	69.52898417042925	48.969474267300654	
47.413797167037124	55.245398715043606	69.22722029606383	49.17071105097882	
45.18229146997394	54.369179840167845	68.41988415873213	48.974100681450366	
44.700345186454896	55.01820078582386	65.42946103317146	49.048552666557995	
44.366336485945794	54.1607686297251	64.17492512213809	49.09755836754369	
43.39155580665578	55.13627475972186	62.22218454849959	48.92423696361254	
43.24812942372472	55.01395749043989	60.8586284909582	48.63806193311536	
44.10487064583131	55.615330154085115	60.54682860966413	48.01173740644508	
43.822869922849854	55.90366647244805	60.22036787576777	47.3808931079302	
44.33331640275237	56.182703335475345	58.97170254549539	46.980292114536795	
44.5957122559668	56.46096654226463	58.15595193836327	47.027189607149765	
43.546739052074564	56.16454559914172	57.16220013496606	46.92395964151579	
43.45331980563694	56.19614550812796	57.16881853594009	46.6904270540242	
42.81012887492507	56.269790439856216	57.172037598512816	46.8667689326843	
43.732874163343205	56.11971466908412	56.844863154349156	46.7605218006605	
42.544758919260794	56.07004142777401	56.390850904977825	46.95392900764944	
42.24091757287647	55.38097591421861	56.81986559109438	47.401630948874335	
41.87744755514305	56.16535573386388	57.02838028028495	47.20220622808513	
42.93879933676671	56.33297094964215	56.87044074623315	46.938444722856964	
42.517610886365524	57.0381121560942	56.18202585252018	46.711064996406975	
42.4135113070072	56.25327776842733	56.11194486839531	47.150273151953876	
42.242148233813566	56.4483024029665	56.12737233203394	47.11052056049004	
41.98157203289212	56.644242868669295	55.88048764807578	47.14169837560315	
41.964331078501594	56.854964003108954	55.18514944244427	47.18555827776161	
40.9266637196575	56.99822871399738	55.1651067852199	46.77782351382013	
40.65278268338514	56.66584484390694	55.04683697089932	46.6005218097276	
40.96300976636501	57.54237047002916	54.7923678285904	46.09888241112381	
40.14685010393141	56.728840787195175	55.209738438606784	45.99365220038419	
39.396282994525784	56.48199609366376	55.40838462916069	45.74494305682195	
39.41956944027215	57.11578816284408	55.59560604663598	45.72603556921686	
39.665314931379164	56.78823473786973	55.78399634931727	45.6025493006918	
38.49925815438657	56.81982832184396	56.153202187722556	45.38887235693256	
38.37297358183458	57.25425792696442	56.26232902625987	45.367806818090976	
38.324487795868116	57.41073299313106	56.57828637061655	45.58506477376642	
37.72389945088309	56.427746271832476	56.95231959071857	45.9268766272641	
37.41860923255094	56.59155672573795	57.2250148291433	45.73782759315989	
36.6586880926646	56.306471367218755	57.289135403906755	45.65838784720941	
37.38117423906729	55.355081595416806	56.964141595137015	45.88516125644428	
36.592043531815825	56.125550545909945	57.45914192716935	45.591516722996964	
36.08722263518078	56.28608745541219	57.56039029780496	45.12950177707058	
35.14276501654681	56.948537821889815	57.973486944924595	44.789960840682724	
34.64142598993777	56.09664038567375	57.833646708729994	44.80579572265088	
34.486875912218274	57.16077375592179	57.61909500142226	44.49164047186452	
34.52258432791681	57.679095067612536	57.33426853513756	44.322164977947864	
33.63132211790906	57.667494475339595	57.23787394250302	44.34450438182183	
33.08293724002195	58.115896828552394	57.1912540469912	44.000173424772754	
32.28068558033268	58.05131675026669	57.41449819599446	43.456109241223686	
33.841866135619696	58.01122815549643	56.86071992945816	43.48701442069589	
33.18541377442611	57.888294552628885	56.64552384509803	43.21178843152152	
32.920198442836416	57.86406674016188	56.31420976817534	43.31508729532468	
32.46364099996968	58.17151228303315	55.38434219021296	43.33201458281438	
32.44858685319014	59.02903502064212	55.07721737126069	43.128383542307375	
32.51941376735265	58.23427002549243	54.818845889311895	42.961486162685496	
33.73517606981328	59.1988757295378	54.75760321706107	42.947933674939925	
32.763994391208406	58.98043728188359	55.12705396686999	43.00373507823875	
33.451396801876065	59.249159150740674	55.52657918054621	43.07495923872043	
32.23056017352511	59.05169198311051	55.5978603798031	42.931499430437384	
31.69534532860709	58.1110369457909	56.0135678345691	43.356112624732	
31.354715492061082	58.26076020858142	55.886207893605906	43.25644961722998	
32.1131659134673	58.45462652796056	55.38614212883961	43.2427624268118	
31.739601240447275	57.96944779397466	55.543520667780385	43.29578778116142	
31.189989782481522	58.38965580945189	55.517222377549345	43.16030045812592	
31.874886746395838	58.693973365290134	55.28803444484484	43.04092615496967	
30.168555695435177	58.63490113595187	55.72926360795212	43.041421919348956	
29.432484568628702	58.09151366399192	55.91036601145158	43.01438447559757	
29.749788244585993	58.61779516622923	56.179105600882295	42.99981618370429	
29.562440522640966	58.293398609484065	56.544678629672326	43.14973277957221	
29.71287251799818	58.86458435489724	56.37522489423725	43.01150332001996	
28.57791920116402	59.012780884732955	56.60260173296476	43.138410249414854	
29.145674458945756	58.7381502745241	56.36252562348566	43.5878297866369	
28.400081897500613	58.651269914133294	56.24865479731592	43.63525352453071	
28.781074367900505	58.57958342861505	55.97898572692017	43.94337443934985	
29.328177731110607	58.92054208008241	55.878203800680566	43.65788992231208	
29.056234568968936	58.611237436708265	55.530148450239615	43.64584070607952	
29.386737570236203	58.8311165303658	55.28493150233131	43.58778838627044	
29.115513382523332	58.510405301929936	54.9970255853945	43.641415063811394	
29.29114479229074	58.429366266845115	54.7505292892969	43.6327023313378	
29.258999283660955	58.60467413303777	54.69924845747347	43.546647036042074	
29.454340232099153	58.55215498496009	54.51386764493685	43.50879537731201	
29.425723743968604	58.51332795265171	54.1123018654406	43.41316348455275	
29.364007427748334	57.917959752115415	54.04023425704526	43.147023853010005	
29.81501561912518	58.63813120791377	53.88696515401294	42.72272635177474	
30.362568754800552	58.63947181614682	53.25872286355351	42.164181280263996	
29.584823435130723	57.93468868884	53.5187101856812	41.79114433460214	
30.49978419921675	58.21648942961357	53.37564026034917	41.661311690602645	
29.573054483405095	57.88423675639529	52.97004993492739	41.38447739875602	
29.950256655187978	57.8920770997148	52.81151650380472	41.37867645492939	
30.539407023548435	58.16776581361997	52.662098798995004	41.14300417297212	
29.770594128031036	59.258443575999436	52.82422969443076	40.77479670117491	
29.05769348200057	59.25509900624147	52.808156036262254	40.374609264601574	
29.351426188103243	59.519886381810636	52.77214112345288	40.574750163546305	
28.908337780147725	58.83201151408393	52.566064919529666	40.30658584585541	
28.586031597932557	59.690452057708626	52.75714144567499	40.31598566487745	
29.340937986184326	59.40350734034116	52.53729527377058	40.17618220449971	
29.34097885795498	59.20408239508045	52.13879569991074	39.803295694005634	
29.2052908454277	58.892650774145224	51.74354608994255	39.84313571991343	
28.40933409456797	59.69522442544891	51.619564216935935	40.05853417923874	
27.997560245096675	59.67918706990849	52.15686805552207	39.831302355507525	
27.632405179298193	59.859662499161516	52.45653563435193	39.595281836457936	
27.778310672562988	59.849866395404746	52.60338370254673	39.68787109346157	
27.619182121265826	59.18991444042226	52.43442288967528	39.79799422206123	
27.61238937659125	59.44924316167611	52.233208626700154	39.87367581624956	
27.831683066599872	59.8379627272902	51.9329525740636	39.864762246814855	
28.115733610104314	59.64412994690702	52.364098620577266	39.6112559105245	
27.099413811880442	59.3247713630445	52.50801829580381	39.42290446891142	
26.934432368877474	59.16326174051497	52.43863590579762	39.15676818190231	
27.093281477252955	59.10292789753378	52.368663522578466	39.32497069452216	
27.038734769997433	59.93284342912218	51.70441051169331	39.54813374424583	
26.934502428829898	59.11683725489662	51.89863665043077	39.38430339440023	
26.49787559354543	59.265938349458175	52.227202321274355	39.234798344711464	
25.216463400125637	59.46327118636873	52.72395687871169	39.17211332047111	
25.558056710781564	59.44183624312395	52.65599633686879	39.234220317112424	
25.920627004197254	59.642707125325266	52.470199120478355	39.334514744131745	
24.899591715201232	59.69731034886712	52.52234301078418	39.52714552243841	
24.831062689792763	59.970286271327225	52.414820600531016	39.599150838309136	
25.42061567425201	60.33050408322677	51.83462378363901	39.69773397284555	
25.901518847890898	60.30013162780929	51.903223026367264	39.658202112519035	
24.771083587315907	60.345924374832855	51.96524512754778	39.62218955280114	
24.44982515183938	60.051498341817805	52.130853117506874	39.66348922516369	
25.22067212393786	60.45348896118008	51.867630930293025	39.732025856000746	
24.511661065307557	60.07915110215549	52.08185528650121	39.752776922337425	
24.60368505914554	60.54735042149411	51.99016034556264	39.588540761927696	
24.14308040682353	60.356813689626165	52.251058833101965	39.67306624901778	
24.0935385058467	60.000826759015986	52.30782843726217	39.46284999705823	
24.40437514212641	60.51385439828513	52.23257497145422	39.40310542198856	
24.150179488184044	60.10491887235386	52.32152691767209	39.39185905542344	
23.74708296982494	60.642552276411635	52.458246715161465	39.27813708906002	
23.72203131060447	59.99523161174819	52.925263023926114	39.15737393464861	
24.446472353389264	60.404819022318655	52.798016021890376	39.22214662684427	
24.520422074761672	59.634891820042185	52.830204003901514	39.36782642629531	
24.156376508750206	60.21439005416948	52.9117743326356	39.48533727614488	
23.272420755971403	60.27590321715018	53.000259955678715	39.44271632726588	
23.233244715870836	60.47505572805044	53.19485405328664	39.33302676190632	
23.12443081531628	60.63961652526566	53.23697409814752	39.36907955196794	
22.81622209397392	60.8580181294455	53.300849802045036	39.443958821632435	
22.429028395336985	60.5808670231274	53.68250794321131	39.33998548415346	
22.75916792958525	60.29685322749046	53.59446212423788	39.471559610383345	
23.223089805135	59.90890092625493	53.77770775733871	39.513458904244466	
23.36945086114278	60.10758809333171	53.789658831466525	39.65455153984982	
23.644288073815673	60.34513168373839	53.82879170422971	39.70751710262903	
23.14587808984238	60.38237413122122	53.97769079193369	39.93068401117796	
22.71165907135621	60.418737977576896	53.975783836291725	39.78010812522828	
23.656897366387525	59.29750428647368	53.754358397785666	40.072296411318355	
23.589832186866413	60.09618156959481	53.75784142426218	39.91473305455348	
23.49826958741359	59.58321079464684	53.752097109907034	40.112087349547345	
23.59637437343646	60.34953991268408	53.75014108164542	40.10076450256829	
22.725655047089127	60.38853135098492	54.11322899405544	39.945463788830565	
22.96371256596199	59.979250806839325	54.3476961817883	40.075148351496196	
23.058983433997582	59.9569578999094	54.4080160109486	40.41782071834611	
22.89203900056842	59.58802175496424	54.441522731840635	40.267368133140145	
22.2457096651961	60.56940592263033	54.39573143888006	40.03059298888516	
23.11328508854523	59.72374003394919	54.60707531119313	40.060512992799715	
22.16618240170099	60.55365496251981	54.36843722791885	39.918278070369354	
23.064977846985283	59.56679658418191	54.51776182819989	39.84921293699416	
22.58884125357775	60.78437261286158	54.55659647962698	39.717689716904985	
22.74974450021634	59.721610267732	53.90165510599895	39.66422919115707	
22.377570479309977	60.08220724430193	53.803087771482836	39.35486916404191	
22.322589990883085	60.40438749782176	53.89861135990811	39.67628506734284	
22.592948439118395	60.120481451316365	53.96990294694052	40.04552450239121	
22.510925089564033	59.53207066667731	53.75468992019341	39.9934650929413	
22.35088330678811	60.37727174978145	53.62918482381245	39.91745444469012	
22.242677831402915	60.482112557574105	53.789473914710676	39.95603485039101	
21.415330359142693	60.33162511983788	53.78739036563491	39.62697812310908	
21.701656388714785	60.5618772261244	54.042976352740546	39.66681601098437	
21.760692508522016	60.33755508469295	54.23779632422117	39.64283271806656	
21.87918606313689	59.992371686744015	54.20326092787354	39.74864859932313	
22.442671513365518	60.777610104301026	53.97871278137106	40.14095447080339	
21.567843361953017	60.55200811909081	53.81589878309555	40.21347119269713	
21.520421290587088	60.49231261495923	53.75576404106543	40.19178490415342	
21.802525052992294	60.483063046908754	53.69995720320388	40.16164467999338	
22.04548337856661	60.586794528190325	53.56865819485353	40.18778050649537	
21.85246386070448	60.75529932533169	53.4806503749891	40.29452092269481	
21.919213295520677	60.905474347337304	53.4585416892704	40.30238232923132	
22.338444330603203	59.80157314446792	53.24128304546281	39.96851197248055	
21.83041041011416	60.41011279468985	53.365906966225644	40.10654915010114	
21.16112534713884	60.83470085112298	53.53303922394693	40.26663854460844	
22.177872603134617	60.87384288910859	53.51570823974467	39.9449748232434	
21.72930044567157	60.38035092249354	53.24097672624631	39.73372759904213	
21.745453448098885	60.28036752321477	53.11234163495688	39.79057814598464	
21.830846759843087	59.889816640906574	53.065517791416795	39.94945183194411	
21.6636139169177	61.00240994412632	52.89349438879624	39.93251138200135	
21.712200124107174	61.21407249002719	52.65560557975508	39.927837258515254	
21.868698966429683	60.87085169416232	52.54718172763624	39.65843476411317	
22.282912682638532	60.65567914592129	52.33447381386497	39.40390198387908	
22.012714973742998	60.847591983520935	52.60117977978802	39.30194024239716	
21.878966178117057	61.11032141779046	52.64575509438026	39.32049096298656	
21.67342500553782	61.360924733512704	52.50340793217085	39.44353130863407	
22.63829252047463	60.616854538868175	52.095126987203514	39.355995074919825	
21.801213064301454	61.56454887212883	52.36795071883165	39.372783037023595	
22.651756092914983	61.0164373281605	52.12568039923156	39.06997480179697	
21.870029977190487	60.92536975841316	52.2958164153977	39.21628453890872	
21.80717495390007	60.84805788468074	52.22131091385356	39.626084080661734	
21.96120309886765	61.69865099421387	52.02261399922397	39.66472646054802	
22.30155010370346	61.3126081063239	51.5126030142399	39.59978445432855	
22.098799482786795	61.63994841879697	51.36950722837008	39.727070732355344	
21.7527198263237	60.73840295494396	50.93069536823406	39.53113631684489	
22.373422834876102	61.44374540507142	50.8186130621154	39.32261528742058	
21.69237774479246	62.19041127348171	50.97839460421082	39.15630025792118	
22.0115984902192	61.487010006336824	50.79267980533924	38.81348683512147	
22.08620643208285	62.03270885105655	51.04783674197166	38.954270399925804	
22.66411285875539	61.3482898745109	50.92571952901528	38.960423963093774	
22.249856282629903	61.79868930378764	51.06765753086607	39.092537031096235	
22.66471781715471	61.778375050105005	51.04236336229876	39.02701696985421	
23.18654569289222	60.77577149014534	50.77587523269966	39.182604093695346	
23.428749709460085	61.038339215754924	50.68913946223097	39.519574745873015	
23.398500074401323	61.1240916564778	50.53666358834276	39.54974201127164	
23.407094305096567	60.968216230322604	50.48604081617173	39.618717860574556	
23.38377051378772	60.43679413140373	50.63620765629313	39.65473052366855	
23.756029629774666	60.69957444979217	51.22342053371552	39.50692453976818	
23.495534069932994	60.46152245475672	51.39619232946568	39.38718581552337	
22.995025487075925	60.46292212728724	52.03324568199181	39.29343747852104	
22.855490570616933	60.873091668282086	52.43260727434434	39.20560634849572	
21.874377400993716	61.00976962713849	52.52116303115316	39.08270170218936	
22.992350005679675	60.569847098862475	52.72583264432363	39.07831770847942	
21.86700773603582	61.01706115867983	52.91733406819729	38.97638895363902	
21.353335978351925	61.23708007480408	53.7176207857194	38.726484158095595	
