228.0	61.0	32.0	37.0	
225.82853089235653	61.10132201916712	32.479642056033285	36.379714754993884	
224.57280092624495	61.35499805495432	33.218365958649464	35.653156333393596	
224.37880577226227	61.05060139974285	34.00926190609864	34.940523169139034	
223.86046496460105	61.90090156591762	35.11925972555782	34.32594649895252	
223.93574770226573	61.95680208179865	35.761206609402166	33.85962298968933	
223.27719353993717	63.081958837592744	36.5427049331374	33.03953433893949	
223.05250775124617	62.57962425831531	37.21285264758635	32.358639799037654	
222.69121353284783	63.12629480183625	37.329257804875695	32.061430861402755	
222.65519056740897	62.675772252998215	37.367981499688554	31.85986956199528	
222.24005484244628	62.55367191272337	37.25327236658024	31.787073509801836	
221.21253549989677	63.74715335527923	37.1390632376195	31.76474744692424	
222.01973364716966	63.68818146641431	37.27467409507177	31.403057433252975	
222.0485309052711	64.290667600573	37.58424149783266	30.844522393491445	
221.37462706380057	64.15548949715682	37.0043688635766	30.65157596726676	
222.2637843149912	64.55565734018708	37.494915425711554	30.268502790141458	
221.4329358658865	64.9362871962905	37.13016748366802	30.277346917309178	
221.31857105223767	65.35355959851785	37.15008281089108	30.523154831935216	
221.32757927806045	65.5795408050586	37.17680291011616	30.719195491795087	
219.85537871192463	66.30126714620191	37.31951248783522	30.70395247983231	
217.79587226140467	66.6477295039258	37.802694682331875	30.321130009326946	
214.43325364134984	67.12257860394291	38.04377321355924	29.906544511567528	
212.71838729635965	68.10111173164792	37.784796533710576	30.36245529256941	
209.7353427936539	69.31764460818955	38.086511884304876	30.569992135083016	
209.1341166825866	69.2772808112805	38.279801869166	31.421154476978586	
207.59251848235803	70.80349229570719	38.16524633786161	32.15662313575805	
206.3564048603661	70.4586000844288	38.22128406858742	32.50609035312005	
206.05880118679346	71.77545556107944	38.19577393491013	33.05829507048272	
205.16533092526484	71.7272225470967	38.44105540117289	33.429430429105736	
204.08899147780548	71.83319774416445	38.40790255881162	33.840470391043475	
203.5639641861017	72.3216768644624	38.719526755615874	33.963632617720855	
203.33142448240423	73.22562080489858	38.42962275693263	34.18399044514064	
202.6071580894595	73.71933492789296	38.19245171987369	34.31033171761482	
201.8316892941212	74.64476480256508	38.068569204986034	34.029566341186175	
201.13226893877498	74.12304519192618	37.91106828195886	33.79163942633623	
200.74316569581592	75.12209584713062	37.99975029193131	33.652888335514554	
200.6717554325027	75.89200155822448	38.01288847570603	34.066747376544434	
199.51960039508566	75.18581250912814	37.992625926300704	33.96442803159457	
199.61040486966323	74.62593638172868	37.365616621321394	34.43296223866118	
198.3803137597499	76.07639195285715	36.72987320652156	34.743340709233046	
196.65388839055956	76.03731987626959	36.69409735425843	34.437188554090014	
195.43154856986354	75.54633191575078	36.363801387128035	34.1609993021085	
194.16369961812734	76.20771030098076	36.26439728573256	33.87393799017423	
192.98908175029624	76.13708158814732	36.18077472993056	33.618312550739404	
191.29321650015578	76.75086725443528	35.038580816433225	34.66662669698966	
189.50441436828655	76.32475845670841	34.55968839634672	34.23364941554813	
188.69736616770678	76.87050702440943	33.97866452758513	34.03025429390246	
187.11249479873172	77.15684838808005	33.542638776627506	33.423168115041086	
186.85617195751965	77.90255539870188	33.2395060930043	33.37979511564739	
186.29248797897603	77.44727153117512	32.85986992571227	33.33821626286818	
184.11485675395474	78.25009459127787	33.489692255287494	32.804066356002814	
183.12189479397352	78.42163128840521	34.66527434017796	32.096185829695166	
181.88730687024767	79.3881913815133	35.70980549091685	32.2882540082364	
180.3680699911614	79.63246756445194	36.267479991737325	32.87907838609797	
178.3332288087437	79.57449325581247	35.511788828461604	34.127084679279164	
176.84548314704344	79.41885888195611	35.61235857996579	34.13997376118208	
176.0992065863784	79.76788695730404	35.96282725668931	33.88879284042985	
174.07725424058358	80.11583225838885	36.11686046180025	34.01339481037653	
173.36083563001176	81.02943469095362	36.229678775185015	34.334888907832074	
172.10835044526098	80.56099511470683	35.97162702971371	34.47982815862499	
171.8055025380946	80.81868540436008	36.19959703550485	34.56204091819036	
170.92288111607567	81.61011658507596	36.43193173063051	34.71487331408643	
169.30036198320582	82.0320621960077	36.59681359652703	34.468295164444044	
167.5484595324511	83.03768406223551	36.72582183995665	34.44045918798814	
166.96708079403945	83.21314791002936	36.478448948620134	34.56353727379783	
165.97750671272667	83.84065002852203	36.473642464575065	34.50928277944457	
164.8360885920717	83.17806341272583	36.73417842840649	34.34697585302401	
163.9801858243403	83.8416152090649	36.918799376958724	34.40604181799978	
162.91812658753568	83.58273622996863	36.79843975609043	34.06666716900072	
160.5782180707551	83.72422287530432	36.44424386470546	34.236561920147196	
160.13990931822028	83.55573772039858	35.731034764674504	34.366377430414374	
158.6923299203821	83.20574238858184	35.29582389136713	34.10747344509393	
157.51799442627413	83.54365462194295	35.26958637415533	34.18662808213316	
155.71086989393396	83.46172799732378	35.69284271401505	33.83390797933258	
153.62656683251348	83.67232108925958	36.31744996103551	33.72976639094687	
151.80454182071244	83.8757609555471	36.87620137276282	33.4561381487136	
150.49797609935464	83.88646418062922	37.084448446803506	33.55104925203132	
148.51995571759937	83.74938868029196	37.03394694316308	33.54840708499942	
145.49519403044414	83.51829100071159	36.85255586086831	33.54500687840166	
143.03724605356706	84.43250080599128	37.601708935951166	32.62397008651701	
142.31525856371493	84.48529275417809	37.95984334026473	32.1626678673663	
141.47878928717333	84.47497497435762	38.21738468991449	32.077976116361555	
139.80286600913317	84.53431038310731	37.923439106445066	32.326571582411404	
138.2908211334186	84.8138859925602	38.171036799176775	32.200289040098546	
137.1140520651735	84.87364537834745	38.404002587091874	31.87323574462149	
136.25360838571234	84.69995832044106	37.85386637186065	32.31219419657415	
134.8246057354479	84.96668027566272	37.03407509949511	33.06950753397592	
133.45504219548366	85.55603409634881	36.69472984685704	33.42453657276965	
131.97423646416996	85.98783389665334	36.318550274830436	33.970207361769944	
128.12399230558486	86.08458360182071	36.82851197744972	33.58464639447578	
125.63675241133656	86.48678967952539	36.86419305639868	33.038063830684955	
121.48925840611254	86.14106359147512	38.10067802767454	31.621711809596217	
117.54393197696055	88.08122824488433	39.24026026158429	30.488324182501866	
115.16211629317799	87.60826297875867	38.98518926283905	30.383464246425834	
113.79811528855524	87.84862339071924	38.66996661016123	30.04104499372043	
113.66505908419201	88.43056928453184	38.35666023574514	30.176160725803463	
115.12451921276732	87.86714170811534	38.72000177781428	30.06699346031667	
117.42136087695728	89.28647204588445	39.15101330365826	29.402469621850543	
118.72465637824271	89.43890856156386	39.29606488243904	29.26726056199996	
120.92034751342405	90.75834746648167	39.60948096069378	28.98135635269425	
121.55044865148868	91.66786156628963	40.032719433486044	29.305835353927268	
122.97491795965246	91.73646532930348	40.3760868651981	30.31225168275178	
124.7220570271039	92.07498240540903	41.43860285326541	30.832376051216194	
127.7566827455921	91.53846596078	41.65129807031047	31.536405845041635	
128.97643628319523	91.42408616444892	41.61722911946592	31.80719642774549	
132.9887624209566	90.8289617151979	41.88511840725668	31.423410693418084	
137.20599903393747	89.62772920366919	41.902920677590714	31.89654109078478	
141.35257350877387	89.86366071446068	41.03430487914803	31.834279760682918	
145.53041401830302	90.43292186366368	40.861980905485375	31.975144372660615	
148.38452777901023	88.86393724537494	40.98280489228197	31.965360564074018	
151.58684830165532	88.47777145923227	41.52749884787345	32.12867037612703	
155.59070679803412	87.85047112982183	41.20878009779374	32.75962653140907	
159.439542376356	86.58568687197607	41.1220606039734	32.883760966456535	
163.20047154245955	86.04150086921194	41.36228189032497	32.50109940598947	
169.29877576338876	86.37010008876447	41.68574974248205	32.597241676920355	
172.66604565765778	85.63837119423232	41.829852188551236	32.438712772025994	
176.64240921720446	85.72721011495315	41.86414478408196	32.418051152112284	
180.84290868511772	85.43154021114914	41.75623142446206	32.53589632428561	
184.78718844366506	84.43079016682715	40.98401926212332	33.038677604828635	
187.16614392955648	85.01744480950009	40.424457685010594	33.02772573242324	
191.30589247467853	83.61254622764874	39.88906684517662	32.93634688258999	
194.93698479843488	83.20518692386524	39.04117455437622	33.44676740060089	
199.3562482715732	82.71752726923064	38.91677153929347	33.719451848803004	
202.27757259440736	82.35470664287305	38.65355715580786	33.35184708866083	
205.92217796623777	80.61070552276166	38.243088088278576	33.30248352436262	
208.60669733557015	80.57344543703817	37.49924937676088	33.33519946222372	
211.53631508732272	79.57882883533115	37.089634354663914	33.65117743389285	
213.5651214548244	79.47889989642204	37.19418070814199	33.44736908927499	
214.90427460527317	78.25136379998999	36.91677368324298	33.58737942765744	
216.73416594163658	78.50514562411524	36.327508435826815	33.88324594316497	
218.27131994137326	79.42823243257487	35.771903649454465	34.17080409077558	
219.7382752307767	78.67004787595955	36.02117119938007	33.975399294934036	
221.55885191694875	78.3001189746282	36.58618584231608	33.755635281360036	
223.55172891713366	78.53947778066248	37.359370844728566	33.61164152795389	
225.73235888448602	77.03939746728399	38.41763807280646	32.94422632467185	
227.5128364637247	76.53594624628991	39.19285073053579	32.52695660198811	
228.77960062596605	77.30296387805447	39.340058064010336	33.13203614920239	
231.83309120603863	75.67979193214398	39.550874987614286	33.369143087403245	
233.28027338609607	74.86242080377824	39.743025525847564	33.840961922411154	
235.29133266585367	74.13326537672643	40.0124568904771	34.38064554699391	
238.9858718737251	72.35664583073653	40.79076568691526	34.70275116468787	
242.48537914206705	71.2367184326482	40.83144426689435	35.954401278420654	
244.27804275463916	71.47197367237773	40.7724615129279	36.91957280687242	
245.35730736580203	70.48703316019748	40.267968649274486	38.3565918493649	
249.0168771111523	67.6445327953222	39.684540052959385	39.28685630675358	
250.77741555118283	66.57704709466273	39.52087066586114	39.64240921939305	
253.1049909204661	67.45430220309585	40.58314216477576	38.50543514853986	
256.63417449416244	66.87137646793262	40.81777483057694	37.95413889965278	
258.60780585608455	67.52212465954018	40.483991853263404	37.893201845336876	
261.40834048695825	67.05301412337931	39.56674081090417	37.847733709682764	
262.16178017557604	64.99947150328617	39.62461128173874	37.25153045096597	
262.2377567435546	61.72695368860005	39.69256791118902	37.20201500105513	
262.7004067395463	58.68419787793485	39.86971592074705	37.051172416838135	
264.5995822002649	56.36510379465451	40.468929528312636	37.23654483684803	
264.1865720093022	54.6460149597441	40.813196667595065	37.074637547444816	
265.6725703549584	52.47395036556401	39.71937246390443	38.05145216230883	
267.5678142844367	51.02650582489658	38.938304221201406	38.93269859318616	
268.543802184866	49.37336316821902	38.1641509260311	39.583724064828736	
268.8233021298868	48.11317441412987	37.75800905269188	39.978291865432084	
269.6525759269801	47.20962534464462	37.37198268366873	39.89329695676685	
269.1751067936933	47.07794488532826	37.767879631403446	39.30199329995175	
271.5954462066798	44.703926117124965	38.13469221928838	39.03104501628177	
274.3474653954956	41.955505175028556	38.959796645016716	38.26593822581432	
273.9753556576144	40.45360876133374	39.605435880305826	37.713864164718125	
274.2568026527938	39.45187855204388	39.535440892191005	37.00786441688322	
275.0681724351076	38.38654220364574	38.6177450009187	36.768152705253094	
275.88481271233013	36.59278484350685	37.774363017696224	36.5452262793099	
273.56209142191767	36.70467484600836	37.41375475677246	36.2442472689806	
273.42954373147177	35.469273073153424	37.166381855677436	36.274219687338395	
274.1178152302625	33.813128280073954	37.118733217860715	36.093323928391456	
272.2270276348487	33.51831020870651	37.49616610733343	35.24829104991547	
272.80112399464804	34.534048801077994	37.72267763058788	34.353590848017326	
270.89469029839745	35.37059917655952	38.347206292484714	33.7687583990334	
265.55562376179586	37.01779068643019	37.98480408221157	33.99596707400271	
266.75746676774236	35.45666472883148	36.882061889157384	34.54816017029455	
266.1988224171059	35.85638527645593	36.08203752884661	35.34313225033765	
271.07748973834634	36.79866595890831	36.80218236388625	35.068985537734825	
273.41858861225774	37.88535249564834	37.22405467871733	34.8569750908129	
271.42216449852623	38.90484957650171	37.635276284754596	34.00794339380628	
271.9897536848401	39.69940074069384	37.49547569806238	33.84471676325039	
272.5460893929145	39.070327038466395	37.59330223251221	34.539412827990844	
271.79657158441347	40.193750829928575	37.50837860823054	34.85928986973257	
271.69422912881805	39.81403712329217	37.55251772662971	34.883158245740795	
274.04946527963017	41.0722634523892	37.29336785516896	35.11867932929969	
273.5300596961957	40.16083012270155	36.56544820716595	35.7199412429983	
273.2686759849949	41.564525648213696	36.15480387597078	36.11548041225428	
273.25979436008345	41.58299129677136	35.69802988319157	36.25426126742055	
272.9438362073717	42.9426460030425	35.40123473685381	36.376027867997045	
272.70476179939607	43.262929398819765	35.49157655572679	35.83565250739104	
273.1699799119072	44.707773156922215	36.35293343018643	35.086603191130564	
272.48130984420175	45.814253313091356	36.72865962702684	34.3001570461034	
268.03376378143435	46.50910839659689	36.52162282997318	33.92572764358086	
272.5811098147133	46.253274787133364	36.245685886071676	33.57341029763903	
272.60282147579926	46.48899270965006	36.11314108181276	33.27218888760827	
273.4523029698405	46.66696564828009	35.85238760214887	33.5453936812821	
269.9054876131048	48.60377297327844	35.25271904531184	34.06447526939874	
270.676291474999	47.58749893540547	33.74820904929157	35.029009685133424	
272.36889008226143	47.595389289131504	32.568960140030846	36.28464899009342	
273.686768238091	49.24638819513517	31.362409819349235	36.607077454181265	
274.1571052101754	49.541736911474466	30.69934532244534	37.08183689808549	
273.9821207419884	50.268529551413245	30.593788040365467	37.212627332251145	
272.90315626253	52.153546300642745	31.069179361098502	36.417638966699386	
268.35132372674883	53.21407553299912	31.573850404599952	36.017511984235234	
263.7262706118668	53.45997184593143	31.516028112509538	36.17253660463395	
258.49627277524934	54.17956244780925	31.53100868577247	35.802238595842205	
258.1755984717243	55.88591126642897	31.86500188961184	35.129060711513944	
257.42996545760394	55.873192482508884	32.13596857822745	34.591092237995866	
257.9079978261481	55.839839964215656	31.042570130891317	35.04068528611288	
258.3999092680768	56.067843846097595	29.99985891315128	35.61982100533908	
258.677507194952	55.27570285115513	28.95640388541221	36.28755854154137	
260.5772638534141	56.33479291457326	28.05550871462865	36.9981285668128	
261.70150076274564	59.230501136255526	27.61914537130485	37.1537179073707	
261.13847839283596	60.95478990764985	27.71873819816147	36.743547277804566	
257.79141618225503	60.411118188246164	27.692274253481763	36.68272676343034	
255.1355419064234	61.46279189446554	28.816221509471763	35.49767964860932	
255.48289711484827	63.812830967770154	29.761730418920642	34.51471133676096	
255.62714508051772	63.79840076738864	29.755442833906134	34.563905473279625	
254.20954928179157	66.19292459580453	29.950162627619253	34.08238378481777	
254.5838382461384	67.15096645386089	30.378711276767625	33.552795676563264	
254.6578496336214	67.5825893406058	31.077693724279086	32.33843988841792	
254.3045919332135	67.85838171643093	31.235997372970623	31.732284605935373	
254.7765388703685	67.87310243170637	31.287571030753664	31.2139153102394	
256.775851958694	68.83622890415779	31.131446956251082	30.844896138046305	
254.52752310207094	68.25631608042855	31.648633447590377	29.87875091143299	
256.2965619494375	70.35500279744645	31.660286527357236	29.663752105868074	
255.42577819490637	71.34529009574526	32.41785541489254	29.20704494624716	
254.81158564845458	71.90939841700799	33.02100215165922	28.88277899426703	
254.30602822389622	70.7191228779526	33.2812007013116	28.64084888245554	
254.3031619254299	69.75602148573793	33.164135770128375	28.70061087688614	
254.91412170894992	68.46533268207145	33.348231126157884	28.319781646233963	
254.50294676240054	67.26425722901705	33.07115426392499	28.29405957937378	
253.89926485372897	69.02225422259008	33.214315669445924	27.96889445232424	
253.05159335607087	70.5446049407154	32.757163496349875	28.347334030753405	
252.7208620676211	71.21880633185552	32.62082749051931	29.17711714723671	
250.60026130099138	71.6903957787915	33.17020771433303	29.4202970790249	
247.55529416795798	72.68303235449919	33.16692773183416	30.463177046564432	
247.63630845557887	73.75894027993633	33.37934108622271	31.41039347645782	
247.10349379069694	74.95531425997568	34.024488652876784	32.436942474945205	
245.01529377489692	75.20042390330015	35.19137400600537	32.75970674053604	
242.6495417338871	75.26844826675102	36.158043734739636	33.45084994422571	
239.9548114290379	74.62775471619292	36.04611020249007	34.02763009933343	
236.39784097774287	73.07631467315689	35.87191609495292	35.07951168919663	
232.78262741812833	72.7614951446539	35.04911612156094	36.86688011662134	
231.44586979004785	72.28966839196153	34.43703579014295	38.07932381233634	
235.00872726457243	71.44787551759417	34.617089658217274	37.8891630789089	
232.63158117322118	72.79050657339721	36.176776317301986	36.7402344782584	
232.55709884551837	72.3625749131387	36.38559039733865	36.718285926200856	
233.5431562126593	73.51613133759749	36.32974902136955	36.73726464791739	
234.95818275525082	72.40519878258236	36.29816788180728	36.842295276495946	
232.09446256483503	73.27868808687757	36.08967141651868	37.318466216479536	
233.22569435192224	73.9682294164441	37.089762187023744	36.47378602460467	
232.52112562246162	73.168439205433	36.90020504663483	36.55994712818928	
233.125857674582	74.00740775972619	36.75003772044194	36.423682781226546	
232.41514567573324	75.20049170455829	36.84779280133448	35.81484280812687	
231.97305668820582	75.27334547406784	37.45725190801841	35.46176856476397	
232.679826840269	75.60926666936108	37.58089130382282	34.9467305818387	
229.44838131010025	75.85802701487306	37.83743438447635	34.59692393081181	
231.11618780681857	76.70215535383332	37.01097620767938	34.686926723494764	
229.30912199455418	75.87208093721584	36.1224064393747	34.925733564271695	
222.5876040893256	76.55737234248605	35.024045778147226	35.573379221250086	
217.59632976903836	75.99107631361791	34.34799816831275	36.3970154167994	
216.97567875134496	74.64723107558159	33.23847536744974	37.04743421523911	
217.01690849564184	74.8635736280225	33.10492848244381	36.77376055923015	
216.58967707941648	74.33356155461335	32.614573083873644	37.033638740418134	
212.2408192996287	75.01945525619941	32.61903796985661	36.56269942938202	
209.64418430007336	74.65789178873045	32.20389347134076	36.84657917452398	
211.16741684902027	74.06322953362587	31.675710927388295	37.08568226762134	
215.7962690461901	74.72828445920474	31.695844114007404	36.988625258223045	
218.55718405786095	75.42171781678513	31.23858612074712	37.812243508379446	
219.89984860505928	74.99048857169798	31.02605411217453	38.023682061540285	
220.08822548992697	73.4755520389162	30.848639267710737	38.022612057615035	
222.2183770543945	74.16298804356796	31.59224859404902	37.65417500647681	
226.64146562438341	74.81157435331626	32.12547853206069	37.22821768747819	
228.93433996619632	75.68275251091734	32.90890958511825	36.447003719223545	
230.3670309312995	74.70723191315449	32.968468605160815	36.11863650846095	
230.09092406106396	73.95494042020323	33.33233380398905	35.74264711577535	
227.90518998589567	72.86069174419588	33.37034833684172	36.0313895216024	
229.4500529984424	72.39204920923338	33.460550395675355	36.289760169505136	
229.85802992531623	71.79527963893838	34.11522172377911	36.3103881940748	
230.7460469642592	73.12606120397108	35.99946364561979	35.683806581848735	
233.48260277005653	73.72417773245573	36.26907952854421	35.724040151209415	
232.33909115213126	72.22622940119483	36.25205135915227	36.30047644594944	
232.66847720006174	72.21171738762419	36.35193454203927	36.491150207180986	
233.33076419380964	69.005315848463	35.53196317136295	37.23438207229683	
235.4147442139497	66.93388228785807	34.562561112921735	38.125552808874296	
238.3986642384028	61.073864111843534	33.116991863819585	39.579863355444566	
239.17725904886598	62.11965277211875	31.785490083146662	41.31513207965945	
234.84069912937713	64.17273951369768	30.874220181151724	42.861223650091894	
230.3959940294817	63.12457132696806	30.4416813693049	43.212626549328235	
226.89341044689255	60.32029259831009	29.894733129637654	43.03399455798172	
228.0674801301143	60.01223141398093	28.84426900258861	43.26320937633475	
225.88988479308873	59.0703636182963	28.356840867674613	43.2871868383374	
228.32294758112528	60.37194472063137	28.438510489872485	42.80340327979886	
226.99639692159198	60.41489428085122	28.494178149220613	42.426309764178626	
234.3623450941516	58.37820947247156	28.254880956039514	42.19715426922807	
239.9305689192536	53.83656581891884	29.09610336430425	40.729306332778904	
242.92541271581027	52.67510481085942	30.164887303556846	39.16693213504014	
243.1750792032618	53.22818075100694	31.714838407732177	37.08448449618289	
248.8588109974203	51.552720904565	32.278028277523326	36.27353448836226	
255.31399514565334	46.7094257873656	32.54289875749471	35.79746053491329	
257.87615239809537	49.589795628904824	32.57246074212107	35.62824600250112	
247.45392630800342	53.49073538907238	32.51881744740169	35.15017863057462	
251.2570431067267	53.38881910498918	32.710850583259315	34.869238072499584	
260.83836962662645	53.527885201259394	33.83466127581661	34.46577268440799	
260.83473068193643	54.144384172215865	34.80125342518782	34.52563814937051	
259.1503076462053	54.93958767773288	35.397552058689755	34.45105252752669	
257.1407383581655	54.49186571242755	36.29890002146189	34.42551428789254	
255.3091199410219	55.07388765723542	37.237620011334414	34.158704792438954	
255.74562461478283	55.70215558032722	37.237351325197764	34.745354035414536	
256.12802473632746	55.709249348847486	37.2453695979791	34.77346733376859	
256.8129210890987	55.02314657268463	37.08822245907045	34.96734638066895	
259.7864482645141	54.3113895638428	36.55776413878109	34.83170183639532	
260.4313892744055	53.43126940938143	35.908468235202854	34.67380665209276	
264.61093684744316	50.48081271810493	35.393979457410964	34.93763093696995	
257.1978445255529	54.336525459843266	36.234990660056646	34.5155523746439	
254.1762397636264	55.64201423716717	36.74563645219311	34.548424939108195	
253.46192058035047	55.5940402479801	36.82998318236683	34.95496322732709	
253.7002611285245	56.00718315624079	37.3757221529796	35.19073830722148	
252.5458960974185	57.43648853924099	37.76068580709932	35.4603215156179	
250.5533362699913	59.166437541624084	38.36683256897981	35.92897421879674	
244.13105383533482	61.806426848018994	40.25857593106391	36.03991738011343	
240.5069042889112	63.60521758598869	41.65059825001143	36.172029553693	
237.37087411515688	65.896861513788	42.13816945401613	36.300951351771026	
235.23541711749124	66.93212625872557	42.169185179674166	36.908237207233384	
233.21116318966392	67.78531727384733	42.13162190994141	37.21631701818542	
231.56315622886189	69.14467264071182	42.0165210791277	37.08609820597355	
228.72608326304092	70.30638068547569	42.47617652039414	36.42615698211238	
227.02009621464114	71.98843674357641	43.02223527300921	35.5176188866424	
225.22866214849205	73.61361379356165	42.9369907911058	35.061237029443994	
222.8998788442741	74.74074273326775	42.69423713777001	34.399798335253465	
221.19321885937654	77.01188984260139	42.73065174366999	33.78249183793455	
215.27686970899663	78.71781914735233	42.99032000826403	33.235183328171416	
211.72515618649234	81.80131957868043	41.75265429440076	34.12985496397915	
209.62479423875192	83.33908303120562	40.77694854623254	34.58411110624156	
208.78028012418383	83.82908710294261	40.86049798899945	34.21180342245113	
209.16803678737284	84.03034346600114	40.20143604135857	34.38428351986832	
208.96766447724514	83.4342104776752	39.579328141895445	34.61192162580605	
208.88633353662993	82.8390740068499	39.706998789448	34.234693132953545	
208.5155122923907	83.76569474181213	39.812285171693674	33.91214647040619	
207.0972905678051	83.54242161145231	39.19084776783848	33.864389069667496	
205.15381866943335	84.33614519682142	38.8981286408981	33.560779651395286	
202.932754692763	84.23508104343561	38.72420991079649	33.150775627799376	
200.50477666695645	85.76481469412155	39.140671890995975	32.59871487615738	
197.488146928927	84.98028273253125	39.49470310480986	31.747042108970692	
195.86784286682678	86.25970312533167	39.853465437217665	31.859516584620124	
195.21924446062326	85.72548830131869	39.580410760237186	31.81626288808343	
192.76380075472377	86.42378789797473	39.51948391832376	31.751570885164732	
190.954579187805	87.40972996332972	39.099607816428055	32.42555470359201	
188.208286825764	86.63615218918326	39.135114138914226	32.139095932263025	
185.22413958639518	88.19375658085875	39.65398992640071	32.02217018399745	
181.86429214478056	88.77258524365969	39.53574123688194	32.121749087613516	
179.92890414448757	90.01994577761468	39.61159379474571	31.937023814794	
176.69750836816084	89.34780481932539	39.34154731241968	31.903651754679103	
174.6519167203716	90.19770665499253	39.61126955846379	31.51481600161074	
172.05282869817637	90.52757166771873	39.05510433019688	31.827022617532045	
169.49642671162687	91.0505901573649	38.21362174998378	32.36340392859539	
167.59109484789437	90.41699826121092	37.425944634213714	32.62283894607208	
165.49658782738152	90.47802657468084	37.32856751254276	32.434322921049514	
163.27829859029558	91.42229014310743	38.18539345149378	31.70925994718801	
160.49022041770678	91.16954680794628	38.68764716247031	31.41952942105215	
159.3451337436905	92.39712197507815	38.72992420314452	31.529465108589527	
158.80457720068168	92.98981652554801	38.922015404789136	31.646488607121995	
159.89436109928295	92.8065877835124	39.197142351168615	31.45524520593905	
162.50812121775257	91.98278790181422	40.213948845570016	30.71010529216914	
164.61590796968395	93.03120293539754	41.0115409389832	30.12114112796506	
167.28911474011497	92.85906263187594	39.97446481509604	31.243401793437677	
170.82914958024713	94.57782018516059	40.07471448488911	31.44821662317288	
174.1431306536585	93.81751693332029	40.14480275530573	31.52612850445283	
177.07737089368302	94.33589166455643	40.16392379479349	31.82446129361218	
179.76898238082467	94.39878737900777	39.91573551845774	32.14909992089375	
182.71736197799135	95.44846676940834	39.43737560111039	32.42198520642587	
184.4809899976069	96.71193896651572	38.9559961276263	32.40992662010765	
185.53982157496338	98.30362718591583	38.83935158199799	31.92480507941685	
187.4704239506166	99.90081102732664	38.58421825471694	31.33937154876144	
188.42323336770104	100.99368285982185	37.80886372901396	31.347573030070865	
188.8096084485617	101.67022148416552	37.526348811799025	30.758068090244763	
188.10045016709242	103.21714668112138	36.80602909586961	31.105163531331318	
188.15307640654274	104.42472260636964	36.703241307295	30.953424766082023	
187.87357124636475	105.98115684034043	36.71672134020101	30.72106990629346	
187.6620680542522	107.0010560719799	36.71708308239188	30.304574250991593	
186.90584885558775	107.84550315130788	37.21433505086357	29.291583800422714	
186.71525620758734	109.77489708899729	37.53861288129371	28.86614217481057	
187.657139084999	110.77271696948006	36.90985887919467	29.405337785677453	
187.15498561694045	112.21650939721489	36.63134478951522	29.709184779572407	
188.05415527067612	113.3169990227096	36.71754515762214	29.59187234535183	
189.7682682532703	114.65089373260463	36.25748932267521	29.754217708552414	
190.45174727350792	116.03653042331571	35.54316298606798	30.16029764163167	
190.37477475008487	116.95055883502144	35.120311393936674	30.72131563134598	
190.35823146260327	118.18970065734028	35.552096371565824	30.800407364653097	
191.52442322027258	118.83640000426144	35.30307983991815	30.841012426352584	
192.63488090595357	120.37571706904077	34.43525773958478	31.21154807125151	
192.43131174775183	120.91952722259123	34.45671521347499	31.102206255561693	
192.21504562187633	120.75840682659644	34.33791038364589	31.091190871774202	
192.86183109730644	121.71532073193507	34.337860962275506	31.064067796638724	
192.54379497159226	122.12112748251111	34.766025529661405	30.606810103311428	
190.9452807613041	123.18561229459657	35.44946702136477	30.00583128749004	
189.9922612281771	123.29854146280665	36.02293614255251	30.05985308292124	
189.2319132884373	124.16516599415692	36.67601361436572	30.136072299139357	
189.62547319661687	123.30957537114496	36.53749222682406	30.64986164879328	
190.07432403150236	123.51455909379601	36.92992693550396	31.111567498905412	
191.56574432305274	122.87239833279631	36.81835551518019	31.948516794372985	
192.08563575347745	123.33945635127645	37.027008352525854	32.109583074927	
191.5618004799337	123.92484448959864	36.84010012872887	32.592892648541664	
191.54724149365168	123.41366296366347	36.66747488433833	32.717440593860275	
191.19084539214415	123.0615287883179	36.79261776986159	32.80544863402774	
190.28194027627066	122.8396764757806	37.16247121527223	32.903799454880804	
188.51645905057887	122.70483428142573	37.731757177108236	32.7188661938243	
189.10354546937344	121.66615866609429	37.83509946338426	32.54052747372169	
189.62007474831708	120.1638089141218	37.27260066815255	33.094515814535484	
189.5935548885107	118.5595061414995	37.57050147207619	33.04823449110039	
189.99622416119036	116.87313335315665	36.833565156084546	33.53090589878681	
190.4002942861963	115.16663449563129	36.21813622864554	33.6546242776734	
190.0406802652004	112.80361896116564	35.52366647040718	33.92199378225399	
188.91749615645548	109.75958396481472	35.41020377075242	33.599498015728244	
187.78931775301965	108.11344339112941	35.36074680659068	33.0557318608158	
187.63065526532677	106.89161256836654	35.608464909699414	32.36839547856744	
186.86783429116218	105.77079298503048	35.85719841113189	31.304866582844745	
185.90517884917492	106.16034486859922	36.18779108908155	30.522884825777485	
186.0241363065856	103.91355727174957	36.76584562705352	29.65554203033669	
184.86936745802794	103.33069640353172	37.21693033207674	28.944649785773002	
184.04901619883424	102.45744214655973	36.94086519484875	28.920569452411637	
183.00141102759926	102.41350335175855	36.65675888644234	28.91638254211955	
182.2807413931322	101.92962546244097	36.72041394495711	28.752075316509153	
180.8797407633093	101.86904684468641	36.54595426166658	28.711906921293508	
179.71728094357246	101.34889594169778	36.629967866829354	28.469931733560557	
177.9573051543877	100.75729451286396	36.36202257909687	28.56604649102674	
177.25926031411376	100.07985082883806	36.21935289356226	28.78533607847991	
176.65941202815506	100.64409924535303	36.50344585228823	28.88671675653738	
175.39362367481743	100.81617610620522	36.44434416633131	29.06808940241395	
174.51206161743053	101.7460310338426	36.962313496665026	29.22497740738009	
173.34438614871635	101.66795364152739	37.60662451085566	28.883515756103083	
172.6283281875554	101.68196033308237	38.14173950772804	28.598881604767943	
171.6549577930678	101.56446184652987	37.957119961005645	28.38982932540129	
170.17054765338364	100.32203161536054	37.276239604369785	28.470580060652466	
169.2479533654053	100.83288980497642	37.27815067388801	28.66433667785214	
167.3911509346481	99.73365112595357	37.03127942224526	28.64164203045729	
165.5968341815296	99.67157005270622	37.323043149224766	28.63955570574689	
163.7257807715142	100.27364573125018	37.37705685233907	29.000484371620427	
162.94916539385318	99.26818403449484	37.36846896997425	28.84902460732042	
161.29315523242298	98.97687483391618	37.20280235090459	29.236006913621505	
160.3085098636643	99.05111039538554	37.20156904410517	29.721692266158882	
160.18241680938945	99.66261813892885	37.26793852385716	30.34700568892677	
159.0654323510856	98.47305848435249	36.99994758448316	31.05174934338738	
158.00656724534755	98.17183158521674	37.0323931875233	31.722016335181515	
158.4282515692929	97.39566243249713	37.40282242809907	31.94850457470601	
158.48542367039377	98.36829039553707	37.648114415573886	32.292684454006746	
158.35561333242333	97.58077890282964	37.75043771219401	32.5370162758334	
159.8908438266936	97.73079459549216	38.16411971623577	32.45220679089998	
160.75773400117225	98.4657734784656	38.6268133306653	32.390496903536274	
161.2283232277032	98.02636480838159	39.055021485429776	31.726578875778877	
164.17459905784418	99.3535437140147	39.73894298365623	31.746644892733638	
165.96168528097837	99.45531315117509	39.98803567795675	30.761710039837546	
169.64105120336632	99.90248212475976	40.55169121872108	30.257475440146912	
171.75609130925153	99.86858725414777	40.54238610575093	29.91735783189191	
172.66727763815643	100.93527993199956	41.09330746275995	29.620181593804407	
175.20792424322286	101.98101175382703	41.60775670507483	29.08825854132363	
178.59465972817233	101.94271652273422	41.16249271294837	28.883807624887137	
181.2108001931405	102.9904408102073	40.829585733087924	29.039648200231746	
183.8211899394834	104.22371253030985	40.52765665085323	29.09582647906497	
185.647783138169	103.520894610456	39.84504143854703	29.660522119752567	
188.5649127080432	104.18507204302463	38.73003086708188	30.633191644719556	
191.08272235909158	104.0342822449231	38.39431575217771	30.487001002163474	
194.00434699315613	105.27118845460403	37.85036237812567	30.817310183626418	
196.45391979557934	105.93811706637302	37.234104483005325	31.029000184824216	
197.44372287036137	107.34686337362555	37.052512540672375	31.715336229090372	
198.6139077602606	107.41328879515281	37.09445066689497	31.85144299851054	
198.31893562990928	107.66198613352913	37.07311336179908	31.900594765771054	
199.98783404095428	108.71256572102715	36.94305719207481	31.97964215176691	
198.57809851841216	109.4230649264308	36.73489128536466	32.01346025612039	
199.07597617551016	109.53958094410378	36.594397699541744	32.139779141817414	
198.22747304233854	110.27637978746445	36.362857190444686	32.38469996311106	
199.14074295825606	110.90642290495997	35.97406412210528	33.00655130132148	
199.48256838001137	111.18943879200793	36.69789283079002	33.06443713555099	
202.5222885208843	111.97722298582254	36.78828023782494	33.8480121173839	
204.73247111422285	111.39070640788357	36.766468274897726	34.59994979730919	
207.3511660074184	110.73606517625889	37.0970992092157	34.911747056120234	
210.3238270397953	111.05692869575844	37.47415690176101	34.577270883210055	
212.95621563110032	110.87616485162906	37.84213574472128	34.38632164682051	
213.9438693596769	110.33760047628398	38.724583185364196	34.259728210817485	
215.8573362451349	110.16217577556661	39.30264107531939	33.98334009465061	
217.43799090152686	109.99019815800523	39.24108576193765	34.14696901731257	
220.12769254473824	110.0416127344048	39.185189730470576	34.63669775850803	
222.4691279316786	108.63721689481777	39.223991551921934	35.25495529725281	
224.24892552700337	109.2946465530411	38.987562498074816	35.655637571313044	
227.0442308114841	108.23277915775944	39.08610945784703	35.84268802929415	
228.15960148715277	107.72855084046977	38.73226772185628	36.253263773788916	
228.8981959458169	108.13829456847732	38.26407401771812	36.222782198366566	
229.89642425670007	107.79923617439768	37.4908792580931	36.30685687263815	
231.23910126518152	108.60295372597727	37.13702863604281	36.42494102846479	
231.62545779091178	108.76384062890601	36.80170515373293	36.230351199424206	
231.39563127294122	109.52182291301513	36.55532577693229	35.978592032131104	
231.61329616106508	110.51908258178169	36.12527843836481	36.102044787189186	
230.6017906281873	110.87613827957746	35.68098571288454	36.45259294990311	
231.08032361962523	112.29278028900538	35.4656670465055	36.584687265929446	
228.4015161258642	111.7004049053466	36.15854700943999	35.91665118845758	
227.5441643591413	112.98344997653307	36.603525683693775	35.510285510991494	
224.37542530713364	112.87146319405788	37.34881006801525	35.56555925523704	
222.35186836289813	112.53487353389708	38.13219665610128	36.0969940670568	
221.18439257667782	112.62395968115906	38.53484644369945	36.20733847653935	
219.23792017347887	113.64723065683151	39.08552816073327	36.177621043637664	
216.5795496745726	112.6661675865922	38.97177928214642	36.37585235895844	
216.0272440698668	113.02647650167738	39.127766354835344	36.6470880897256	
215.44935635157896	112.59637925353262	39.368683549659764	36.67831959170728	
214.06843409159447	113.31600702454145	39.18425828660151	36.28953347341676	
215.2929415407303	113.56430122638456	39.46057900180578	36.144671148494766	
214.08394724635642	112.82467257645357	39.77656451788087	35.81607524916511	
213.97039469050634	112.18929371519597	39.890075730856886	36.07523579751642	
212.76469560892474	111.05646478367517	39.1972928269532	36.74076281525876	
213.0587801051927	110.9533941487399	38.41042579433838	37.644904759975546	
213.5897937273202	110.2085330009073	37.64260342136091	38.275963279458104	
213.28546998398738	109.62139089551721	37.19400595653993	38.628243089979584	
213.62638343451266	110.51739708116462	37.484565340830066	38.24144252228608	
213.62333479161347	110.26719581216818	38.114301161673204	37.460472865081854	
213.6362949750544	111.47499515784189	38.71385347888347	36.95588071536868	
213.36078193221582	111.77008837434553	39.07850558772825	36.423190909510346	
212.2404994096694	111.25170338557922	38.75354399349535	36.06194403845521	
209.96488986796928	110.31127523689567	38.773996397437244	35.67992309829017	
207.39841290729169	110.57473485335461	39.69582122033888	34.497851923985735	
204.25993527616154	110.1533661359828	40.10853256080427	33.34160041790743	
203.05974515391515	110.26280868211241	40.252849951853555	32.142980256073685	
200.4289081462664	110.91682925451578	40.379124143131	31.268282601200838	
196.96286304376426	110.35006112784471	39.395371575054426	31.169278833498147	
192.83121381352237	109.0912620615948	37.69290906129792	32.46860929378221	
188.77395044670084	108.44547410974421	36.64822618136647	32.87237693542216	
185.97148130091972	109.6142905892028	36.48627909290905	32.96859410537725	
184.3748902121819	109.44378891624541	36.75334508020731	32.89019637315749	
181.29031119472643	109.60709945923053	37.13298868843432	32.114704896138704	
178.6631519556034	108.77602132846823	36.94591668791541	31.909961148987065	
176.8968704011451	108.74706402965874	37.70112101639328	30.960930968079527	
174.83633738516403	108.36337078451794	37.90098682264186	30.45236876254302	
172.80950229645893	107.13781907396584	37.989012771935066	29.68338481752165	
173.15363410241034	106.9801583826569	38.32320851639802	28.783557780598183	
171.27545956563995	106.3967269726657	38.58500204859514	28.233058177381416	
170.85271399076615	106.58158684939491	38.13116594160773	28.03125413751441	
169.35466187428923	106.87077121159103	37.91711343157123	27.829545036410618	
169.03905308754025	107.43358606504799	37.944993632382584	27.585692389772362	
169.2429088967735	108.37712459707649	37.3578896982896	27.831085919530164	
169.15337916335645	108.60579773695699	37.253611761968486	28.062440885186174	
169.13415943034732	108.35593599809499	37.06191767428383	28.220000172791746	
168.82739598129163	109.88717978197771	37.24557686301748	28.0573885809166	
169.9126455396137	109.98591575640975	37.85651290185437	27.654728274436888	
169.94979194229145	110.81646564478176	38.713228421592326	27.151902988535614	
169.3692240849613	110.96543127962313	39.541140387589486	26.83117630491778	
171.25197047039808	111.01603946956347	39.29828919475794	26.983013620225403	
172.43393312791753	110.45240703117219	39.17579951498065	27.435418339444276	
173.37780712870588	111.04563907510604	39.442234382888024	27.71218962452683	
174.7201446855786	110.56774329784997	38.920084249197814	28.57205273329701	
177.1084659360123	109.28917080785314	38.21637053156202	29.090701778750827	
179.20393685689115	109.17361794685111	38.4137763118089	29.34524003696933	
181.33170908220978	106.63163338914632	38.22636743490797	29.321753784484287	
183.21427976631375	103.08320590506011	37.59645319956746	29.549368000129398	
184.93787978430876	99.3654840613007	37.37038265478964	29.804745080670077	
