32.0	21.0	36.0	48.0	
32.16880699042005	22.064215527945887	34.417873583450074	48.9453613559205	
32.73600781473293	23.72846530276423	32.47898233852828	50.259025862635724	
32.8133197239456	25.749275771343758	30.56427853491766	51.50139528872162	
33.07437341969675	28.21440668595023	29.591823637647614	52.78452362483437	
33.10507898411328	28.875889862602136	29.9771368311949	52.772886551861355	
31.92686301894527	30.0392836090218	31.132908631167783	52.38406457656641	
30.270902618198622	30.627544824666437	32.83106197368927	51.349391265021374	
30.129121729669627	32.113756494124274	34.26914630776308	49.67399243571123	
29.579764122398753	34.00676796078205	35.21411124980332	48.33513529081314	
30.052271587351537	34.57916771736025	35.7998315543656	48.03384039724247	
30.649519105746926	35.37713588570299	35.89764338242446	48.46785603324652	
29.970556121261176	36.28353705403315	36.0786244724781	48.375377422912905	
30.950722537422536	38.28922232434163	36.36428054347718	48.12925282444433	
31.96155119683969	39.63096324777545	36.25126957319274	48.25237376986401	
33.235979229550814	39.91866698989963	35.851390630899985	48.76226499245016	
35.10000229088654	40.67501221295998	35.36730523194442	48.90601195568941	
36.36841358104759	40.589395708201614	35.37411182824269	48.801420271890954	
38.6207034416012	40.37503689323573	35.293405118308854	49.1152717843928	
41.89878759349442	38.791832542479845	35.13975512567018	49.18927187669437	
44.69585935837095	38.116609067208316	35.143147984956634	49.134103250918216	
46.48204331985695	36.4797430513217	35.338627569136726	48.67029526034054	
48.24679559446261	36.166559595246454	36.18487736617284	48.19251740064334	
51.284432189876654	35.407577092104795	37.16447526234434	47.70390860128731	
53.70979215259434	34.18287102279088	37.795351080277996	47.25015556718461	
55.22089137135716	34.04139564740576	37.179964988924304	47.60613653409231	
56.63781635218597	34.27334723494165	36.47641374679147	47.90485060069418	
57.05955772471357	33.95398971529812	35.71581449061837	47.92215031062933	
56.62178648328224	33.734918613102785	34.5824626605779	47.99579129486365	
56.23558091621737	34.34468567574011	33.521195967954256	47.76447172589486	
55.81987199816714	35.981752632169325	32.98751232120757	47.50781598502735	
54.818378995149494	36.07721366104653	32.929639374149794	47.50065044765207	
55.14451955373285	36.78165232280754	33.50914506900382	47.68947196883382	
53.94092054940029	37.007294528076976	33.97959637221084	48.6660197757938	
53.15824048944213	38.16794427125933	34.052249361268274	49.09123387492333	
53.19587666388748	38.93369066240662	34.181464655511654	49.03803928549579	
54.17443790916417	39.07567947112328	34.26108405624254	48.90536163435421	
54.823790434997804	40.34732655630676	33.93213106642561	48.81658321084499	
55.12598923207861	41.39939548245316	34.148808304258644	48.5319956091143	
55.12301427053136	42.425960501019816	34.214317893060105	48.3206123100701	
55.11529863076464	43.88700746521809	33.76694502758819	48.32253804520344	
55.81452622743916	44.27994456096589	33.676268541283626	48.165881322861	
55.40464595359808	46.22095801831944	33.33154230997868	47.8648553303225	
54.178406869055635	46.53692902162919	33.09641878048466	48.10509285491157	
54.81897520383942	47.05026186381248	33.32950163526315	48.07702881220712	
54.78673735342954	48.066879855315634	33.39622151460624	47.69113138835365	
53.79565282267059	49.18194100935253	33.81551411812961	47.6020602743833	
53.036493877365835	49.82707832688097	34.399213548481896	47.90049963626388	
53.84669113004857	50.38119054098214	34.99941203895248	48.66582923988171	
53.85697845585146	51.05771127481942	35.64445185302204	48.661362681692545	
53.225849041311726	52.51170824502075	35.696946220588096	48.774690797607235	
54.218072677670186	52.485410863854376	36.21998251022717	49.155631727952056	
54.8178859136012	53.50490882143516	36.565731568807365	48.8027182025268	
55.2148594960002	54.208411919552475	37.04895025323789	48.672502180231284	
55.69102684338965	56.01958820866146	37.44812003435331	48.29983198791868	
55.866194365260846	56.53076566964517	37.30602573842019	48.16727211024671	
55.37865876364217	57.35689875798854	37.25199985761221	47.893342557873105	
56.128225828254664	58.93848733390695	37.03103016203771	47.69447235307339	
55.36211982726946	60.08536744649524	36.745392844488535	47.285791119983564	
56.07472268586633	60.93744949391695	36.36063427158581	46.94021357541059	
55.602689149309114	61.768372270315695	36.24286719397537	46.30376605085122	
54.77683426509352	61.24770015708589	36.132938635148506	46.14255744448192	
54.889794825611986	61.26415762433264	36.26865796759434	46.24096221525692	
54.42280742262917	60.79642612386597	36.538947634116774	46.3319840686848	
53.69605638275877	61.06317308074918	36.83845305966503	46.24588448783687	
53.176885328962534	60.55161068082779	36.96589375336702	46.542016617997426	
52.71431320227507	59.85889025721753	36.89095056525521	46.91325543244095	
52.16729858932095	59.373929874691264	37.02241319052219	47.1328733915462	
51.77733835276488	59.06752669805832	37.36253337157862	47.26170467204677	
51.65670127272104	58.473310978057974	37.53994625535983	47.462005273241296	
51.49771510724024	57.776542455451484	37.829871213013384	47.650077916474665	
51.019284641159324	56.73032300446931	38.072100967075414	47.5675238079327	
49.7910535880389	57.047856841733555	38.5868235466796	47.64463600050167	
49.86558755244007	56.3100136453458	38.91813348520916	47.5950949888398	
49.72990636965004	56.332045151793174	39.20905421713729	47.58453821554512	
49.13731251520236	55.8375855890765	39.045941632067645	47.527158606285006	
48.57442459567851	56.20544693572086	39.108407039905	47.14245427660505	
48.666908500591234	55.93952512001067	39.04313734552719	47.04914155105715	
48.545641428551455	56.351618251670885	39.51685053519579	46.885428511681575	
48.40271101708463	55.703675606715294	39.554257615100376	47.013079806232895	
47.87381815469014	56.53013599967699	39.138636788214754	46.87372921657842	
48.787864945446294	56.64671466473724	39.36286789844321	46.86501506689394	
49.07646271284056	56.98462633604847	39.388953319238226	46.66853008239873	
48.95060574141115	57.34535726327746	39.33116986197495	46.72611176428065	
49.47067768012588	57.42289406808495	39.03529306236118	46.733974353895256	
50.352605990103164	58.60455365389904	38.741656514604664	46.508120863682414	
49.87663239638642	58.68967040076141	38.62043566398968	46.112399229093015	
49.678242297178976	59.949501201354124	38.16783404696926	45.77005027234263	
50.50903054987864	59.930397892681704	37.48614993571411	45.6352087146796	
51.5802185092416	59.8917643066774	36.71772500035365	45.57732160702756	
51.213801549019024	59.80666853165206	36.1869838931774	45.539832607900216	
51.44866745802459	59.965550984718675	36.03396238266995	45.41618816806701	
52.31879560979575	59.89461403252398	35.58845616096	45.38366358811474	
51.70887799394532	60.259896154506315	35.20259593294432	45.39691104780773	
52.816479309724336	60.1568580248204	35.171045767125285	45.26396899180479	
53.71544662419392	60.00571294075398	35.13851838884792	44.986275856477064	
54.420805303899506	60.49552052544451	35.14347134914883	44.80770261604262	
55.51423981426833	60.758206000244876	35.2003436384679	44.754653872943344	
55.850560309892245	59.85687742075348	35.37657125375365	44.64891126045239	
57.065956979994205	59.97918460793292	35.30160807662396	44.44671982452976	
58.46532732442867	60.01602112857335	35.23280361521114	44.19088438333142	
59.83573387225296	61.0189634943533	35.1468791709567	44.31909123150746	
61.55115077402817	61.0689799581292	35.031967897802225	44.83471925497662	
61.60424614863159	61.68509372826618	34.93772250267464	44.99941841549637	
62.5098842507169	62.079478106009205	34.911926192106925	44.94938452950597	
64.26387527870418	62.53320611312038	34.75324867557884	45.08903919596439	
64.83911769245003	61.7714440996094	34.841173988760616	45.493064188344306	
65.68342767679749	60.90549955221754	34.75018071801727	46.06317182673087	
65.58440851460138	60.63970338086812	34.70226419983424	46.92796691444853	
66.63727566420833	60.182204418077376	34.54652365486163	47.40393088069973	
67.78995968947942	60.368079757661555	34.51518141279033	47.56536477979485	
67.62455862899755	59.2548390699428	34.176956539729176	47.85815670276241	
68.44978632556968	57.83624702188771	33.97378885041651	48.37114218669018	
69.13006520001309	57.77365232643618	33.7066580350063	48.52525908570413	
69.607771863396	56.55086879098528	33.59541825927688	48.720618708285926	
70.18423159032291	57.11418805420462	33.27179990517945	48.517029271412284	
70.1137651433825	56.8306576763296	33.167511106372345	48.18972603209461	
70.01134885856571	56.83419575697943	32.889730853100936	48.08183718695271	
70.6105704274417	56.3365922634574	32.50120715858241	48.455793746788544	
71.72891706780513	56.14173554980254	32.09441657215814	48.567073193905806	
71.85440637224038	56.716274780557356	32.01070625936718	48.57395780017244	
72.46570412674312	55.85806391241288	32.000678424939025	48.69454353886132	
73.92545504611192	55.87152692253105	31.93237612446564	48.96703015906164	
75.04635686356146	55.850875024212996	31.955054843191427	49.0148814329846	
75.43830109159079	55.47475666468327	32.153164214878394	49.04437954185764	
77.40607712451975	57.485937617056535	32.396838195733665	48.83443413527369	
78.95578189243915	57.94517959421197	33.01714519667072	48.401659393694445	
81.07089509584961	58.53895680617012	34.13563399064348	47.87648945082647	
81.84467940802938	58.87763165089554	34.96701125788975	47.63691111194269	
84.52970557661554	59.34856571470931	35.35911880627588	47.71346615965905	
85.47158907868814	59.62734937742499	35.52698384992948	48.09216127578945	
88.18027534771983	59.772433902822435	35.7159567036971	48.26603567196554	
88.70348460447097	60.199861693307376	36.218385353420445	48.39306572390547	
90.30578764118869	60.29856488829855	36.58372180496284	48.53230503229105	
91.79225117072663	60.335957945711804	36.59057960112996	48.40882008296679	
92.48762099740121	60.42287509929564	36.60940914242723	48.095906034937876	
94.18673689245207	60.48905654552548	36.450607203642186	47.596671810755126	
94.7595402161967	60.407761900056904	36.1950723209251	47.47384065950441	
96.1758452406199	59.986897887159564	36.267826357586685	47.252058455288214	
97.00090211809702	59.797730412106844	36.455408827444494	47.1766555498824	
97.0050969172147	60.20953310033143	36.22913502690787	47.216432538094985	
98.08334922163853	59.45389187975726	35.966122966544255	47.3024055067623	
98.39293814750103	60.18875941895931	35.635668169706825	47.23944970735478	
98.45032656705303	60.273372362941586	35.28307947237401	47.2645485982946	
99.41364254303903	59.951747223991674	35.15252597650386	47.13012449381273	
99.81018032783909	59.613182340223425	34.965695718088654	47.036830002124375	
100.0829150107638	59.908818735230014	34.89026175851992	47.06370424755005	
100.74518335676599	60.11377419442935	34.935995775770465	47.21582335168947	
100.98963297090505	60.25230290751159	34.85440760921418	47.50375556258897	
102.20479107271123	59.47047127123106	35.207238607326246	47.66843555950377	
102.60211243877593	58.50953837241332	35.02660819663491	48.0234867092457	
102.80547107300201	58.8419069803316	34.772199451296245	47.975001693481	
104.29492049448633	58.83332209766599	35.03750276900346	47.49488346806708	
104.92685669931359	57.29257614946935	34.834809280750925	47.449785022184365	
107.35785100383661	57.52946598069552	34.51794961088731	47.28616889452101	
108.026487551139	56.59054030591292	34.209512689487184	47.47387873838162	
108.73415438187074	57.2464476931963	34.02066849956635	47.32974107821415	
109.244682868106	55.74678036356773	34.25347674227478	47.1086760370742	
110.08071771726627	55.72850027347729	34.63542083581239	46.63105060982694	
111.07230244145644	55.324971537868954	34.944985879394274	46.06610491864485	
110.96428168380662	55.047105489241964	35.29825594650146	45.76749696120921	
111.1315531094667	54.89323502072267	35.294927179727324	45.607837709170255	
111.09983492967403	54.1003541543029	35.233012770204496	45.17900581563409	
110.23486704556166	53.430650339990486	35.123396548064896	44.99462831847233	
110.68515824543351	54.29197908188586	34.97820339290833	44.89442375691906	
110.19231426590599	54.18434684147351	34.95832225077955	44.68008009947957	
110.7319865729319	54.44479884813276	34.868970511378414	44.431743639914274	
110.75672435169596	54.75197546179736	34.84936297317531	44.72290188489228	
110.6840688926613	55.0688790120934	35.005068499731	45.11584289325692	
110.92283221311399	54.766352985189606	34.97557777080453	45.25497815161029	
111.81297575569121	55.40240394831744	34.95378888438159	45.396123007156575	
112.17107267989955	54.846106263868585	35.23184122541752	45.24865602762764	
112.37424338017627	55.74596964523082	35.608801291147465	45.07809170480466	
113.29602906420719	55.22764259235732	35.416594809424105	44.835204515603934	
115.2093430076325	54.873375853075764	35.16790510785668	44.954396575562775	
116.90680331092513	55.33003119113953	34.749767737552766	45.20845801134277	
118.8958006656415	54.92396707148351	34.356439015584094	45.848272102174484	
120.74706703649676	54.11541327369021	34.426856419882526	46.52758140963453	
122.55967379607578	54.33062569135347	34.580863066279505	47.06371463218497	
123.55168037762179	53.374711736212134	35.00714443638849	47.52101965672567	
125.00161929799884	53.38751105486696	35.70614501590641	47.82466285651204	
125.34013238143024	53.020254191012036	36.16354667367259	48.120007566736746	
126.65260202963347	52.25379092444089	36.48993151494047	48.16960730510677	
127.02602272061692	52.34769438620811	36.87444289273982	48.2771134782203	
127.49203968157377	52.81074002230493	36.98270318738621	48.09663826486977	
127.88706648615667	52.38720549461216	36.82781184798448	48.220789026207406	
127.77077070853237	51.9792268807201	36.83840599532207	48.341050089987945	
128.16401484309603	52.214250279932806	36.68975289327299	48.11250982565891	
128.10913786104408	51.810915578225455	36.69590776383394	48.170131534845936	
128.10285403931155	52.79897598498522	36.588475351665934	48.26584936414267	
128.10991736695323	52.407003072407434	36.46479202672182	48.400088308735214	
127.85785895403379	51.48668763181021	36.46938485421974	48.61940868034325	
127.57360641274397	51.75497155137971	36.19233537604188	48.71523159170928	
128.1657379320379	51.32820709181282	36.22043869092937	48.76260878934748	
128.022592854643	51.781325143030394	35.987538302911226	48.478273321238014	
128.67450203766148	51.72063489158017	36.09057283756651	48.20791764242901	
128.89160988360732	51.9295045813031	36.288202806525916	47.97751436845214	
129.494018127423	51.79454375313112	36.39022633285705	47.8324294267169	
129.93208122872048	51.446070915077016	36.27489966532913	47.539651267834024	
130.93427579062262	51.42941505940665	36.326366616919586	47.40382873063136	
131.81235547068746	51.23854928610019	36.19221038064814	47.48569037379053	
134.04939651505256	51.64494878253574	36.127197297049705	47.82239784224644	
133.98809066866136	50.82343625750366	36.47593875853393	48.17076704316486	
135.0556833651946	51.56965455093237	36.680940786746206	48.787034152249866	
136.6596930373087	51.07863566106574	37.32291098458414	49.23734740707643	
136.88739297091527	51.29701220024198	37.51752441436458	49.866722314325585	
137.05501319849782	51.64353106818289	37.7292053898225	50.287347664054145	
138.07596485417474	52.26910995387947	38.018535007627264	50.57804701957268	
138.5553703494303	52.14205562489536	37.88474387496542	50.742227177677236	
139.07417502641857	52.31303275987413	37.8411509171425	50.90304324893779	
139.22392172141338	52.37130765609504	37.543921321668414	51.31655288931028	
139.26394347576576	51.69637476241944	37.46312635392984	50.966425267155564	
138.69680026359617	52.53301511811376	37.543331632367256	50.658907376023194	
139.31446833842764	51.7364574701451	37.90422818520575	50.315544414818945	
139.30411861096002	51.913024689570946	37.48540073633271	49.629287802971966	
139.58043461325272	52.49302405143381	37.296071965308464	49.55963137514027	
140.72607679895464	51.301468009133615	37.08068820632619	49.596721703861164	
141.9882562940944	51.44015723723056	37.215722601755914	49.885689804385954	
143.5030060771567	51.21276356637217	37.05334393119598	50.55768544304901	
144.52786948673483	51.71821478998966	36.779805742697675	51.00025244386167	
145.92465088816783	51.32752891223246	36.53781195432032	51.332546731037965	
145.81170158114267	53.1409879802009	35.94883127261813	51.010523113540955	
147.3334996868496	52.562259796905245	35.741294623702004	51.09310528497324	
147.56434451442658	53.81408878970744	35.37432141653552	50.896318362011584	
148.76837084222888	55.083982513223795	35.03582643688768	50.39353729695184	
148.9194705147556	55.182765651212605	34.83151028871732	50.35306136342637	
148.42555054366778	55.3986460006096	34.784074775185125	49.94961702112005	
148.2260563505572	56.58314116983152	34.82582102210813	49.415502500797736	
147.79307009834537	56.328062464822736	34.692972947466366	49.186822728476244	
147.4387014265759	55.70202508047446	34.579207214036636	49.118211129456675	
146.82955729043138	54.83459163088318	34.760802987078	49.27647656962511	
146.14216221234693	53.71427206181584	34.914829043785836	49.19027411696651	
142.01512702676877	51.79434212614292	35.444083220915545	48.98108803881195	
141.90686912773415	52.05486407309761	35.757220018115575	49.044133306143166	
142.48401744909216	52.171295217181715	35.93159441891239	49.11815973102211	
142.54316344576384	52.62859602255452	35.804247545967584	49.258104141035126	
143.03880846488613	52.53475910919404	35.73085705621469	49.34941053721886	
143.91178348455196	52.42547936690816	35.617897967593244	49.66184987347331	
143.39142234875263	53.40208178618963	35.48571192333228	49.99043887425779	
144.11609058840412	52.55704281330918	35.344340052051635	50.67625709773196	
144.6141298710003	52.40385660165076	35.239573660001255	51.017065524113676	
144.115699029111	53.143413632338145	35.12821420121477	50.63242357419322	
144.22687323617203	51.99596497080536	35.29366577654332	50.731736181183514	
145.19863560089874	50.65245543895446	35.2863172895287	50.68848351463358	
145.50114908765812	50.43996991645216	35.44867036623719	50.33786778006425	
145.00476430591334	49.46098361265094	35.673644062029936	49.925465066244634	
145.3554684122481	49.548718507642135	36.202164086296946	49.36075337350869	
146.12904003561658	48.91008283635733	36.79221166359942	49.051452057884326	
147.09779605486625	48.79779984241473	36.84589828338577	48.85207847388993	
147.61965292956964	49.125416584136914	36.73919384315599	48.73192043987119	
148.27520556355375	49.867090241578154	36.6722518768857	48.870555469672986	
149.34905899777297	50.21736417022402	36.5609920034163	49.02959189304892	
152.9540556554583	51.95372714436708	36.1278955829724	48.77247989505716	
152.84489760364812	52.570601549094945	35.73840138482513	48.52981036864496	
153.37901700992202	53.423204755385804	35.84336418320143	48.22115830709284	
153.59400189221722	53.94948297126036	35.70307381259844	47.94670879441448	
154.00966166159753	54.41452236807784	35.76529047282045	47.8815160448572	
154.5236315979637	54.44410983463219	35.95959440224846	47.78415859607999	
153.96655340408833	54.97474277538423	35.702406733164814	47.67041403192981	
154.04943814850182	55.65916393427846	35.49603998426363	47.522212982397164	
154.56519157926493	56.996327304549915	35.3397345951274	47.52765637085595	
154.391390052796	58.143650273681274	35.0107726401852	47.39027980773151	
154.62498542507595	58.74868669748465	34.861048540768486	47.325370363625424	
154.73658551217468	62.186724393705845	34.42261783896484	47.29597943024624	
155.18784261382433	62.94644226778655	34.342935562801145	47.16149695315584	
155.02117052896466	62.70107771136176	34.03404255036006	47.527853979957605	
154.46184170630093	64.63463314402382	33.73391986023733	47.811582187213155	
154.81731254487545	64.94860990702078	33.41627950177712	48.105811689066975	
153.95966193238525	65.81920538381354	32.926727278632725	48.20148130641909	
153.34033735497874	65.44062132279676	33.1869704721898	48.01949277456236	
152.67684693296874	63.072810509456964	33.659601389985774	47.83455333518747	
151.38429648607948	63.05517915197398	34.2043376701511	47.19743266912559	
152.1939980871105	62.460861597219385	34.52194637631654	46.83975351064455	
153.72676429979416	63.24555781084266	34.24262964087706	46.59126075930596	
155.00582769908848	63.47777518145488	34.09952562543179	46.902522992793315	
155.271958871575	64.23629633253613	33.68850989747576	46.98984366251632	
155.79966529819276	63.36117159086054	33.40173490744658	47.26193040736211	
155.268562227525	63.37518030547339	33.17109651978954	47.305806113039964	
149.57867595955616	51.81310591465113	34.77306898055292	48.06897495697933	
149.64635620875094	51.01651426558248	35.15562346182782	48.14986003251356	
149.62291789187617	51.06623311589176	35.34354391845736	47.955144462817245	
150.40034913695854	50.934022292583876	35.48359653039684	48.0525572048698	
150.70170924045527	51.14099088844917	35.47727056083665	48.16921597779997	
150.9285296773146	52.046609185715	35.60334085272661	48.30985036907997	
149.65561060828432	52.99787392955526	35.931956638234006	48.609192247664026	
147.2001732990623	54.87190763684056	36.04361329812201	49.22170656072811	
146.4167145005379	54.85925664167043	35.87370751863632	50.051755576250734	
142.32637774181146	54.99874736110781	35.82133824418388	50.847665184467736	
137.84267922287853	53.67714047359419	36.343736453799046	51.31029422059513	
133.573382216339	52.783292874656134	37.11573675672299	50.72503643694301	
129.42504532693036	51.6319082777283	38.280050674842784	49.71691340580668	
126.45086713414513	51.422687485003934	38.81113305408263	49.145420800407315	
125.39964536244523	51.652825005420816	38.54884046751872	48.467877940371515	
125.69753105137936	52.199563500503494	37.68293516072196	48.490620300644935	
127.45887162249238	52.99439369257833	37.03674453933056	48.21782499453807	
129.69618703657457	51.67010641319317	36.25470281930747	48.098938547193214	
130.92831217976547	49.63266175026023	35.67942515062476	48.040930420953835	
131.28570593510503	49.12425397867104	35.84487885649816	47.92124804984763	
130.12810787553323	48.21744744920774	36.6637757337738	47.77622320611758	
129.5284449441253	48.411954398842575	37.29674609979867	47.39533887054469	
127.94180610717595	48.143009902879754	38.051100440793185	47.31472617079759	
127.68115720287284	48.706447877707326	38.842378580392406	47.431388712041894	
127.79355706833061	49.66509914329862	39.34968377671359	47.685011159337314	
128.55999505568127	49.003746181433236	39.56402738252077	48.3571232669526	
128.53484485040266	49.48847145820561	39.63419233327827	48.48400957682459	
129.29836438993448	49.717212887362734	39.54153453244208	48.48062038216766	
129.46851821354488	50.06498325812447	39.43196941852342	48.20709308419375	
129.98825580059082	49.20772552105661	39.05479930795463	48.36267426103642	
130.46297031983764	49.875014208376385	38.49088725167789	48.04695309017754	
131.65331875286154	49.2252480246391	37.841021969432006	47.788421377594	
133.23715774145725	48.09456785436498	37.10483848525716	47.743590892258744	
134.34629419281177	48.2403517454965	36.51575382334475	47.54585468410912	
135.17495681286368	47.0651754655474	36.067335884781684	47.49732698106174	
136.20565870745617	47.1846524183007	35.65238477310028	47.27141534503475	
136.45799495129128	48.036687401658746	35.48394855747987	47.385086156282355	
137.93734461490544	48.090833549178456	34.99103443958008	47.66098126012419	
139.76479301160742	47.77302416797444	34.89199050049644	47.5971425578155	
140.90819726540244	47.062727535190646	34.91074302592373	47.51800064729968	
141.75862828590158	46.84446664480628	35.08434610818557	47.40136762546197	
142.8744904906399	46.30864545230859	35.265491492070694	47.29526855128134	
142.53948354056672	46.542775249333594	35.41264462829828	47.2919987780707	
142.53194741596704	46.062155306613825	35.46197876890703	47.103569517310746	
142.0120625627373	45.93312930935509	35.249799262649844	46.96734857453763	
141.03342041845474	47.46063225752281	35.143122486848746	46.76671052068484	
140.93624072642356	47.54311349504633	35.11129449537704	46.523229607874114	
141.113201504681	47.94356703704988	35.22753927594954	46.21935146074275	
141.60708026503622	48.255020877592756	35.43592350046142	45.9742612540431	
142.6437988483941	49.06495577759979	35.519544054109154	45.994034763073344	
143.61325696035652	49.184971596005326	35.750801840044	46.12399139698367	
144.2183987702528	48.97727678414309	35.86814136541351	46.30500693765177	
145.78497990755073	48.39347807660885	35.86270476038161	46.393858294493	
146.02512636982277	47.93829594065125	35.73297490793799	46.62218672462596	
146.96360267921324	47.47773506590682	35.746348958136466	46.574320969463955	
147.30293115868238	46.62535702899936	35.84247734226083	46.532230264087154	
147.50820967435402	46.8607123339813	35.877203424903406	46.61101126584156	
147.97086381459735	46.57188973849596	35.94033607443797	46.639249875311116	
147.02842917025373	46.36774110742913	35.69499253275365	46.760117425305076	
146.77916341171255	46.394128661506315	35.58355500775552	47.153538890692154	
146.162067604649	46.44152364951797	35.7140724272218	47.28339601915173	
145.13639283929805	45.62798547096848	36.180957160790605	47.07015552303929	
145.05575829296734	45.37305577725427	36.33549421890841	46.97419866982035	
144.7835960766515	45.02503235817917	36.55641869498356	47.05996839734178	
144.37566077785957	44.83007493778541	36.59991270398935	47.033169493470055	
145.49458034541345	44.760302533968634	36.617215840254325	47.12777168582028	
145.93473735457337	45.50112274256367	36.69545947070898	47.082554873669594	
146.76934922555887	45.67382001290026	36.98057863303412	46.97615220772585	
147.53578554186112	45.750293184349	36.985247873209836	46.74176816524726	
148.19763460350143	45.84138239365961	36.65817384683952	46.71202569824229	
149.56135508545094	45.42751813756465	36.31155335074042	46.85339154008325	
150.8833540668367	44.38287604440756	36.22078799724396	46.74631120713901	
151.66878298840498	45.11525091889061	36.2859488530265	46.4465513159627	
151.16605239411334	45.05448622691381	36.43246163190222	45.98502794093589	
150.48154796302748	45.569267262209216	36.8717460291941	45.67444727516638	
150.36804522619764	45.39695778468142	37.2599669643949	45.21390197776444	
149.70415681083597	45.214159917035985	37.52095822730692	44.850322071865705	
149.76009563110983	44.95067516299126	37.8838694444999	44.58550494542664	
149.39748721326916	45.489004555858884	37.88374964115212	44.573487934759854	
149.93904737420007	45.63282980689466	38.15151861801654	44.647274370582814	
149.70157026203594	46.33753788177397	37.93558689100543	44.708315948782214	
149.9338486445689	46.71968335313903	37.91858389740666	44.79122490029253	
150.52323038556622	46.477473468918085	37.87779877418815	44.827894050990274	
150.14339497131513	47.00357264418149	37.840713522145904	44.788949404339945	
150.03821112125183	46.861882287388994	37.89728487910517	44.59850399373433	
151.0419121799963	46.6640907004658	37.72215374184029	44.586497354258725	
150.59063435662856	46.633200053661	37.65497244085476	44.48592932249106	
150.8428649429589	46.95910936232835	37.64497554532405	44.579107648395066	
150.05078105571783	47.196967261094485	37.59110380146309	44.44351169478136	
150.29628679147814	47.54431539714755	37.48959351592002	44.70182140284469	
151.00442531495253	46.752916844877994	37.241566491908074	44.734152003973	
151.09563971525688	46.04963754101476	36.99796288883426	44.577733157383896	
150.73181171830015	46.100871812341175	36.86908021363744	44.44433239731891	
150.63922422273308	46.95095718600941	36.85864812974005	44.4406166931669	
149.6231858805506	47.571241791426566	37.16856608177804	44.49346032127555	
148.7393963208743	47.818086283239005	37.53772164442031	44.654529854138055	
147.84026213974144	47.9425571986106	38.07011174525678	44.86032644472206	
148.12615785470965	48.23855862630717	38.14031828370107	45.2830198600437	
147.07152623988136	48.15705633156552	38.26260411879718	45.48258637675349	
145.80007220931952	48.30611623996329	38.31557836903161	45.5308189091589	
144.599009662207	48.47574850206839	38.483465770257055	45.67142115863533	
141.75058129923642	50.03581390067097	38.280176825271724	45.98256533436203	
141.29823332312287	50.30670816028051	38.278948941159946	46.244059818898926	
139.58332965385557	50.572888430122234	37.953038472387995	46.58719208813673	
138.69504191787797	51.42391437878496	37.64578402308969	47.33138268159212	
136.86640802729266	49.732585602934314	36.9874710332198	48.15963467099335	
136.33856166828846	50.423567216738036	36.34184122986107	48.41450390348483	
134.98736765708276	50.88516112125189	36.230698370264925	48.51171115314794	
133.36130035348262	51.272696018314974	36.563011746772304	48.36231686792105	
132.4060398391402	52.67691205166983	36.85883924652014	48.33376667854855	
131.16544991518398	53.72485910845496	36.853781944452805	47.989105601855265	
130.35944636655813	54.71281388291371	36.651980157919496	47.57510829830084	
129.05765775974962	54.65433801458765	36.59586883092068	47.302310125894	
128.5458466218239	55.11858791447679	36.53663441207485	47.2256282521694	
128.70881453785	56.17096946736488	36.483938444264545	47.46403288498924	
128.3543945267146	56.19927167265819	36.320269646506766	47.712061659813735	
127.48233596060805	55.56802825741239	36.63553041821825	47.577643299292	
126.56037410683828	56.68184619312795	36.51813110906019	47.47041638230471	
126.18595197186254	55.91043728367581	36.48075854448102	47.52011264185309	
125.15721141399186	56.30835462131061	36.639425038943315	47.42140555063822	
124.41425663173766	55.13829054434304	36.659185965151885	47.64333937795515	
123.69026785221209	54.81471601725757	37.0649957059256	47.38963518330187	
122.82934375057022	54.21905210113768	36.64106213773367	47.43326823995014	
121.25673685497833	55.31784278467907	36.21098241642137	47.43959153523121	
120.45398215472966	54.416697154141566	35.698148193080236	46.964444627849936	
119.54427344379236	55.234958059736	35.086759178801564	46.81798289064922	
118.23363445639686	54.869474867569856	34.793538322615866	46.50803539170441	
116.8853831239364	54.85390419845924	34.638006122511214	46.1581110529971	
115.53030151792547	54.943708129181935	34.446723487783835	45.68104653957887	
114.79020809398229	55.273498016332276	34.761848913329054	45.14037121465717	
112.6538404142685	55.19368392587804	35.122482768166066	44.87708157109577	
111.43891225876595	54.43193532237694	35.25734730117055	44.861495618510126	
111.01792434986953	53.809822465573056	35.315609253208606	44.926172485836055	
109.67770733742739	54.1381111500909	35.462368748950446	44.835792140555654	
109.47247802342626	53.181931734784996	35.48280438384359	45.02514324073656	
108.5864205739908	53.46350438268094	35.4490971532697	45.0416579195115	
108.11521883044486	53.175065207473175	35.1727969319497	45.082486848378146	
107.2318067209309	52.93959986568999	34.91305940873567	45.12001352819098	
107.15623317946654	53.71064081459622	34.7869200994464	45.16644395063688	
106.78606649013967	53.30890985772667	34.71348794469794	45.17969783731439	
106.18748659191365	54.03485039860327	34.68432731789505	45.02463658641462	
106.46846837611139	54.096652224942076	34.65762630904573	44.88325363898882	
106.16815455362949	54.06985428458444	34.71293599394211	45.05047885853476	
106.52644954291969	54.83620438007652	34.33048856315458	44.98506044480819	
106.23792831463585	56.016696774560785	33.97713312129102	44.82973881697166	
106.24999569455485	56.68364403679639	33.39355812910635	44.54336387377782	
106.86146191634333	57.59707868202555	32.74652984058976	44.686786844096424	
107.12929479538128	56.852169897427245	32.016922108646064	45.16992794953447	
107.0935862696703	56.64171669551273	31.065900407140084	45.92063070750013	
107.77450517811616	55.942130340328376	30.342229083780555	46.494329362438904	
107.8476500003929	55.68349936045356	29.416079948414122	47.251287976554906	
107.63474498853664	55.26672127232955	28.52551130323691	47.777072752155966	
108.22414477295983	54.57846845999646	27.947708522506293	48.07282610382212	
108.21787774730566	54.568556110524135	27.340623348019463	48.19953865377968	
108.5322434105981	54.90313565815978	27.015039794098023	48.07504270623624	
108.2129760752661	55.3435386045384	26.807511926834874	47.96194140555067	
107.96325008172062	55.85825429335049	26.702643117479234	47.80291588595213	
108.19192496251159	56.0710410406926	26.79411960147419	47.587545855572785	
108.51740506967252	56.44064186532959	26.981783624443242	47.5254615231986	
108.25116067559581	56.35285232423654	27.176509352708095	47.32302654425564	
109.05804528595577	56.114970331630076	27.24883201746964	47.32115416865531	
109.15569186667187	57.1512626710115	27.057128917634163	47.51326156837245	
109.25674035302531	57.76080394566173	26.910285354871544	47.55295726816565	
109.6237250004663	57.15867671324012	26.74775025525966	47.411172189579524	
109.45641061440651	57.433509428862926	26.57417035703017	47.37805522793952	
109.29552122358433	58.286304429496916	26.32574723894793	47.307741381934655	
110.33840220684004	57.74550919476751	26.20562621491758	47.31544535366743	
110.7682243094104	57.305398884270254	26.08763087253681	47.37149950716	
112.68145908089359	57.430511756257026	26.080993976854884	47.36887877914444	
113.52665419115803	55.750643460498026	26.0787817635677	47.36818390468608	
115.13917806435651	53.16128394580696	26.07932036261336	47.36743582293155	
117.32708802954593	53.34659781720877	26.081089720878268	47.36544804693763	
119.12574592420266	52.82184292131955	26.081905121562677	47.364539090308114	
119.74437218845658	51.63622871757232	26.082386167704065	47.365977000143026	
120.36414208002927	52.09761175013126	26.08266142160576	47.366684949148755	
120.36754199148535	52.16094652970499	26.083297070206907	47.366995066670526	
120.50425219459211	51.60636102784258	26.083972070304974	47.36690902543496	
120.51150503776873	50.37409598892585	26.08516109766051	47.366305661628616	
120.58469182795555	48.868452662361584	26.085794925853396	47.36708977089027	
120.60916233613919	47.36530841648011	26.08656109817598	47.367344889344764	
120.54221424334457	46.29992811358409	26.086517965859098	47.36869618468735	
120.58071571088558	44.9394737767907	26.08628741054301	47.370407716159065	
120.30308719590757	43.92967612700475	26.0866085653233	47.37049741239036	
119.92429520859851	41.849779780572284	26.086786956993937	47.37064871822274	
119.4064018346167	38.97718392908079	26.086901971666073	47.3704786527675	
119.33357713367865	34.44953221230614	26.087031571159812	47.3701817288934	
118.50454121318953	28.558560773154465	26.08740395177196	47.369594018059196	
118.22841789866763	24.95572011311371	26.087916604779686	47.36866594005279	
117.8242034121577	23.559766797016888	26.088304750802443	47.36763064921726	
115.22276960934215	29.663058387956124	26.033281221504797	47.286832913001824	
111.38309113707682	44.94113737032329	25.90104683164868	47.44904936900876	
108.91183566482637	56.04315385432529	25.834287298977017	47.63808700249944	
108.71306846371569	58.08367152291291	26.012548274213604	47.91231931275165	
108.15085492926754	57.494236549399645	26.213114260118072	47.778963657520976	
108.83398776597743	57.28507376028159	26.272276238438987	47.824682121012714	
109.06493517355834	57.08586720572494	26.273719078543287	47.782105621168796	
109.78961792560543	56.442084203272266	26.50988474082766	47.55311363271724	
110.1984104822355	56.97404640081418	27.01357531441107	47.51313425118122	
110.77502772634328	56.9889546323508	27.795948357802256	47.07189026344	
110.14732473113352	56.5978861159658	28.832518578532348	46.51260682206619	
110.41810634189977	58.663582361452434	29.562142400689623	45.776683288658006	
110.66689737518138	59.069103819400375	30.4935294904896	45.24308034196704	
110.87203680351607	58.08686145071462	31.672713159187328	44.97213188697526	
110.80172725166372	57.23881541732405	32.90871425657435	44.92443583047038	
110.81795348399692	56.75424626378946	34.05846901851105	44.84218613068693	
111.52466958489566	55.95685950175375	34.68564855612965	44.89165385753474	
111.14672485736152	56.75654026954509	35.46172463913339	45.074913168031465	
111.35793966835894	56.32240860471154	35.84182228277563	45.08507888891669	
111.43394537329749	56.432766698261794	35.99648995313285	45.36249582254425	
112.14102437490634	56.62666144408474	35.932502376489346	45.47583104779247	
111.96773264435438	56.57959337105385	35.876135389852756	45.72463449786011	
112.12163326276108	56.64158873563558	36.0304260556345	46.125700114209565	
111.50098846009415	56.31760418059747	36.20982077398979	46.56816334040714	
111.37318523950263	56.570165130477015	36.08126851532815	46.94623994372729	
110.74505318229723	56.156554135381334	35.74234802108522	47.3450545602605	
111.2470789033138	57.15753779339767	34.986635734148166	47.779133341301	
111.33286915350268	56.41235756708484	34.24445886645357	48.137287230207	
111.83494500370935	57.80669427618923	33.49762570778459	48.53856762743889	
111.47385356975286	56.4497936321681	32.81952859265678	49.09451997694064	
111.487393942777	57.872839543467606	32.3916903965359	49.1642755159321	
110.71089029166563	57.99118027521552	32.28929862530833	48.934096908233215	
111.15665199743648	57.102062001032216	32.24341331469632	49.10904469581339	
110.53574912535532	57.199083543934975	32.29522946024538	48.867072406644596	
110.62342226408936	56.51458494226607	32.35630974804545	48.9201594818527	
110.34855853331308	56.468538435944936	32.34136704540599	48.58691392052608	
109.83281689443875	55.71750857889989	32.22773524284073	48.44798684479662	
109.40825740083281	54.80745570098052	32.022070193143335	48.56698527392613	
109.5245447396255	54.131683748543225	31.625382293275493	48.8867249063924	
109.29174590203337	53.34450367841632	31.124867128026914	49.05057149124291	
109.15705365771255	54.251992222661755	30.3815531392681	48.78621807477632	
108.56452866078583	54.02176175607546	29.601948733050286	48.85222034299712	
108.35131806783848	53.83254589736893	29.238625951761648	49.18235488475563	
108.5915232922992	54.27780854477402	28.72712567775009	49.488059892233125	
108.30986865443434	54.14890727125601	28.422016864667647	49.594485370400065	
107.01817396985138	55.54826417106348	28.214351995366034	49.55689718623273	
106.99019616651003	57.21890821975067	28.016044577599498	49.04158350782134	
106.51074497320786	56.87860688029409	27.978477147714212	48.672396518670496	
105.82329324713204	57.367272981492455	27.883902905307643	48.69117832156878	
105.39700736497934	58.05584834954454	27.820168621129376	49.3194461626187	
104.87145946197545	57.98261794536577	27.99259685253981	49.741743867778375	
103.62505272738711	58.58904104667942	27.992005645790762	50.00745241989856	
102.25013628080944	59.172070139804816	28.06550538138764	49.98063403558818	
101.31775646730577	60.92237153858891	28.71203930344256	49.71627540330343	
99.82720687161337	61.80040374916125	29.25757939526187	49.30188043118858	
97.58390909649484	62.183640380549114	30.353682931129626	48.76627067847647	
95.50519795097793	63.154139305768325	32.01129532208729	48.37033681581692	
92.03360435911956	63.84979609194288	33.14024870187029	48.29010855873453	
90.39287843906324	64.14621206398263	34.074901444875174	48.60658199187169	
88.98372917895085	65.12855421993719	34.84793673051322	48.72873340289762	
87.21853244362389	65.4111179277821	35.0420251026967	48.94727656544357	
85.25779142404784	64.89755116360573	35.2301722806233	49.01252513465261	
83.03328253090885	63.310330534798034	35.7530569570488	49.33485069661785	
82.10334481704581	62.977561618074965	35.930367947687124	49.40498653435156	
80.33440782438151	61.14511175788422	36.00453461862412	49.45918147655099	
79.69593251865034	61.50947512659306	36.035269436013984	48.950782715885154	
78.51881462759151	60.94821646065156	36.217059538687465	49.308507938028825	
76.61054258517146	60.45566014618316	36.198279737263945	49.37382324795904	
76.19810824255875	61.30112481487075	35.94760123585585	49.17672458786614	
75.09004582236079	60.92883181591863	35.44711352424908	49.36831704808483	
74.8089260443056	59.31828486425548	35.09269075914712	50.109831687494356	
73.2443913551939	59.70536852113616	35.109120298404264	50.08192694455099	
73.15828599018153	59.384432681363336	34.866126922766206	50.56429413225784	
71.3288062263978	58.40699911868606	34.55931737569534	51.14877837819471	
69.85180742911136	58.74328781989202	34.30515160594103	51.400809704740986	
68.7476471660614	61.285511365431226	34.233119949188236	50.943865277858976	
67.63276672937131	61.56746790591197	34.37397694461591	50.25480314853696	
65.46684476236031	61.700166634225276	34.53237636951841	49.768402728052294	
63.37074975447332	62.598354722077104	34.779151836463065	49.127981759943594	
62.0783423649015	62.70800874537556	34.94006278380176	48.596822933693446	
60.10844717611283	64.37666675131639	34.77358296459157	48.064365969998484	
60.11325995970745	64.11944830984426	34.68970248885754	47.384425411617165	
59.36532265930832	65.27680499980761	34.61826363997706	46.853136797220515	
59.041988909802285	64.62872152698347	34.50049088457954	46.42339457983373	
59.25165108245358	64.81943538328728	34.41920817887497	46.047935640268435	
59.88341259549117	63.271054717890806	34.44726599819963	46.24299086768549	
59.745624794940696	61.81035071393035	34.38234749460787	46.06095825867305	
60.36078141955328	61.02771719828885	34.60208721455655	45.84306426388971	
60.267343879029426	60.47701684495794	34.74523068745338	45.551102350879184	
59.98278834101896	59.43041644088082	34.80192430853486	45.45417935478832	
60.13269531591292	56.99963194378711	35.17833995810145	45.53871241213454	
59.69256515627443	55.77360901141772	35.46440813296881	45.60692220413099	
59.14949549702691	54.92311505282447	35.67323556752798	45.71951534700942	
59.13625264431831	52.792155760088924	35.65237359510141	46.18878424700382	
59.63789950105373	51.988244111776694	35.47702988123371	46.52076389482644	
59.14484052350877	50.16235448152676	35.420565746958914	47.02414510560732	
59.0584209709376	48.59994693735504	35.448905835119845	47.72595261764102	
58.61549638266044	47.97151957304024	35.03213755067227	48.48745718309818	
58.52595956743218	46.06654074393187	34.67183035756198	49.0836890806173	
58.62305371755469	44.567121741808215	34.18380959344136	49.55465959349257	
58.159277477274635	42.47222618750036	34.06174407658921	49.747322460725485	
57.99404832117769	39.88243446571374	33.9459568489999	49.7060775799818	
58.23223347358366	38.687084312965595	34.228887109732405	49.480208059855165	
58.30932097402117	38.41649196943446	34.54840589312409	48.821703320303016	
57.70776416787821	36.92192033516888	35.03424605856286	48.24371002948269	
57.994645592726904	36.168662926299085	35.39392141464034	47.72853902609717	
57.99069323779983	34.50148144018609	35.92968093879046	47.06829810084251	
58.38942257983748	33.27715023301267	36.23361443070474	47.00393486119484	
57.79637338581626	32.2706320155247	36.49514310327695	47.05291971226951	
58.71280840456184	30.89386249682794	36.80292468722805	47.35671206369824	
59.316121490222095	29.295440599871828	36.97912974200868	47.71111496871002	
60.23336844367345	28.156846779015275	37.11680387506755	47.73052350678063	
60.80649063663821	26.761646744509743	37.2616683949729	48.005827159389206	
61.46144473171738	25.990135701718206	37.08944985981611	48.30383170074501	
61.65906061330222	25.504783564886658	36.89200827820714	48.707134567989456	
62.20881402076167	24.256392671393627	37.010460299077415	49.13260894203683	
62.27605936809154	23.846192403910933	37.07190343081829	49.230337273570385	
62.53256783522233	23.669741013056893	37.2755271074535	49.364191108578694	
62.52186648728044	22.68897905091388	37.670204683924	49.50104605277162	
63.13747962918499	22.189797758984664	37.54442376746044	49.845736650760294	
62.51313558126172	20.893546700174472	37.792572835602506	50.03795273700307	
62.087013503488194	19.919512049051672	37.89606592243589	50.260045651372536	
60.14837134178304	16.36268093535162	37.183557284088465	50.42443859462209	
59.81595254823904	14.839769433970032	36.94248368813195	50.1357660215013	
59.768646730324875	14.390136058365492	36.97452082070952	49.90427711993051	
59.58084382340787	13.438201385583914	36.919814542586046	49.455530670994015	
59.75453269182114	12.780885809693423	36.94575201857501	49.029487235456685	
59.612484010854416	11.78961470416717	36.80389860860372	48.74960397875215	
60.334552937052784	11.334677604524963	36.9566539005586	48.399152754876546	
60.61423349058017	10.131878845247732	37.20435137033213	48.19180297176346	
61.336763271554744	9.655839870250599	37.406753210509464	48.04456948074843	
61.55845491651715	8.376761624240409	37.22853167926282	48.035338703863424	
62.056996922483314	8.027762234115894	37.03148797549469	48.08196257425442	
62.15935043987535	7.313887828831615	36.884492666741714	48.09305556331732	
62.85906120327118	6.781372099177638	36.646846860763596	48.27213674438519	
62.91577146514551	6.414617799568712	36.525662673017706	48.37861277823234	
63.005062643041825	5.68164372320461	36.53168341598341	48.34397898559513	
63.36691570447545	5.749757763369145	36.41947790012194	48.34580916381079	
63.658924375166144	5.81454785480168	36.25787400492838	48.241072184832426	
63.268844698668275	5.468796435989036	36.341609347673895	48.35841798115852	
63.37352873145576	5.552249518778921	36.251887201087285	48.44956217362946	
63.2649704234652	5.753693972705472	36.21061302918304	48.495315751678746	
62.89576990289191	5.323585040017236	36.1892762598789	48.471632661392526	
63.205054920618004	5.255795062951262	36.01497398348782	48.36901112218031	
62.759421665097626	5.135758014058507	36.04052999747994	48.32978317915869	
62.20633812579628	5.020781650909583	36.120246282634	48.357934588893606	
62.41427662195761	4.696910584182057	36.0161912792556	48.3090137332178	
62.49666280045077	4.287007775905758	35.9177890013816	48.194125511005254	
62.118653508753496	3.879689065488742	35.77517868834031	48.2776167710224	
61.84402525588815	3.3636061085624642	35.82040323898176	48.28876617173964	
62.54270203383521	3.532708051213254	35.79175075030106	48.405353336246066	
63.128753277321934	3.4146401660954653	35.71545321477749	48.467126997267954	
63.06501983957934	2.957178207733255	35.74277379891517	48.517400638407054	
63.2356789913747	2.9777943596463956	35.77726664328176	48.453561738980085	
63.77516906333544	3.097403581932035	35.849745558173865	48.36426112904289	
63.841857957344544	3.503323817413158	35.9266509937837	48.18109722230823	
64.47069370569862	3.6750304461979955	35.886397669015885	47.993213915347596	
64.40370872174063	3.9781321191490866	35.81392139227123	47.877954811426946	
64.345967648059	4.804458256948252	35.81370430669378	47.75272965357212	
64.81564246835882	4.432874313203686	35.75179316029624	48.06286228499031	
64.9513162603567	4.941971957527649	35.68083891750939	48.20663746317549	
64.79412778868331	4.775215539656985	35.75229494897659	48.34759479582112	
64.71179701146131	5.628958029618199	35.76758994058498	48.43433997053423	
63.952451343312326	5.462587175728666	35.905504276574696	48.49090221989848	
63.778882411531086	5.313133579557872	35.87221414460915	48.60266938232324	
63.561707400267906	5.1827178504199045	35.87268801479979	48.675823769903204	
63.92291071338075	4.9258542424354985	35.74863006773295	48.79016487429503	
63.62169327990465	5.677034532852595	35.71944777034348	48.8152899953452	
64.0509820619915	5.405142469127955	35.74204583204313	48.82849309496081	
63.783332945616564	5.426599651479101	35.652845956625455	48.7912379636397	
63.843627343187194	5.633900439965171	35.55965820203935	48.7187061673415	
64.38745987223423	6.931551593490653	35.340775343061644	48.70340418655355	
64.85834365865863	7.286485660494597	35.37208980885521	48.61605376780554	
66.13847576406006	8.473150115985279	35.25879297526184	48.62077597666401	
67.14045311815838	9.863209992829264	35.19257764533313	48.66549655228654	
67.95733080585629	9.907277898187523	34.88147844298525	49.04182329431315	
68.54929656510754	11.215620343826908	34.72993555002285	49.44518669721532	
69.83488013667592	12.650224968921469	34.24276650563168	50.33295998157804	
70.16771985999048	13.934680930036302	33.97358761346034	50.79616662500758	
70.79985164078822	15.247898524750045	33.99259056194875	50.79230536435842	
70.99854479329083	15.763763506822768	34.17739357753161	50.75444994681469	
70.91075357193527	16.688272081953542	34.288315213109165	50.72917810163469	
70.96507039844808	17.560256400718018	34.505307174266875	50.526239743852415	
70.9445910017968	19.39749311888417	34.77924736447739	50.20282734513862	
70.95542624448986	20.22365998498068	34.9673291300402	49.871751456864736	
70.88457828595169	20.873428464912845	35.13117335419439	49.51109421024916	
71.10462059102377	21.57841805763702	35.332477408679665	49.22078208689219	
70.32488769977418	22.888802926198387	35.44972709379579	48.92479005719543	
70.25897854278325	23.984684310006447	35.465408868569156	48.541561931601315	
70.25971438943304	24.26286114500751	35.6401541576302	48.32536831105949	
69.05609340217917	25.16249103446201	35.83803457011117	48.278399363182665	
69.55330341075003	25.855813134361494	35.877182677552845	48.19636845265764	
68.87794561174006	27.08638285394031	36.1213828526345	48.04319916769074	
68.6223889057745	27.437307508726118	36.17899825024616	47.909726772757885	
68.58623242646546	28.044696149928555	36.18375060224844	47.71801078851567	
68.61583908490633	29.329951199617376	36.07827035671765	47.60472037671223	
68.53557293553474	29.221478964022943	36.07319081629292	47.533279328226385	
68.12640872987869	30.3770633617088	36.13688830061864	47.578651462754785	
68.20739295826901	31.005288474914167	35.92507641474331	47.706551441320904	
68.47997108744444	32.707485757089884	35.73170366394263	47.90795598863856	
69.44403899347297	32.774493133243496	35.85113419748431	48.211849988283056	
69.70046336495881	34.29053569441246	36.062374690041615	48.27876654762557	
69.80353475851395	35.780195893058966	36.44589790918197	47.791281417469946	
70.60693972686934	35.561790558215804	36.946207910595	47.78170511772695	
71.41095429356271	36.476230242659994	36.938524870872016	48.3209979198877	
73.33362942854639	36.31904282200612	37.179591146324576	48.733178339949205	
74.81042828903476	37.44779510729986	37.48568110929006	48.87613322730418	
75.41931378677774	37.96274761577834	38.08991467353997	48.63110359206837	
77.06264187688278	38.14513205820462	38.81723279066487	48.41938448713743	
79.18383893390738	39.5298320273545	39.19615499747941	47.82281615522226	
80.0385186053728	40.28298249657958	39.55381351584802	47.3848735094601	
82.13174062600788	40.83733882948693	39.389592694309364	47.05451606797014	
83.5375120530316	41.21734768388327	38.70857147864186	46.70793957067656	
85.7420720308079	40.17780907508208	37.88725504617764	47.077641994208086	
88.39726887760696	40.70990653662299	36.937196270038854	47.134437387220345	
91.25878984224717	40.59345204512235	35.87386220080101	47.202207566236424	
91.43784967976967	40.54114843185244	35.369127269023146	46.986239900831876	
93.43990609050867	40.85015303604119	34.88928189031598	47.227141713759245	
94.57946446531734	41.106606860498474	34.421774626921504	47.49355419299734	
95.20654674453775	42.09328726997295	33.938442933282516	47.48438690767084	
95.85873289798836	42.289167521391185	33.47959708452216	47.43680682354229	
96.91178431940025	42.3972589633447	33.17156252080762	47.02292379621728	
97.45193449619667	43.37675852980595	32.71254638994734	46.9292488628069	
97.77227709996714	43.17638229733998	32.35471024809959	46.849522002223445	
99.54726209933962	43.509293892263386	32.25748640136105	46.92705112908274	
99.38018460406292	43.87884851222397	31.85573956961641	46.89264791094948	
100.48175192422583	43.62049778067538	31.58732332961623	46.61672898493137	
100.37484132689622	43.2255071776952	31.225747650290387	46.72473792382321	
101.7436005185068	43.24200093688156	30.828860112489924	46.802405482030714	
101.8053078310483	42.241431640070836	30.527819601690272	46.90498338222383	
101.89108234784459	41.76472615342258	30.42048904667875	47.1945025635344	
102.22360863793965	42.70894286878055	30.2817297299807	47.4301310984676	
102.50436172819037	42.83637249794241	30.25762283226359	47.66799262455791	
102.23616228206166	42.204643829454085	30.39571496686681	47.7715092354596	
102.93773806935893	42.642059297858864	30.540287796384483	47.71920506780965	
102.8174359383029	43.103141425329554	30.733802608058365	47.47528254322227	
103.08861865480587	43.70741805792806	30.73213504062196	47.26602031271782	
103.89760126590454	43.92107652768888	30.823481566257268	46.81331867386173	
104.7978872698958	44.17239594564541	30.902634887754612	46.536603034736046	
104.87783446693139	44.31625275876182	30.92838026491568	46.17004843792763	
104.81651882463945	43.80813844401561	31.005446803673895	45.849590508537545	
104.6592413309424	44.25204722399829	30.908640039909415	45.75189815391003	
105.31950149357876	44.336953308200734	30.887841606043033	45.40674918889615	
105.37024613685293	43.873184633077955	30.721842511999178	45.376701923680955	
105.29187269581394	44.20299885768482	30.551342351332526	45.38214927950565	
105.2167371550422	44.40757537589864	30.411747801772986	45.398059332398375	
105.73577797676835	44.28690539169765	30.496101226282224	45.42720291890281	
105.7467183723236	42.90744164406687	30.331476945129275	45.688826475816406	
105.73142463814472	43.42240042230255	30.131370763522856	45.89024754347944	
105.33201632800532	43.321252342260266	30.069946482256782	46.02793147135667	
104.60129490237725	42.86665446034941	29.983222062813446	46.32680767658352	
104.39590739323754	42.72345843136769	29.949331282106705	46.564302215868445	
104.03792547529964	42.84185259930286	29.773664738846254	46.9130410049288	
103.15650353396498	42.73048322465373	29.65994468835007	47.07481612348882	
102.76049554631655	40.644761314097224	29.41904087236687	47.355667849008576	
102.5443738081193	37.0216883324503	29.061382652610327	48.07269725956019	
100.99585871270462	32.2362656520521	28.84063734935871	47.94972017589452	
100.96841250122034	28.010068870214056	28.637827412978357	47.92063794210146	
