156.0	38.0	17.0	50.0	
155.8579851151575	36.73129076808748	16.557803800145724	51.09659070020436	
157.38804069976933	36.76000189796889	16.3562195566101	52.03297256622852	
157.00003752745477	35.826296612095774	16.094621927107447	52.69656975444347	
158.61026140344276	36.2276925727327	16.252423080113946	53.04874423799495	
158.97297846390057	36.49615339357134	16.256750123359698	53.3816043975888	
158.99176354295335	36.911696659755336	16.31246462029318	53.55777906003409	
160.04251414840755	36.935031347089065	16.293005695529523	53.591674583125084	
160.62773903254117	37.119147701215056	16.507149446595438	53.197534556953066	
161.0975463644843	36.93360397755636	16.672601762181458	52.88261878378823	
162.8607572359123	37.71903906449471	16.839134513582465	52.94905519261112	
163.39463051799925	37.42363042001977	16.953861929460235	52.87838107486584	
163.7831426831504	37.25555812883196	17.25404581753192	52.691484168000606	
165.02281733865922	37.196208629629815	17.162703655432278	52.77700176791944	
166.75370853114234	37.15587315507393	17.03465490254927	52.601589460351725	
168.13331650392743	37.073753086026045	16.91665223353116	52.71141587401646	
168.805834388612	36.648402629246576	16.764629506278872	52.834899086662645	
170.94545034889083	36.097925127829285	16.63884920058743	52.63885410819384	
172.0198619529582	36.25641721492068	16.344947901285835	52.37140722421702	
174.3409773304968	37.24030376281795	16.249436086034738	51.79385706036101	
175.7171059103801	36.822341247806754	16.14394211589884	51.63359862798473	
176.4624451010937	36.673031580377206	16.160950593532895	51.5886837856677	
177.51213937020194	37.13376533239598	16.374685336138107	51.69789394231161	
179.33192133043343	37.330572597978886	16.61977939172549	51.810030909767896	
180.29030746796653	37.1666440461178	16.530059394355227	51.674089139832944	
181.8665987371375	37.79433614336844	16.6514272137768	51.032409164617505	
183.06844390094534	39.0994146932283	16.987451726131738	50.68744075267638	
185.0581960670176	38.085436251432334	16.9592727165121	51.00073369807771	
186.88669853690266	36.98548812724227	16.638116209722423	51.57956181864413	
188.47984770490643	38.12588303044638	16.582719866717042	52.0347375764128	
190.25949515768494	36.80442463339601	16.190655403566073	52.246115875139765	
192.24299743092934	36.97005581693652	16.167281047545234	51.960498600244065	
193.38202100318955	37.77247100031013	16.14590107263261	52.209752145290146	
195.27834401316522	37.449457396590994	16.0257814799599	52.743663108211045	
197.15229227269432	36.51633469329608	16.209922669699388	53.076731962766615	
198.87977518835925	36.11285044665298	16.144912757927763	53.13222700821287	
201.10092353094637	37.62745204964441	16.371196309432857	53.322382031667104	
202.62834974741884	38.246121506241934	16.43161543127386	53.474387656544636	
203.78989668980265	38.59223323871447	16.624993124873892	52.97506235081797	
205.89753747569134	39.93803415340883	16.946780757540328	52.36159638982764	
208.6200543856435	40.33774606913219	16.721391926856835	52.34353378359516	
211.04088406567476	40.64701831948462	16.927792131557645	52.60260949006391	
211.5311076335979	40.482735451456286	16.71976868999079	52.48512891107272	
214.36374050974115	39.718082370109315	16.858427582267687	52.13811265921795	
216.32821430316727	39.63275912313075	17.092101167220655	51.2812198606677	
217.5839792299953	39.95892546883609	17.36700607617056	50.53546703426053	
219.0710175742356	39.6964233701624	17.532413099293557	50.498466415848355	
221.04972046344835	40.07399214473252	17.951197458190723	49.91877438288906	
222.90346280561585	39.59434810688122	17.789820833205688	50.327487291365614	
224.72829971576442	40.438542237370456	18.098001820568474	50.80203793388226	
227.74772632662672	42.027884309330325	18.41962930481897	50.94381738488105	
229.1047616199428	41.7355673368138	18.454886975353105	51.309953555018666	
231.43251702457798	40.82217081905471	18.640085951893603	51.510251686287646	
233.65039549171323	40.39969342998569	18.545246319511467	51.864645802723196	
235.47271742657827	41.34882711322348	18.50102877312132	51.78516964346925	
236.82353503189654	41.43145905210308	18.572367479318658	51.319802120245605	
238.74679003224324	40.325974622727294	18.1116918954616	51.74025806556136	
241.00049612527886	40.190011375656695	17.505646138919825	52.05447125454338	
242.75545460456192	40.73147936369801	17.045330895606092	52.09099928556489	
243.98969064584375	41.32608560974273	16.79074988959283	51.491058125950616	
245.84604226113788	41.69651724054269	16.049009690820515	51.24443905636663	
247.52972590773803	39.66546935996239	15.584086181204109	52.331251906658366	
248.69976964898478	40.886365251161834	15.43664930512073	51.99333978129434	
250.09672773101235	43.33431430499393	15.4368189830411	51.233542526919315	
251.94019234463696	43.1236486055251	15.467409471444402	50.67990896990518	
255.45222310045256	42.44303032669411	15.469556580395306	50.817462644161736	
256.701025987066	45.310914664512424	16.334162122760063	49.0962796965347	
258.41014877794584	44.51996889247696	17.172492403240643	48.14893429691876	
260.52402867952065	43.7495692031434	18.586276968136698	47.086694096878404	
262.7121250250032	43.08384879063698	19.403768943831018	46.56101685020982	
265.78705857868675	42.813988642359135	19.00815658741727	47.01887500388745	
268.05574481320735	41.93677984976857	18.58978568559024	47.512620115485674	
269.7636585915272	41.8969777322698	18.14473357831726	48.12290880779546	
272.167371314786	42.35383764374593	17.668341775122226	48.531854753639294	
273.76545727423957	40.83831661325101	17.211254170164658	49.33842915541119	
275.3540967476744	41.38006413293746	16.799401177767205	50.197091768029146	
277.4509511316209	42.41799039889973	16.74136513522828	50.21190495698763	
279.02250838213837	42.688636551925406	16.54893173068599	50.093337616406345	
279.9783339238579	43.70703530966469	16.238539995239318	50.23144351160624	
281.94742466153	44.31005414733197	16.458546243496357	50.70601056418143	
284.04572716016247	44.40469023870209	16.30310928940373	51.30572528510516	
286.0495827665128	43.92638265094649	16.440205040427927	51.15387476734749	
288.2164628407437	42.98167280651745	15.895336906167046	51.581925447797914	
290.1156697486948	43.026424103807116	15.546682943131874	52.10846273757323	
291.3611285048731	42.32740883135677	15.30077081239312	52.94455723978114	
291.91808241509295	41.701556126394955	15.33871293544099	53.36801769196163	
293.74203060525343	42.18451113798649	15.455736872682563	53.28183178352613	
296.0218075071733	42.10739945687404	15.863180559089516	53.38816730349096	
297.60943992330243	42.09935286250916	15.92640262580051	53.939875054807125	
297.70669034947105	41.93127286691351	16.55291477704422	54.18713481064712	
299.5148188424708	42.164022633129306	17.093982124299636	54.04701675700937	
300.1582833812677	42.17641892278279	17.631979337852027	53.62881552048152	
302.5630845960179	43.581275582822165	17.96981691976052	53.13477890277968	
303.62785802718776	43.017160061502466	18.320906667759715	53.187416781989334	
305.4195526711221	42.72695493961848	18.14568366021023	53.36940383818739	
307.83514424368406	43.436980259618025	17.716806188508414	53.485590582792774	
309.20987285659396	42.38067351853544	17.33084759399343	53.81943699447889	
311.19627746404257	41.50710917953615	16.953579316027636	54.11003417875804	
312.80853651101285	41.248061231472086	16.33500926159785	54.30848797895338	
313.9375409512122	42.20131515920669	16.19769517746323	53.99452244137704	
315.3449267659229	41.386076744863466	15.96381360699756	53.902644786777294	
317.2344674904569	41.335611298654804	15.831530482252797	53.58731240561838	
318.4307585171192	41.28810325817128	15.54895519805909	53.05576273725656	
319.7707770112797	41.51163831290574	15.549866665876902	52.7695314786915	
320.95941798057305	42.82413003566028	15.871700562508503	52.562083462925706	
322.74640062451937	42.356540563319015	16.221045240555767	52.741112738515746	
323.84225751969774	42.7811999079953	16.4795484421579	52.33345497038191	
324.4756039414963	42.73196779833499	16.555386884846566	52.409509497194406	
325.82318029308334	43.83841313054024	16.37565528782597	52.221705239682485	
326.63876975679335	43.71828633721183	16.319428783910826	52.30640101110468	
327.57045612133106	43.65050211527805	16.305722241183094	52.305964154317266	
329.0578931358377	43.324972575508035	16.05598255555606	52.35641464775723	
329.6881930542218	42.54664368093981	15.743942937419831	52.74892727333335	
331.12450130963254	43.61026654092801	15.834715880305069	52.97413638954641	
332.7563870241211	43.62131234289714	16.344227289318994	52.333713930160414	
333.8958919882359	43.659758846372604	17.00170391589268	51.63727657110534	
335.27585174167643	43.586164366143954	17.5979222272539	51.660575754186056	
336.5875721108289	44.10212057982714	18.265427933857065	51.15678276224273	
336.7866528691354	42.991096097250335	18.510519023494183	51.58604069788746	
337.61777240490954	43.30405016274266	18.606303015998392	51.867723427096905	
338.73963421094857	43.32493557060667	18.60862004006194	52.13163367209733	
337.97681899592664	44.23526949988832	18.697567992357655	51.934282152523174	
339.1845480415643	45.08547282711909	18.658136555846724	51.444432778520564	
339.5476146783354	45.7160722353674	18.48360052276263	51.18096768340298	
341.3808039732208	46.09420242796083	18.158401902737435	51.10146881712687	
342.5284083139621	46.22879260817741	17.793009903456756	51.052411698878664	
342.66387646584633	47.00340344629107	17.898202689295417	50.837004056863236	
344.45697948288927	47.335618407626235	17.618875135596234	50.48792606893357	
345.4803353546175	47.985101613564865	17.391586421900758	49.76805492053739	
347.4697225428942	48.20631221861383	17.01733056435458	49.21534696772856	
348.80814793486473	47.773897877854246	16.567659939233707	48.83447797005286	
350.22000976525345	48.212281531875114	16.28400484575708	48.51976972649263	
350.93528523673643	48.33961288063684	16.011099755197847	48.220027995781955	
352.28069720891926	48.97081518980331	15.810797842453324	48.0129866019808	
353.29073686922294	49.44206402843313	15.77749786012332	47.73603986963767	
354.8022385539326	48.80691739922135	15.643613483286577	47.92379862688505	
355.4368401283309	47.89284413853696	15.64633927084066	48.03395908900244	
355.8459751185126	48.35125800789747	15.751261336702186	48.017191891082284	
356.7520778948829	48.155998225923646	15.585549405647862	48.20658397173239	
356.7441779487961	48.01155939721719	15.65025084995884	48.312457744784794	
357.09060002964935	48.18564973322973	15.521122448116728	48.399589519372874	
357.94523715357997	49.11664355495786	15.537985013130939	47.91777698104181	
358.1860517902486	50.125504982230524	15.700471863946884	47.236840871184405	
357.7821236427659	51.045969495562005	16.07337300664169	46.48672603364123	
360.16598882690374	50.68028471385521	15.915722421532262	46.1623353534969	
359.06505700852193	49.942190181152554	15.85268900214808	46.237753564564585	
358.2071698021805	49.91829153602314	15.740890527177973	46.391211423643455	
355.0074587342888	49.01947599679532	15.712223198028395	46.38218633618988	
349.82908886294035	49.27230367631115	15.402970959773281	46.59249216460613	
346.97510313791423	49.28800750981662	15.1984245802898	46.765847392334216	
346.29734777436227	47.832621540361636	15.11257139874115	46.861496306507135	
345.61019571970434	47.24347830018713	14.892444217974129	47.09730477914814	
344.91823920371183	48.016923410575146	14.745276690474777	47.06188053140117	
345.9547377267202	48.61682415769238	14.630105762408853	47.0924688567419	
347.25005163232015	48.783543892297196	14.381799255506015	47.03027848499391	
352.8487991320901	47.81972492070285	14.474820911517186	46.95097489283818	
371.54740627123175	46.36092871268107	14.89809814290233	46.104050506019775	
378.96210858089523	46.16223535747255	15.50744048520475	44.731465108707795	
379.44589659068356	46.88669603396584	16.142624445638933	43.77669595062357	
379.9428540128757	46.48624310070082	16.206483711129135	43.54261154232368	
381.0123702336609	47.00820278242661	16.3945479035077	42.85285545754079	
381.8012237144682	47.367362881777076	16.61155122599238	42.16908109189919	
383.7672593817262	46.61939792450719	16.455973281931303	41.93843796493118	
386.47313328275834	41.628550950194985	16.284305982408686	42.150262414672724	
387.10160131219004	38.09957278328308	15.983771864585004	42.37860610853808	
387.50339781886754	39.62038616600799	15.518804098468427	42.516581615729045	
389.15608591598016	40.1081546404987	15.461439279724198	42.26298279732717	
391.5431688391017	41.76259941799575	15.263085724506732	42.2431098927792	
392.16771298335954	44.92626173210079	15.020013018370891	42.19114084971436	
392.44175346531637	43.40581293310097	14.793051079595536	42.39451317156506	
392.5577452310902	43.88762418488461	14.662965075066674	42.379003908673276	
392.7797896227588	44.196165532317686	14.491559783501637	42.54255496694054	
393.08926340576005	44.30715105552418	14.396101142630174	42.67483077073439	
394.98148666232896	44.11276265344369	14.238411968450329	42.9406092652464	
394.9017443939591	43.50293082147699	13.943019677886346	43.306384457704205	
395.3385751214137	43.80067530047279	13.833269904435927	43.52329521343174	
395.88584299001093	42.95577498108149	13.719231361431254	43.70117132340641	
395.3272070201039	44.42133746011376	13.651097733750651	43.865674796950124	
396.2297834078714	44.15245405363959	13.528393734715923	44.065725291585906	
396.8754003122812	43.93981517238926	13.385095254821687	44.31375053047221	
396.5070334298936	45.67216200537621	13.332171047109656	44.46316194712356	
395.9878842799334	49.35097534532646	13.244514371172627	44.770584762466186	
396.86075997345137	49.97024093962096	13.184489105663037	44.97228931508112	
397.5096483494338	50.3606710805013	13.141435888521345	45.09291448665411	
397.8765937396076	50.840732055061665	13.13456932350188	45.24739203833191	
397.8108763530862	50.42199792816811	13.03703304554739	45.48324897907733	
397.74680010674086	48.74080761289564	12.839471546968303	45.944394293968074	
397.552429029713	46.4155529616317	12.693627981712606	46.315459323537866	
397.4380680245491	46.53764885828152	12.636188273006042	46.44181572936561	
396.4924453778382	46.308983714656165	12.609742719368178	46.32964716338789	
396.31937528967387	44.46577331252575	12.477966596853143	46.8047033288562	
396.76287197793135	43.587249039546435	12.3356319757139	47.13814353170534	
397.13020441594796	42.97245632442709	12.275219680944046	47.50008516532173	
395.278569382242	42.49164160213802	12.293280684149469	47.61250557591962	
395.8998315079396	44.23543241114591	12.376862988618836	47.59838914689672	
395.7260145458446	42.55413613983303	12.424056732170508	47.56500981917443	
393.96504579739826	40.19278898611068	12.442255494424888	47.48736431153259	
392.76806478240877	38.50425340842409	12.50094915182246	47.40738995419807	
390.01053713739145	33.479531326878416	12.64482662863138	47.35279106856953	
389.55135715996056	29.987490307056888	12.763715230219129	47.5546375811051	
389.39503333444924	29.095183523223824	12.94631052116524	47.71294794312574	
387.41565442952697	29.494792743211047	13.070427911316882	47.833836164196214	
386.27287326475226	33.095126653615615	13.397193705990343	47.6224410935352	
386.63201489834523	33.142240081033194	13.741507702570777	47.29024220139715	
385.3259638816532	34.05237320484666	13.921595678113297	47.0820581378919	
384.4862973242885	36.903691546437955	14.27466563667055	46.657011514040924	
384.7798744361092	35.3597535353641	14.368095446987619	46.9070437130934	
383.4733547955471	35.68794730569405	14.537605222093072	46.891775924780475	
381.6931686765206	40.612152339809874	14.74510276270989	46.46567106518758	
380.5626876326499	41.68188683381106	14.708744575170398	46.12338119439403	
379.32297991790875	44.542755178541576	14.736940442354086	44.60528831886007	
378.29043729085294	44.58297956338893	14.361676526653424	44.22716688503068	
378.17208622602095	45.46501154754997	13.910544133773893	43.796951622913554	
377.5846629837023	45.34132904082067	13.66857046289369	43.600020434289945	
377.4522050741443	46.22989114570822	13.502275423460576	43.22718689584047	
375.9204546733216	47.098599730299355	13.57858027376927	42.56951726916095	
375.1241378474741	47.50044602642019	13.466437653817396	42.56148916147079	
373.99249319116797	47.44795728425162	13.62468852001734	42.046738319721506	
373.70860917415524	47.253045874143595	13.612850867011687	41.9219377119277	
373.03704536664844	47.613144593323184	13.615065728804241	41.904092714271435	
368.18510485475116	49.38417122478608	13.450786999497033	42.000681850826474	
368.88834588335806	47.08560290882559	13.570290842550685	41.6699336506476	
366.780846993043	48.898312933666354	13.55240403377103	41.671258090216845	
363.08372902323254	51.77888676808228	13.514355620436215	41.74558172528888	
357.4177986048469	52.72009019084156	13.503792915469736	41.81420596351581	
359.1533505567062	51.715668346354214	13.48567943127221	42.272719671865936	
361.23562957574035	51.135161805293514	13.759702417625313	43.40006708814812	
359.82523873604094	49.943556025629064	14.322219080164903	44.530826518879	
359.10868433694264	49.323492812316125	14.871996829768909	45.405977599381465	
357.4579496768833	49.406468151974416	15.221893045515014	46.21498669585826	
356.7996959844849	48.33187925481355	15.336844595677897	47.069988506312036	
356.11048147116367	48.23642171614623	15.409439405895107	47.72305827566873	
356.01461047405786	48.674375667703195	15.382827638520995	48.036222916710365	
355.75513416923224	47.838854203404686	15.096636998345998	48.42029757202335	
355.7819824346444	48.11729174468285	14.889016703124568	48.735724213881056	
354.93241144154456	48.37048771044463	14.776428747318485	48.94043773617434	
354.68681623148734	47.54752028609451	14.300390013817138	49.276353948339086	
353.7235459657481	47.76101750357849	14.066986300336655	49.6740624942322	
351.93535641170246	46.50808804324465	14.022732822394376	49.84258298871967	
351.2925572487171	46.31167708306888	14.09925416039484	50.2998560274194	
350.8485427035139	45.01666512912038	13.933343358113431	51.01063548944546	
349.8412272033548	43.94850760622761	13.913674524313814	51.607492829793756	
349.8735880581549	43.262714116761785	13.788431492849606	52.377507213520644	
348.68149461133305	43.155750562560875	13.910457679931524	52.62153865061499	
347.67828214981114	41.8898010286726	14.167140300802206	53.03064963375881	
346.69101954276994	41.66533677777695	14.503679132677187	53.64320095356877	
345.8506255934131	41.22483997642685	14.86595433140774	54.42609192881744	
345.5670122668795	41.09684288866456	14.997277180405714	55.01230470165424	
345.4684662527194	40.98342150476601	14.99743741657024	55.07929217909855	
344.68707959288275	42.157510727181425	15.15027206374452	55.115430245845424	
344.11916507688096	42.855386903769855	15.304313164685576	54.29979599566553	
343.96866002831047	41.826325609702934	15.452875589126663	54.079764026708695	
343.2833797509874	43.90276931799812	15.679978176689584	53.47797098350295	
342.1277448535135	44.13180989760653	15.86339302720227	53.20180239079031	
341.4111323512812	44.27407617024097	16.079583849297496	52.98789051322547	
340.64365380799006	44.88756223612699	16.92235237858347	52.33531833316613	
338.4860340130324	44.23012984288013	18.083871224851208	51.969277764783484	
338.2462742823616	44.53244044155221	18.770197645770406	51.330055246983235	
336.6492184286081	45.0173900343221	19.657666153752594	51.10592587613755	
336.9603712461595	44.1656954356893	20.126596994114845	50.93571936113241	
335.0205458440409	44.70700373679893	21.040715483617426	50.21557742043463	
334.46209131650164	45.629537956592706	21.36336910904586	49.8008285855144	
332.19217315572	44.907379586929025	21.595824515748163	49.8063405690539	
331.13637084703873	43.9976420635597	21.37564263361099	50.192655818859286	
330.6253947220899	43.00093495301144	21.474221882384196	50.629531710821496	
329.78508895132563	42.47601958730983	21.728556130642723	50.764618381179204	
327.75114309479716	42.271792547858006	22.123726665016363	50.84406722372799	
326.84670077799103	42.85823096884826	22.331240498509132	51.0955330532056	
324.9219775912634	42.15275983376811	22.698589946335822	51.45808290921903	
322.7971955930921	42.51183347291882	22.175765649625976	52.15820396715262	
322.46042639668775	42.81494363008809	21.656631441573545	52.522165668843286	
320.50883594477943	42.74932267861424	20.696998125557414	52.8614331526293	
320.0941097626369	42.45124018130272	19.96485534253069	53.305701786536595	
318.78144946959117	42.940498120358605	19.2649918370721	53.62237673765915	
317.41991759033016	42.77265586574109	18.220666062093546	54.625967741822045	
315.86543530939815	41.900097574632596	17.741990209041585	54.44736370232822	
315.40437926459276	41.76089806193823	17.088608786541847	54.7299980365453	
313.765722013726	41.970786714131556	16.710178682670367	54.90407766175046	
312.0041522480925	42.08914038444313	16.25689215760101	55.08659224516123	
310.26763241470564	41.63276932148411	15.655782149699204	55.15116458874229	
309.7739808223719	41.31853408896237	15.088105852883157	55.02307377879462	
308.9231648681307	40.240572853807244	14.850819906226238	55.00166006610743	
307.42432602572785	40.10392727635022	14.982913621817032	55.439274863077394	
305.7868718048637	40.3112856861334	15.281364813528436	55.58912524447009	
303.9925575839462	40.07114559596676	15.505761756322801	55.458247955439575	
302.1347456572724	40.551889080465166	15.782692822190992	55.30544521112149	
300.88975714939255	41.838904278492755	16.22575068911921	55.46334400978081	
298.3785444456234	41.32292336252177	16.721417707924147	55.36411648982483	
297.526574559955	41.90526657306739	16.984418204541136	55.040273299471046	
296.69344683016703	42.31023576887761	17.086255465119592	55.12588634531208	
294.6739610482992	42.924902008694666	17.290969979436408	55.03098051972386	
292.7288749976465	43.10378282568406	17.788329464351587	54.88270421497009	
290.86503474506685	42.14904872866529	17.865281529686634	54.71059619550081	
289.0213092795199	42.13943323836076	17.576371210927885	54.87357232387378	
287.11512021088294	42.286912291391715	17.322061932721162	54.625250204626035	
287.12116634512086	42.5375577570133	17.126226203768308	54.02426365865624	
285.33236768020714	41.663821299298014	16.89526429076573	53.68605558181606	
283.92741586553035	41.19614508036475	16.506290198313998	53.33509706160368	
282.4250417176587	41.436469276914615	16.346220027373665	52.612171917331544	
280.7593272480917	41.89622364115699	16.424074422350976	52.22625101983883	
279.61767287022894	41.625027858782936	16.172922127729937	52.137192776280884	
278.72430724372714	41.48957761740211	15.661316996631571	52.58449904754423	
277.3544481471864	41.64340017682166	15.267107209242127	52.57982312157858	
276.17710102079644	41.69652726477493	15.31882699175167	52.06300833989767	
275.272881291163	42.64643307770576	15.292468778018149	52.022809875823086	
273.80950989675523	42.74092136425509	15.442394562768108	51.71284968465676	
272.29502239748774	42.56341266325266	15.320092482927732	51.45157873155498	
270.7746715632968	43.04881890772459	15.129269780877067	51.92751519172082	
269.8099149000307	42.471139247847155	15.089778954676039	51.83861417923861	
268.52344037446943	42.34073098076586	15.355512961666571	51.19424732414184	
267.1297547293255	41.917132988742196	15.774604482586716	50.81862185004911	
265.1277169256178	42.10830904536612	16.308645701320987	50.32754033330195	
262.768843455967	41.55034002821947	16.94904404410107	49.60371709687413	
260.35734135634306	40.87029333239473	17.09727946657831	49.28283953705841	
258.85564380065847	39.33202346264531	16.925408731290005	51.016828170590756	
257.7137355136349	39.99559868966588	16.575784736657916	52.19349812112591	
257.70156750307217	39.903474178547796	16.333737091629725	53.11841162710409	
257.1710210475909	38.87667341216111	16.02727591280127	54.199554435801794	
255.56821892544366	38.98441375782911	15.912288385678705	54.82957012525292	
253.54992620398033	39.69950625095969	15.875565731806512	55.207291571364685	
252.78011587623814	40.09679535271688	15.494916833389349	55.20654123233277	
250.38463916320617	40.22743571367422	15.52448880166488	55.1636779276832	
248.37182553539012	41.351784207889985	15.348947832308797	54.61980924659731	
246.7525182461273	40.77588714360573	15.2866496006965	53.73872759299538	
245.73956888962545	41.713042405830336	15.273130136047342	52.76512312932504	
244.40872781854526	41.97689003258718	15.3999801115463	51.90959428896328	
242.71181220817593	41.1896581461917	15.41236412729614	51.93254980386086	
241.4798134502226	40.43144645620662	15.598684257268935	51.30033509964551	
240.63932695414147	41.35833914596825	15.962003891647027	50.82589474640167	
238.53367180930564	40.70119869217398	16.576972213530546	50.686258585031986	
236.72222266906613	41.192341164238464	17.16868683353031	50.49148151604267	
234.9637977262651	40.923642797106794	17.52679358111389	50.78959751440401	
233.24017378592842	40.911527517814854	17.57941207851488	51.276515436305544	
231.5244870154194	40.857863166668814	17.75701967730626	51.301831477533916	
231.20603401552572	40.60819621065566	17.84009763794053	51.570195226048135	
229.3292063117166	41.33064233359405	17.96277485742366	51.80554524992584	
227.25416252420814	40.88886380835253	17.839525375830707	51.811425305216666	
225.58390322403375	40.987896569597495	17.506520659483975	51.657987540307296	
224.16748733395136	40.73295124517766	17.148640419661238	51.5352810585551	
222.70172859838968	40.42808963976577	17.045260772429717	51.136477470691965	
221.43319640603949	40.13104130402777	16.804651837136092	51.13423243366454	
220.71220068265507	40.03584591201996	16.323898051958526	51.33098253411722	
219.12588371967297	38.89699054902297	16.188611234307544	51.941805370368016	
218.0469313256405	38.83509020911305	15.926796924172894	52.35217758401374	
216.33835161359738	37.809644266274496	15.968202294424282	53.129546356925765	
215.1508132008708	37.97056662592678	16.062769785843688	53.00714544818141	
213.62209324339213	38.08970693754675	16.29160819256086	52.697680646309976	
212.33224930700817	38.34088216700419	16.415655283253297	52.91389991410672	
210.7811569503343	39.332621108595774	16.742364452508284	53.117712474262866	
209.4443651865178	39.43580157603364	17.2615578796223	53.329089554926796	
207.5593863969707	38.90751032693309	17.452876769441023	53.78128809592518	
205.5369428653075	39.02268830682118	17.554332129432417	54.01561330906094	
204.18947292098895	38.182151374400306	17.43294204372585	54.48981005745601	
202.15546430969826	37.49773302705801	17.478853248640267	54.98263909768759	
200.363124442029	37.08730070199263	17.219612491460108	55.510372144554374	
198.40576663983313	36.55109565618482	17.11100738007559	55.81396442645141	
197.11858125724942	35.02488748793723	16.756789180807566	56.44017690140033	
196.2972620085687	35.04912417816304	16.54622731585449	56.46471953812046	
193.78465016568398	35.55144280874758	16.83709377696294	55.64790992581158	
191.91165943802255	34.938071877126255	16.937326054779884	54.79491912588473	
191.0048628157643	36.24031332946093	17.173689469833466	54.033279570053324	
189.347656777075	35.671769837595726	17.630366466151543	53.85394247889022	
187.56609599857197	35.89607840043895	18.264003536273925	53.57908013916471	
