38.0	25.0	36.0	68.0	
38.08085857665951	25.94491456265863	35.40408510581388	67.95321127535345	
37.953540322099805	25.95648212985824	35.12611450143871	67.70994108578371	
38.26518779012271	27.254661600697624	35.10494521320933	67.33486543119115	
37.99243198064565	27.57498222026847	34.69565893498807	66.87887272928299	
38.350602163061644	28.35357842842982	34.113056629582815	66.76486808303211	
37.40181926432598	30.387469377746317	33.39981688329858	66.10133444339561	
38.1091697622606	31.228026274655743	32.663067479629845	65.55753024543583	
37.46120859011457	30.896840308344576	32.15604976821265	65.56556384370955	
36.51646508887048	31.22226516278708	31.94346471108993	65.39701591885567	
37.410335488347584	30.961664572165738	31.636121440187953	65.67143832463816	
36.423434776271975	32.49350320965018	30.977936909598384	64.93968354600823	
38.143398927646146	31.993847795326403	30.555966138248966	65.043393912877	
37.99148896176255	31.61979613839249	30.715434280376975	64.36858928276888	
37.612344340905	32.9900366231781	31.088359097286855	63.617538321042296	
38.09329260817275	33.169582624468454	31.65056274695955	62.87946565234982	
36.75246013195455	33.49703469288307	31.660030647514056	62.99167291193621	
36.00551752746925	33.87903757684101	31.776008610927633	62.77823254025275	
35.632205950475765	34.965746838684474	31.62693304473394	62.611365260385085	
36.482534188219624	34.91988311473017	31.634262838188445	62.32970381466722	
35.71662301336807	34.62850851624318	31.588676308050147	62.31111643494096	
36.803720606108364	34.563382861649714	31.63698085798901	62.37859569994248	
37.28841892334091	34.17483938846351	32.00439733323963	62.234802309968316	
37.97524332940772	34.393579077197124	32.48004516274423	62.000814599159234	
37.90645211089257	34.85351015006215	32.40531768475597	61.96166801234543	
38.28458179754673	34.73544268380093	32.447746745396564	61.613188252148966	
37.49487873220587	34.655829296964946	32.15443054274048	61.52951674049454	
38.84441394929734	34.97894863877721	32.0325159731626	61.262554214208606	
38.89268513063141	34.31391201786684	31.897146947490942	61.25857235261881	
39.041520716955496	34.876228935679926	32.13832711414214	61.09413336254844	
40.08793692347187	35.28718397379262	32.48738336699028	61.07893391818171	
40.22147611620944	34.83675816724879	32.19548719134408	61.244992158709515	
41.49395279548355	35.153024648280244	32.11214295665223	61.53010599903756	
41.5268313741698	35.60708404052273	32.16331454902411	61.267145872465704	
41.73607882798189	36.10112840707896	32.17646671689954	61.03210503341453	
42.52988790255942	35.09505620398142	32.310495570065086	61.5796496058575	
43.3974813504341	35.76375095761324	32.85081233009152	61.7998489829376	
44.2724947683975	35.07962053995345	33.10978068528907	61.88609386583866	
44.27827238903451	34.9193846016837	32.861270121912526	62.53436591991756	
44.75594302929535	35.20931406504093	33.19505387365966	63.22506516316976	
45.738287184194284	34.59876297243917	33.416135765397975	63.46867142743529	
45.932165963626815	34.431180712077804	32.98734164689544	63.5668650842986	
46.78515337350786	34.98509830830825	33.52375726668506	63.692581148953884	
46.44496355078529	34.62422404700027	33.85865819806754	63.65492065535753	
47.5236269244652	35.52316551903167	34.21331168946994	63.32314321105842	
48.21434581428182	34.56018177696253	34.044233769052894	63.184425555648424	
48.519483209411646	35.88096138394543	33.998823083194495	62.85618839515902	
49.682722414761805	34.9478972336232	33.703959309395486	62.229368856951	
50.5304484279622	34.96010966054681	33.506441794382006	61.71305829358956	
51.690401183483225	35.809694630123985	34.24978951988259	60.78359745172148	
52.069686644972236	36.72123726946063	34.18018928458314	60.04021162300416	
53.52718512023861	36.8153675792018	34.337949764689576	59.70535951399974	
54.28400857469278	36.72644200172386	34.25871938406717	59.138291221959804	
55.64291010110685	36.607122843946286	34.17763251452196	59.128306349087445	
56.872824724150824	36.90395323827967	34.340757313233574	59.020169475926565	
57.332941437167285	37.49523613592937	33.748093144391454	59.40277000815826	
58.589051302727306	37.96083987722568	33.56176894826238	59.44053279655346	
59.272000533225075	37.65224508539319	32.977067395810195	59.609263982344764	
59.53967216663018	38.12537305378224	32.60856222602078	59.756469162561274	
59.89651510241476	38.44357922804517	32.11574941471763	59.88217142212896	
60.394886753551816	38.64612637352157	31.953255529274795	59.7866130819643	
60.981740990897066	38.048628468741974	32.50315622622208	60.29071679151136	
61.637470184327114	37.99641590415933	33.069686954538206	59.847496853411926	
63.083183969535014	37.99462524212657	33.6484064486968	59.49219695378983	
63.53604356404574	37.23509147566929	33.62340025560555	59.990944882688815	
64.41760298066404	37.53873166239582	33.90224545629453	60.50127531789389	
65.184704981058	37.84199837484779	33.8947420068732	61.07183550739696	
66.37837271543302	37.49182300383654	34.32741080496257	61.55368024530863	
67.26889334221272	36.97428740025864	34.618069832923275	62.26738281009765	
67.75504239759405	37.02548068418776	35.147959156695755	62.70733636528559	
69.36358462082622	36.62305607591479	35.22190329309214	63.41053088427538	
69.77080291096028	35.95475331381933	35.36749261119378	64.06310129936685	
70.27237488914724	36.24429936255399	35.369758223649804	64.67361414549947	
69.9247281920014	35.47731880387763	35.2057012581989	64.72844206275519	
70.73721347281247	36.283103599454876	35.61171756922372	64.33712357527236	
71.03006290860255	37.0859994569727	35.28879173684374	63.85711616368974	
71.87280862595816	37.456862548029854	35.13838139382949	63.16608383361525	
73.15320256474834	37.34106075287945	35.34376277603339	62.9559061954159	
73.08856727864116	37.99901966576059	35.37440366100839	62.671234494214566	
73.68744956910578	38.05918528644339	35.609075186099865	62.42358999679591	
75.35150315065239	37.535926351186156	35.88411681108434	62.63312820485089	
75.40296542666023	37.06846930390004	36.01309478850073	63.422514019644005	
76.7555653666805	36.60814281680209	36.12419383446848	64.04932598155307	
78.11496916350121	34.65417154730824	36.18209151038754	64.97027971567218	
79.65336306346948	35.37909882800036	36.585350367165255	64.81046528887634	
79.96051634346651	35.738889974818136	37.112799699181245	64.83052726033505	
80.01182329455762	35.363504469383464	37.26104810247793	65.1733857937985	
80.86093799615529	34.13111098460625	38.227094084202974	65.35501528139946	
83.02544437320401	33.34355584410848	38.00329642202303	66.38736134584313	
83.77053768958189	32.76219937743175	37.644907347575064	67.69663552714391	
85.07925346770341	30.926977425034437	37.821870246697905	68.7631703386651	
87.25618626948469	30.623913380110178	37.71968492407102	69.93463754695449	
88.09476884062296	28.991598736119002	37.09239647556121	71.16892929593908	
89.49843371127554	27.920048598721245	36.727873264800905	71.54341953991837	
89.72013925392038	28.247140346498373	36.653520395689476	71.67623285180636	
92.42587154979647	27.32702147134893	36.466170413850115	71.63378306899347	
93.97513640231348	27.311142930468463	36.21249587997168	71.52183632486154	
94.73397732717123	27.613845500006825	36.59791892077636	71.39217539405482	
96.59099694478171	27.058712125498786	36.919846527156174	71.25431590994098	
97.03642769902733	26.960169009446865	37.05845856214756	71.85680992798616	
98.23413567369812	26.477194021013954	37.32763739437975	71.99776497220202	
99.05831482306989	26.342739860748015	37.75837362878098	72.26441465589522	
100.27043900522479	25.961350528515787	38.451079795112896	72.61485101622756	
100.10946472858116	26.14679990503398	38.869723454158084	73.01143761203494	
101.31157425305749	27.036178416078357	38.5760468083369	72.85535540815513	
102.79727119788286	26.650611423260873	38.25657848114611	72.83591612497679	
104.83788216731514	24.389670006790833	38.05944876309096	74.00286231367838	
107.11051339808952	25.739825462413723	37.919417186667175	73.4743203319998	
107.24915612747519	26.533874860671347	38.51652573972981	72.4847782501028	
108.30643980148035	25.4108991120036	38.28929127895744	72.68751820480495	
108.97816390728585	23.70500370552781	38.219352300106195	73.51060352684394	
109.62901318027943	22.814842610136083	37.9164957456299	73.96635932354486	
111.33620472987464	22.471379269560348	37.660582165508465	74.43879406428371	
111.76293930973489	21.188463817075526	37.640330487556334	74.73951752389247	
112.46377598861444	19.972457813434055	37.93345616363776	75.28549096561474	
114.06180265348881	19.97395158985485	38.29350666321249	75.55712426969642	
114.6954057481572	19.077629018434816	38.505032168483375	76.1201000285843	
115.38270854850906	18.676526961601834	38.36607677824074	76.19827409409103	
114.93710733363187	18.68102023376613	38.43515322641248	76.08685508103986	
115.95899907690061	18.17677073873845	38.48038433402712	76.09395083774162	
114.74602385772143	18.784140618152186	38.940366476946394	76.29693561860064	
113.64561877109223	18.373394218759213	39.50202312545959	76.43767326415374	
113.57835753340852	18.559273534267547	39.70551761579533	76.30881064534479	
113.65349395543261	18.66631213554057	39.723357475106596	76.47344422916281	
113.51322540231028	18.450630298301284	39.63377100367613	76.68673278071913	
114.83526140942331	18.52783043506832	39.59993920178554	76.69913478278697	
113.44616543150978	17.76101869894305	39.26720636399108	77.12158307621439	
113.65141734113026	18.21276313723594	39.733508619885605	76.98652324021538	
113.7912156333546	17.148343805307007	39.682804674018726	76.74370981756134	
115.05216493516618	16.91412103486104	40.1197705056384	76.86928459577052	
114.84815531266085	17.428335734139452	40.63799738998354	76.89077603653556	
115.97940811481232	16.826591282014608	41.16658313918173	76.66373840905312	
117.52013545023755	16.639845261975637	41.95035331421749	76.75608365727427	
117.38860626608852	15.582614622907638	42.3990111145638	76.95522652817833	
119.40737152427774	16.48159651266005	42.668995472528685	76.5383713965348	
122.35570965059131	15.046072327842335	43.446099055387336	76.62523829478091	
123.15607223804842	15.405627814000814	44.3074372209425	77.1636179111013	
124.32506184014005	15.400774554098163	44.711407140275846	77.2164834687627	
125.31423068618783	14.568252486159992	45.335263480237316	76.91458468363228	
127.90174668711201	14.30915736244313	44.98902072098695	77.25944266873023	
127.97936343154689	13.844968741219024	45.17522488649542	77.37650109721173	
130.12558744648464	13.868076401865844	44.504529545347765	78.16569516593155	
131.09588487057877	13.444702561129153	44.01009927800977	78.6325658485268	
131.27772527457435	13.625156572823519	43.614035272087385	78.66471162126972	
131.9821499651204	13.742207940399632	43.499708974185104	78.21540489957425	
132.68897569900543	14.245668451965475	43.29115362671813	78.08971367786305	
133.1789363009873	13.547947907405756	43.2649970408151	78.44212685914293	
134.5916979600916	13.775495213174466	42.81085520228628	78.55833459502354	
135.8353427278198	13.644508628899292	42.619908704756405	78.61551615267858	
137.50373250421876	14.164679334756531	42.80961032592615	78.1016260047763	
139.00705137612132	14.26527409289276	42.608698794012916	78.30295206146837	
138.94793993509063	14.772436245433878	41.95316221513575	78.56670773582667	
140.78727608680632	15.692031664556287	41.33647406946938	78.91593797882804	
141.89363476168933	16.138971913582754	40.62001964472918	79.02612192452239	
141.80437289783643	15.128602007290045	40.0767317943713	79.54428469465067	
141.59148750062883	15.418790228189046	39.54815201013707	80.34200419503803	
142.1043172644326	15.453775809372637	39.622929300800784	80.93054097234621	
142.6744953666544	17.134219766444367	39.61151778829653	81.00870948360392	
143.5646648873924	18.244035102688223	39.673766821583655	80.94849976855454	
143.69874377095965	17.864491920477672	40.041684504929954	81.0724985260679	
145.66348319299047	19.006339451798794	40.31656916893605	81.07564813201373	
146.57318449823515	19.74334528490125	40.87447852432829	80.32477512746496	
147.11707234259103	20.68047898581334	41.35594318779759	79.77347140333623	
146.85515881672367	18.42119614343543	41.4880914654091	80.07707786523005	
146.68097121864932	17.269891172301733	41.317881905584365	80.36226967495679	
147.0576162848202	15.905656273623288	41.51353965934235	80.75459237910461	
147.01718449402946	13.902583511666409	42.29758434233439	81.02267292001302	
146.418176037625	12.823382624505037	42.91561288511099	81.30606744943816	
146.64803412119517	12.7787546830697	43.5335957116714	82.06870590540268	
146.7418563153024	12.348369786615498	44.01421485214946	82.6030178173937	
146.22618677345642	12.340221854704398	43.43064877814366	82.83227572876947	
148.1464933519564	15.65589641307636	43.76539492690621	82.46101114402447	
146.47340257204743	15.068499941523925	43.89054901012788	81.81659093760032	
145.6019778754105	13.124395423182133	43.70792295061485	82.0520547028128	
147.70431004038645	14.514230454250583	44.09772243903395	82.06721726610877	
147.64408097960208	14.090636347473419	44.559640073493775	81.87657780437146	
146.45235114734362	13.141150727226051	44.17989407754326	83.05733734038192	
144.7603818468031	10.707963095980968	45.14063778498488	84.40591330136448	
144.52831080799388	10.116702792318245	44.288963904664044	85.08770737544029	
143.73234476493636	8.402906241701844	43.48608397326242	85.48915410996898	
144.28104436299552	8.122858305030409	44.56055985172553	86.65793929824908	
144.1896497095996	8.419665955906925	44.125316042639476	87.2203289386336	
144.47598720651416	8.736150551414836	43.94888912055182	87.54190206180985	
145.82224542118868	10.686725133992358	44.33750139405345	87.40066863728339	
145.79488249690388	11.074826967517488	44.70663389383954	87.36763006844195	
146.2831291743439	13.123425999469726	45.20446434397967	86.83256668625455	
146.5954976452522	12.23246497106924	45.99860081691998	86.74273130439005	
145.61810975476513	10.012640473984698	46.930724467747666	86.31860705750697	
145.58823705119164	9.21886671410255	47.10809285254179	87.15728320889951	
145.63574351921207	8.657167483998407	47.4126169132101	87.51146960324034	
145.6106858077577	8.94807984154518	47.79195594633174	87.63658164564589	
144.98426412034885	9.052644048688757	48.01220987458481	87.36531525720335	
145.19206857240212	8.751465502278792	47.652100743266494	87.7197131447859	
145.40702648610147	8.730094235594564	47.4140753181959	87.79694553313306	
145.3987503134253	9.338097157826521	47.28235761425215	87.74895543905618	
146.82813379194712	9.694828306379133	48.029889121041414	86.98666683842136	
146.57587891114275	9.952065669308283	48.27990705180722	86.90942960491401	
145.84820706589437	11.350350096339177	48.84181313269941	87.02467310477697	
146.87390912387124	12.968823850269366	49.44838638467507	86.59849453919759	
146.65748397383322	11.185249147695458	49.96035717797126	86.96523048105625	
147.82422962248938	13.128875572045448	49.90696999597771	86.88090848725966	
147.6678485916636	12.97475762519702	49.844071510639075	86.89117287060684	
147.41761042693605	12.882830832251724	49.686897188431644	87.09533554368727	
147.05576093243954	12.435536746811717	49.75335135852286	87.31557441226504	
146.9128484138785	11.237017847229232	49.43150532476652	87.8546201504945	
147.2524727853162	11.79041122993268	49.08317477146089	88.05747421993091	
147.47616239039786	12.198671127800484	49.388614889229736	87.90608437740981	
147.27803291646757	12.761835779332886	49.335204236825234	88.09718530273308	
146.1332805430247	11.726355849459013	49.77258546315294	88.37815549288615	
145.82214824121255	12.161949016692816	49.00028460653896	88.27912192987262	
145.76515854752986	11.482903783255692	47.927865834754854	88.71126952378796	
145.33882872830006	11.258950097504757	46.92517690339739	88.98817620254576	
147.24373942480003	13.460292218404359	46.69974728866632	88.89690769507351	
145.78399203907185	12.833069616297223	46.30114688066571	89.17131186543529	
145.09175696614912	12.33383981067877	44.740069791383576	89.53382635828984	
145.32626104766345	12.534154241132374	43.67606184843051	89.94926485565959	
146.23375839594303	14.816103042256119	43.1258496121458	89.67306228278342	
145.5192321877006	14.407219715134202	41.750804745187104	88.83586834045676	
145.63294528300227	15.494590972576386	41.13285912440454	88.77965642587596	
145.12239799394087	15.481491998772915	41.14261095295764	89.78718229146978	
146.1168541082402	16.322069378695584	40.271912447749195	88.94302777656563	
146.32504449669008	17.584219690002797	38.53472127221018	86.5893561518083	
146.81944887974385	26.52847861638115	38.1408313155737	84.22015872884946	
147.44778870501383	28.64161465025992	37.81101395690233	81.99635468988069	
147.80624461038713	32.16182062766242	37.330651435192614	79.26065842556028	
148.52439020637308	35.28123345160096	36.90962341667863	76.98123072243342	
148.76960304196746	38.44826547881423	36.24481974994699	74.21688116053113	
149.63097866092554	41.27579742535667	35.39107790844728	71.75297146259553	
149.0166319140643	40.88923614673325	34.874357528252595	70.21140516155704	
149.15668598360952	42.534640041463796	34.352150553722396	68.70571968954377	
148.99501897959385	43.51692483149483	34.09621905472846	67.73599932788935	
148.5148400188089	44.255427844648196	33.64465876576363	66.75253058627094	
149.7549289905266	45.267752482622434	33.71519785115459	65.88186571518774	
148.88973028422296	45.08941485269398	33.38089430103219	65.40326731211438	
149.50083888016064	46.19441264075326	33.34426646669453	64.97854079460399	
149.88269443254845	44.82399697221084	33.338058722750944	64.42462113039016	
149.63878068521322	43.46385045432722	33.240019381978044	65.3711671023879	
150.0172104177988	43.49499008324829	33.83371634262446	65.54355911454023	
149.6036012780284	41.92878648594405	33.97803739516404	66.16045924776301	
149.6876911223174	39.4667579573804	34.26488616963044	67.01477170000886	
149.1724349477172	39.609481281380944	34.104112631481414	67.97753198214083	
148.48182366743856	38.47826646726462	34.309346752570164	68.84174581259914	
148.39810673767934	37.62428589054256	34.33798919398304	69.9537205593051	
147.8903898995856	37.38590187616591	34.059049727139126	71.26741198438764	
147.39529286637796	35.4561368176507	34.04441705409152	72.70713813495742	
146.91822990348933	34.275892759793024	33.88842426612377	73.77395275881256	
145.673439727277	33.813999030143705	34.159396582327226	74.52705862384988	
144.6877560812231	32.184350874363915	34.203319304711414	74.88087699885638	
143.13407840821566	31.186598520181896	34.53080748003439	75.57003758447065	
142.69432512229184	29.448675492988304	34.76176288724014	76.13102493414789	
141.77045966566004	31.676327459430833	35.01721345312925	76.39594639870624	
141.09548806764212	30.5266490164485	35.25650017025114	76.83322487555819	
140.5304472134554	31.18332109873024	35.25636733109741	77.42427830984796	
140.48839777305466	30.121205821786994	35.20842144990791	77.68254413072708	
140.25103621176234	29.373642350099928	35.33948876380445	77.31094171597823	
139.52510601248497	26.14924142027886	35.96844001422774	76.22979558488957	
137.7504045689155	26.062167082921356	36.79669248165985	75.2793823970433	
137.93469197784287	24.755716159059222	37.42853155244752	75.31277150399599	
138.22844826339877	21.84510726313031	37.657071904151984	75.30424361613255	
137.17394720558542	11.50201790424496	37.92906428268947	74.88858215679926	
139.50203931731272	12.555875504129556	37.41465694396473	75.00496039340823	
141.03017156196967	9.816060687211923	37.50988182499978	74.49008487385021	
139.6055832980233	10.383889688719634	37.022204358005645	74.29633585757631	
138.60828529993253	11.042336877834126	36.82460230454305	73.83861738299369	
139.22918386625287	10.607285122078517	36.81166479894132	73.08578634258836	
138.1467618233654	9.88983202213295	36.80804836818078	72.18713950331485	
138.90168802867754	9.824800702232352	36.84532541424273	71.44479561188675	
137.19480173132993	14.981679510574185	36.702168494254124	71.6250702641342	
139.35931745137768	12.180204491491924	36.28849521899817	72.20504385173199	
138.9139920083465	12.533883817767638	35.976758286458974	72.05408384328616	
139.7584213358023	12.110603705097976	35.76403722801108	72.47234000403022	
140.01561201134626	11.091999447821673	35.70398007770307	72.62698789565	
139.3901389617434	9.93763391240856	35.94283355274224	72.22394906979626	
137.0682859570235	13.86172692977613	35.705738504133116	72.64240689272067	
138.34150618260114	12.039994044106395	35.862976444442616	73.0378513771081	
138.885393437355	9.495493518092776	36.1378413587939	72.52025764204912	
138.62743314053486	12.03455061407266	36.02313826787205	72.69111309800347	
139.4889804923726	10.491243064421404	35.99671998793671	72.26673783515997	
137.33991610163605	13.477191063652857	36.076390538927164	72.33295344648407	
139.8688532439491	10.480931009203443	36.33941287770643	73.06228898915542	
139.30592227090742	9.875060271083635	36.3483560527231	72.91298153713484	
137.59995072449658	12.428965684136472	36.48973517896237	73.13251309299453	
137.3780770570618	11.968265252604555	36.59649686890056	73.24279703756166	
135.36190876694724	14.422789026191529	36.50143300603632	74.21938599817013	
138.67911788565058	12.346751007841394	36.24998784573247	76.57376998277984	
139.79948459886475	10.380617228846818	36.727135076369656	78.47854098622352	
140.91097047571282	9.64291218795916	36.93234708843658	80.34638228777239	
141.4764458638029	9.848080390204188	37.136556115619776	81.57429028950716	
142.4525751169255	9.022609713512493	37.700885310258556	82.35132406651415	
137.31347394676618	11.17661944600231	37.56854051127804	83.39410922654119	
139.1209050658906	8.852391904802738	38.32598093714818	84.36091240532421	
139.5093327825364	7.2165588110317715	38.68093763894657	84.0528903178647	
140.48477541248315	7.7358821097163855	38.75603684418772	84.08374674316924	
140.90075354249038	8.226312831422273	38.98877934075449	84.21472787717117	
142.31493241905335	8.100189883895995	39.62988473872274	83.31165503118675	
140.3793458566742	7.169999861950575	39.99018560179273	83.08223591736962	
142.17064198951581	7.5909345559971095	40.34204427811263	82.6143981165299	
140.78450251040476	8.378976127167043	40.76690492957774	82.68266362152376	
138.72866222124088	9.645215420774676	40.65070119869464	83.20535300104255	
139.71754549304134	8.514225935356306	40.5509730619757	83.23785033026716	
139.5826893208925	8.5910911587667	40.89764057633087	82.46748582435286	
140.2371633699817	8.618104475452583	40.7134794012618	82.61511442176509	
140.93141315665264	8.723541882279768	40.47653923513007	82.76816565353953	
141.1750013939343	7.486350710802142	40.53595260188928	82.6883428940264	
141.4869688386594	9.559997473024337	40.24017907505423	82.71190595368138	
140.04039760703583	8.55869209089082	40.49376520206416	82.48588920575509	
140.9923687268471	7.756224078817774	40.65709753565243	82.52184434210903	
139.4435419885305	8.125679869050398	40.836775063491416	82.56759533971484	
137.04400458077004	8.930066485939234	40.88332698458049	83.2902614418562	
137.72362841770703	8.565799551603979	40.95570835894646	83.45039837094355	
139.1750764784929	8.09068859397194	40.62814484552111	83.85950092778064	
139.69886903548925	8.018216146750197	40.39016569054668	84.04557330825003	
140.01015004007385	8.011694023434185	40.01937822492819	84.1770854001874	
141.5448307695944	7.193639780540949	40.24072993948506	83.75659907313985	
139.30737431793514	8.478382324810054	40.110628318680966	83.23004162630727	
139.86950603581093	7.846573517312733	39.532813995580256	83.62760003617609	
141.0426086186349	6.874227119466637	39.765162478514796	83.41657897274165	
141.37821636322977	7.451657115998314	40.01849348868513	82.88520913776219	
142.84401599815666	7.815691255580557	39.89502879133813	82.48731993966828	
142.1665183445413	7.468877564811301	39.48799779437269	82.74301088232542	
142.65540538200557	9.759887755951427	39.35515499328775	82.43473862461518	
138.34359696642014	8.060206461032623	40.09549668109598	82.1329065130538	
135.9961126622552	9.643366071949535	39.69121334494241	82.45677923796345	
135.57531558818198	8.681677817372076	39.39179682689607	81.9891420158348	
133.8504252801372	9.96319953721523	39.2607067217594	81.88179070919384	
135.04438060484785	10.489874003401095	39.08340613940046	81.95449996566497	
135.2544558964124	11.935712376130049	38.2876378104867	82.00458191747288	
133.64579756624354	13.046548962902262	38.221794542542824	81.5557249752162	
133.67959988858775	11.441232446771451	38.55225870849801	80.61588310613595	
134.1877366085952	12.071576650856349	38.83218970231159	79.99545687775887	
133.11859362216273	13.420203299171435	39.496360049204355	79.22875673536198	
133.6461497632251	15.042169199319202	39.53828704158205	79.07290888825794	
130.27051552305383	15.762155395442706	39.42591498430199	78.94782562051374	
134.7509223309007	15.06696667319495	39.103217839089126	78.92315565384973	
128.5790736142484	16.611929478980635	38.78787049974388	78.91044089648676	
128.3225362192043	17.98372223537034	38.35370332120297	79.13274299022079	
122.88619727532185	24.658874400464132	38.05058497974862	80.49074461690704	
121.76573538388489	22.397608299247395	37.641546997685246	82.08976422577913	
120.95474457961222	23.276143234195107	37.323500096985214	83.40819599526027	
119.67080809803015	23.52936548702942	37.114340581647774	85.07000905432878	
120.20369414083234	22.16565683736994	37.373606137783554	85.95853336639735	
118.71141725776529	21.783981677923034	37.27485772817825	87.45433232454836	
119.01112818987707	19.429173106839666	37.342762576611065	88.73274179797706	
118.88217777479574	20.38865470894713	37.70538348935576	88.584385928334	
118.75310538121474	21.12152614154495	37.870738513425835	88.59283517156939	
116.739955240147	22.58059880391305	37.04908336708148	88.19980325810585	
115.98241184741724	22.440608961033533	36.78415194284199	87.98292803851011	
115.32099336365945	22.916214123523776	36.47959612439261	86.8568503036779	
115.08765553162223	22.34638768531934	36.31083564082003	86.06958798051534	
114.88546603539062	25.04015372587391	36.255168797478184	84.91155381063702	
114.42315234626442	25.0324771680032	35.928059923966394	83.8717890798679	
113.72999733840909	27.95294836632415	35.488113206856035	82.68958417699758	
114.16588912938703	29.911375947733575	35.06467016775543	81.47080783127697	
112.21464059154253	30.596702586388897	35.082108470723384	80.32891528800465	
112.05032839278505	32.93904300600788	34.87645367971186	78.5265907426023	
111.89871393307753	35.744170017854664	34.89405680117926	77.00542544340534	
109.96193578945284	38.040568228613644	34.50983851270793	74.84151311797237	
109.35130541193863	41.06136196081096	34.00619758752883	72.52090446676533	
108.08277311174203	42.7935022605009	33.65570258513405	70.05169996680897	
107.24875025483658	43.97106066541176	32.95367860902004	68.09968599721824	
107.21101273169938	45.17064815805124	32.37824918457495	65.88080392768065	
106.58906126272947	46.14405936450884	31.361700597543667	64.75873716182574	
106.36611462986372	47.85809232357532	30.898513395239245	63.18477901018217	
106.28160384407269	48.74105980087778	30.80959698385542	62.26670470296198	
106.12264430448332	49.924354991266675	30.618996962889547	61.728492716015275	
105.84023899389409	50.58893604129288	30.6389417908006	61.61772381334148	
105.77759819269055	51.027406796013096	30.57417521138943	61.7002319699415	
104.9123013516872	50.67569780413338	30.315298508669088	61.887675560424526	
104.04359669416273	50.97932803508477	30.43320350987391	61.99598373854412	
104.83311414162631	50.86585189743266	30.517736636884635	61.505899114902526	
104.21183402010375	51.02404408947185	30.684952547781293	61.243703217913534	
104.12241993764006	50.44964410392585	30.58743337344135	61.69360169833712	
104.97638288099378	51.59592514027419	30.586400702004152	61.78560629964501	
104.01229074124633	51.26060790585552	30.603660457973074	61.95136637693026	
104.78910331218648	51.19456849609292	30.72064821689249	62.25039926700503	
103.1742694052083	50.525203120259135	30.625018853153577	62.379305746600835	
103.30028143547992	51.215925385870364	30.685406956552	62.08659828886682	
103.72874104020543	51.24332911936251	30.582036893257637	62.124132359707154	
102.44578542589686	51.16341820694384	30.442875212919045	62.41122330449351	
101.6719770436753	51.17669690172924	30.183367017841626	62.21686959067564	
101.97964383857169	52.09172441754443	30.07271632894869	62.22058631661929	
100.18688842252656	52.0480878428531	29.58958621476992	62.57846133937826	
101.68241592698094	53.14117136606819	29.649960385517307	62.3945013346796	
100.68846929255773	52.441080681300306	29.365124266666584	62.27257617668856	
100.59863502904247	52.01527623806893	29.151619478278533	62.067870240601685	
99.10999016735843	53.06296516021999	28.552883953321043	61.69551432601865	
99.84704513785915	53.07937961612338	28.549041421396716	61.147258872817154	
99.09983420555034	53.091095304253386	28.524967623700043	60.86856668694939	
99.60905720580003	52.34158597954439	28.67843571524202	60.616933184320885	
98.35991252686702	52.88918728192568	28.935478630961047	60.10796505501171	
98.84023779326874	53.862366599757166	29.163798983651873	59.927172982673255	
98.68204006306021	52.54359268746566	29.386776564292205	59.375847715628495	
97.56895830399905	53.417254214114074	29.38039670731855	59.35175174639842	
98.55279878485098	54.03471516244697	29.353057275187663	59.06192375431101	
99.22604824601218	54.07996391655497	29.13597836500058	59.38195309262492	
98.31573283539669	53.52273667230199	29.192167475957234	59.304012090004164	
98.27699094831314	55.609007952087644	29.52655518216834	59.15200454087275	
98.52990858957412	54.054199440844194	29.79402366909232	59.21051847929011	
98.70330417157751	54.776555284485994	30.013174634959494	59.16708882928194	
97.03617001674921	55.793817658190996	30.037834122138392	60.018075094127354	
95.83021784464582	54.93497142361203	30.833796957247742	60.021085449909805	
92.2130775793144	54.09442155142668	31.560476360645964	60.26461349142679	
92.55873024182209	53.6155808875411	32.142491019074264	60.713464440630595	
91.4063627519103	53.54793224034958	32.53088283070218	61.393496538916246	
91.24496849974902	51.58122264289272	32.63438003431778	62.09377942446866	
90.9265021992641	52.11934213543079	32.5634376051693	63.283969215167616	
90.14446129222162	50.1136971217103	31.88811975093531	64.24925135431315	
89.33595568967198	49.469365721844426	31.890216924757155	65.32349468324192	
88.60801810216132	50.186445621774496	32.02381623857074	66.16978196305422	
88.01177020965886	49.82317001194533	31.726048425080805	67.10644881977935	
86.61566260099752	49.30329261815069	31.639154670477122	67.91923971572494	
86.05785046966061	49.093357131977854	31.431298805845337	68.09098211028649	
85.28160076871723	48.06221623462366	31.215365845787925	68.05668891171807	
84.46486744699072	46.91096390003236	31.25352889423063	67.604871025935	
83.43514596031551	46.41018334843403	31.264512575797745	67.06271050742725	
81.24914291202836	46.945134960349286	31.49813708667648	66.71686679938772	
80.26533019467784	43.970549081739044	32.36286278491648	66.85452438302748	
78.72880059429349	42.407162646072614	32.67586699021469	67.72760900237863	
77.57108535263428	42.09658420427414	32.70574091171055	68.17864558559738	
76.63446711558203	39.96200933624938	32.38321400885156	69.25819651370443	
75.99752060778448	38.61773407328819	32.354746520063244	69.84912606728018	
74.7317991682945	38.11977379186547	32.296923699701836	69.68711031236766	
74.40548560242661	38.37363416604891	32.430199328436146	70.04796369926233	
72.69601024771384	40.008432460966276	32.987485785635215	69.65483423773169	
72.55780697148026	39.72369088355216	33.36527569840098	69.27881172804949	
69.40040958717276	43.2614218785586	33.75208940323391	69.21128758296423	
68.82290930404241	40.0708647883849	33.530966015055114	68.93949887190982	
66.7246400405975	42.0545027351749	33.37497042985946	68.6306373240646	
68.59609292681382	41.6174862007631	33.26720100534148	68.30889934962657	
67.3744306959772	44.52113916685169	33.44184065149364	67.7960850059378	
67.85562576080366	42.78798679865902	33.481813873433076	67.22842688214642	
68.6910085163269	43.2751377576229	33.399259177946085	67.35636750685501	
68.29296548701133	41.70089846188763	33.27024917024628	67.70475129766422	
69.42715429975915	41.24663432853092	33.08643028653253	67.73788987747537	
68.88718119088247	42.370936404952516	33.272257304167866	67.74133924918306	
69.34465071057825	40.52686901947766	33.36923772656853	67.74515091911249	
68.59857541199904	38.775586716655184	33.2549677244541	67.79208249045186	
69.49909242995673	38.36292113936771	33.20237801138992	68.67717659858143	
69.99441663911999	37.18632133246583	33.08428170661867	69.31546859582785	
70.13139800705639	36.03888471549152	32.98900050877718	69.49673202711396	
68.2216520148954	35.533987676132305	33.47638790073989	69.68134699746118	
68.82614772113457	36.9255914708089	34.1399504187648	69.34740252827936	
67.29195920014465	36.94133227881682	34.0584472721708	68.9462893575565	
67.61805994187623	35.42304586918266	34.306674109506666	68.81888465550402	
68.16935784985658	36.279493199416756	34.32750310134697	67.86173246756309	
67.25226351264311	36.048317763476796	34.43142806364559	66.73136372625234	
67.38541153703775	39.19488822525286	34.42617395099195	66.17039937382602	
65.612468137518	36.56500604860852	34.23690825148528	66.49132093778347	
65.26311817489331	39.51394171335657	34.59116779394698	65.35970456573806	
63.44383503507309	39.02120542958246	34.58467774824297	64.97436123936407	
61.919656323625055	40.36751610451247	34.18439920370157	64.37379981118436	
60.5423925476058	40.38213026404621	34.31285869462204	64.40468362787713	
59.00157651231481	39.70834299787247	34.0624622113237	65.16549300545158	
58.1996189629015	38.50681781219588	33.40156466468836	65.43712043125872	
57.607393903958965	39.26456796716767	33.3579428496037	64.98150541949683	
56.25983994203926	39.011184304933884	33.28099806001317	64.8900996863113	
54.881449769180605	40.32360196604144	33.450869241994376	64.57224476116357	
53.17505011568731	41.400386751416285	33.389194037968444	63.425672109148536	
51.53978085326087	41.86173516814613	32.90269424165032	62.699495401693135	
50.18032615823509	41.29028882321504	32.309423610135724	63.209334204015924	
48.96632108330522	40.994132114493084	32.01215139919914	63.65695610925151	
47.84739935530961	40.753577963990494	31.651042968937606	63.58356473406124	
47.54168254739365	41.09313978714944	30.927735788116088	63.20014082372232	
46.91560652908925	41.834256312817935	30.778974936530748	63.67290068275723	
47.1149006022406	41.264568150063354	30.891310178352605	63.54407224864783	
45.524857871191635	42.89282485238464	31.085746724449994	63.334215245965716	
45.1242110294531	42.060892933919604	31.14027563143438	62.98353602220219	
45.14868066326109	44.338713837806196	30.95356024458962	62.85755794886836	
44.40205920929522	43.485063945801926	30.83382047884489	62.79793700710336	
43.77153513171995	43.959922545912896	30.45208961409222	61.931559084824585	
43.695768359101635	43.80254631696775	30.435057978244345	61.58828667493087	
