204.0	73.0	34.0	42.0	
200.33837756475918	76.69409117804811	35.08334145644757	39.4204324236305	
199.9772121449579	77.44175761352157	35.52748324231236	37.942464124895956	
198.85023299879737	78.4195864079518	35.8802721562203	37.02413918827854	
199.06142012834889	78.17014249146023	36.063937921527874	36.282347755035424	
198.87699077315943	78.60123123846832	36.129508675902024	35.9979637839307	
198.81536521819578	78.81208552738421	36.0595373948644	36.269179780839735	
198.64238202787604	82.43096801575427	36.62925924886125	35.95746002256787	
199.30059477995593	87.45691317952507	37.23574159592559	35.482840734739064	
199.5356023944786	92.27355005538185	37.4571497939759	35.33893560449064	
199.69174580105005	95.84691179040804	37.13006510440071	35.36868392134346	
200.54041022524675	93.88471144976842	36.51423230781849	35.87424203797926	
202.6370850939871	88.53179578727078	36.00681340694397	36.6133845190502	
204.98649054070518	81.71741869461837	35.36684090712344	37.52307561329757	
206.6742987672484	73.01339743634078	34.77023988258702	38.464116899019075	
208.1061463260464	66.21414501789553	34.32490508873825	38.42975723176157	
208.79056584252996	63.457985659551575	34.31508322437401	37.636817638104645	
210.7948796441502	64.62698391714206	34.60731427330949	36.21407256842855	
211.48501795377717	68.6835996108354	35.347053214867664	34.844525380251845	
213.82081029097841	74.29584089242684	35.47535254570952	33.96599773646964	
215.29181184238726	81.16391802416959	36.06775682844994	33.43829177180617	
217.62925021604119	87.33135253737889	36.33929706975553	33.1084182546259	
220.85392941873778	90.0393255005034	36.15064499098682	32.78675837275606	
224.76512957732473	87.88248860291179	36.06821942599978	33.4082180685355	
228.18759382300584	81.896934594007	36.191582548779785	33.61687313269545	
232.06530582693597	75.89388658946896	36.33098824466124	33.97159742899475	
235.89166697777532	69.45849761093777	36.72048265001545	34.24484471664138	
238.16456331641768	67.40446620132656	36.84861262868446	34.38469150426494	
240.5351849575864	69.13481723102026	37.58041523437327	33.398779408314375	
242.23217563519214	74.02810403777174	38.50536157570439	33.25956523304473	
243.68689723674345	79.4557963853839	38.69965788017076	33.83887436382784	
244.139794019981	85.96735031166176	38.65461956172459	34.0215010909591	
243.56595713259094	89.32806168873243	38.46834697485518	33.42347661332016	
241.9142711980935	87.55027948556811	38.11687241975067	34.162311697545086	
237.5141444160416	81.74302102339361	37.43338670985884	34.47885492451098	
232.15189257460992	75.22656056721846	36.855964569349595	34.66153510027256	
226.1541417271355	69.55674772590531	36.28679924681065	34.72141694204867	
220.47325717016977	67.84707949061846	35.400465857115826	35.38622481298585	
212.84533034141626	70.04228071024276	35.88165759914813	34.62277345311893	
206.09358217967736	73.19294672382613	36.56250641588704	33.63924391527321	
198.30797169083795	78.62459022055562	37.651450181595	32.29228327878025	
190.6392296844774	87.22223478919473	38.000449718480034	31.787167915717692	
184.19031161932986	90.88610681049457	38.214968193477	31.570701588848156	
175.9002785642641	94.15478902674326	38.60774614520478	31.650771105647536	
168.48962669020915	90.72613834684695	39.22183401966906	32.055729128644415	
162.33029743858657	85.77202896449982	40.009147709554576	32.92051999413434	
156.9438108825708	80.89340037508474	40.58963463394062	33.81975442730812	
154.14327471295093	79.5578999177545	40.687782344314236	34.8347247005145	
150.41753899533464	82.0076637473924	40.88034678036879	35.08778176205718	
147.51080716077576	85.90918635486138	40.52393614470332	35.46916207717835	
145.1738117031521	90.28137133549852	40.280260353409574	35.88474139337183	
144.426142678492	92.87059162573135	39.37926625305139	36.13911751569331	
144.55149558423975	92.52285223595503	39.84420331526531	36.52403330908608	
146.89497729842438	86.72511954633393	40.161051164167034	36.54929103902715	
150.02914894789427	80.22653573714932	40.40431984191127	36.20985216726695	
153.78348216291317	72.25929967437291	40.0952982164434	36.210086584312926	
158.47983303025785	67.06182023913556	39.42020686270973	36.7675056852437	
165.19131275853823	65.09496192886604	38.619287897009535	36.721945775940185	
171.06284913230715	65.9954882704085	38.15499600488093	36.203943716648155	
179.84375705405708	70.53055190473344	38.20649288351761	35.922919882732934	
187.3407076907693	77.68202117511888	38.88411212780155	35.764881391495194	
195.3094188434478	84.02411078489574	39.13398292456901	35.990079667115864	
200.892515969712	85.18120209014859	39.292407501752535	35.32033699689179	
207.18109550502524	82.68136599569549	39.298969100501004	36.1563397818022	
212.04309332108696	73.99594645020765	39.391406593868425	37.487028512833625	
217.58388762272506	66.28648518756775	39.49159739072568	37.72844421826057	
221.43864772997298	59.83433182012473	38.90119986120733	38.56027193193711	
225.41252468280567	57.76183391086874	38.79504041059993	38.066327699624786	
228.63357296507007	61.82609053557061	39.598299938785466	36.33798336102565	
231.60765781927896	67.13611862211646	40.22977121870971	35.8116004860935	
233.6129985425326	73.676203021351	40.42524107178241	35.83225748422273	
235.24410332395573	79.55018443434054	40.321739306780515	36.19809917943471	
235.8293068536779	81.84285388669755	39.666862443977415	35.93794046460749	
235.32363333695358	78.5087842258269	38.76875360063049	36.51188106558616	
232.88714487557317	70.64539521675815	37.80907907856604	37.08555240006853	
229.71014715724712	62.52087906966921	37.00497901742061	37.47040152260111	
224.88289859213666	57.8095283119706	36.188790247714834	37.712855672454324	
220.65245229844268	57.57056532690581	35.58251042036423	37.774368938250376	
214.52751279701977	59.87817258891168	36.3991004096453	36.65208203991947	
206.18876884844565	64.6241515210065	37.66034244370694	35.110070962380796	
198.97465811131224	71.97831655858579	39.2561279603085	33.4291727238116	
188.68929979668005	79.72849684973515	40.36111764799321	32.27242843665273	
179.7447393018926	83.8603241313718	40.66728662061721	32.656892931991464	
171.2696971692356	81.28777816580235	40.719964463341576	33.271055159092434	
163.87950401608413	76.08878103322938	40.75355673456672	33.86444844603433	
156.88593639446958	72.00776998741627	40.735196318099334	34.57953082946815	
150.81236637637173	70.8245165485592	40.93576299679527	35.19621091027302	
146.5677137857242	72.80393418556099	40.7558274847657	35.39683911709612	
140.75941764853275	76.33380120900566	41.510799356309626	34.9943625802757	
134.71936955465435	84.32607121246707	42.30147920024143	34.93551006189397	
129.39882679055674	92.85106445631975	42.99615755936073	35.2686242453998	
125.37200873733572	95.31696612125947	42.85022523791265	35.651462311355466	
125.61858865955324	93.4025579003364	42.7768653033988	36.560558787535996	
129.13814596606383	88.63641013775936	42.97025174611035	36.42472967827416	
132.55280131677026	78.55550619404725	42.72523991912207	36.1911393154798	
139.94278126868045	68.6544319277605	41.95367015097219	35.72494942699825	
148.9403340908667	61.48617119327641	40.955463263592236	35.736349479341214	
158.60977600793595	56.4335955544262	39.32308127596149	36.03176330042861	
169.40349972244232	57.87532608362707	39.818151143060184	35.767731936296954	
180.23982147473956	64.41298073799628	41.308838346075376	35.290955005979875	
191.24145953954792	70.92888141492303	41.856887904005795	35.40849524755274	
196.46125263209805	77.90601133372652	42.65802943079948	35.69591370873597	
199.41151479687818	80.94452084394042	42.772045531379334	35.42306208397951	
200.4023918297886	77.46176057744876	42.10264905537901	36.81089648766012	
200.48922392498707	67.88295253527845	41.378113922244395	38.044873740441076	
196.3872400613783	60.99224979437595	41.2298424743088	39.19606100873194	
191.80266065852018	57.6876804535036	40.78580842395856	39.669202079995536	
186.99408643610994	58.86320252252436	39.49881172064238	39.49364063207091	
181.31084660312726	63.08506796685955	38.895550499572515	38.87706065980178	
175.36622108298474	71.0537859298559	39.876280739207104	36.87031509883485	
168.04081778640293	81.76866558862825	41.05060001142154	35.674117139472365	
164.14014019650443	91.70989269120085	40.49140499953172	36.305264687676654	
160.27600973714377	93.11600395878874	40.4824889129332	36.27349215296362	
159.6286073096718	86.34923034743632	40.23243993845585	36.50620043890912	
162.78332729592393	78.31087445391682	39.659775912299956	37.06326950077245	
167.93157855943028	69.2314398576625	39.74090776712004	37.626707656618514	
173.9588829219511	64.58498647244272	39.86705705079422	37.63451016573528	
181.20970390472127	63.55979900699069	39.590910439177094	37.24581196372539	
188.17162999173547	66.28260584979641	39.94175142450877	36.83717444379837	
196.19014074679717	72.76335563140036	40.56365232669418	36.77018198150706	
201.95178601484375	82.86128417028746	40.80414395733556	37.09872372918345	
204.2753320232275	91.49794923712915	40.45735245123366	37.38556538079721	
204.71882845008108	96.52669171920274	40.252752176787524	36.75017389827499	
204.4434714039546	96.93500650093755	39.66818190149751	36.806230601876976	
203.3081141852194	91.46530732110902	38.96229742529994	37.898833231948025	
199.10400910307152	86.1319213693852	38.75833620021767	38.771254301972924	
192.64026823274423	77.85092546207431	38.327012957625925	39.24494859016348	
187.0104823371456	68.62823561932444	37.515108657065994	39.51082939709431	
180.0531897443168	63.78840238396875	37.17266904363725	38.60366717612278	
174.16665419523702	58.446143409588544	37.24969907192564	37.19172834800142	
168.65182812057435	59.154004819736926	37.41333802302833	36.27354307703618	
165.989561506485	61.49898272639188	36.84537875930931	35.699381576477315	
164.33582533028599	66.14229459068252	36.48320655696451	35.62572485575815	
163.7788005118578	72.47704035275919	36.19782534022567	35.97318046016495	
164.6238438980584	81.04239460056989	36.42161082084296	36.28408623661562	
166.664330369517	90.51811277661483	37.06920339822885	36.36228349507711	
169.1427430269581	102.01487421698889	37.412034064850666	36.821474983204546	
171.8553529260119	111.99263811791484	37.3792612715531	37.12849400046799	
176.67674075669757	114.33267067447787	37.12949390535106	37.093163832407555	
182.16599871753883	110.19063612802975	37.292970763478216	37.35019773151659	
187.7223440735357	103.79266670259146	37.21327619727321	37.83296423004137	
194.81760978265012	95.86393944048572	36.986658382791795	38.39326085925009	
202.30823940027855	87.13210940228385	37.52066512654372	38.10068603876442	
207.35789413576737	80.77476866148801	37.864442535760446	38.76827035989634	
212.47994677587178	77.84442778852265	38.919862005949845	38.67244540290073	
217.9848402018458	80.6533948140552	39.48109969010332	37.661070808671084	
221.1341984474	85.5497104946835	39.93075943206922	37.22068287329751	
223.37510782852533	89.01967258108331	39.8483943587016	36.316955424901664	
222.77512976457427	90.41284922230112	39.1652594542781	35.76646012562723	
218.66382140052218	86.90074007917252	38.66993191351652	37.15506888655422	
213.78702831679945	81.91625353407287	38.670760720424596	37.33306161375432	
206.6367697141881	74.4608334187982	38.56634422014445	37.26815151463764	
200.9579953982252	69.73243558257352	38.62752412810879	37.14721941251971	
191.21788333720258	70.02050797885083	38.975832821789595	36.02388152911452	
183.07157010037722	73.75902289197198	39.250558314127154	35.00320952198763	
174.88124359702127	79.27822095100265	39.20826722018612	34.49602313081519	
169.16244740205178	87.92235488763502	39.49100154171684	34.16270756227342	
165.27341536197983	94.8588564303663	39.46953434740595	35.14679082359829	
163.71903461081564	99.27790492588393	39.67793764288413	35.3213051497924	
168.4499184837883	97.51150206992736	39.532168577788696	35.727536562811544	
176.91924964964426	89.6346619656272	39.41376211898368	35.128098338837646	
186.18744021164235	76.41329576267383	39.294662789359464	35.007705364724885	
196.9673437082378	70.11339665383169	39.902963461313476	35.00889836721516	
208.56870833728047	65.21924557256348	39.351519009967554	35.392669152349065	
218.78571064530442	65.82989824038519	39.57569220334989	35.70211878294822	
229.48097712192967	67.7495614774032	40.065658716675706	35.71890042696204	
237.24661328257724	74.95828608516081	41.17999255983565	35.83916487442265	
243.5202682831977	83.38858846365065	42.02652636409988	36.34858919986674	
245.071158332581	90.52152579082981	42.364817446400615	36.96332288359352	
245.44824138448536	92.34832839999548	41.91234503944546	37.39636549270006	
244.44237755842653	88.8065555324525	41.152122972834256	38.57731518776269	
237.41332476485667	78.6908095007199	40.44559165132098	40.16079523541653	
230.2979404018938	69.07608672051236	39.22605675329822	41.32490919289342	
221.70232265479646	61.35356815639729	37.898884596174405	42.112486727914124	
210.56306345774138	62.052159501141496	39.6032805615144	39.72820660619019	
201.4944025899312	63.64959205902741	40.14542450798645	38.089121677218095	
191.31556469433883	68.68943293410895	41.40918463011345	36.48266600916333	
182.3759016132614	74.90977673787715	42.222062001781964	35.64440836499974	
181.16913658874745	82.50965030721069	40.71958382584327	36.95034646348721	
182.66940159821738	88.5503249471468	40.37557939058982	37.30116045133879	
188.8220430288121	87.93334068819054	40.591919440540096	37.43937279112699	
198.88905206429536	82.91376477063379	40.65282311735279	38.00204821103017	
208.55514404763284	76.15640286247194	40.67112737995467	37.91148969175887	
219.427995583933	69.18328461028234	40.51151843578186	38.1311981904669	
234.31736420377658	61.93173552568006	39.18177662002838	38.51141188901237	
247.2191835166995	63.49710071634124	39.40097831282346	38.08946219742597	
258.416797118919	70.10633762800465	40.07694895006492	37.86001771213922	
267.77807205864747	77.17706708837576	40.741976676642444	37.8638839470158	
274.7863004668809	85.85970474816307	40.406906135040906	38.163635639084085	
279.1618138564199	91.95934636178022	40.25857907031811	37.65892977331047	
279.4652544408609	93.45579713648772	39.53338575810529	37.14552148298511	
277.58599190555225	89.40025826224063	38.1590144074816	38.32778308122803	
271.9809499924267	83.51016353372037	37.42097257849681	38.94283818038686	
263.72432254716693	75.58191350542519	36.65201285963106	40.25448531380664	
254.65222398729938	68.00739208131945	36.00563290304407	40.80222535255791	
245.66255883829194	64.8145681989125	35.28215704913217	40.662150135076665	
234.6926094185751	65.35349240844538	35.03642599374271	39.941403749604014	
224.79050904390084	69.92547153194549	35.14967278418909	38.7147814385003	
216.38797363956218	76.40862404698916	36.03866673393771	37.81801101068269	
205.7479874114505	82.6766373038742	36.439599106386794	36.63816088398836	
196.57685042798113	89.1106070535643	37.09028876631044	35.30778423545088	
188.39961034131073	91.95424930756765	37.36594662198385	34.79499700754315	
180.60356470045838	91.30913285872562	36.78375934933744	35.105171448400796	
172.6763856401491	88.40717731650383	37.27445852142469	34.868189575498455	
164.1227303164693	84.81723063844895	38.34725737988552	34.65664252675919	
155.68890442786156	85.8316588037949	39.851681217601836	33.70664291159514	
150.39482331050542	89.99478003162143	41.138620229631535	32.840311865611504	
145.61409389273422	94.10211059321605	41.63699956850617	32.79924603576302	
137.6866627471921	97.87704079323979	42.00356912785395	33.25888337255797	
132.3508645849163	102.6110134116231	42.45082049908582	34.08282242515412	
129.9348141950687	105.9381535189894	42.83051800181821	34.86374291884568	
131.60048233073798	105.81062587083117	43.615709606614814	35.302645870010856	
133.57795428345045	98.63735834947725	43.6009431923531	35.4907302592404	
138.54934163038158	90.39982831188874	43.5311368015161	35.67726446324433	
144.7705304857113	81.4221676606043	43.464697470335025	35.327922363270346	
150.76473853745415	72.25032403446401	42.338791176664934	36.07583277119355	
155.97300961220247	67.73439761393136	41.342357877082485	36.59307651968793	
165.3485827496839	64.84467443291165	39.78929895461246	37.52790911782504	
172.00131638442033	67.26928302857867	39.677002283228326	36.8502822267795	
181.85059907728657	71.97308333373842	39.22485204964913	36.730520944602425	
190.99369391193255	76.54736932920837	39.04956124882036	36.31558417623239	
195.98739042819318	76.34368680776709	39.08177496919656	35.62636850904181	
202.12127529417816	73.83724119530632	38.96333655877392	35.844942642148126	
206.27374563656866	66.7668300268233	38.65461971913546	35.82502416984541	
208.70749269298818	62.08658243240836	38.40225274804333	35.99389538708747	
209.27622442829906	61.42441688837335	38.634685796271754	34.7940056220039	
209.77222729189066	63.972679632862054	38.205275811334246	34.24656870235467	
208.96295715187432	68.37888015056373	37.66777717623829	33.6631774586723	
207.81918888100205	72.85189822548597	36.82751199658798	32.95584428743932	
205.15675150961647	72.43250818547293	37.6791246407699	32.81085022544328	
202.42448356792323	67.50453203252314	37.347369453314016	33.80026615230084	
199.2692495825605	63.05342106411416	37.034692415828204	34.15354513518306	
194.7827231906749	57.90954435181407	36.58983714367542	34.872768370349156	
190.603579746388	53.083947654167254	36.211969084560145	35.068214156775724	
184.64261572479188	52.95799703043627	35.846526239898644	34.74381875023376	
179.03933714591068	55.62227153031022	35.823730649040414	34.13746604496781	
173.66094292582633	61.7405188202061	35.70424857600352	33.73632983283877	
166.17125714591398	68.0548369008246	35.93081842381202	32.98868436104452	
161.90726563257684	78.21440124661119	36.510238798407464	32.69160387623434	
158.27139871486798	83.37531948615731	36.05012822905949	33.422409336159895	
156.82780123554633	84.5872353365465	36.39118003943535	33.385713331857026	
156.5330496632033	80.40410222958796	36.82036180075008	33.84893654454992	
158.87065713507224	73.07514983716798	36.5787724461061	34.48441580435162	
162.00524678357556	65.01445011067452	35.78841277745622	35.106143251185216	
167.29851248170485	55.905347383260654	35.48155126175651	35.640897335226505	
170.99245884560077	48.397177774848366	35.23611478148964	36.28365078042188	
175.6785246170208	45.452166532945434	35.03661842367067	35.83757669851239	
179.61148194193927	49.15833762980366	36.0621578070207	34.78079814247251	
185.6386435214515	55.49813181188488	36.838406267160416	34.35507565291992	
190.01145157497427	63.297723994941485	37.63344116356362	34.062464608759456	
194.74153214254497	74.4882848706645	38.6009569474515	33.89469707703953	
198.50633687793896	88.38175171326071	39.25847681888177	34.811145195636456	
201.74794616168597	97.4286307758672	40.12616009867748	35.06084932331604	
204.04946499488932	98.62235412654174	39.89173690853631	34.456533150783926	
205.5314223403566	93.3107461208976	39.17642582404773	35.74417081140799	
203.71912808143324	86.13188061546298	38.676247950290744	37.29003915898045	
203.27663123898748	72.61205237362677	37.65616998918159	38.36230598604174	
200.30056436018754	62.15319409623693	37.118222511844266	38.83705846436936	
196.85546646513563	52.70061440522915	36.98191943510191	39.06252547216599	
192.78965051648362	49.43075740277202	36.48081136073521	38.8375995209322	
189.04562865481137	49.66621339420548	36.29454463016717	38.31399612402634	
186.93065345864682	54.531530625474225	36.163135939789875	37.47262601462794	
186.73054000202825	61.13744378789327	36.72871013405947	36.70319630647677	
188.03680055453978	70.33171596897078	37.61179840481866	35.40018225866503	
190.37978588954016	81.986089273424	37.604043419629406	35.52557018898165	
192.93802557812904	89.43812416656604	37.59857689004749	35.62443730287771	
196.59629765161927	92.6763751169899	37.2034458950958	35.41666005023105	
200.6966110153168	88.2890118051563	36.396677120100485	36.48530258299064	
205.0477628268004	82.7513192507089	35.606673186760425	37.71830343616382	
207.5033445896103	73.81769027567623	35.11450215843602	38.85329840155856	
209.92282155685527	64.96634248789195	34.58183059668454	39.593174761852545	
213.6656003843517	58.74831455721025	34.77123662587819	39.551918959976256	
216.19597819665938	58.688681981682116	35.40176812266376	38.01411201179694	
218.52849623048203	61.866755351935396	36.16729292782193	37.1743260945383	
220.8420426010891	67.70329142653233	36.55119061929472	36.6811000741918	
223.7067100762881	74.9526446354836	36.879949347185914	36.33056560874846	
225.46069620001438	81.42006863882021	37.31464908301577	36.38372410796626	
226.10280474871738	84.26651734954761	37.291631042394165	36.45295203465902	
227.43327404102592	81.31891736004833	36.68462124698876	37.228791187930014	
