147.0	65.0	55.0	72.0	
147.85809366557683	63.4118866239405	57.9610864103093	71.58702114015578	
154.76591958214743	63.93908299508859	58.90061374142062	72.63045966570158	
160.21333853840935	62.94536151887987	60.531239078152105	72.3439231494194	
168.61986106143752	63.11512488982098	62.29489109028405	72.30293069198278	
177.80827649657783	63.525744158947866	62.76618962555362	72.63273456733637	
183.17539229879907	68.55639980511653	63.03963504503437	74.35999500878695	
188.0141889358922	71.25921124427991	63.4283752278543	77.09195531348766	
190.5633560145792	73.03539897439452	63.167359497893855	81.0752839316843	
190.64677434399263	70.80556270260435	63.774300698240786	84.78163443698482	
189.86349338829365	69.64406462806477	64.44600389073963	87.55725221741109	
186.49715328641645	68.99289877564757	64.64167248465918	88.44783621191682	
182.63762989095557	67.35225773554193	65.73416394192176	86.81753420196596	
177.90845948507035	68.66834329762534	66.21552692606555	85.89847386788803	
172.75403444924973	64.00005133682288	66.38413150578866	83.41474785279416	
167.7633514825764	66.4152596930102	65.8822796577054	81.0091368823239	
163.653312409895	63.312090012155245	65.40481411224789	79.16544168552988	
160.9891129348505	62.00565370942763	64.62122146984649	78.29286893484085	
158.86515666058398	59.05329772574138	64.1129476117388	78.25250963116093	
157.50397644032438	54.684258078077	63.26342094535536	79.0837080425962	
157.76411104308724	50.560217078749886	62.17912194508619	79.57873147265529	
157.3373714577507	46.608778132768094	60.874331905571125	79.14337583699461	
155.03533515610533	44.64378943265529	60.88630613651678	78.7636273203558	
154.375981138929	40.36544742284724	60.56817055502918	78.99655636657221	
153.78583179270564	38.83173616166454	60.85868501756332	79.63217727855223	
152.77381756698668	34.381606694507916	61.112630583978074	79.72947743905046	
151.37449952950178	31.359282359469656	61.308591827685476	78.94016852996289	
150.1612532535307	27.941256701620087	61.19632746965822	77.92152699115019	
148.12064190808474	26.120927367451067	60.69598598330605	77.97539988357502	
146.93967279154117	23.669173747989042	60.86949290605731	77.93133383110565	
145.51589068050396	22.96911105385664	61.610246867688616	77.94309052072566	
145.0440526114128	20.48609807524569	61.76218637906423	78.30678050663418	
144.41596356315105	18.9730204900749	61.97807084630039	78.04042902517467	
144.251535490769	18.812090863197017	62.41038086022498	78.19043071742766	
143.80531208860683	18.82022982261058	62.673299582145304	78.05985916134492	
143.57820325234871	19.705410650652727	62.7866459791972	78.09389292491284	
144.75622751332568	20.99081184861147	63.11389795016296	78.26004109351824	
144.94115300686056	22.302815060237887	63.34608652546203	78.01943545930031	
145.47390519114748	23.795137046040633	63.24295770622836	77.78551429966161	
146.75585296343593	25.04192562895441	63.77677936188983	77.35831354743155	
146.59309018779393	26.609685045299273	63.384333937192494	77.17384552574077	
148.80660157731523	28.594267853099325	63.658445423056705	76.74400347674839	
151.53552944014194	31.070813234673828	64.11737634738174	76.29264753023773	
155.57833640014138	30.47575976882366	62.908704573105624	76.34014313799153	
160.70759145468716	31.664426770710747	62.40017180658925	75.36075117306667	
169.46019361412007	30.093483476860097	62.03864354284176	75.70971624117901	
177.64509181026014	30.426921958663588	62.02063621203694	76.59279024015801	
184.21123123329286	28.788911338378327	63.89376312684097	76.13812476225868	
192.92355193617703	27.981782925534304	63.976418663706326	76.72991653274083	
201.39892780221504	26.97172688833737	62.44035338135821	78.52591489547636	
204.01450754636053	26.711085883605293	62.305758711772846	80.39597184237272	
207.6376409859204	25.884282011795452	62.26358427242642	81.70739635401496	
209.75832534857165	25.15917440683644	62.673026264757056	82.80843318315456	
209.60090345267665	26.277563659368433	63.03997344703621	82.9656350556853	
207.47032073187384	27.67188632708486	62.61869899795923	82.80629334695524	
206.26356915151348	28.190495998637104	62.79777524299433	82.81329418355801	
206.0232875039802	28.891252284622862	62.69158372771443	82.76417144631013	
205.82895493524546	29.20647699049262	62.167312046131045	83.01306354964416	
205.4713952213737	28.131279994887095	61.839288155910985	83.41687568846757	
206.8975197974197	28.885301939733107	61.20852950148644	83.64937502228737	
207.77812375012016	29.91857079191645	60.77600623746235	83.17505628769504	
208.54438509733075	29.044936808217518	60.78665112075036	83.60836510737613	
209.10253021590353	28.53669502295856	61.149156541085674	83.4067769946704	
206.99851381957387	29.278103811708544	61.4662893367586	82.74563295288719	
203.4092289857931	28.907417354741103	60.90729505252847	82.45428080429112	
197.6124702092996	29.02232712509444	60.33725917112414	81.70078782742407	
184.9475877078425	30.046117168131172	63.35219266841556	80.35441017048456	
178.44312775920727	29.91971542726928	62.785788596487016	79.73466862691167	
170.45850318478767	30.140941124395756	62.44481612103255	79.47909841669676	
160.4006795954898	30.364460310750523	62.752487249867826	78.11116565444591	
151.15673384410843	30.446654445058044	63.27478238959391	77.39341427291973	
144.35132907073177	31.619668331097724	63.19416160872712	76.75481916950355	
137.22832023500587	32.771728237890855	63.83454822483672	76.8969881616675	
130.00383522441933	33.82677386576888	63.630015702886325	77.8239688624231	
124.85085658555411	37.74844291966379	63.91342784478324	77.75405733648918	
121.78714947054296	39.697485257710596	64.2612363574781	77.02064864309389	
119.72992636071582	41.81779321638538	63.998739554049415	77.04576486438093	
118.37763874106382	44.38088055023005	63.699006431075524	76.88725739785725	
117.42033728030562	46.112046607832184	63.82000865016489	76.94768445797867	
117.18196797413655	48.42241007794461	63.88076141214709	76.75078252423296	
117.1615431587662	49.87700624412511	64.28855326083585	76.9160225659038	
121.04219580110194	49.111705453548964	65.04685792134684	77.44703054173942	
124.74277736935737	49.45241140288739	64.73290510089849	77.5819870510262	
130.32530667244365	49.726602171309246	64.54508428160696	77.84680544418825	
135.32603342116178	48.37367245715183	65.26674055298824	76.48828450880552	
142.39248637866933	48.13523747467062	65.85197332110613	75.61276137748503	
146.7712660917379	46.602540605008805	66.43884555237206	74.9494651908221	
153.36767274065897	44.4970175651615	65.8745200622189	75.74052145611692	
157.01961210592506	41.35608455040632	65.04144283881213	75.84241644910036	
160.05548636422108	39.71942495988256	63.86829198103888	75.46856163503405	
163.88273899708975	37.029992379289894	62.555042420456665	75.32661534163807	
166.158366715872	33.29653271794845	61.64171626320788	76.1122385951886	
167.92160633932005	30.773214589478926	60.568069662678624	76.67675239020265	
168.82143472390675	29.62378931395873	59.3640561116617	76.39884902544391	
169.25573993884498	27.154183352286587	58.60474414593266	76.47265743619715	
168.77805764644367	27.82737061120945	57.82799860572397	75.4494196285674	
168.21942756444957	23.5362857581649	58.004810563509075	75.25011224057188	
167.46929954367988	25.04816304599303	57.7776262846488	74.53705127327252	
167.0154597635212	22.586743079998758	58.04116663659903	74.79496611861765	
165.3953146628712	21.952735359577005	57.53056439544419	74.6353670985533	
166.40854630730323	20.39428066078156	57.391541722547515	74.07677808861636	
166.14550132715783	19.830307939637805	58.07878887478146	74.13993527105382	
165.76399815150535	18.888402630543574	57.78535076715535	73.89565754090005	
166.14042605502547	19.141557928097917	58.07894473575183	73.89958217387594	
165.82202433744177	18.79808040973083	57.97782722357025	73.46715385916056	
164.65719587513553	18.600262687959837	58.07612141247895	73.73191416401326	
163.57317171320105	19.000910585046928	58.75576424322454	73.9297353059965	
162.10220832704505	19.635229912756788	59.332473861866355	73.97625520503995	
158.4976844194425	19.598111130185497	60.69247295657534	73.56138528551107	
156.09923388009358	21.12680097246165	61.7908785126771	73.14357707378228	
153.0117170812073	22.69047840707315	62.50116153090667	72.94096797987852	
150.37202742144936	23.558767201985752	62.96152721327057	72.86633178071634	
148.10176934377233	26.599585650763682	63.08164444797322	72.93231092629156	
147.00631982094853	29.04335914950593	63.56012685798004	72.69631770233288	
146.00857385421955	32.5321441093133	63.7598289488136	72.78766973305285	
145.72763653296005	35.06894991530039	63.752557562910035	72.9015648023029	
144.79144973931105	37.70464815377392	63.49456487159169	73.16515687183188	
143.39145619628025	40.50365631969847	63.43379351199892	73.40349991088709	
141.98543828857453	43.2054597221848	63.17213688247189	73.92933788744529	
139.57009565694116	44.84092805447336	63.02393104016396	73.68878216709533	
137.5902327518775	47.37369375161746	63.18466764856788	73.22692603835027	
135.47275188405047	49.799433520616496	63.208441828165114	73.16411256680979	
134.27229621592232	51.22871322225587	63.24515096516623	72.58386117992517	
133.3989198941142	53.34634127205711	62.82104898780133	72.5703632600212	
131.6080073376464	56.2937814906144	61.56695624660381	73.09009114131638	
130.09470701946788	57.9382946089208	61.58461998323795	73.94242991852221	
128.72911993354586	59.16483423768751	61.89013362364861	74.82221808707338	
127.17010063662148	58.77305270784004	62.54266958489283	75.38628463233037	
125.56296217061791	58.14359593730168	63.04509637910828	75.74697868026664	
122.66590772675269	57.22339951669112	63.17090468959443	75.97265358065113	
120.43581525121712	57.362225051417624	63.29137517493873	75.41620838629187	
116.19633004239289	56.08656079413238	63.792187882821196	75.10869497869126	
110.78136537345286	55.521998819224976	65.19858412186821	74.463857267821	
107.70225001981994	55.75333933065527	65.69932399031208	74.09052061743212	
105.18725828911009	54.55509174732173	65.74363237804897	74.1677936289975	
103.36019034510363	53.70646759329384	65.93060071287007	74.2141278907521	
103.51902312998165	51.4455600251048	66.03603259946982	73.91931035335561	
101.32482205280284	51.73608986160912	66.32311860449992	73.23973293693074	
101.19909973451647	49.42761544950949	66.3687318020168	73.28161947675733	
98.12190052958363	48.03471190181783	67.02488195545233	73.05574710821487	
95.47768574358018	46.04862049351196	67.5660140699147	73.06363095591404	
93.59755823083115	43.76112293242731	67.74754042047987	72.74276125317029	
91.92992789152805	40.811993468660894	66.88538495361334	72.76026736264531	
89.56088308451022	38.71178147533085	65.54429255609298	73.4203730626587	
88.67333828211986	36.141851702955854	63.25001428848225	74.42173071808843	
85.8468558834885	33.31315358855736	61.2657045150965	74.57981817749807	
83.19344570241964	32.62132759870732	59.73381099974862	74.87045782419203	
79.64275484970457	31.574916853727984	59.31440565733976	74.15258164576483	
76.9054516680628	33.11271466207224	59.170391634751184	73.13261692118267	
75.11829535263425	33.4286845592385	59.933357850053895	72.29692634474175	
72.8495698479699	33.38700092613603	60.40418217197499	71.53947043903231	
71.46212154696089	34.52701307110748	60.431435112259855	70.99017087979564	
69.8099518701895	33.92105467211497	60.332111556830284	70.60410284729775	
69.07001171340738	35.7747784038712	59.90296746507698	69.50187872592856	
69.01558799898308	34.99255622369591	58.77331895829677	67.89140968443893	
69.76095068314363	36.9171731251549	57.7282988413488	65.43118434874927	
69.73588317568664	37.75336754991605	57.044378815972365	63.15837501522885	
73.10240228049078	33.96841563902212	57.26985942713225	60.830834523935216	
72.59039736947906	14.387282593429251	58.891920011987146	58.495180416812154	
69.36714796757134	8.378877285307999	60.761954443063445	56.70196682426221	
66.15191987599002	10.437630690170323	62.11276034273612	55.68179914678992	
62.58393420284372	12.835600378861594	63.37122195914557	55.00303460097187	
67.38744064648428	14.337740407325699	64.60519308613382	54.56180111232326	
71.27020319851486	13.137855852378829	65.94754262659544	54.02575521608283	
76.25628759143183	14.811027078286507	66.98336531021373	53.74007151063436	
78.64174145925054	9.906608359870749	68.04863635726139	53.51707711880161	
84.40835232206224	15.953093613594522	68.8846690749791	53.58195838567384	
90.39307802060853	11.713450120984898	69.9101200178382	53.51864312111834	
100.13318910162741	14.620248466596154	70.73389475174508	53.653674705107115	
100.12644028588349	14.77799261569019	71.2902193234929	53.98123752681091	
106.41495756209623	12.4718091595938	72.15893451195436	54.088175651813316	
112.86550695523803	17.190959088668915	72.47549070903146	54.47604521649315	
110.93123857545739	13.068919180649917	73.47914733937512	54.57713914530518	
115.67395613367458	16.069249892436382	74.02175500081574	54.852422808497096	
125.47002580539734	15.309210951965488	74.63068320356012	54.970924834207665	
133.50114761140748	10.900882425077238	75.18777915424187	55.07534321993016	
143.63816391861536	17.366273882656518	75.85295030314889	55.539400566139406	
150.5551485228438	12.99428638529948	76.46219439158558	55.697445318594475	
152.36549165704665	14.754564233704789	76.88274597985236	55.99474612455697	
158.6625262648258	16.430330437541542	77.34665127938112	56.38454834666701	
165.11548081308115	12.160649507592248	77.89356297833683	56.56060576299408	
171.6061403316072	16.008734790930035	78.2624115468545	56.857979646187395	
173.37167449081755	13.293111544920567	78.61899719511113	57.11834425071202	
176.73241971090724	19.411165271975577	78.97180380717651	57.48247409155815	
183.64865328779473	15.306763315114702	79.52030450167133	57.695448357337206	
194.08260478425458	17.928630715050105	79.82459467640581	57.96257418019893	
200.50831784408894	18.639892343353385	79.96304462229544	58.39019102196105	
200.48863807694897	17.615541279889612	80.26895452854585	58.586013808240814	
202.4567467772697	16.84706218178447	80.6132412673386	58.67495889299005	
205.13211756637907	16.07650040739733	80.88932988777044	58.83863179395241	
204.83613263639435	16.895180041488036	81.20832281700358	58.974203796111404	
194.4650854523137	10.139052602086645	82.38336897100785	59.119029357696206	
176.6290366994203	17.81144445779542	81.39586447305616	59.47615363912299	
163.77397404762004	39.9718595073343	76.64814330464407	60.14203402279668	
164.00406882481624	44.14617255949607	71.54494327463054	61.68885353772794	
165.00411326964678	43.24445937939102	67.13467097080799	63.607540862170474	
167.56619439122278	40.59611577161373	63.748158632271945	64.97725291873418	
168.6855847555706	38.295342666355175	61.01042005899064	66.06946250298192	
169.96270670106006	36.8831390835317	59.19851440259002	66.47337954343791	
170.66691526020298	34.07070270850012	57.78170837554982	66.94484901600808	
171.16626251669402	32.812149167531594	57.04334985202876	66.92813807915135	
171.22031003863486	31.233923062353508	56.68783955857236	66.94377674382366	
171.45409075354246	29.222193963833814	55.93730517869561	67.31676075229018	
171.1673408137327	27.46121814302039	55.82333222524269	67.6450603056111	
169.8544270872149	26.719284620154827	55.65213091314409	67.73222436149807	
168.74362516183854	25.538344278477705	55.561566684163445	67.98482773634085	
167.71274935775912	25.119359968430643	55.18324288764469	68.15484997227946	
166.48321537285358	24.605491163607656	55.3822006521267	68.01944143480891	
164.73511704579357	23.69810673396506	55.6877849293435	68.04986284202111	
163.04705349746928	22.94552764402653	56.18788693039492	68.11000268574662	
161.0882401299209	21.626575645400838	57.252078416391576	68.31488499555415	
159.28928772837685	20.252131241289085	57.562746646860795	68.91778848666803	
156.43198489028958	18.876724805079142	58.38150613588026	69.14329404454378	
153.80413058295508	17.351156336395146	59.26529615358993	69.03231296120782	
149.3709210915422	16.876618994751823	60.249559646249175	68.32192620305152	
145.31001752839504	16.40991875104472	60.153827732164714	67.83483736751612	
142.51683527497727	17.410392485624783	60.45821624517795	67.44536893837768	
138.21079030122084	17.880224795467335	59.961438615732526	67.33310359255297	
134.2550051553025	18.32564051326102	59.18991856361353	67.14262240875236	
132.13868883831722	18.733247439960675	59.15323539449799	67.42821434895016	
128.66132533145506	18.80773702022009	58.79808052498451	67.60614700339067	
126.45410894445399	19.774251934590634	58.79618478089409	67.6881225263885	
126.06784721572218	20.5979602573764	58.725553551978855	67.64334915103396	
125.83525040967113	21.440544541300582	58.441968335963836	67.63537132548838	
126.30081277865636	23.608968117615717	58.74190733102649	67.44323652835448	
127.18362362021557	26.64489741195229	58.14267961231314	67.69096370947315	
129.24981634095334	29.649115995025365	58.11018037219231	68.25144774573377	
131.37975051639842	33.02374801851619	58.78151340478669	68.31581207396046	
132.40486652654926	37.36767971064104	58.02543670777951	68.86971986225008	
135.79447561148817	40.60117373713764	58.389776854524584	69.414597639271	
139.08422338400126	43.762896346461204	59.591504594183675	70.7918758465932	
141.87649721237358	45.64172563479707	59.98989776769061	71.81859146485787	
143.80896424036635	48.25002148528365	60.91346278908575	72.54896017072488	
144.3728759663116	49.74058759030084	62.05650714368752	72.85929120836265	
145.11597596979334	52.29342890364306	62.050139854567604	72.92883764116274	
145.54137452368357	53.09100147262711	62.3095992759064	73.18701898843344	
145.05020864658223	56.14982779384292	62.35431535485136	73.55081586225754	
144.41599705109118	58.516000479057425	61.76343213306559	74.29819601092413	
144.3057770510954	60.54981817228436	61.59695795779206	74.75908623370562	
143.86895978489943	61.78109363532934	61.62390329557533	74.92625389380404	
143.57537095928998	62.38263246292455	61.08050821423622	74.90919955315813	
142.8573738215435	62.872028135907065	61.02319763961784	74.59569504019417	
141.61350978048287	61.645065508498845	60.90305335803813	75.1263782414781	
140.6353658844167	62.166501150854856	60.93174500401579	74.23901264988325	
139.18044984774235	62.88168331697336	61.02296632287975	73.27121370661446	
137.08651221453718	63.01670516734595	61.33562951808936	72.82757674606151	
135.53585601030963	64.29430083981536	61.451353115012736	72.90453958540638	
134.55152357294298	63.51410574004575	61.66171452174724	73.40982267782601	
134.2028231363706	63.08947946287599	61.583992438265426	74.23581792034734	
135.34455851069626	61.17847534695374	61.177154885968584	73.97030196838472	
135.94185660266547	60.422292455556274	60.97148733476329	73.95096485567876	
138.63172171076206	59.94795993009226	60.989409938173274	73.27822121996967	
140.6773706753027	58.56276785931303	61.12230519075464	73.29223055292981	
144.40376557042353	58.0853668985782	61.68907817223411	73.97474573361484	
149.18073309333448	56.115384108941406	61.59756658779406	74.67763974370551	
153.14187865693472	54.68948205247267	61.50645080036089	76.25386336455678	
157.21359478002233	51.43841287080092	61.19357843064907	75.71976421267473	
158.62421114639534	50.75286937598762	61.84559082653935	76.07796063968749	
158.87386636077775	47.06000119272866	62.24310574015653	76.731894417317	
160.47605881649866	45.44416314382298	63.57696089711066	76.19143987851845	
165.5990095052699	42.597625567501005	64.64114357357329	77.43868018443995	
168.00577680879047	41.452761636121835	63.862595868221966	78.14021102984923	
170.24044287393275	37.93723631544986	63.6922514670711	78.47177302918323	
173.76110650583848	36.68971464663845	64.50894531765915	79.26584015634167	
179.2190125896524	31.785447899201138	63.668277406072185	81.06468900557998	
183.2259545324289	27.35106267164467	63.29013476252462	82.99772728588894	
187.07055114524954	22.76522495646808	63.16443646291485	83.81888479112537	
190.41472369065437	19.20659761493281	63.34675843333373	84.04631814544119	
192.74445980469864	15.778304102028217	63.11888165379996	83.95609810189652	
196.08292160392156	13.003456690264343	63.23279541348893	82.96298885568226	
197.74546016832517	11.16248458862736	63.23741996266832	82.3141580719693	
200.04184536481492	7.8630523287523	62.64142285843765	81.44220544979352	
201.2823061235863	4.360225628829132	61.726069342750165	81.30408380551734	
200.27062186699584	1.3837961850369576	61.679582374355675	80.90945410696526	
195.4868264766987	-0.8117814999540116	62.44212910236428	79.48259298108262	
194.09906726228394	-0.9635087690746494	62.42727523107216	78.95360430460153	
188.89651650632712	-1.9927664785394676	63.205074013142614	78.0884885024309	
184.56991750179358	-1.0719997334672877	62.89724676198971	77.14994983801105	
180.38243983383344	-2.076876660370247	62.01788120153964	75.70482096593594	
175.83636482893323	-1.5636750046544252	61.54001059386764	74.03771714676276	
174.46022143570207	-1.1767063092902046	60.51375452258656	73.0561002952028	
171.21627414277967	-0.963398280025378	60.70732987742527	71.593829229343	
167.05164385522755	-1.6394172475641504	61.96397299557029	70.28161074016043	
161.0453775279009	-1.0870957852742726	62.549761345061114	69.86116126373594	
155.64075308382178	2.136745491082308	62.38925605878364	69.70435023308468	
151.60514512822863	3.750215700917885	62.18919878078531	70.0136137332628	
148.53095588073046	4.381564877806244	61.13751489128565	69.90272680007826	
147.75001050445053	4.825633927864798	61.13304941584184	70.13259615912912	
147.05933028413585	4.406664129685699	61.085044082359396	70.00343063662062	
146.8848799456433	5.508748978901823	61.2318377523101	69.87628299532822	
147.67966587975368	6.160683742877922	61.53937974788247	70.05707188907022	
148.7775513418901	4.96869456937865	61.45284374741999	70.6414310453701	
150.6456934104395	6.084628398750322	62.28351821738237	71.09787265060804	
154.1778232758339	6.043341308283642	62.857200923192536	71.60030789556612	
159.26200732545257	5.276981566139477	64.28004846540561	71.78180657974421	
164.50312771304334	4.692861475994821	66.62908642362737	71.49908404981554	
170.2491183233858	4.366782150448068	67.51176745070293	71.7442842001407	
177.5659984788082	3.431220323103867	68.95315363103103	71.53775284042597	
180.2968874671652	3.0551715685867618	66.58638513133324	73.44615339862526	
178.97985999533688	3.8685796154526852	64.48950337675295	74.12338937253904	
182.33232283272082	5.795545943107535	63.9799971765243	73.94165574996268	
185.77072649570064	4.262321814435353	64.2545604572896	73.66195499188615	
186.63179154459866	6.363421228094934	64.09682008759819	73.20585129888043	
188.39879645467678	10.852195516154564	63.332565288066775	72.69291050925413	
191.90889043053667	14.057972593049419	63.3012091370331	71.96759189546397	
185.12353081288154	14.59648832204032	63.60670278390949	70.54498212152568	
182.28388277769133	20.672429404230666	62.90339616610628	70.21155055343357	
183.1290288101225	23.306204448136935	61.241073892963676	70.19775546602833	
187.98846491601296	19.91505290821385	59.973533282270495	70.39014744787613	
192.76687574293325	15.779314132812528	58.92111269045067	71.29906157877852	
197.32515384623622	13.46979395752304	59.5809479982325	71.44868284432236	
199.35435430213727	14.745120776421398	59.45284985457608	72.69537824696198	
201.28232486866992	15.086069655280928	59.18540912753414	74.136027420964	
202.5984035370012	15.329533970185231	58.82140655232278	75.57730355123681	
204.48962140538455	14.11179781591804	59.12711396495381	76.66363087779466	
204.6620909639019	12.588178729591833	59.56124181405556	77.22753830794115	
204.71867255472836	11.866134243482506	59.9463969979893	77.59694433118095	
203.49417680483057	14.347617996134028	60.259795495313675	77.11792042917153	
200.11638909252773	14.451983954619484	59.70013351919633	76.96898581449362	
197.97561834924124	16.034074083717744	59.562843216390256	77.16924414530087	
195.6184019836277	17.477759840692027	59.29819013311683	77.36680666780153	
193.03565460358752	19.06554758940977	59.259085327022206	76.7968269769327	
188.28910821328617	20.521699651203754	60.24069771584489	75.43194392842302	
183.1674525395271	20.0004686979586	61.967440543095705	73.73043627855202	
176.0322918572527	20.92024163125682	63.09743251569092	72.52392098335788	
167.15655329836906	22.93575234527319	63.69764329681111	71.54214816089461	
154.7042729106785	31.59915169568307	63.3552472589205	69.23157091595391	
149.64530260560173	22.140674938352955	63.41293216073871	67.87971488864622	
142.3026125181737	21.620350074176706	66.56641600657872	64.70557713423719	
133.8394710788964	21.942333919310634	66.1422039780326	65.77414318202612	
128.07938867435465	19.3719751674516	65.99562287035161	65.76476950885578	
122.40123064926826	17.191331074588316	64.93428216016878	65.70114904993693	
118.81528886249238	14.184265901693117	64.10952237015974	66.26329123659268	
118.65352230493332	13.877662045580974	64.12131097304335	67.05361300405049	
118.29941855599357	14.232156731033083	64.61735981265912	66.85084073195216	
122.73488880335545	12.79130418341382	63.885154928728035	65.427381820285	
127.76475272485608	12.22472041923944	62.884642866332825	65.1633305588673	
135.21559066153625	11.12686802926923	60.81309790164321	64.11166351413549	
147.24249427376728	10.256302946234515	59.78056502006345	63.21891711388277	
156.25006583160294	9.492219158695622	59.48285972617248	63.02655159292439	
164.3638358396199	9.13667221552554	59.63544846811206	62.14702333381016	
172.95241442605325	10.264683057380516	61.103798651715266	61.68081423129794	
185.30508051162917	13.782469723852968	61.83476055516048	62.310908626538954	
196.64486872010528	14.864496636768862	60.245877834499424	64.92847221946825	
201.52165074847295	19.966965661252736	60.81474722657963	66.96506179822124	
206.19910642845895	22.448444246218944	60.77399246459456	68.93114094141644	
207.68198185169436	26.654454645519063	60.103170803674786	70.6545723910559	
209.03367828706064	30.77348123722726	59.40418015930294	72.60460743744417	
209.36043640957254	35.22034085670227	58.52842347557446	74.82807336840372	
209.98074334349997	38.53624729239007	58.714949513717364	76.41219229764008	
210.20288987314765	40.90359551226238	59.27004658342888	78.2842878585326	
208.55221494887473	42.864195593202034	59.46097370058041	79.59676394822725	
206.19244217104668	44.96932852574309	59.34821092359837	80.29035516983632	
205.84693359240757	44.035592340236825	59.09759106615167	81.20627987099732	
204.74904044784375	45.640919148676076	58.395692783146444	81.25008204272496	
202.73607965108604	45.943566658504515	58.04095070674357	81.45936997901518	
200.40507281312543	45.659155985930205	58.17149159098256	81.35643643643458	
198.32185389347637	48.923466854328176	58.4905911038448	80.41256772435777	
193.1292995956106	48.58284307977192	58.97647128091746	79.10527771389481	
189.10151106624764	48.74517211815021	58.73901692925703	77.91410256084619	
186.17616523043344	47.65374398486673	58.691141786582435	77.31096268390094	
183.68119057467484	44.47759100543795	58.971389223330554	76.97958640353632	
181.83710075519247	41.32473218302971	58.98037903053967	77.21096274061313	
181.86189925269963	34.78219120535438	58.66295398627926	76.52344750962263	
181.82324077066136	31.59816587486816	58.54078813758365	76.43169898374	
180.9127757419687	29.075679429610915	58.47398405154187	76.06132254485253	
181.5117270115742	25.291396970765245	58.363151469116204	75.65381783582465	
181.76805197793811	23.11054557453302	58.22391954336851	75.03048705896029	
182.05480771250515	19.4735404945499	57.88123799433183	74.22553687130245	
182.30330427388049	18.252047139741535	57.792869083015326	73.71031700903951	
182.2274563983541	16.245257638304878	57.82690732759532	73.2897414211216	
182.54003075055806	15.038847862413668	57.702491357201495	73.62382071181385	
183.09321298496562	13.256407877199536	57.55704009385946	73.57770193473348	
182.6262276721032	12.132796649636234	57.65084324259986	73.57084739998928	
182.912721803493	9.866165200499662	57.84806127356386	73.78764722239075	
182.47118925380983	8.601602619122096	58.230899106917896	73.614440176474	
180.9888268627749	6.282205878855605	58.62803313543037	73.35266405860685	
180.01918240237927	4.3155802543574	59.00305815576472	73.43193504610817	
177.02804760493308	2.75643868973608	59.757422246675816	73.34249071126364	
175.2841639539089	3.48946251994802	59.96827802626725	73.14288511749506	
173.11907522005637	3.0756864732639486	60.307055879899174	72.39334082365541	
169.02040930730573	3.2573271589746344	59.694826277567316	71.49044812438939	
166.94546229584833	4.799584842126108	59.56316911727108	70.73429196058353	
163.90388175367332	5.253904275243632	60.094642528750576	69.81743864349825	
160.9372365172992	4.914534660678765	60.44671253488114	69.15034091653798	
157.035709043863	5.225322151128887	60.55835670069134	69.14853268357218	
152.79237061533266	6.1228393982168745	60.19920693498269	69.43259278784257	
150.274119713458	5.671983127093142	59.89408331490452	69.68461309068581	
145.8211407229347	5.561982482579807	59.53365352668432	69.73066595972065	
141.04781723619058	5.561837048732598	58.88669661429988	68.83288207019045	
137.26111364951606	6.268634237748951	59.84784675181298	68.47312490363547	
131.46809694907873	6.5109883895179665	60.40898229858232	68.75640336453948	
128.30192002752153	7.108189309456201	60.95517057227216	68.95023929094339	
126.09961732095641	7.206033726834042	61.6211687771323	69.36832162947327	
123.96986317280513	8.167031120532375	61.90005250365271	69.71462775644267	
121.57494182866316	7.554729553430575	62.39419199988886	69.6441967123996	
118.04035670528447	8.802636672647857	63.69633591168447	68.93437492650125	
115.32222960829182	7.645574204889437	64.3171402403705	68.91629969110562	
111.36270487458829	8.047788336747827	65.80770313744101	68.68429889868153	
105.82359367482854	8.002880393444931	67.29536703183754	68.68262108069973	
100.5291721399613	8.321494228116007	69.35468537653485	68.34632956222858	
96.11052246526258	10.477354394999821	69.70009509364981	68.43102407191462	
94.02670731064272	10.817194684500548	70.748549990826	68.60821201868498	
92.44389030406073	12.107314811771195	71.11200944480653	68.9406667518291	
91.67060635382515	13.515266121320096	71.35528587746477	70.06011123758691	
89.85439414166218	15.26461840342056	70.3367357593066	71.1149529756128	
88.8498505882349	18.194308533361227	68.394270582023	74.06111558343576	
88.24186142259713	17.825298075806348	66.17958068528567	76.69211621127	
88.25811560468739	18.257789268961673	63.92122298786506	79.54645181483374	
86.78129796294436	18.275513106146914	62.99656438689903	80.12150571486094	
86.08208629985073	19.687283745456426	62.378880420829624	80.90604728876349	
85.9916671605376	19.711170450722555	62.48262242503815	81.48107875771792	
85.0690308187815	19.944683291429712	62.58438296369122	81.77259056315103	
85.30777195237262	20.6469346269702	62.73605386537711	81.77116160871844	
84.53130163640968	21.01084562572653	62.884629836980736	81.48192781492853	
83.44441453833822	21.36895178973422	63.11779906107758	81.00088081826132	
82.52645436229288	23.137617797647565	63.37283994494094	80.23836218621221	
80.45957204538489	24.414237944912113	63.91744527957806	78.60098846668674	
79.20087808460691	27.900276498925848	64.59131859616939	77.86061146044615	
77.81684306876339	31.520928550710146	65.06316245302766	77.52876274010576	
75.56479453307105	31.575703114767336	65.43891144670737	76.74741981071371	
75.01522311210198	34.678511886110705	65.96553528886075	75.73269885706458	
73.20045414124908	36.267263117024775	66.07961034198743	74.90197016993501	
70.66772074057761	36.52088392877329	65.90185058551259	74.33912107690492	
67.122748168034	37.32958375637244	65.68342874672925	73.99416621340819	
65.33248948714458	37.527224546058406	65.72397657796157	74.09629023526486	
63.20759753225524	37.2717917634087	65.44249628998153	73.56413859994954	
62.508569489771595	37.51316797868386	65.65250436085866	73.00024850941924	
62.7155557435057	37.25403889796796	66.05279464289956	72.24283706639092	
64.63049607201138	37.550470672312024	66.48633518848945	71.63593808837157	
63.22588050255088	40.65965367129061	66.95426082427457	71.15789602582427	
64.58251033469593	42.204308226535076	67.32414931406545	71.03377312638004	
64.5419523847318	43.83638914437538	67.23483758962419	71.51981418073169	
62.39698573859726	45.540638646983766	66.47641472434455	71.90278162136866	
59.15082163357981	44.35702027912613	64.62545512311263	72.69819327657629	
55.56247786409863	43.77447269322493	63.12141912016473	73.2023314764942	
52.57600820866191	41.145122996505556	62.70325279307005	73.14766744897621	
50.76337176331413	39.8945945438999	62.30124715465652	72.63776098761528	
48.9888735844292	35.793737252293	63.165765353304884	72.19429946987266	
47.77021944731791	31.333741443459274	63.374947081832	72.27258729242043	
47.922560528447185	25.91800264536078	64.03699020022792	71.84929555590251	
49.35300378708283	21.25571118927366	65.15456137723014	71.25513684283652	
48.86643998718939	18.80407873893172	66.57922983977934	70.64706742890296	
47.088397799875196	17.809189173090566	68.01759098088122	69.83616377796713	
47.166003997396565	14.784247002454395	69.38216830888196	69.35210171159528	
45.924928026480465	15.23557177235173	70.0626956211165	68.74007324099615	
45.18796732714405	11.164562216929548	70.27164259061729	68.60684987285747	
44.287167538531506	10.407687310249527	71.82587465910169	67.58694668529311	
42.52520015238973	6.806730544608272	72.82112501063033	67.37479141289583	
41.973159533037006	6.151303418191642	73.77946036860727	67.14158707249749	
39.78484070007807	3.0961836555602713	73.9327762944748	67.00788775582822	
39.440075174912984	1.4908989796021097	74.07978400357013	66.73762582045143	
39.034594947369825	0.12938272470115356	74.21917707975015	65.42339620430059	
38.52320743902191	0.7112319228246772	73.71214559164372	64.5553561438533	
40.463166701586886	-0.06870901287753449	74.4187566095197	62.76943695881294	
41.09058625507867	0.052868114040133786	75.2062992899643	60.87832369373265	
41.935565460295564	0.04934845303417945	74.85395560858868	59.20323842426609	
43.787479601249416	-0.8604064310040077	73.59236740102686	57.86407141405495	
43.47037399723731	-0.6001171220993529	72.25810986916338	56.643700080199196	
46.245303473626194	-1.232434185692595	71.39104400605041	55.03471579066246	
48.57677076776786	-0.725524969476554	70.4984855258123	53.57085068778711	
48.66872080590895	-2.1107693886947625	69.83880967048212	52.29784982492992	
50.598040438308715	-1.7392845794760536	69.29647513977388	50.754958401455326	
49.98674185695445	-1.842026015848469	68.40722739774716	49.68460422538313	
50.55347352514338	-2.3264490458574683	67.8231266688806	48.79922667878035	
51.5061234899871	-1.5883246493405185	67.18186497189595	47.602277039500564	
51.56327995195901	-1.0191726884991978	65.95475146776683	47.34287975476285	
53.770541151993434	-0.6589575867843244	64.65461612335682	47.55545327064842	
57.18715019606458	0.4169878352310758	62.837451348282	48.29263277107223	
60.55296081103366	0.1736289277834258	61.207433999422214	49.37363045993106	
64.66936993742831	1.697897609309783	59.37911031893425	51.15843950823563	
69.0367033754103	1.8264922088409514	58.166727805799084	52.92046856309623	
72.50882300164112	2.3252424261277835	57.378258448922345	54.91322283642499	
76.19576067372151	1.7794177711911108	56.68905963672085	56.66299298869614	
79.38824440889552	1.2923039833288508	56.52299859533405	58.10621275497985	
81.41655611809789	2.0160850017795946	56.24142001272966	59.88923540202248	
81.59733749888576	2.398166817466405	56.66194350339033	61.33858322180927	
82.34736000997307	3.0900094165840395	56.728204152272625	63.10044814157174	
82.33882045320595	3.263571507940954	56.97001120835	64.72593763374945	
83.43803350268848	4.581227096144863	57.34111920385274	66.52950765828717	
83.66326546672289	4.495801464202055	57.4183935366622	67.843194299532	
84.41104089538594	5.475616669229925	57.50514931584168	69.35562153359128	
84.77307880246053	4.697543618821191	57.56408134508076	70.77564729190983	
85.40247778281419	6.234148395966327	58.09479269402337	72.41209211647941	
86.03786662682396	7.4882698868779825	58.80539169096994	73.27332291203642	
87.92971068146899	9.910233056722893	58.41741924969744	75.8459449862255	
89.96162254388166	9.517781975686809	58.94107700628161	76.69161805332864	
91.12662393272899	10.573338911304266	59.96907758604545	77.36268831979059	
92.89523487755476	11.603792354936589	61.534512671474594	77.45041914826912	
92.81680709594184	12.532780835392854	62.51076021785803	77.31277873628578	
92.1780840066884	12.996865098749465	63.3025554077217	77.5778198120726	
94.03081747861857	14.974564748866532	63.64009377961133	77.88703115592834	
95.44615303689562	16.873319705407997	64.41074576508493	77.21287609509372	
94.59349337382412	19.401017773046483	64.91448687865773	77.16799641531136	
97.03475830120576	20.588787917362353	65.16944896327595	77.29465922149404	
97.2032488092406	22.77805943592609	64.99930051225857	77.17111997919763	
97.75061426664628	26.185600668096708	64.85184347553061	77.38502931776269	
100.61729168350557	28.13032478590781	64.72774870250089	77.3942425016969	
104.23448321740588	30.296356895814156	63.52757857441773	77.16149798486175	
108.02268528227715	33.585513371138	62.34016313688388	76.55687410351406	
110.64868343251933	35.93053391091029	61.38948497872642	75.49899137526654	
112.58930809817946	37.931970862176286	60.473085344475386	75.30147477808443	
114.60638477902904	39.95600660450932	59.800457072521	75.10165884305478	
115.41016370929566	41.53105172898855	59.05185110909498	74.58309190759138	
117.52992106960112	43.70898879072647	59.0836037629169	73.94252547718219	
119.0386328596143	44.46385117512199	58.782114661829375	73.48354492586652	
122.44114168661558	46.201097524032114	58.61687946990145	73.09728759822138	
123.66170367140366	48.42360542060903	58.30622408604533	73.36873359390425	
125.22148315737725	48.777556155570316	58.07868337000048	73.80755188829	
126.25448896860055	51.34669767022239	58.44353606126206	73.60304970867463	
129.2046774069298	52.43214665991864	58.31358070447568	73.34539268510417	
130.39671589596358	53.23784062767055	58.45011272171784	72.84594416386997	
132.72831670214944	55.34001807813126	58.71741740617154	72.14950276098044	
135.24308100514915	57.36116183580631	59.23426064553579	71.59219433234983	
140.53550946625546	58.79552678194016	59.44996617851231	71.58944263392655	
143.37817684796403	59.25516631236481	59.09827554820816	71.98353002728119	
146.85742459064193	61.351011796579996	58.78830852257501	72.17495018039953	
150.32450293824007	61.03789343724002	59.199836053582466	71.98495251443718	
152.59740696654998	61.8372760191718	59.69299968833331	72.72565696577135	
154.7225343381155	63.443698508584916	60.4348544255869	73.15137443476952	
158.2909399802301	63.69545562964578	60.449582822287844	74.32854842693104	
160.63037741845636	65.08405578172994	60.08580438659947	75.21161389142435	
161.86010515218229	65.74528813164487	59.95740349318633	75.69460014448997	
163.56794978526983	66.36989045136009	59.67718985391807	76.1236399009578	
163.58785088001008	66.84943444474126	59.2339238966781	76.04561589465592	
164.62777657773634	67.54923405857582	59.50789095217983	76.70654878885192	
164.89916095102078	68.13265868335854	59.560713883584924	76.99465150432219	
164.78484081929065	68.2599364306816	59.28176543452007	76.82668692664602	
165.51283289680154	68.59110675277182	59.25555943211126	77.01534844019243	
165.06625124659658	69.00102308723437	59.45727320740572	77.09566822904222	
165.09125563882134	68.73406320374974	58.80358214515261	76.70047077615179	
165.58166971856463	69.79467544329836	58.966899002869475	76.83027728312136	
164.84227334357172	68.09680447796944	59.018779261808234	76.86326430066173	
165.0615327480788	71.37219396308079	58.788513761375825	76.6136580310167	
164.97482395658284	71.69184128150684	59.433038916832416	75.95724898681856	
163.71169884489365	74.87948212297523	59.38655080463189	74.62742292407779	
164.07746024871037	77.29655676765267	59.869073577893545	73.13188338155257	
163.6905181801965	78.37205400658297	59.296189126296895	72.68026039757413	
163.93577756020633	78.99247990496558	59.127831571133434	70.91934433320556	
164.44437881634107	79.11913991431932	58.423083440811425	70.39967751379118	
164.41456707165213	77.34950968136636	57.66097528186432	70.23454507894725	
164.7946942144111	76.27656696405946	57.541449154437544	71.05061432520279	
165.22615416748877	75.96228922160705	57.124162802377164	70.62490932995674	
166.36489088332337	73.61589911583799	57.36801187291989	71.02422922007105	
167.28125053323765	73.46867602475548	56.69347174572374	71.46861641197933	
167.174187646718	71.98756528032177	56.315121747412576	71.60064804142421	
168.05430704884742	71.84401043306548	56.445348006641524	71.48117513420512	
168.09641355025323	71.31078011925412	56.44558608837572	71.3150406155501	
168.20647959134394	71.27571930942679	56.445761963448895	70.87515999478411	
168.35642816217364	70.69872747262261	56.057354988616765	69.66161219145427	
168.04477766041703	71.41259860330449	55.56734175380028	69.40448263031908	
168.0726711659294	71.69809336064594	55.236700898856846	68.74338244282134	
168.15857773039505	71.99800038577716	55.21482243719519	68.5955377675874	
168.55271495275414	72.07390300088647	54.876067061271335	68.67170154607768	
169.38938805192413	72.85515168497916	54.450823394888275	68.65535975206274	
168.96779561659574	72.87598700826086	54.34975121865686	68.26092192726306	
169.16422050582335	71.18168828756889	54.232298047333224	68.91325409571677	
169.79958367952872	70.87104403189363	54.34475293620085	68.42938349337705	
170.12378526853664	69.3739833955431	54.56689677853883	69.17320460965486	
169.33636525371935	70.09131299783222	54.61665892881499	69.2682939360365	
170.15978103964383	67.7957725773659	55.125114847903745	70.08618434070027	
170.105820500621	65.21929895414512	55.59432620949693	71.09878747144971	
170.6574997419733	64.52574940350945	56.59088321365232	72.48846138961662	
171.0429763719417	61.28472163384844	56.96962976596559	73.59629453368096	
171.11479117786132	60.909717438865194	56.96140656967633	74.14111329262383	
170.6775924782162	58.06735414059298	57.52376712601359	74.09997573952317	
171.2843799600991	54.002827118235764	57.3675607845966	74.16509186722982	
171.03787338835738	50.57448794110449	57.78562528212048	74.69938113588125	
170.481083729711	47.87524532294514	58.29113413509308	74.30760650870972	
172.27944912394747	46.44119433280137	58.06402163641296	73.97634516474572	
173.77674995288896	45.7509308137804	58.014744206488686	73.42720268592814	
174.96574222580838	45.724332147972575	57.92775765836652	72.46867619019669	
175.98414263480268	45.21948168325372	57.65688740393712	72.06747984007215	
176.8768013355264	46.13695409205744	57.85839710191891	72.24163342791284	
177.2344453195184	45.54112113597456	57.7686190230447	73.37222661832823	
178.14834041475206	44.897472953890876	57.63936663050248	74.10567410037407	
179.0277036552172	43.88804629032805	57.52893376249909	74.80782931088646	
178.97742811262242	41.993897630044856	57.54085875961613	74.75986072317802	
179.1498215446088	42.73602063972003	57.827439531046586	74.16055685304231	
179.1443503099422	41.60714189574262	57.98796059066493	73.42662275916683	
179.19759699193875	42.87753921021238	57.949268504217656	73.02359155466922	
178.81167140146775	44.81484172548882	57.837352826066905	72.76576811662275	
178.65207377236504	43.77658045848214	57.84064774270083	73.52258337905195	
176.42244126373967	45.66080639796818	57.78555290526953	73.34419282866648	
175.60123995920532	46.789509148857356	57.821493153737144	73.41351016454308	
172.06660591866498	46.866113417895406	58.1517387019131	73.32677441081111	
169.3804861363423	46.72120935452913	58.69485992628269	72.75753045689065	
166.1065321553822	47.39588577110712	59.41564054145054	71.93541683181778	
162.2927648936055	49.68393903428881	59.51512113731499	71.44762573895913	
160.4719597699528	49.878202602537264	59.294320020247596	70.87932210821779	
158.40157004433388	49.36569549368955	59.18646646515711	70.54817707791229	
158.03993689110462	48.07500785253834	59.15861105089443	71.2094111397233	
156.32424836190873	46.87114158623361	59.40830654907097	71.7347111169193	
156.6198087996742	47.72206450250782	58.74965958971662	72.59489906932332	
156.78131798947206	47.24259540594414	58.629589391844696	73.60386670478916	
157.02014528186768	46.25268100761386	58.80087549283149	74.0687944689565	
156.94827170912356	44.12017408245409	59.0234640002799	74.79481665518749	
157.2223956203707	43.285685291056126	59.25666747948981	75.53305241743105	
157.86727176764435	43.651278654189014	58.9351522197045	75.63366636188697	
157.96769434830614	44.63816089717405	58.84747375952591	76.31597471967517	
158.7442205126173	42.149226621410484	59.55047663531765	75.85560830836384	
