275.0 375.0 45.0 25.0
285.0 370.0 40.0 20.0
300.0 370.0 40.0 20.0
315.0 365.0 35.0 20.0
330.0 365.0 35.0 20.0
345.0 365.0 35.0 20.0
355.0 360.0 35.0 20.0
370.0 360.0 40.0 20.0
385.0 355.0 35.0 20.0
395.0 355.0 40.0 20.0
410.0 350.0 35.0 20.0
425.0 350.0 35.0 20.0
440.0 350.0 35.0 20.0
450.0 345.0 35.0 20.0
465.0 345.0 35.0 20.0
475.0 340.0 35.0 20.0
490.0 340.0 35.0 20.0
500.0 335.0 35.0 20.0
515.0 335.0 35.0 20.0
525.0 330.0 35.0 20.0
540.0 330.0 35.0 20.0
555.0 325.0 35.0 20.0
565.0 325.0 35.0 20.0
575.0 320.0 35.0 20.0
590.0 320.0 35.0 20.0
605.0 315.0 35.0 20.0
615.0 315.0 35.0 20.0
630.0 310.0 35.0 20.0
640.0 310.0 35.0 20.0
655.0 305.0 35.0 20.0
670.0 305.0 35.0 20.0
680.0 300.0 35.0 20.0
695.0 300.0 35.0 20.0
705.0 295.0 35.0 20.0
715.0 295.0 35.0 20.0
725.0 290.0 30.0 20.0
740.0 290.0 30.0 20.0
750.0 285.0 30.0 20.0
765.0 285.0 30.0 20.0
775.0 280.0 30.0 20.0
790.0 280.0 35.0 20.0
800.0 275.0 35.0 20.0
815.0 275.0 35.0 20.0
825.0 270.0 35.0 20.0
840.0 265.0 35.0 20.0
850.0 260.0 35.0 20.0
860.0 255.0 35.0 20.0
875.0 255.0 35.0 20.0
890.0 255.0 35.0 20.0
900.0 250.0 35.0 20.0
910.0 245.0 35.0 20.0
925.0 245.0 35.0 20.0
935.0 240.0 35.0 20.0
945.0 235.0 35.0 20.0
960.0 235.0 35.0 20.0
970.0 230.0 35.0 20.0
985.0 225.0 35.0 20.0
1000.0 225.0 35.0 20.0
1010.0 220.0 35.0 20.0
1020.0 215.0 30.0 20.0
1035.0 215.0 30.0 20.0
1045.0 210.0 30.0 20.0
1055.0 205.0 30.0 20.0
1070.0 205.0 30.0 20.0
1080.0 200.0 30.0 20.0
1095.0 195.0 30.0 20.0
1105.0 195.0 30.0 20.0
1120.0 190.0 35.0 20.0
1130.0 185.0 35.0 20.0
1145.0 180.0 35.0 20.0
1155.0 175.0 35.0 20.0
1170.0 170.0 35.0 20.0
1180.0 170.0 35.0 20.0
1190.0 170.0 35.0 20.0
1195.0 165.0 35.0 20.0
1195.0 160.0 35.0 20.0
1195.0 160.0 35.0 20.0
1195.0 155.0 35.0 20.0
1190.0 150.0 35.0 20.0
1185.0 145.0 35.0 20.0
1175.0 140.0 35.0 20.0
1160.0 140.0 35.0 20.0
1145.0 135.0 35.0 20.0
1125.0 130.0 35.0 20.0
1100.0 125.0 35.0 20.0
1075.0 125.0 35.0 20.0
1055.0 120.0 35.0 20.0
1035.0 115.0 35.0 20.0
1020.0 115.0 35.0 20.0
1005.0 110.0 35.0 20.0
995.0 110.0 35.0 20.0
985.0 105.0 35.0 20.0
975.0 100.0 35.0 20.0
970.0 100.0 35.0 20.0
970.0 95.0 35.0 20.0
975.0 90.0 35.0 20.0
975.0 85.0 35.0 20.0
980.0 85.0 35.0 20.0
980.0 80.0 35.0 20.0
985.0 75.0 35.0 20.0
995.0 70.0 35.0 20.0
1000.0 70.0 35.0 20.0
1005.0 65.0 35.0 20.0
1010.0 60.0 35.0 20.0
1015.0 55.0 35.0 20.0
1025.0 50.0 35.0 20.0
1050.0 45.0 35.0 20.0
1075.0 40.0 35.0 20.0
1090.0 35.0 35.0 20.0
1105.0 30.0 35.0 20.0
1120.0 25.0 35.0 20.0
1135.0 20.0 35.0 20.0
1155.0 20.0 35.0 20.0
1170.0 15.0 35.0 20.0
1185.0 10.0 35.0 20.0
1200.0 5.0 35.0 20.0
1220.0 0.0 35.0 20.0
1230.0 0.0 35.0 20.0
1230.0 0.0 35.0 20.0
1230.0 0.0 35.0 20.0
