1280.0 375.0 255.0 100.0
1280.0 380.0 250.0 95.0
1300.0 385.0 245.0 95.0
1315.0 380.0 250.0 95.0
1335.0 370.0 245.0 95.0
1345.0 370.0 245.0 90.0
1365.0 375.0 235.0 90.0
1380.0 375.0 235.0 90.0
1400.0 380.0 235.0 90.0
1415.0 355.0 235.0 90.0
1420.0 325.0 240.0 90.0
1400.0 280.0 240.0 90.0
1400.0 250.0 240.0 90.0
1405.0 235.0 235.0 90.0
1405.0 215.0 230.0 85.0
1405.0 205.0 230.0 85.0
1405.0 215.0 225.0 85.0
1405.0 220.0 220.0 85.0
1410.0 230.0 220.0 85.0
1410.0 255.0 220.0 85.0
1415.0 255.0 215.0 80.0
1410.0 270.0 220.0 85.0
1410.0 275.0 215.0 80.0
1420.0 285.0 205.0 80.0
1430.0 290.0 200.0 75.0
1430.0 270.0 205.0 80.0
1435.0 290.0 205.0 80.0
1445.0 305.0 205.0 80.0
1450.0 315.0 205.0 80.0
1455.0 325.0 205.0 75.0
1455.0 305.0 205.0 80.0
1465.0 310.0 200.0 75.0
1475.0 315.0 205.0 75.0
1485.0 310.0 195.0 75.0
1490.0 300.0 195.0 75.0
1495.0 290.0 195.0 75.0
1490.0 295.0 195.0 75.0
1490.0 305.0 190.0 70.0
1485.0 315.0 195.0 75.0
1485.0 320.0 190.0 70.0
1490.0 305.0 195.0 75.0
1495.0 305.0 190.0 70.0
1505.0 330.0 185.0 70.0
1500.0 330.0 190.0 70.0
1515.0 340.0 185.0 70.0
1515.0 355.0 190.0 70.0
1530.0 365.0 185.0 70.0
1530.0 375.0 190.0 70.0
1540.0 380.0 185.0 70.0
1540.0 385.0 185.0 70.0
1540.0 400.0 185.0 70.0
1540.0 410.0 185.0 70.0
1545.0 405.0 180.0 70.0
1550.0 395.0 185.0 70.0
1565.0 400.0 185.0 70.0
1575.0 410.0 185.0 70.0
1590.0 425.0 185.0 70.0
1600.0 440.0 180.0 70.0
1605.0 465.0 185.0 70.0
1605.0 485.0 185.0 70.0
1600.0 495.0 180.0 70.0
1605.0 490.0 170.0 65.0
1605.0 470.0 170.0 65.0
1610.0 450.0 165.0 60.0
1600.0 430.0 160.0 60.0
1590.0 405.0 165.0 60.0
1565.0 375.0 170.0 65.0
1555.0 360.0 160.0 60.0
1540.0 350.0 160.0 60.0
1525.0 340.0 155.0 60.0
1500.0 335.0 155.0 60.0
1485.0 330.0 155.0 60.0
1475.0 335.0 155.0 60.0
1465.0 330.0 155.0 60.0
1455.0 335.0 150.0 55.0
1460.0 345.0 145.0 55.0
1460.0 350.0 145.0 55.0
1460.0 350.0 145.0 55.0
1455.0 360.0 145.0 55.0
1445.0 355.0 140.0 50.0
1445.0 350.0 135.0 50.0
1435.0 340.0 130.0 50.0
1435.0 335.0 135.0 50.0
1440.0 335.0 135.0 50.0
1440.0 340.0 130.0 50.0
1440.0 340.0 130.0 50.0
1445.0 345.0 130.0 50.0
1445.0 345.0 130.0 50.0
1450.0 340.0 130.0 50.0
1450.0 345.0 130.0 50.0
1455.0 345.0 125.0 45.0
1455.0 345.0 125.0 45.0
1455.0 345.0 125.0 45.0
1460.0 350.0 120.0 45.0
1460.0 345.0 120.0 45.0
1465.0 345.0 120.0 45.0
1465.0 345.0 120.0 45.0
1475.0 345.0 115.0 45.0
1470.0 345.0 115.0 45.0
1470.0 350.0 110.0 40.0
1480.0 355.0 105.0 40.0
1480.0 355.0 105.0 40.0
1475.0 345.0 105.0 40.0
1470.0 340.0 100.0 40.0
1465.0 340.0 100.0 40.0
1465.0 340.0 100.0 40.0
1465.0 340.0 100.0 35.0
1465.0 340.0 100.0 35.0
1460.0 340.0 100.0 35.0
1460.0 335.0 95.0 35.0
1465.0 340.0 95.0 35.0
1465.0 345.0 95.0 35.0
1465.0 350.0 95.0 35.0
1465.0 350.0 90.0 35.0
1465.0 355.0 95.0 35.0
1460.0 360.0 90.0 35.0
1465.0 365.0 85.0 30.0
1465.0 365.0 85.0 30.0
1460.0 365.0 85.0 30.0
1460.0 370.0 85.0 30.0
1455.0 370.0 85.0 30.0
1455.0 370.0 85.0 30.0
1455.0 375.0 85.0 30.0
1455.0 375.0 85.0 30.0
1455.0 380.0 85.0 30.0
1455.0 380.0 85.0 30.0
1455.0 380.0 80.0 30.0
1455.0 385.0 80.0 30.0
1455.0 380.0 75.0 30.0
1440.0 370.0 80.0 30.0
1440.0 365.0 75.0 30.0
1430.0 365.0 75.0 30.0
1425.0 365.0 75.0 30.0
1425.0 365.0 75.0 30.0
1420.0 370.0 75.0 25.0
1415.0 370.0 70.0 25.0
1415.0 375.0 70.0 25.0
1420.0 370.0 65.0 25.0
1425.0 375.0 65.0 25.0
1420.0 375.0 65.0 25.0
1415.0 375.0 65.0 25.0
1410.0 370.0 65.0 25.0
1395.0 365.0 65.0 25.0
1380.0 365.0 65.0 25.0
1375.0 350.0 60.0 20.0
1365.0 345.0 60.0 20.0
1360.0 340.0 60.0 20.0
1355.0 340.0 60.0 20.0
1350.0 340.0 60.0 20.0
1345.0 340.0 60.0 20.0
1345.0 345.0 55.0 20.0
1340.0 345.0 55.0 20.0
1340.0 345.0 55.0 20.0
1345.0 350.0 55.0 20.0
1350.0 355.0 55.0 20.0
1355.0 360.0 55.0 20.0
1360.0 365.0 55.0 20.0
1365.0 370.0 50.0 20.0
1365.0 370.0 55.0 20.0
1370.0 370.0 50.0 20.0
1370.0 370.0 50.0 20.0
1375.0 370.0 50.0 20.0
1385.0 370.0 45.0 20.0
1390.0 375.0 45.0 20.0
1390.0 375.0 45.0 20.0
1395.0 380.0 45.0 20.0
1405.0 385.0 45.0 20.0
1410.0 390.0 45.0 20.0
1415.0 395.0 45.0 20.0
1420.0 395.0 45.0 20.0
1420.0 400.0 45.0 20.0
1420.0 405.0 45.0 20.0
1420.0 410.0 45.0 20.0
1415.0 410.0 40.0 20.0
1415.0 410.0 40.0 20.0
1415.0 415.0 40.0 20.0
1420.0 415.0 40.0 20.0
1415.0 415.0 40.0 20.0
1415.0 415.0 40.0 20.0
1415.0 420.0 40.0 20.0
1415.0 420.0 40.0 20.0
1415.0 420.0 40.0 20.0
1415.0 420.0 40.0 20.0
1415.0 420.0 40.0 20.0
1415.0 425.0 40.0 20.0
1415.0 430.0 40.0 20.0
1415.0 430.0 40.0 20.0
1415.0 430.0 40.0 20.0
1415.0 430.0 40.0 20.0
1415.0 430.0 40.0 20.0
1415.0 430.0 40.0 20.0
1415.0 430.0 35.0 20.0
1405.0 425.0 40.0 20.0
1405.0 425.0 40.0 20.0
1405.0 420.0 35.0 20.0
1400.0 415.0 35.0 20.0
1395.0 415.0 35.0 20.0
1390.0 410.0 35.0 20.0
1385.0 410.0 35.0 20.0
1380.0 405.0 35.0 20.0
1375.0 405.0 35.0 20.0
1365.0 400.0 40.0 20.0
1360.0 400.0 40.0 20.0
1355.0 400.0 40.0 20.0
1350.0 400.0 40.0 20.0
1345.0 395.0 40.0 20.0
1345.0 395.0 40.0 20.0
1345.0 395.0 40.0 20.0
1345.0 395.0 40.0 20.0
1345.0 395.0 40.0 20.0
1345.0 395.0 40.0 20.0
1340.0 390.0 40.0 20.0
1340.0 390.0 40.0 20.0
1340.0 390.0 40.0 20.0
1340.0 390.0 40.0 20.0
1340.0 390.0 40.0 20.0
