165.0 950.0 65.0 135.0
155.0 895.0 65.0 140.0
210.0 835.0 65.0 140.0
220.0 805.0 65.0 140.0
205.0 775.0 65.0 135.0
205.0 730.0 65.0 135.0
225.0 700.0 65.0 140.0
235.0 700.0 65.0 140.0
240.0 715.0 65.0 140.0
230.0 740.0 65.0 140.0
230.0 785.0 65.0 140.0
225.0 835.0 65.0 140.0
265.0 865.0 70.0 145.0
300.0 880.0 65.0 140.0
285.0 900.0 65.0 140.0
295.0 910.0 65.0 140.0
295.0 925.0 65.0 140.0
310.0 940.0 65.0 140.0
310.0 955.0 65.0 140.0
320.0 965.0 65.0 140.0
325.0 975.0 65.0 140.0
330.0 985.0 65.0 140.0
340.0 1005.0 65.0 135.0
345.0 1015.0 65.0 135.0
345.0 1025.0 65.0 135.0
355.0 1030.0 65.0 135.0
365.0 1030.0 65.0 140.0
370.0 1035.0 70.0 145.0
385.0 1035.0 70.0 150.0
405.0 1030.0 70.0 155.0
420.0 995.0 70.0 145.0
415.0 910.0 70.0 155.0
395.0 870.0 70.0 155.0
365.0 865.0 75.0 155.0
355.0 835.0 70.0 150.0
370.0 820.0 70.0 155.0
385.0 815.0 70.0 155.0
405.0 800.0 70.0 145.0
445.0 755.0 70.0 150.0
475.0 735.0 70.0 155.0
495.0 740.0 70.0 145.0
510.0 730.0 70.0 145.0
525.0 700.0 70.0 150.0
535.0 710.0 70.0 145.0
540.0 720.0 70.0 145.0
555.0 725.0 70.0 145.0
570.0 720.0 65.0 140.0
575.0 710.0 70.0 145.0
585.0 710.0 70.0 150.0
595.0 715.0 70.0 150.0
605.0 705.0 70.0 150.0
620.0 700.0 70.0 155.0
630.0 705.0 75.0 155.0
640.0 705.0 70.0 150.0
660.0 700.0 75.0 155.0
665.0 705.0 70.0 155.0
680.0 695.0 75.0 160.0
705.0 680.0 75.0 160.0
720.0 675.0 75.0 155.0
725.0 675.0 75.0 160.0
735.0 685.0 75.0 160.0
755.0 680.0 75.0 160.0
780.0 670.0 75.0 160.0
785.0 675.0 75.0 160.0
795.0 685.0 75.0 160.0
800.0 695.0 75.0 160.0
800.0 695.0 75.0 160.0
810.0 690.0 75.0 160.0
810.0 690.0 80.0 165.0
810.0 690.0 80.0 170.0
805.0 690.0 80.0 165.0
800.0 660.0 80.0 165.0
795.0 620.0 75.0 160.0
785.0 605.0 80.0 165.0
780.0 605.0 80.0 165.0
780.0 595.0 80.0 165.0
770.0 570.0 80.0 170.0
770.0 570.0 80.0 165.0
770.0 575.0 80.0 170.0
775.0 580.0 80.0 170.0
785.0 575.0 80.0 170.0
795.0 565.0 80.0 165.0
805.0 550.0 75.0 160.0
805.0 535.0 80.0 170.0
815.0 530.0 80.0 165.0
815.0 520.0 80.0 165.0
805.0 505.0 80.0 170.0
805.0 510.0 80.0 170.0
810.0 520.0 80.0 170.0
805.0 520.0 80.0 170.0
805.0 515.0 80.0 170.0
800.0 510.0 85.0 175.0
795.0 500.0 85.0 180.0
790.0 495.0 85.0 185.0
780.0 495.0 90.0 185.0
775.0 495.0 90.0 185.0
775.0 505.0 85.0 185.0
775.0 510.0 85.0 185.0
770.0 510.0 90.0 190.0
770.0 505.0 85.0 185.0
765.0 495.0 90.0 185.0
755.0 480.0 90.0 195.0
750.0 475.0 90.0 185.0
740.0 470.0 90.0 190.0
730.0 470.0 90.0 190.0
720.0 485.0 90.0 185.0
710.0 485.0 90.0 195.0
705.0 490.0 90.0 185.0
695.0 495.0 90.0 195.0
690.0 505.0 90.0 190.0
705.0 515.0 90.0 190.0
705.0 510.0 95.0 200.0
695.0 505.0 100.0 205.0
690.0 490.0 95.0 200.0
675.0 480.0 100.0 205.0
660.0 470.0 100.0 205.0
645.0 465.0 100.0 205.0
635.0 460.0 100.0 210.0
625.0 460.0 100.0 210.0
615.0 455.0 105.0 220.0
605.0 460.0 100.0 215.0
595.0 470.0 100.0 210.0
585.0 470.0 100.0 210.0
565.0 465.0 100.0 215.0
550.0 465.0 100.0 210.0
530.0 465.0 100.0 205.0
515.0 460.0 100.0 205.0
500.0 450.0 100.0 215.0
485.0 445.0 105.0 220.0
470.0 440.0 105.0 225.0
475.0 390.0 110.0 235.0
475.0 390.0 110.0 230.0
495.0 405.0 105.0 220.0
505.0 410.0 110.0 230.0
520.0 430.0 105.0 220.0
525.0 450.0 105.0 225.0
530.0 470.0 110.0 235.0
535.0 490.0 110.0 235.0
540.0 505.0 115.0 240.0
545.0 525.0 110.0 235.0
545.0 545.0 110.0 235.0
540.0 560.0 110.0 235.0
535.0 575.0 110.0 230.0
535.0 590.0 110.0 235.0
530.0 600.0 115.0 240.0
520.0 615.0 120.0 245.0
525.0 640.0 115.0 240.0
520.0 660.0 115.0 235.0
515.0 660.0 115.0 240.0
505.0 670.0 110.0 235.0
500.0 675.0 115.0 235.0
495.0 670.0 115.0 240.0
475.0 645.0 120.0 245.0
470.0 625.0 120.0 255.0
460.0 610.0 120.0 255.0
455.0 605.0 120.0 255.0
450.0 595.0 120.0 255.0
440.0 585.0 125.0 260.0
435.0 595.0 120.0 250.0
430.0 605.0 120.0 245.0
420.0 610.0 120.0 250.0
410.0 620.0 120.0 250.0
400.0 625.0 120.0 255.0
400.0 630.0 125.0 265.0
400.0 630.0 125.0 265.0
395.0 620.0 125.0 265.0
395.0 610.0 125.0 265.0
390.0 595.0 135.0 280.0
390.0 600.0 130.0 275.0
390.0 610.0 130.0 275.0
385.0 610.0 135.0 285.0
375.0 610.0 135.0 285.0
365.0 605.0 135.0 285.0
360.0 600.0 135.0 285.0
340.0 590.0 135.0 280.0
335.0 605.0 135.0 285.0
335.0 625.0 135.0 285.0
330.0 635.0 135.0 280.0
325.0 630.0 140.0 290.0
320.0 610.0 135.0 285.0
310.0 585.0 135.0 280.0
310.0 550.0 140.0 290.0
305.0 510.0 140.0 295.0
300.0 455.0 140.0 290.0
285.0 400.0 140.0 295.0
285.0 380.0 135.0 285.0
275.0 370.0 140.0 295.0
310.0 390.0 140.0 295.0
375.0 415.0 145.0 300.0
465.0 445.0 145.0 300.0
550.0 485.0 140.0 295.0
620.0 510.0 140.0 295.0
655.0 545.0 140.0 290.0
670.0 580.0 140.0 290.0
675.0 620.0 135.0 285.0
665.0 650.0 135.0 285.0
640.0 670.0 135.0 280.0
620.0 700.0 135.0 285.0
595.0 725.0 140.0 295.0
575.0 755.0 140.0 290.0
540.0 775.0 145.0 300.0
510.0 790.0 145.0 300.0
480.0 815.0 140.0 290.0
445.0 840.0 135.0 280.0
415.0 875.0 125.0 265.0
395.0 915.0 125.0 265.0
370.0 945.0 135.0 280.0
335.0 995.0 140.0 290.0
