1120.0 355.0 75.0 220.0
1120.0 340.0 70.0 215.0
1120.0 330.0 70.0 215.0
1115.0 325.0 70.0 215.0
1110.0 330.0 70.0 215.0
1100.0 335.0 70.0 210.0
1100.0 335.0 65.0 200.0
1095.0 345.0 65.0 195.0
1085.0 370.0 65.0 190.0
1075.0 400.0 65.0 195.0
1065.0 415.0 65.0 195.0
1060.0 415.0 65.0 190.0
1055.0 405.0 65.0 190.0
1050.0 410.0 65.0 190.0
1050.0 410.0 65.0 190.0
1050.0 420.0 65.0 190.0
1060.0 425.0 60.0 185.0
1070.0 425.0 60.0 185.0
1080.0 430.0 60.0 185.0
1080.0 440.0 60.0 185.0
1085.0 445.0 60.0 185.0
1090.0 445.0 60.0 180.0
1085.0 450.0 60.0 180.0
1080.0 465.0 60.0 180.0
1070.0 475.0 60.0 180.0
1055.0 475.0 60.0 185.0
1040.0 470.0 60.0 185.0
1015.0 475.0 60.0 185.0
990.0 500.0 60.0 185.0
965.0 500.0 60.0 180.0
955.0 530.0 60.0 175.0
960.0 545.0 55.0 170.0
960.0 555.0 55.0 170.0
960.0 565.0 55.0 160.0
970.0 560.0 55.0 170.0
970.0 565.0 55.0 160.0
970.0 565.0 50.0 160.0
970.0 565.0 50.0 150.0
980.0 570.0 50.0 155.0
990.0 595.0 50.0 155.0
1000.0 595.0 50.0 155.0
1005.0 590.0 50.0 150.0
1010.0 590.0 50.0 155.0
1010.0 595.0 50.0 150.0
1010.0 595.0 50.0 160.0
1005.0 595.0 50.0 160.0
990.0 600.0 50.0 150.0
980.0 600.0 50.0 160.0
965.0 595.0 55.0 160.0
950.0 590.0 50.0 160.0
930.0 580.0 50.0 160.0
905.0 575.0 50.0 160.0
885.0 570.0 50.0 155.0
860.0 570.0 50.0 150.0
845.0 570.0 45.0 145.0
820.0 565.0 45.0 145.0
800.0 555.0 45.0 145.0
780.0 545.0 45.0 145.0
765.0 545.0 45.0 145.0
755.0 545.0 45.0 145.0
745.0 540.0 45.0 145.0
740.0 540.0 45.0 145.0
750.0 550.0 45.0 135.0
750.0 555.0 45.0 135.0
760.0 560.0 40.0 130.0
765.0 565.0 45.0 130.0
765.0 565.0 45.0 130.0
765.0 565.0 40.0 125.0
775.0 565.0 40.0 130.0
780.0 570.0 40.0 130.0
785.0 570.0 45.0 130.0
790.0 575.0 40.0 125.0
790.0 575.0 40.0 125.0
795.0 575.0 40.0 125.0
795.0 585.0 40.0 120.0
800.0 595.0 40.0 120.0
810.0 610.0 40.0 120.0
815.0 620.0 40.0 120.0
820.0 625.0 40.0 115.0
825.0 620.0 40.0 120.0
830.0 620.0 40.0 120.0
835.0 620.0 40.0 120.0
840.0 615.0 40.0 120.0
850.0 615.0 40.0 120.0
855.0 615.0 40.0 120.0
855.0 620.0 40.0 120.0
860.0 615.0 40.0 120.0
865.0 615.0 35.0 115.0
865.0 615.0 35.0 110.0
870.0 610.0 35.0 110.0
875.0 625.0 35.0 115.0
885.0 640.0 35.0 115.0
885.0 645.0 35.0 110.0
890.0 640.0 35.0 110.0
895.0 635.0 35.0 110.0
895.0 630.0 35.0 110.0
900.0 625.0 35.0 110.0
900.0 625.0 35.0 110.0
900.0 620.0 35.0 110.0
