780.0 560.0 45.0 25.0
780.0 560.0 40.0 20.0
780.0 560.0 40.0 20.0
780.0 560.0 40.0 20.0
780.0 560.0 40.0 20.0
780.0 560.0 35.0 20.0
780.0 560.0 35.0 20.0
780.0 560.0 35.0 20.0
780.0 560.0 35.0 20.0
780.0 560.0 35.0 20.0
780.0 560.0 35.0 20.0
780.0 560.0 30.0 20.0
780.0 560.0 30.0 20.0
780.0 560.0 30.0 20.0
780.0 560.0 35.0 20.0
780.0 560.0 35.0 20.0
775.0 560.0 35.0 20.0
775.0 560.0 35.0 20.0
775.0 560.0 35.0 20.0
775.0 560.0 35.0 20.0
775.0 560.0 35.0 20.0
775.0 560.0 35.0 20.0
775.0 560.0 35.0 20.0
775.0 560.0 35.0 20.0
775.0 565.0 35.0 20.0
775.0 565.0 35.0 20.0
775.0 565.0 35.0 20.0
775.0 565.0 35.0 20.0
775.0 565.0 35.0 20.0
770.0 560.0 35.0 20.0
765.0 560.0 35.0 20.0
760.0 560.0 35.0 20.0
760.0 560.0 35.0 20.0
765.0 555.0 35.0 20.0
765.0 550.0 35.0 20.0
765.0 550.0 35.0 20.0
770.0 550.0 35.0 20.0
765.0 550.0 35.0 20.0
765.0 550.0 35.0 20.0
770.0 555.0 35.0 20.0
770.0 555.0 35.0 20.0
770.0 560.0 35.0 20.0
765.0 560.0 35.0 20.0
765.0 560.0 35.0 20.0
765.0 560.0 35.0 20.0
760.0 560.0 35.0 20.0
760.0 560.0 35.0 20.0
760.0 560.0 35.0 20.0
760.0 560.0 35.0 20.0
760.0 560.0 35.0 20.0
760.0 560.0 35.0 20.0
750.0 560.0 35.0 20.0
750.0 560.0 35.0 20.0
750.0 555.0 35.0 20.0
750.0 555.0 35.0 20.0
750.0 555.0 35.0 20.0
745.0 555.0 35.0 20.0
745.0 555.0 35.0 20.0
750.0 555.0 35.0 20.0
750.0 555.0 35.0 20.0
750.0 555.0 35.0 20.0
750.0 560.0 35.0 20.0
750.0 565.0 35.0 20.0
750.0 565.0 35.0 20.0
750.0 565.0 35.0 20.0
745.0 565.0 35.0 20.0
740.0 565.0 30.0 20.0
740.0 565.0 30.0 20.0
745.0 565.0 30.0 20.0
745.0 565.0 30.0 20.0
740.0 570.0 30.0 20.0
735.0 565.0 30.0 20.0
735.0 565.0 30.0 20.0
735.0 565.0 30.0 20.0
740.0 565.0 35.0 20.0
740.0 565.0 35.0 20.0
740.0 560.0 35.0 20.0
740.0 560.0 35.0 20.0
735.0 560.0 35.0 20.0
735.0 560.0 35.0 20.0
735.0 560.0 35.0 20.0
735.0 560.0 35.0 20.0
735.0 560.0 35.0 20.0
730.0 560.0 35.0 20.0
730.0 560.0 35.0 20.0
730.0 560.0 35.0 20.0
730.0 560.0 35.0 20.0
725.0 560.0 30.0 20.0
725.0 560.0 30.0 20.0
730.0 565.0 30.0 20.0
730.0 565.0 30.0 20.0
730.0 565.0 30.0 20.0
730.0 565.0 30.0 20.0
730.0 565.0 30.0 20.0
725.0 565.0 30.0 20.0
725.0 565.0 30.0 20.0
725.0 565.0 30.0 20.0
725.0 565.0 30.0 20.0
720.0 565.0 30.0 20.0
720.0 565.0 30.0 20.0
725.0 565.0 30.0 20.0
725.0 565.0 30.0 20.0
725.0 565.0 30.0 20.0
730.0 565.0 25.0 20.0
730.0 565.0 25.0 20.0
735.0 565.0 25.0 20.0
735.0 565.0 25.0 20.0
735.0 570.0 25.0 20.0
735.0 570.0 25.0 20.0
735.0 570.0 25.0 20.0
735.0 570.0 25.0 20.0
735.0 570.0 20.0 20.0
735.0 570.0 20.0 20.0
735.0 575.0 20.0 20.0
740.0 575.0 20.0 20.0
740.0 575.0 20.0 20.0
735.0 580.0 20.0 20.0
735.0 580.0 20.0 20.0
735.0 580.0 20.0 20.0
735.0 585.0 20.0 20.0
735.0 590.0 20.0 20.0
740.0 590.0 20.0 20.0
740.0 590.0 20.0 20.0
740.0 590.0 20.0 20.0
745.0 590.0 20.0 20.0
745.0 595.0 20.0 20.0
745.0 595.0 20.0 20.0
750.0 600.0 20.0 20.0
750.0 605.0 20.0 20.0
750.0 610.0 20.0 20.0
750.0 610.0 20.0 20.0
755.0 610.0 20.0 20.0
755.0 610.0 20.0 20.0
755.0 610.0 20.0 20.0
760.0 610.0 20.0 20.0
765.0 610.0 20.0 20.0
765.0 610.0 20.0 20.0
765.0 610.0 20.0 20.0
770.0 610.0 20.0 20.0
770.0 610.0 20.0 20.0
770.0 610.0 20.0 20.0
770.0 610.0 20.0 20.0
770.0 610.0 20.0 20.0
770.0 610.0 20.0 20.0
770.0 610.0 20.0 20.0
770.0 610.0 20.0 20.0
770.0 615.0 20.0 20.0
770.0 615.0 20.0 20.0
770.0 620.0 20.0 20.0
770.0 620.0 20.0 20.0
770.0 620.0 20.0 20.0
770.0 620.0 20.0 20.0
775.0 620.0 20.0 20.0
775.0 620.0 20.0 20.0
775.0 620.0 20.0 20.0
775.0 625.0 20.0 20.0
775.0 625.0 20.0 20.0
780.0 625.0 20.0 20.0
780.0 625.0 20.0 20.0
785.0 625.0 20.0 20.0
785.0 625.0 20.0 20.0
785.0 625.0 20.0 20.0
780.0 625.0 20.0 20.0
780.0 625.0 20.0 20.0
775.0 625.0 20.0 20.0
775.0 625.0 20.0 20.0
775.0 625.0 20.0 20.0
775.0 625.0 20.0 20.0
775.0 625.0 20.0 20.0
775.0 625.0 20.0 20.0
775.0 625.0 20.0 20.0
775.0 625.0 20.0 20.0
775.0 625.0 20.0 20.0
775.0 625.0 20.0 20.0
775.0 625.0 20.0 20.0
775.0 625.0 20.0 20.0
775.0 625.0 20.0 20.0
780.0 625.0 20.0 20.0
780.0 625.0 20.0 20.0
785.0 630.0 20.0 20.0
785.0 630.0 20.0 20.0
785.0 630.0 20.0 20.0
780.0 630.0 20.0 20.0
780.0 630.0 20.0 20.0
780.0 630.0 20.0 20.0
780.0 630.0 20.0 20.0
780.0 630.0 20.0 20.0
785.0 630.0 20.0 20.0
785.0 630.0 20.0 20.0
785.0 630.0 20.0 20.0
785.0 630.0 20.0 20.0
785.0 630.0 20.0 20.0
785.0 630.0 20.0 20.0
785.0 630.0 20.0 20.0
785.0 630.0 20.0 20.0
785.0 630.0 20.0 20.0
785.0 630.0 20.0 20.0
785.0 630.0 20.0 20.0
785.0 630.0 20.0 20.0
785.0 630.0 20.0 20.0
785.0 630.0 20.0 20.0
785.0 630.0 20.0 20.0
785.0 630.0 20.0 20.0
785.0 630.0 20.0 20.0
785.0 630.0 20.0 20.0
785.0 630.0 20.0 20.0
785.0 630.0 20.0 20.0
785.0 630.0 20.0 20.0
785.0 630.0 20.0 20.0
785.0 630.0 20.0 20.0
785.0 630.0 20.0 20.0
785.0 630.0 20.0 20.0
785.0 630.0 20.0 20.0
785.0 630.0 20.0 20.0
785.0 630.0 20.0 20.0
785.0 630.0 20.0 20.0
785.0 630.0 20.0 20.0
785.0 630.0 20.0 20.0
785.0 630.0 20.0 20.0
785.0 630.0 20.0 20.0
785.0 630.0 20.0 20.0
785.0 630.0 20.0 20.0
785.0 630.0 20.0 20.0
785.0 630.0 20.0 20.0
785.0 630.0 20.0 20.0
785.0 630.0 20.0 20.0
785.0 630.0 20.0 20.0
785.0 630.0 20.0 20.0
785.0 630.0 20.0 20.0
785.0 630.0 20.0 20.0
785.0 630.0 20.0 20.0
785.0 630.0 20.0 20.0
785.0 630.0 20.0 20.0
785.0 630.0 20.0 20.0
785.0 630.0 20.0 20.0
785.0 630.0 20.0 20.0
785.0 630.0 20.0 20.0
785.0 630.0 20.0 20.0
785.0 630.0 20.0 20.0
785.0 630.0 20.0 20.0
785.0 630.0 20.0 20.0
785.0 630.0 20.0 20.0
785.0 630.0 20.0 20.0
785.0 630.0 20.0 20.0
785.0 630.0 20.0 20.0
785.0 630.0 20.0 20.0
785.0 630.0 20.0 20.0
785.0 630.0 20.0 20.0
785.0 630.0 20.0 20.0
785.0 630.0 20.0 20.0
785.0 630.0 20.0 20.0
785.0 630.0 20.0 20.0
785.0 630.0 20.0 20.0
785.0 630.0 20.0 20.0
785.0 630.0 20.0 20.0
785.0 630.0 20.0 20.0
785.0 630.0 20.0 20.0
785.0 630.0 20.0 20.0
785.0 630.0 20.0 20.0
785.0 630.0 20.0 20.0
785.0 630.0 20.0 20.0
785.0 630.0 20.0 20.0
785.0 630.0 20.0 20.0
785.0 630.0 20.0 20.0
785.0 630.0 20.0 20.0
785.0 630.0 20.0 20.0
785.0 630.0 20.0 20.0
785.0 630.0 20.0 20.0
785.0 630.0 20.0 20.0
785.0 630.0 20.0 20.0
785.0 630.0 20.0 20.0
785.0 630.0 20.0 20.0
785.0 630.0 20.0 20.0
785.0 630.0 20.0 20.0
785.0 630.0 20.0 20.0
785.0 630.0 20.0 20.0
785.0 630.0 20.0 20.0
785.0 630.0 20.0 20.0
785.0 630.0 20.0 20.0
785.0 630.0 20.0 20.0
785.0 630.0 20.0 20.0
785.0 630.0 20.0 20.0
785.0 630.0 20.0 20.0
785.0 630.0 20.0 20.0
785.0 630.0 20.0 20.0
785.0 630.0 20.0 20.0
785.0 630.0 20.0 20.0
785.0 630.0 20.0 20.0
785.0 630.0 20.0 20.0
785.0 630.0 20.0 20.0
785.0 630.0 20.0 20.0
785.0 630.0 20.0 20.0
785.0 630.0 20.0 20.0
785.0 630.0 20.0 20.0
785.0 630.0 20.0 20.0
785.0 630.0 20.0 20.0
785.0 630.0 20.0 20.0
785.0 630.0 20.0 20.0
785.0 630.0 20.0 20.0
785.0 630.0 20.0 20.0
