1555.0 540.0 95.0 25.0
1555.0 540.0 90.0 20.0
1550.0 540.0 90.0 20.0
1550.0 540.0 90.0 20.0
1555.0 540.0 85.0 20.0
1555.0 540.0 85.0 20.0
1555.0 540.0 80.0 20.0
1550.0 540.0 85.0 20.0
1550.0 540.0 80.0 20.0
1550.0 540.0 80.0 20.0
1545.0 540.0 85.0 20.0
1540.0 540.0 80.0 20.0
1540.0 540.0 80.0 20.0
1540.0 540.0 85.0 20.0
1540.0 550.0 85.0 20.0
1535.0 540.0 85.0 20.0
1535.0 540.0 80.0 20.0
1535.0 540.0 80.0 20.0
1530.0 535.0 80.0 20.0
1530.0 535.0 80.0 20.0
1525.0 535.0 80.0 20.0
1530.0 535.0 80.0 20.0
1530.0 535.0 75.0 20.0
1530.0 535.0 75.0 20.0
1535.0 540.0 75.0 20.0
1530.0 540.0 75.0 20.0
1525.0 535.0 70.0 20.0
1520.0 540.0 70.0 20.0
1525.0 530.0 70.0 20.0
1520.0 530.0 70.0 20.0
1520.0 530.0 70.0 20.0
1515.0 530.0 70.0 20.0
1515.0 530.0 70.0 20.0
1515.0 535.0 75.0 20.0
1505.0 535.0 80.0 20.0
1505.0 535.0 75.0 20.0
1500.0 535.0 70.0 20.0
1500.0 535.0 75.0 20.0
1490.0 530.0 70.0 20.0
1490.0 535.0 70.0 20.0
1480.0 535.0 70.0 20.0
1475.0 535.0 70.0 20.0
1470.0 535.0 70.0 20.0
1465.0 535.0 70.0 20.0
1465.0 540.0 65.0 20.0
1455.0 540.0 70.0 20.0
1450.0 535.0 70.0 20.0
1450.0 535.0 70.0 20.0
1445.0 535.0 70.0 20.0
1435.0 540.0 70.0 20.0
1400.0 540.0 70.0 20.0
1370.0 540.0 70.0 20.0
1365.0 540.0 70.0 20.0
1360.0 540.0 70.0 20.0
1360.0 540.0 70.0 20.0
1365.0 545.0 65.0 20.0
1355.0 545.0 70.0 20.0
1355.0 545.0 65.0 20.0
1345.0 545.0 70.0 20.0
1345.0 550.0 70.0 20.0
1340.0 550.0 70.0 20.0
1340.0 545.0 70.0 20.0
1335.0 545.0 70.0 20.0
1335.0 545.0 70.0 20.0
1335.0 545.0 70.0 20.0
1330.0 545.0 70.0 20.0
1330.0 545.0 70.0 20.0
1330.0 545.0 70.0 20.0
1335.0 545.0 70.0 20.0
1335.0 545.0 70.0 20.0
1335.0 545.0 70.0 20.0
1335.0 545.0 70.0 20.0
1335.0 545.0 70.0 20.0
1335.0 545.0 70.0 20.0
1335.0 545.0 70.0 20.0
1330.0 555.0 75.0 20.0
1340.0 545.0 80.0 20.0
1345.0 540.0 75.0 20.0
1340.0 545.0 75.0 20.0
1340.0 545.0 75.0 20.0
1340.0 545.0 75.0 20.0
1340.0 545.0 75.0 20.0
1340.0 545.0 75.0 20.0
1340.0 545.0 75.0 20.0
1335.0 545.0 70.0 20.0
1330.0 545.0 70.0 20.0
1330.0 545.0 70.0 20.0
1330.0 550.0 70.0 20.0
1330.0 550.0 70.0 20.0
1325.0 545.0 70.0 20.0
1325.0 545.0 70.0 20.0
1325.0 545.0 70.0 20.0
1325.0 545.0 70.0 20.0
1320.0 545.0 70.0 20.0
1320.0 545.0 70.0 20.0
1320.0 550.0 70.0 20.0
1320.0 550.0 70.0 20.0
1320.0 545.0 70.0 20.0
1315.0 545.0 70.0 20.0
1315.0 545.0 70.0 20.0
1280.0 545.0 75.0 20.0
1255.0 545.0 75.0 20.0
1250.0 550.0 75.0 20.0
1245.0 545.0 70.0 20.0
1245.0 545.0 70.0 20.0
1240.0 545.0 70.0 20.0
1235.0 545.0 70.0 20.0
1240.0 545.0 70.0 20.0
1235.0 545.0 70.0 20.0
1230.0 545.0 70.0 20.0
1225.0 545.0 70.0 20.0
1225.0 550.0 70.0 20.0
1230.0 540.0 70.0 20.0
1225.0 550.0 70.0 20.0
1225.0 545.0 70.0 20.0
1225.0 535.0 75.0 20.0
1210.0 545.0 75.0 20.0
1220.0 535.0 75.0 20.0
1220.0 545.0 75.0 20.0
1220.0 535.0 75.0 20.0
1220.0 535.0 70.0 20.0
1225.0 540.0 70.0 20.0
1225.0 540.0 70.0 20.0
1235.0 545.0 65.0 20.0
1220.0 545.0 70.0 20.0
1220.0 545.0 70.0 20.0
1215.0 555.0 70.0 20.0
1210.0 555.0 70.0 20.0
1210.0 550.0 70.0 20.0
1210.0 555.0 65.0 20.0
1215.0 545.0 65.0 20.0
1215.0 545.0 65.0 20.0
1205.0 545.0 65.0 20.0
1200.0 545.0 65.0 20.0
1210.0 545.0 65.0 20.0
1205.0 555.0 65.0 20.0
1205.0 560.0 60.0 20.0
1205.0 555.0 60.0 20.0
1205.0 555.0 65.0 20.0
1200.0 560.0 65.0 20.0
1200.0 555.0 65.0 20.0
1190.0 550.0 70.0 20.0
1195.0 555.0 65.0 20.0
1190.0 555.0 65.0 20.0
1190.0 550.0 65.0 20.0
1185.0 550.0 65.0 20.0
1185.0 555.0 65.0 20.0
1175.0 555.0 70.0 20.0
1175.0 555.0 70.0 20.0
1175.0 555.0 70.0 20.0
1185.0 550.0 65.0 20.0
1180.0 550.0 65.0 20.0
1180.0 550.0 65.0 20.0
1180.0 555.0 60.0 20.0
1175.0 550.0 60.0 20.0
1175.0 555.0 60.0 20.0
1170.0 550.0 65.0 20.0
1170.0 550.0 65.0 20.0
1165.0 550.0 65.0 20.0
1165.0 555.0 60.0 20.0
1160.0 555.0 65.0 20.0
1160.0 555.0 65.0 20.0
1160.0 555.0 65.0 20.0
1155.0 555.0 65.0 20.0
1155.0 555.0 65.0 20.0
1155.0 555.0 65.0 20.0
1155.0 555.0 65.0 20.0
1155.0 555.0 65.0 20.0
1150.0 555.0 65.0 20.0
1150.0 555.0 65.0 20.0
1145.0 555.0 65.0 20.0
1145.0 555.0 65.0 20.0
1145.0 555.0 65.0 20.0
1140.0 555.0 65.0 20.0
1140.0 555.0 65.0 20.0
1140.0 555.0 65.0 20.0
1135.0 555.0 65.0 20.0
1135.0 555.0 65.0 20.0
1135.0 555.0 65.0 20.0
1135.0 555.0 65.0 20.0
1135.0 555.0 65.0 20.0
1130.0 555.0 65.0 20.0
1120.0 555.0 70.0 20.0
1125.0 555.0 70.0 20.0
1125.0 555.0 65.0 20.0
1125.0 545.0 65.0 20.0
1125.0 550.0 65.0 20.0
1125.0 560.0 65.0 20.0
1115.0 555.0 60.0 20.0
1115.0 555.0 60.0 20.0
1115.0 565.0 60.0 20.0
1115.0 570.0 60.0 20.0
1115.0 565.0 60.0 20.0
1110.0 565.0 65.0 20.0
1110.0 565.0 65.0 20.0
1105.0 565.0 65.0 20.0
1105.0 565.0 65.0 20.0
1105.0 565.0 65.0 20.0
1100.0 560.0 65.0 20.0
1100.0 565.0 65.0 20.0
1085.0 565.0 65.0 20.0
1075.0 565.0 60.0 20.0
1070.0 565.0 60.0 20.0
1070.0 565.0 60.0 20.0
1065.0 560.0 60.0 20.0
1065.0 560.0 55.0 20.0
1060.0 565.0 60.0 20.0
1065.0 565.0 55.0 20.0
1065.0 565.0 55.0 20.0
1060.0 565.0 55.0 20.0
1060.0 560.0 55.0 20.0
1060.0 560.0 55.0 20.0
1060.0 560.0 55.0 20.0
1055.0 560.0 60.0 20.0
1055.0 560.0 60.0 20.0
1055.0 560.0 60.0 20.0
1050.0 555.0 60.0 20.0
1045.0 555.0 60.0 20.0
1045.0 555.0 60.0 20.0
1045.0 560.0 60.0 20.0
1045.0 560.0 60.0 20.0
1040.0 555.0 65.0 20.0
1040.0 560.0 65.0 20.0
1035.0 560.0 65.0 20.0
1035.0 560.0 65.0 20.0
1030.0 555.0 65.0 20.0
1030.0 555.0 65.0 20.0
1035.0 560.0 60.0 20.0
1030.0 560.0 60.0 20.0
1030.0 560.0 60.0 20.0
1035.0 560.0 55.0 20.0
1030.0 560.0 55.0 20.0
1030.0 560.0 55.0 20.0
1025.0 560.0 55.0 20.0
1020.0 560.0 60.0 20.0
1020.0 560.0 60.0 20.0
1015.0 560.0 60.0 20.0
1015.0 560.0 60.0 20.0
1015.0 560.0 60.0 20.0
1015.0 560.0 55.0 20.0
1015.0 560.0 55.0 20.0
1010.0 560.0 60.0 20.0
1005.0 555.0 60.0 20.0
1005.0 560.0 60.0 20.0
1005.0 560.0 60.0 20.0
1005.0 560.0 60.0 20.0
1005.0 560.0 60.0 20.0
1000.0 560.0 60.0 20.0
1000.0 560.0 60.0 20.0
1000.0 560.0 55.0 20.0
1000.0 560.0 55.0 20.0
1000.0 555.0 50.0 20.0
1000.0 555.0 50.0 20.0
995.0 555.0 50.0 20.0
995.0 555.0 50.0 20.0
990.0 560.0 50.0 20.0
990.0 560.0 55.0 20.0
985.0 560.0 55.0 20.0
985.0 560.0 55.0 20.0
985.0 560.0 55.0 20.0
985.0 560.0 55.0 20.0
980.0 560.0 55.0 20.0
980.0 560.0 55.0 20.0
980.0 560.0 55.0 20.0
975.0 565.0 60.0 20.0
970.0 565.0 60.0 20.0
975.0 560.0 55.0 20.0
970.0 560.0 55.0 20.0
965.0 560.0 60.0 20.0
970.0 560.0 55.0 20.0
965.0 560.0 55.0 20.0
965.0 560.0 55.0 20.0
965.0 560.0 55.0 20.0
960.0 565.0 60.0 20.0
960.0 565.0 60.0 20.0
955.0 565.0 60.0 20.0
955.0 565.0 60.0 20.0
955.0 565.0 60.0 20.0
950.0 565.0 60.0 20.0
950.0 565.0 60.0 20.0
950.0 565.0 60.0 20.0
945.0 565.0 60.0 20.0
945.0 565.0 60.0 20.0
945.0 560.0 60.0 20.0
945.0 560.0 55.0 20.0
945.0 560.0 55.0 20.0
940.0 560.0 55.0 20.0
940.0 560.0 55.0 20.0
940.0 560.0 55.0 20.0
940.0 560.0 55.0 20.0
935.0 560.0 55.0 20.0
930.0 560.0 60.0 20.0
935.0 560.0 55.0 20.0
935.0 565.0 55.0 20.0
930.0 565.0 55.0 20.0
930.0 560.0 55.0 20.0
925.0 560.0 55.0 20.0
925.0 560.0 60.0 20.0
930.0 560.0 55.0 20.0
930.0 560.0 55.0 20.0
925.0 565.0 55.0 20.0
930.0 570.0 55.0 20.0
930.0 570.0 60.0 20.0
930.0 570.0 60.0 20.0
930.0 570.0 60.0 20.0
925.0 570.0 60.0 20.0
920.0 570.0 65.0 20.0
920.0 565.0 65.0 20.0
915.0 565.0 70.0 20.0
920.0 565.0 70.0 20.0
925.0 565.0 70.0 20.0
925.0 565.0 70.0 20.0
925.0 565.0 70.0 20.0
925.0 565.0 70.0 20.0
915.0 590.0 70.0 20.0
915.0 590.0 70.0 20.0
925.0 590.0 65.0 20.0
925.0 590.0 65.0 20.0
925.0 590.0 60.0 20.0
930.0 590.0 60.0 20.0
930.0 585.0 60.0 20.0
935.0 585.0 60.0 20.0
940.0 585.0 60.0 20.0
945.0 585.0 60.0 20.0
945.0 585.0 55.0 20.0
945.0 585.0 60.0 20.0
955.0 585.0 55.0 20.0
955.0 585.0 60.0 20.0
960.0 585.0 55.0 20.0
965.0 580.0 55.0 20.0
965.0 600.0 55.0 20.0
955.0 605.0 60.0 20.0
955.0 605.0 60.0 20.0
950.0 605.0 60.0 20.0
945.0 605.0 60.0 20.0
950.0 605.0 55.0 20.0
950.0 605.0 55.0 20.0
950.0 605.0 55.0 20.0
955.0 605.0 55.0 20.0
955.0 605.0 55.0 20.0
955.0 605.0 55.0 20.0
955.0 605.0 55.0 20.0
960.0 605.0 55.0 20.0
960.0 605.0 55.0 20.0
960.0 605.0 60.0 20.0
960.0 605.0 60.0 20.0
960.0 605.0 60.0 20.0
960.0 605.0 60.0 20.0
965.0 605.0 60.0 20.0
965.0 605.0 60.0 20.0
965.0 605.0 60.0 20.0
960.0 605.0 60.0 20.0
960.0 605.0 60.0 20.0
965.0 605.0 60.0 20.0
965.0 605.0 60.0 20.0
965.0 605.0 60.0 20.0
960.0 605.0 60.0 20.0
955.0 600.0 60.0 20.0
955.0 605.0 60.0 20.0
955.0 605.0 60.0 20.0
955.0 605.0 60.0 20.0
955.0 605.0 60.0 20.0
960.0 610.0 60.0 20.0
960.0 610.0 60.0 20.0
960.0 610.0 60.0 20.0
960.0 610.0 60.0 20.0
965.0 610.0 60.0 20.0
960.0 610.0 60.0 20.0
960.0 610.0 60.0 20.0
960.0 605.0 60.0 20.0
960.0 610.0 60.0 20.0
965.0 610.0 60.0 20.0
965.0 610.0 60.0 20.0
965.0 605.0 55.0 20.0
965.0 605.0 55.0 20.0
965.0 610.0 60.0 20.0
965.0 605.0 60.0 20.0
965.0 605.0 60.0 20.0
965.0 605.0 60.0 20.0
965.0 605.0 60.0 20.0
965.0 605.0 60.0 20.0
965.0 605.0 60.0 20.0
960.0 605.0 60.0 20.0
960.0 605.0 60.0 20.0
960.0 605.0 60.0 20.0
965.0 605.0 60.0 20.0
965.0 605.0 60.0 20.0
965.0 605.0 60.0 20.0
965.0 605.0 65.0 20.0
965.0 605.0 65.0 20.0
955.0 605.0 70.0 20.0
955.0 605.0 70.0 20.0
955.0 605.0 70.0 20.0
960.0 605.0 70.0 20.0
960.0 600.0 70.0 20.0
960.0 605.0 70.0 20.0
960.0 610.0 70.0 20.0
960.0 605.0 70.0 20.0
965.0 605.0 70.0 20.0
965.0 610.0 70.0 20.0
