440.0 365.0 215.0 340.0
440.0 365.0 215.0 340.0
440.0 365.0 215.0 340.0
440.0 365.0 215.0 340.0
440.0 365.0 215.0 340.0
440.0 365.0 215.0 340.0
440.0 365.0 215.0 340.0
440.0 365.0 215.0 340.0
440.0 355.0 220.0 350.0
490.0 360.0 215.0 345.0
535.0 345.0 215.0 345.0
595.0 320.0 210.0 330.0
660.0 315.0 205.0 325.0
715.0 300.0 210.0 335.0
760.0 265.0 220.0 350.0
825.0 270.0 210.0 335.0
870.0 240.0 210.0 330.0
910.0 215.0 210.0 330.0
940.0 170.0 210.0 335.0
965.0 115.0 210.0 335.0
980.0 45.0 210.0 335.0
995.0 0.0 215.0 345.0
995.0 -50.0 210.0 330.0
1000.0 -85.0 200.0 320.0
995.0 -110.0 190.0 305.0
970.0 -170.0 200.0 320.0
970.0 -170.0 190.0 305.0
990.0 -135.0 190.0 305.0
1015.0 -80.0 190.0 305.0
1020.0 -35.0 185.0 295.0
1015.0 0.0 190.0 305.0
1025.0 45.0 185.0 295.0
1030.0 75.0 175.0 280.0
1035.0 115.0 170.0 270.0
1035.0 155.0 175.0 280.0
1025.0 180.0 180.0 290.0
1020.0 200.0 190.0 300.0
1010.0 200.0 195.0 310.0
1015.0 190.0 205.0 325.0
1020.0 180.0 205.0 325.0
1020.0 165.0 210.0 335.0
1035.0 160.0 210.0 330.0
1065.0 165.0 205.0 325.0
1100.0 150.0 195.0 310.0
1120.0 140.0 205.0 325.0
1140.0 130.0 210.0 330.0
1175.0 125.0 200.0 320.0
1205.0 140.0 205.0 325.0
1230.0 135.0 210.0 330.0
1260.0 135.0 205.0 325.0
1285.0 120.0 195.0 310.0
1330.0 135.0 190.0 300.0
1375.0 140.0 180.0 290.0
1400.0 125.0 185.0 295.0
1415.0 115.0 190.0 305.0
1430.0 115.0 190.0 300.0
1450.0 120.0 180.0 290.0
1475.0 130.0 180.0 290.0
1505.0 130.0 190.0 300.0
1535.0 130.0 190.0 300.0
1575.0 140.0 180.0 290.0
1600.0 140.0 185.0 295.0
1620.0 130.0 190.0 305.0
1640.0 110.0 185.0 295.0
1665.0 100.0 180.0 290.0
1700.0 95.0 175.0 280.0
1720.0 85.0 180.0 290.0
1720.0 55.0 185.0 295.0
1695.0 40.0 190.0 305.0
1675.0 70.0 195.0 310.0
1670.0 115.0 200.0 320.0
1675.0 155.0 210.0 330.0
1695.0 195.0 200.0 320.0
1705.0 240.0 195.0 310.0
1700.0 280.0 195.0 310.0
1685.0 300.0 200.0 320.0
1680.0 325.0 195.0 310.0
1645.0 330.0 200.0 320.0
1610.0 335.0 210.0 330.0
1585.0 345.0 210.0 330.0
1560.0 345.0 210.0 330.0
1530.0 340.0 210.0 330.0
1505.0 345.0 200.0 320.0
1465.0 335.0 195.0 310.0
1420.0 330.0 200.0 320.0
1370.0 335.0 205.0 325.0
1290.0 325.0 210.0 330.0
1230.0 335.0 210.0 330.0
1185.0 340.0 200.0 320.0
1130.0 320.0 210.0 330.0
1090.0 325.0 205.0 325.0
1050.0 320.0 210.0 330.0
1030.0 325.0 200.0 320.0
1005.0 340.0 205.0 325.0
965.0 340.0 210.0 335.0
940.0 340.0 210.0 330.0
905.0 345.0 210.0 335.0
885.0 355.0 205.0 325.0
850.0 350.0 205.0 325.0
795.0 335.0 210.0 330.0
735.0 320.0 215.0 345.0
675.0 320.0 210.0 330.0
615.0 325.0 205.0 325.0
540.0 315.0 210.0 335.0
490.0 300.0 220.0 350.0
460.0 285.0 210.0 335.0
440.0 245.0 210.0 330.0
420.0 205.0 210.0 335.0
410.0 170.0 215.0 345.0
390.0 135.0 215.0 345.0
370.0 90.0 220.0 350.0
360.0 75.0 210.0 335.0
340.0 40.0 215.0 345.0
320.0 10.0 220.0 350.0
330.0 10.0 210.0 335.0
335.0 0.0 210.0 335.0
340.0 -15.0 210.0 330.0
345.0 -20.0 200.0 320.0
335.0 -35.0 210.0 330.0
335.0 -25.0 205.0 325.0
300.0 -20.0 210.0 335.0
265.0 10.0 205.0 325.0
215.0 60.0 210.0 330.0
190.0 125.0 205.0 325.0
170.0 170.0 205.0 325.0
145.0 180.0 200.0 320.0
145.0 200.0 190.0 305.0
145.0 195.0 195.0 310.0
145.0 195.0 190.0 305.0
145.0 160.0 190.0 305.0
145.0 110.0 200.0 320.0
170.0 75.0 210.0 330.0
205.0 45.0 205.0 325.0
230.0 5.0 210.0 330.0
260.0 -25.0 200.0 320.0
300.0 -65.0 195.0 310.0
340.0 -80.0 190.0 305.0
380.0 -95.0 195.0 310.0
420.0 -95.0 190.0 305.0
460.0 -95.0 185.0 295.0
495.0 -100.0 180.0 290.0
540.0 -105.0 175.0 280.0
585.0 -105.0 175.0 280.0
620.0 -105.0 185.0 295.0
665.0 -110.0 185.0 295.0
710.0 -120.0 185.0 295.0
755.0 -125.0 190.0 300.0
800.0 -120.0 190.0 305.0
845.0 -115.0 185.0 295.0
895.0 -115.0 190.0 300.0
950.0 -95.0 190.0 305.0
1010.0 -40.0 185.0 295.0
1050.0 0.0 190.0 305.0
1070.0 40.0 190.0 305.0
1090.0 75.0 185.0 295.0
1095.0 100.0 185.0 295.0
1100.0 120.0 185.0 295.0
1095.0 140.0 190.0 305.0
1100.0 155.0 195.0 310.0
1100.0 160.0 195.0 310.0
1095.0 165.0 195.0 310.0
1085.0 170.0 195.0 310.0
1085.0 180.0 190.0 300.0
1090.0 175.0 190.0 305.0
1090.0 160.0 190.0 305.0
1095.0 135.0 200.0 320.0
1120.0 120.0 200.0 320.0
1155.0 110.0 190.0 305.0
1185.0 100.0 185.0 295.0
1205.0 70.0 190.0 300.0
1215.0 20.0 195.0 310.0
1225.0 -5.0 200.0 320.0
1230.0 -15.0 200.0 320.0
1225.0 0.0 205.0 325.0
1190.0 35.0 205.0 325.0
1135.0 100.0 210.0 330.0
1095.0 175.0 205.0 325.0
1045.0 235.0 205.0 325.0
1005.0 280.0 205.0 325.0
980.0 315.0 200.0 320.0
960.0 335.0 210.0 330.0
950.0 340.0 205.0 325.0
945.0 350.0 195.0 310.0
945.0 355.0 195.0 310.0
910.0 360.0 205.0 325.0
850.0 360.0 205.0 325.0
800.0 365.0 205.0 325.0
760.0 360.0 205.0 325.0
730.0 335.0 210.0 330.0
740.0 315.0 205.0 325.0
740.0 250.0 205.0 325.0
730.0 190.0 210.0 335.0
730.0 165.0 210.0 330.0
720.0 120.0 205.0 325.0
700.0 50.0 210.0 330.0
690.0 5.0 210.0 335.0
690.0 -15.0 205.0 325.0
675.0 -70.0 210.0 330.0
670.0 -120.0 200.0 320.0
665.0 -125.0 195.0 310.0
