1220.0 160.0 150.0 170.0
1225.0 175.0 150.0 170.0
1235.0 190.0 150.0 170.0
1240.0 200.0 155.0 180.0
1250.0 225.0 155.0 175.0
1255.0 215.0 155.0 175.0
1265.0 220.0 155.0 180.0
1265.0 225.0 165.0 185.0
1275.0 235.0 165.0 190.0
1280.0 220.0 170.0 195.0
1290.0 245.0 170.0 195.0
1290.0 260.0 175.0 195.0
1285.0 280.0 175.0 200.0
1265.0 300.0 180.0 205.0
1240.0 335.0 180.0 205.0
1220.0 360.0 180.0 205.0
1210.0 380.0 190.0 215.0
1210.0 395.0 195.0 220.0
1190.0 420.0 190.0 215.0
1185.0 435.0 190.0 215.0
1180.0 435.0 200.0 225.0
1175.0 450.0 210.0 235.0
1185.0 445.0 205.0 230.0
1185.0 460.0 210.0 240.0
1190.0 490.0 210.0 240.0
1195.0 505.0 220.0 250.0
1200.0 520.0 220.0 250.0
1195.0 505.0 230.0 260.0
1195.0 500.0 230.0 260.0
1180.0 485.0 235.0 265.0
1170.0 460.0 245.0 275.0
1150.0 450.0 255.0 290.0
1140.0 450.0 260.0 295.0
1130.0 465.0 270.0 305.0
1110.0 420.0 280.0 320.0
1100.0 435.0 270.0 305.0
1085.0 410.0 275.0 310.0
1060.0 385.0 285.0 325.0
1045.0 405.0 295.0 335.0
1030.0 435.0 310.0 350.0
1025.0 460.0 320.0 365.0
1005.0 450.0 335.0 380.0
970.0 435.0 350.0 395.0
950.0 425.0 365.0 410.0
945.0 455.0 365.0 410.0
920.0 450.0 380.0 430.0
900.0 505.0 395.0 445.0
875.0 480.0 395.0 445.0
845.0 435.0 410.0 465.0
840.0 435.0 425.0 485.0
820.0 470.0 445.0 505.0
825.0 475.0 450.0 515.0
865.0 445.0 450.0 515.0
890.0 440.0 470.0 535.0
940.0 470.0 490.0 555.0
1030.0 465.0 510.0 580.0
1145.0 530.0 530.0 600.0
1275.0 440.0 540.0 615.0
1395.0 345.0 540.0 615.0
1415.0 425.0 540.0 615.0
1495.0 525.0 565.0 640.0
1570.0 610.0 540.0 615.0
1480.0 425.0 540.0 615.0
1655.0 490.0 520.0 590.0
1575.0 435.0 540.0 615.0
