1230.0 610.0 85.0 85.0
1225.0 610.0 80.0 80.0
1230.0 610.0 80.0 80.0
1225.0 610.0 80.0 80.0
1225.0 610.0 80.0 80.0
1220.0 615.0 80.0 80.0
1215.0 605.0 85.0 85.0
1205.0 600.0 85.0 85.0
1200.0 610.0 85.0 85.0
1195.0 605.0 85.0 85.0
1185.0 600.0 85.0 85.0
1180.0 595.0 85.0 85.0
1170.0 595.0 85.0 85.0
1165.0 595.0 85.0 85.0
1160.0 590.0 85.0 85.0
1150.0 585.0 85.0 85.0
1135.0 580.0 90.0 90.0
1140.0 580.0 85.0 85.0
1130.0 580.0 90.0 90.0
1125.0 575.0 95.0 95.0
1120.0 575.0 90.0 90.0
1110.0 575.0 95.0 95.0
1110.0 565.0 95.0 95.0
1110.0 565.0 95.0 95.0
1110.0 570.0 95.0 95.0
1125.0 580.0 90.0 90.0
1140.0 580.0 95.0 95.0
1165.0 580.0 95.0 95.0
1180.0 585.0 95.0 95.0
1170.0 575.0 100.0 100.0
1180.0 530.0 95.0 95.0
1260.0 525.0 95.0 95.0
1255.0 530.0 90.0 90.0
1235.0 535.0 85.0 85.0
1210.0 530.0 90.0 90.0
1190.0 530.0 85.0 85.0
1175.0 535.0 85.0 85.0
1165.0 535.0 80.0 80.0
1140.0 530.0 85.0 85.0
1120.0 520.0 90.0 90.0
1100.0 505.0 90.0 90.0
1090.0 485.0 90.0 90.0
1080.0 475.0 85.0 85.0
1070.0 470.0 85.0 85.0
1070.0 460.0 85.0 85.0
1060.0 440.0 85.0 85.0
1045.0 420.0 85.0 85.0
1035.0 395.0 85.0 85.0
1025.0 380.0 85.0 85.0
1015.0 370.0 85.0 85.0
995.0 350.0 85.0 85.0
990.0 340.0 85.0 85.0
980.0 325.0 90.0 90.0
985.0 330.0 85.0 85.0
985.0 320.0 85.0 85.0
965.0 295.0 85.0 85.0
920.0 260.0 90.0 90.0
910.0 255.0 85.0 85.0
890.0 240.0 85.0 85.0
855.0 225.0 90.0 90.0
835.0 215.0 85.0 85.0
810.0 200.0 90.0 90.0
780.0 175.0 90.0 90.0
765.0 160.0 85.0 85.0
755.0 150.0 85.0 85.0
740.0 110.0 90.0 90.0
730.0 80.0 90.0 90.0
715.0 40.0 90.0 90.0
695.0 5.0 90.0 90.0
680.0 -25.0 90.0 90.0
675.0 0.0 90.0 90.0
655.0 -25.0 95.0 95.0
620.0 0.0 90.0 90.0
595.0 -35.0 90.0 90.0
550.0 15.0 90.0 90.0
545.0 70.0 90.0 90.0
535.0 40.0 85.0 85.0
525.0 15.0 80.0 80.0
510.0 20.0 85.0 85.0
500.0 5.0 80.0 80.0
475.0 -10.0 85.0 85.0
450.0 30.0 85.0 85.0
415.0 -20.0 85.0 85.0
325.0 -30.0 90.0 90.0
290.0 0.0 85.0 85.0
215.0 -10.0 85.0 85.0
200.0 0.0 90.0 90.0
170.0 10.0 90.0 90.0
155.0 -5.0 85.0 85.0
75.0 30.0 80.0 80.0
5.0 15.0 85.0 85.0
-10.0 0.0 80.0 80.0
0.0 -25.0 80.0 80.0
-25.0 -10.0 80.0 80.0
15.0 -10.0 75.0 75.0
80.0 -15.0 75.0 75.0
90.0 -35.0 75.0 75.0
160.0 85.0 80.0 80.0
160.0 75.0 75.0 75.0
120.0 115.0 70.0 70.0
170.0 115.0 70.0 70.0
205.0 0.0 70.0 70.0
205.0 0.0 70.0 70.0
190.0 55.0 65.0 65.0
185.0 100.0 65.0 65.0
180.0 85.0 60.0 60.0
175.0 40.0 60.0 60.0
150.0 80.0 60.0 60.0
120.0 70.0 60.0 60.0
95.0 80.0 65.0 65.0
70.0 80.0 65.0 65.0
95.0 110.0 65.0 65.0
110.0 120.0 65.0 65.0
120.0 165.0 70.0 70.0
105.0 130.0 70.0 70.0
90.0 190.0 75.0 75.0
85.0 245.0 75.0 75.0
95.0 235.0 75.0 75.0
120.0 275.0 75.0 75.0
145.0 215.0 80.0 80.0
210.0 260.0 75.0 75.0
205.0 275.0 80.0 80.0
180.0 270.0 80.0 80.0
145.0 330.0 80.0 80.0
120.0 330.0 80.0 80.0
115.0 295.0 80.0 80.0
135.0 280.0 80.0 80.0
80.0 280.0 80.0 80.0
90.0 295.0 80.0 80.0
80.0 365.0 80.0 80.0
