1445.0 510.0 125.0 120.0
1445.0 505.0 125.0 120.0
1440.0 505.0 120.0 115.0
1435.0 505.0 120.0 115.0
1435.0 510.0 125.0 120.0
1425.0 525.0 125.0 120.0
1420.0 525.0 120.0 115.0
1415.0 525.0 120.0 115.0
1415.0 525.0 120.0 115.0
1415.0 530.0 120.0 115.0
1410.0 525.0 120.0 115.0
1405.0 520.0 120.0 115.0
1405.0 515.0 120.0 115.0
1400.0 510.0 120.0 115.0
1395.0 500.0 120.0 115.0
1400.0 505.0 115.0 110.0
1390.0 500.0 120.0 115.0
1390.0 495.0 115.0 110.0
1385.0 495.0 115.0 110.0
1385.0 495.0 115.0 110.0
1380.0 490.0 115.0 110.0
1380.0 485.0 115.0 110.0
1375.0 485.0 115.0 110.0
1375.0 495.0 115.0 110.0
1370.0 500.0 110.0 105.0
1370.0 500.0 105.0 100.0
1365.0 495.0 105.0 100.0
1365.0 495.0 105.0 100.0
1360.0 500.0 105.0 100.0
1360.0 500.0 105.0 100.0
1355.0 500.0 100.0 100.0
1355.0 490.0 105.0 100.0
1355.0 490.0 100.0 100.0
1350.0 485.0 105.0 100.0
1345.0 490.0 105.0 100.0
1345.0 485.0 100.0 100.0
1345.0 485.0 100.0 100.0
1345.0 485.0 100.0 100.0
1345.0 485.0 100.0 95.0
1345.0 480.0 100.0 95.0
1350.0 475.0 95.0 90.0
1350.0 470.0 95.0 90.0
1345.0 470.0 95.0 90.0
1345.0 465.0 95.0 90.0
1345.0 465.0 95.0 90.0
1345.0 465.0 95.0 90.0
1340.0 475.0 95.0 90.0
1340.0 480.0 95.0 90.0
1335.0 485.0 95.0 90.0
1335.0 485.0 95.0 90.0
1335.0 485.0 95.0 90.0
1325.0 490.0 95.0 90.0
1325.0 505.0 90.0 85.0
1320.0 510.0 90.0 90.0
1320.0 520.0 90.0 85.0
1320.0 520.0 90.0 85.0
1315.0 520.0 90.0 85.0
1310.0 520.0 90.0 85.0
1310.0 520.0 90.0 85.0
1305.0 535.0 85.0 85.0
1300.0 540.0 85.0 85.0
1300.0 540.0 85.0 85.0
1295.0 540.0 85.0 85.0
1295.0 535.0 85.0 80.0
1290.0 540.0 85.0 80.0
1290.0 535.0 85.0 80.0
1290.0 535.0 85.0 80.0
1280.0 530.0 85.0 80.0
1280.0 530.0 80.0 80.0
1280.0 530.0 80.0 80.0
1275.0 540.0 80.0 75.0
1275.0 535.0 80.0 80.0
1270.0 535.0 80.0 80.0
1270.0 530.0 80.0 75.0
1270.0 530.0 80.0 80.0
1265.0 535.0 80.0 75.0
1265.0 535.0 80.0 75.0
1260.0 530.0 80.0 80.0
1260.0 540.0 80.0 75.0
1260.0 540.0 80.0 80.0
1250.0 545.0 80.0 75.0
1250.0 545.0 80.0 75.0
1255.0 550.0 75.0 75.0
1245.0 555.0 80.0 75.0
1245.0 560.0 80.0 75.0
1250.0 560.0 75.0 70.0
1250.0 565.0 75.0 70.0
1250.0 565.0 75.0 70.0
1245.0 580.0 75.0 70.0
1245.0 580.0 75.0 70.0
1245.0 580.0 75.0 70.0
1245.0 580.0 70.0 70.0
1240.0 575.0 75.0 70.0
1240.0 575.0 75.0 70.0
1240.0 585.0 70.0 70.0
1240.0 585.0 70.0 70.0
1240.0 590.0 70.0 70.0
1240.0 590.0 75.0 70.0
1245.0 600.0 70.0 70.0
1245.0 595.0 70.0 70.0
1245.0 595.0 70.0 70.0
1245.0 600.0 70.0 70.0
1245.0 605.0 70.0 70.0
1240.0 600.0 70.0 70.0
1235.0 610.0 70.0 65.0
1230.0 610.0 70.0 65.0
1230.0 615.0 70.0 65.0
1230.0 610.0 70.0 65.0
1225.0 615.0 70.0 65.0
1230.0 615.0 65.0 65.0
1230.0 620.0 65.0 65.0
1225.0 620.0 70.0 65.0
1230.0 620.0 65.0 65.0
1230.0 620.0 65.0 65.0
1230.0 625.0 65.0 65.0
1235.0 630.0 65.0 60.0
1235.0 630.0 65.0 65.0
1235.0 635.0 65.0 65.0
1235.0 635.0 65.0 65.0
1235.0 630.0 65.0 65.0
1235.0 630.0 65.0 60.0
1235.0 630.0 65.0 65.0
1230.0 625.0 65.0 65.0
1235.0 625.0 65.0 60.0
1235.0 625.0 65.0 60.0
1240.0 625.0 65.0 60.0
1240.0 625.0 65.0 60.0
1240.0 635.0 65.0 60.0
1245.0 635.0 65.0 60.0
1245.0 635.0 65.0 60.0
1240.0 630.0 65.0 60.0
1240.0 625.0 65.0 60.0
1235.0 620.0 65.0 60.0
1235.0 615.0 65.0 60.0
1235.0 615.0 65.0 60.0
1240.0 615.0 60.0 60.0
1240.0 610.0 60.0 60.0
1235.0 605.0 60.0 60.0
1235.0 605.0 60.0 60.0
1235.0 600.0 60.0 60.0
1235.0 600.0 60.0 60.0
1235.0 600.0 60.0 60.0
1235.0 600.0 60.0 60.0
1235.0 610.0 60.0 55.0
1235.0 605.0 60.0 60.0
1235.0 605.0 60.0 60.0
1230.0 605.0 60.0 60.0
1235.0 610.0 60.0 55.0
1235.0 605.0 60.0 55.0
1230.0 605.0 60.0 55.0
