1720.0 805.0 100.0 45.0
1710.0 805.0 100.0 45.0
1695.0 805.0 105.0 45.0
1680.0 810.0 105.0 45.0
1670.0 810.0 100.0 45.0
1665.0 810.0 95.0 40.0
1650.0 810.0 95.0 40.0
1640.0 810.0 95.0 40.0
1625.0 810.0 95.0 40.0
1615.0 810.0 95.0 40.0
1600.0 810.0 95.0 40.0
1590.0 810.0 95.0 40.0
1575.0 810.0 95.0 40.0
1565.0 810.0 95.0 40.0
1555.0 810.0 95.0 40.0
1540.0 810.0 95.0 40.0
1530.0 810.0 95.0 40.0
1520.0 810.0 95.0 40.0
1505.0 810.0 95.0 40.0
1495.0 810.0 95.0 40.0
1485.0 810.0 95.0 40.0
1470.0 810.0 95.0 40.0
1460.0 810.0 95.0 40.0
1450.0 810.0 95.0 40.0
1440.0 810.0 95.0 40.0
1425.0 810.0 95.0 40.0
1415.0 810.0 95.0 40.0
1405.0 810.0 95.0 40.0
1395.0 810.0 95.0 40.0
1385.0 810.0 95.0 40.0
1375.0 815.0 95.0 40.0
1365.0 815.0 95.0 40.0
1355.0 815.0 95.0 40.0
1345.0 815.0 95.0 40.0
1335.0 815.0 95.0 40.0
1325.0 815.0 95.0 40.0
1315.0 815.0 95.0 40.0
1305.0 815.0 95.0 40.0
1295.0 815.0 90.0 40.0
1285.0 820.0 90.0 40.0
1285.0 825.0 85.0 35.0
1275.0 820.0 80.0 35.0
1265.0 820.0 85.0 35.0
1260.0 820.0 80.0 35.0
1250.0 825.0 80.0 35.0
1240.0 825.0 80.0 35.0
1240.0 825.0 75.0 30.0
1225.0 820.0 80.0 35.0
1220.0 820.0 80.0 35.0
1210.0 825.0 80.0 35.0
1210.0 825.0 75.0 30.0
1205.0 825.0 75.0 30.0
1195.0 825.0 75.0 30.0
1190.0 825.0 75.0 30.0
1185.0 825.0 75.0 30.0
1175.0 825.0 75.0 30.0
1170.0 825.0 75.0 30.0
1160.0 825.0 80.0 35.0
1160.0 830.0 75.0 30.0
1150.0 830.0 75.0 30.0
1145.0 825.0 70.0 30.0
1140.0 825.0 70.0 30.0
1135.0 825.0 70.0 30.0
1130.0 825.0 70.0 30.0
1130.0 825.0 65.0 30.0
1125.0 830.0 65.0 25.0
1120.0 830.0 60.0 25.0
1115.0 830.0 60.0 25.0
1110.0 830.0 60.0 25.0
1105.0 830.0 65.0 25.0
1100.0 830.0 60.0 25.0
1095.0 830.0 60.0 25.0
1095.0 830.0 60.0 25.0
1090.0 830.0 60.0 25.0
1085.0 830.0 60.0 25.0
1080.0 825.0 60.0 25.0
1080.0 825.0 55.0 25.0
1080.0 830.0 55.0 25.0
1080.0 830.0 50.0 20.0
1075.0 830.0 50.0 20.0
1075.0 830.0 50.0 20.0
1075.0 830.0 45.0 20.0
1075.0 830.0 45.0 20.0
1075.0 830.0 45.0 20.0
1075.0 830.0 45.0 20.0
1085.0 830.0 45.0 20.0
1085.0 830.0 45.0 20.0
1085.0 830.0 45.0 20.0
1085.0 835.0 45.0 20.0
1080.0 830.0 45.0 20.0
1080.0 830.0 45.0 20.0
1080.0 830.0 45.0 20.0
1080.0 830.0 45.0 20.0
1080.0 830.0 45.0 20.0
1075.0 830.0 45.0 20.0
1080.0 830.0 45.0 20.0
1080.0 830.0 45.0 20.0
1080.0 830.0 45.0 20.0
1080.0 830.0 45.0 20.0
1080.0 830.0 45.0 20.0
