1270.0 505.0 40.0 70.0
1275.0 510.0 35.0 65.0
1275.0 510.0 35.0 65.0
1275.0 510.0 35.0 65.0
1270.0 505.0 40.0 70.0
1275.0 505.0 40.0 70.0
1280.0 510.0 35.0 65.0
1280.0 515.0 35.0 65.0
1285.0 515.0 35.0 65.0
1285.0 520.0 35.0 65.0
1285.0 520.0 35.0 65.0
1285.0 520.0 35.0 65.0
1285.0 525.0 35.0 60.0
1280.0 525.0 35.0 60.0
1285.0 520.0 35.0 60.0
1285.0 520.0 35.0 60.0
1290.0 520.0 35.0 60.0
1290.0 520.0 35.0 65.0
1290.0 520.0 35.0 65.0
1290.0 520.0 35.0 65.0
1290.0 520.0 35.0 65.0
1290.0 525.0 35.0 65.0
1290.0 525.0 35.0 60.0
1290.0 525.0 35.0 60.0
1295.0 530.0 30.0 55.0
1295.0 530.0 30.0 55.0
1300.0 535.0 30.0 55.0
1305.0 535.0 30.0 50.0
1310.0 535.0 25.0 50.0
1315.0 535.0 25.0 50.0
1315.0 535.0 25.0 50.0
1320.0 540.0 25.0 50.0
1325.0 540.0 25.0 50.0
1330.0 545.0 25.0 45.0
1330.0 545.0 25.0 45.0
1335.0 550.0 25.0 45.0
1335.0 550.0 25.0 45.0
1345.0 550.0 25.0 45.0
1345.0 540.0 25.0 50.0
1350.0 545.0 25.0 50.0
1345.0 545.0 30.0 50.0
1345.0 545.0 30.0 50.0
1350.0 545.0 30.0 50.0
1355.0 545.0 30.0 50.0
1360.0 545.0 30.0 50.0
1375.0 550.0 25.0 50.0
1380.0 550.0 25.0 45.0
1380.0 540.0 25.0 50.0
1385.0 540.0 25.0 50.0
1390.0 550.0 25.0 45.0
1390.0 550.0 25.0 45.0
1390.0 545.0 25.0 50.0
1395.0 540.0 25.0 45.0
1395.0 540.0 25.0 45.0
1395.0 540.0 25.0 45.0
1395.0 535.0 25.0 45.0
1395.0 530.0 25.0 45.0
1395.0 525.0 25.0 45.0
1390.0 525.0 25.0 45.0
1390.0 520.0 25.0 45.0
1385.0 515.0 25.0 45.0
1385.0 510.0 25.0 45.0
1380.0 510.0 25.0 45.0
1375.0 510.0 25.0 45.0
1375.0 505.0 25.0 45.0
1370.0 505.0 25.0 45.0
1370.0 500.0 25.0 45.0
1365.0 495.0 25.0 45.0
1360.0 490.0 25.0 45.0
1360.0 485.0 25.0 45.0
1355.0 480.0 25.0 45.0
1350.0 475.0 25.0 45.0
1345.0 470.0 25.0 45.0
1345.0 465.0 25.0 45.0
1340.0 460.0 25.0 45.0
1330.0 455.0 25.0 40.0
1330.0 455.0 20.0 40.0
1330.0 450.0 20.0 40.0
1330.0 445.0 20.0 40.0
1325.0 445.0 20.0 40.0
1320.0 440.0 20.0 40.0
1315.0 435.0 20.0 40.0
1315.0 435.0 20.0 40.0
1310.0 430.0 20.0 40.0
1305.0 430.0 20.0 40.0
1300.0 430.0 20.0 40.0
1295.0 425.0 20.0 40.0
1290.0 425.0 20.0 40.0
1290.0 425.0 20.0 40.0
1285.0 420.0 20.0 40.0
1285.0 415.0 20.0 40.0
1280.0 410.0 25.0 45.0
1280.0 410.0 20.0 40.0
1275.0 405.0 20.0 40.0
1270.0 400.0 20.0 40.0
1270.0 395.0 20.0 40.0
1265.0 395.0 20.0 40.0
1260.0 395.0 20.0 40.0
1255.0 390.0 20.0 40.0
1250.0 390.0 20.0 40.0
1245.0 385.0 20.0 40.0
1240.0 380.0 20.0 40.0
1235.0 375.0 20.0 40.0
1225.0 365.0 20.0 40.0
1215.0 360.0 20.0 40.0
1210.0 355.0 20.0 40.0
1205.0 350.0 20.0 40.0
1195.0 345.0 20.0 40.0
1185.0 345.0 20.0 40.0
1180.0 340.0 20.0 40.0
1175.0 340.0 20.0 40.0
1170.0 340.0 20.0 40.0
1165.0 335.0 20.0 40.0
1160.0 335.0 20.0 40.0
1150.0 330.0 20.0 40.0
1145.0 325.0 20.0 40.0
1135.0 325.0 20.0 40.0
1130.0 320.0 20.0 40.0
1125.0 315.0 20.0 40.0
1120.0 315.0 20.0 40.0
1115.0 315.0 20.0 40.0
1105.0 310.0 20.0 40.0
1100.0 310.0 25.0 45.0
1100.0 310.0 20.0 40.0
1095.0 310.0 20.0 40.0
1090.0 305.0 20.0 40.0
1080.0 305.0 20.0 40.0
1075.0 305.0 20.0 40.0
1070.0 305.0 20.0 40.0
1065.0 300.0 20.0 40.0
1060.0 300.0 20.0 40.0
1055.0 300.0 20.0 40.0
1045.0 300.0 20.0 40.0
1040.0 300.0 20.0 40.0
1030.0 300.0 20.0 40.0
1025.0 295.0 20.0 40.0
1020.0 295.0 20.0 40.0
1015.0 290.0 20.0 40.0
1005.0 290.0 20.0 40.0
1000.0 295.0 20.0 40.0
990.0 290.0 20.0 40.0
985.0 290.0 20.0 40.0
980.0 290.0 20.0 40.0
970.0 290.0 20.0 40.0
965.0 285.0 20.0 40.0
955.0 285.0 20.0 40.0
950.0 285.0 20.0 40.0
940.0 280.0 20.0 40.0
935.0 280.0 20.0 40.0
925.0 275.0 20.0 40.0
920.0 270.0 20.0 40.0
915.0 270.0 20.0 40.0
910.0 265.0 20.0 40.0
900.0 265.0 20.0 40.0
895.0 265.0 20.0 40.0
885.0 260.0 20.0 40.0
880.0 260.0 20.0 40.0
870.0 260.0 20.0 40.0
865.0 260.0 20.0 40.0
860.0 260.0 20.0 40.0
850.0 255.0 20.0 40.0
845.0 255.0 20.0 40.0
840.0 260.0 20.0 40.0
830.0 255.0 20.0 40.0
825.0 255.0 20.0 40.0
815.0 250.0 20.0 40.0
810.0 245.0 20.0 40.0
805.0 245.0 20.0 40.0
800.0 245.0 20.0 40.0
790.0 245.0 20.0 40.0
785.0 245.0 20.0 40.0
780.0 240.0 20.0 40.0
775.0 235.0 20.0 40.0
770.0 235.0 20.0 40.0
760.0 235.0 20.0 40.0
755.0 230.0 20.0 40.0
750.0 225.0 20.0 40.0
745.0 225.0 20.0 40.0
740.0 225.0 20.0 40.0
730.0 225.0 20.0 40.0
725.0 220.0 20.0 40.0
720.0 215.0 20.0 40.0
715.0 220.0 20.0 40.0
705.0 215.0 20.0 40.0
700.0 215.0 20.0 40.0
690.0 220.0 20.0 40.0
685.0 215.0 20.0 40.0
675.0 215.0 20.0 40.0
670.0 215.0 20.0 40.0
665.0 215.0 20.0 40.0
660.0 215.0 20.0 40.0
650.0 210.0 20.0 40.0
645.0 210.0 20.0 40.0
635.0 210.0 20.0 40.0
630.0 210.0 20.0 40.0
625.0 210.0 20.0 40.0
620.0 210.0 20.0 40.0
615.0 210.0 20.0 40.0
610.0 210.0 20.0 35.0
605.0 205.0 20.0 40.0
600.0 200.0 20.0 40.0
595.0 200.0 20.0 40.0
585.0 195.0 20.0 40.0
580.0 190.0 20.0 40.0
575.0 190.0 20.0 40.0
570.0 185.0 20.0 40.0
565.0 180.0 20.0 40.0
560.0 180.0 20.0 40.0
560.0 180.0 20.0 40.0
575.0 180.0 20.0 40.0
595.0 190.0 25.0 45.0
610.0 195.0 25.0 45.0
625.0 205.0 25.0 45.0
635.0 225.0 25.0 45.0
640.0 240.0 25.0 45.0
645.0 265.0 25.0 45.0
640.0 280.0 25.0 45.0
640.0 285.0 20.0 40.0
635.0 295.0 20.0 40.0
630.0 295.0 20.0 40.0
630.0 315.0 25.0 45.0
630.0 345.0 25.0 45.0
630.0 350.0 25.0 45.0
625.0 355.0 25.0 45.0
620.0 360.0 25.0 45.0
615.0 365.0 20.0 40.0
610.0 365.0 20.0 40.0
605.0 365.0 20.0 40.0
595.0 360.0 20.0 40.0
590.0 355.0 20.0 40.0
580.0 355.0 20.0 40.0
575.0 350.0 20.0 40.0
565.0 350.0 20.0 40.0
560.0 350.0 20.0 40.0
550.0 345.0 20.0 40.0
545.0 345.0 20.0 40.0
535.0 345.0 20.0 40.0
525.0 340.0 20.0 40.0
520.0 340.0 20.0 40.0
510.0 340.0 20.0 40.0
505.0 335.0 20.0 40.0
495.0 335.0 20.0 40.0
490.0 335.0 20.0 40.0
485.0 335.0 20.0 40.0
475.0 340.0 20.0 35.0
465.0 335.0 20.0 35.0
460.0 335.0 20.0 35.0
455.0 330.0 20.0 35.0
445.0 325.0 20.0 35.0
440.0 325.0 20.0 35.0
430.0 320.0 20.0 35.0
425.0 320.0 20.0 35.0
420.0 315.0 20.0 35.0
415.0 310.0 20.0 35.0
405.0 310.0 20.0 35.0
400.0 305.0 20.0 35.0
395.0 300.0 20.0 35.0
385.0 300.0 20.0 35.0
380.0 300.0 20.0 35.0
375.0 295.0 20.0 35.0
365.0 295.0 20.0 35.0
355.0 290.0 20.0 35.0
350.0 290.0 20.0 35.0
340.0 290.0 20.0 35.0
335.0 285.0 20.0 35.0
325.0 280.0 20.0 35.0
320.0 280.0 20.0 35.0
315.0 285.0 20.0 35.0
320.0 300.0 20.0 35.0
320.0 320.0 20.0 35.0
330.0 335.0 20.0 35.0
335.0 345.0 20.0 35.0
330.0 350.0 20.0 35.0
325.0 350.0 20.0 35.0
320.0 350.0 20.0 35.0
315.0 350.0 20.0 35.0
315.0 350.0 20.0 35.0
310.0 350.0 20.0 35.0
300.0 345.0 20.0 35.0
300.0 350.0 20.0 35.0
300.0 350.0 20.0 35.0
295.0 355.0 20.0 35.0
290.0 355.0 20.0 35.0
280.0 355.0 20.0 35.0
275.0 355.0 20.0 35.0
270.0 355.0 20.0 35.0
270.0 355.0 20.0 35.0
275.0 365.0 20.0 35.0
275.0 375.0 20.0 35.0
275.0 380.0 20.0 35.0
270.0 385.0 20.0 35.0
265.0 380.0 20.0 35.0
260.0 380.0 20.0 35.0
250.0 380.0 20.0 35.0
245.0 375.0 20.0 35.0
240.0 370.0 20.0 35.0
240.0 370.0 20.0 35.0
240.0 370.0 20.0 35.0
240.0 370.0 20.0 35.0
240.0 375.0 20.0 35.0
240.0 380.0 20.0 35.0
235.0 385.0 20.0 35.0
235.0 385.0 20.0 40.0
230.0 395.0 20.0 35.0
225.0 400.0 20.0 35.0
220.0 400.0 20.0 35.0
220.0 400.0 20.0 35.0
220.0 400.0 20.0 35.0
235.0 420.0 20.0 35.0
235.0 425.0 20.0 35.0
240.0 435.0 20.0 35.0
240.0 440.0 20.0 35.0
240.0 445.0 20.0 35.0
235.0 445.0 20.0 35.0
235.0 450.0 20.0 35.0
240.0 455.0 20.0 35.0
245.0 465.0 20.0 35.0
250.0 480.0 20.0 35.0
250.0 485.0 20.0 35.0
245.0 485.0 20.0 30.0
245.0 485.0 20.0 30.0
240.0 485.0 20.0 30.0
240.0 490.0 20.0 30.0
240.0 500.0 20.0 30.0
240.0 500.0 20.0 30.0
250.0 515.0 20.0 30.0
250.0 525.0 20.0 30.0
255.0 535.0 20.0 30.0
255.0 540.0 20.0 30.0
260.0 540.0 20.0 30.0
260.0 545.0 20.0 30.0
260.0 550.0 20.0 30.0
260.0 545.0 20.0 30.0
260.0 550.0 20.0 30.0
260.0 555.0 20.0 30.0
265.0 560.0 20.0 30.0
275.0 565.0 20.0 30.0
285.0 570.0 20.0 30.0
290.0 575.0 20.0 30.0
290.0 580.0 20.0 30.0
295.0 580.0 20.0 30.0
295.0 585.0 20.0 30.0
295.0 585.0 20.0 30.0
295.0 585.0 20.0 30.0
295.0 585.0 20.0 30.0
295.0 585.0 20.0 30.0
300.0 585.0 20.0 30.0
305.0 590.0 20.0 30.0
310.0 595.0 20.0 30.0
310.0 600.0 20.0 30.0
310.0 605.0 20.0 30.0
310.0 605.0 20.0 30.0
310.0 605.0 20.0 30.0
310.0 605.0 20.0 30.0
310.0 605.0 20.0 30.0
310.0 605.0 20.0 30.0
305.0 605.0 20.0 30.0
305.0 605.0 20.0 30.0
305.0 605.0 20.0 30.0
305.0 605.0 20.0 30.0
305.0 605.0 20.0 30.0
305.0 605.0 20.0 30.0
320.0 620.0 20.0 30.0
320.0 625.0 20.0 30.0
315.0 630.0 20.0 30.0
315.0 630.0 20.0 30.0
315.0 635.0 20.0 30.0
315.0 635.0 20.0 30.0
315.0 640.0 20.0 30.0
315.0 645.0 20.0 30.0
315.0 645.0 20.0 30.0
320.0 645.0 20.0 30.0
320.0 645.0 20.0 30.0
320.0 645.0 20.0 30.0
320.0 650.0 20.0 30.0
320.0 650.0 20.0 30.0
325.0 655.0 20.0 30.0
325.0 655.0 20.0 30.0
325.0 660.0 20.0 30.0
325.0 665.0 20.0 30.0
320.0 665.0 20.0 30.0
315.0 665.0 20.0 30.0
315.0 665.0 20.0 30.0
310.0 660.0 20.0 30.0
310.0 665.0 20.0 30.0
310.0 665.0 20.0 30.0
310.0 665.0 20.0 30.0
315.0 665.0 20.0 30.0
325.0 660.0 20.0 30.0
335.0 655.0 20.0 30.0
335.0 655.0 20.0 30.0
335.0 655.0 20.0 30.0
335.0 650.0 20.0 30.0
330.0 650.0 20.0 30.0
330.0 645.0 20.0 30.0
330.0 640.0 20.0 30.0
330.0 640.0 20.0 30.0
325.0 640.0 20.0 30.0
330.0 640.0 20.0 30.0
340.0 640.0 20.0 30.0
345.0 640.0 20.0 30.0
350.0 640.0 20.0 30.0
350.0 640.0 20.0 30.0
350.0 640.0 20.0 30.0
350.0 640.0 20.0 30.0
350.0 640.0 20.0 30.0
350.0 645.0 20.0 30.0
345.0 645.0 20.0 30.0
345.0 640.0 20.0 30.0
345.0 640.0 20.0 30.0
345.0 640.0 20.0 30.0
345.0 640.0 20.0 30.0
345.0 640.0 20.0 30.0
345.0 640.0 20.0 30.0
350.0 640.0 20.0 30.0
355.0 640.0 20.0 30.0
370.0 650.0 20.0 30.0
370.0 655.0 20.0 30.0
375.0 655.0 20.0 30.0
375.0 650.0 20.0 30.0
375.0 650.0 20.0 30.0
375.0 645.0 20.0 30.0
370.0 640.0 20.0 30.0
370.0 640.0 20.0 30.0
365.0 640.0 20.0 30.0
365.0 640.0 20.0 30.0
365.0 640.0 20.0 30.0
365.0 640.0 20.0 30.0
365.0 640.0 20.0 30.0
365.0 640.0 20.0 30.0
365.0 640.0 20.0 30.0
370.0 640.0 20.0 30.0
370.0 640.0 20.0 30.0
375.0 640.0 20.0 30.0
375.0 645.0 20.0 30.0
370.0 640.0 20.0 30.0
370.0 635.0 20.0 30.0
375.0 635.0 20.0 30.0
375.0 625.0 20.0 30.0
370.0 625.0 20.0 30.0
370.0 620.0 20.0 30.0
370.0 615.0 20.0 30.0
370.0 615.0 20.0 30.0
370.0 615.0 20.0 30.0
365.0 615.0 20.0 30.0
365.0 620.0 20.0 30.0
360.0 615.0 20.0 30.0
360.0 615.0 20.0 30.0
365.0 620.0 20.0 30.0
365.0 620.0 20.0 30.0
365.0 620.0 20.0 30.0
365.0 625.0 20.0 30.0
360.0 620.0 20.0 30.0
355.0 620.0 20.0 30.0
355.0 615.0 20.0 30.0
350.0 615.0 20.0 30.0
345.0 610.0 20.0 30.0
340.0 610.0 20.0 30.0
340.0 605.0 20.0 30.0
335.0 605.0 20.0 30.0
335.0 605.0 20.0 30.0
330.0 605.0 20.0 30.0
330.0 605.0 20.0 30.0
330.0 605.0 20.0 30.0
325.0 605.0 20.0 30.0
325.0 605.0 20.0 30.0
320.0 605.0 20.0 30.0
320.0 605.0 20.0 30.0
320.0 605.0 20.0 30.0
325.0 600.0 20.0 30.0
325.0 600.0 20.0 30.0
325.0 595.0 20.0 30.0
325.0 595.0 20.0 30.0
