1045.0 595.0 125.0 135.0
1045.0 585.0 125.0 135.0
1040.0 575.0 125.0 135.0
1040.0 570.0 120.0 125.0
1035.0 555.0 120.0 125.0
1035.0 545.0 115.0 125.0
1030.0 540.0 120.0 125.0
1030.0 530.0 120.0 130.0
1035.0 530.0 115.0 125.0
1030.0 520.0 120.0 125.0
1025.0 510.0 120.0 125.0
1030.0 505.0 115.0 120.0
1030.0 500.0 115.0 120.0
1035.0 505.0 115.0 120.0
1035.0 500.0 110.0 120.0
1035.0 495.0 115.0 120.0
1035.0 485.0 115.0 125.0
1045.0 490.0 115.0 120.0
1055.0 500.0 110.0 120.0
1055.0 495.0 110.0 120.0
1050.0 485.0 110.0 120.0
1050.0 480.0 110.0 120.0
1055.0 480.0 110.0 120.0
1055.0 480.0 110.0 120.0
1065.0 480.0 110.0 120.0
1065.0 485.0 110.0 120.0
1065.0 480.0 110.0 120.0
1065.0 485.0 110.0 115.0
1060.0 475.0 110.0 120.0
1055.0 470.0 110.0 115.0
1050.0 460.0 110.0 120.0
1050.0 455.0 110.0 120.0
1050.0 460.0 110.0 115.0
1045.0 455.0 110.0 115.0
1040.0 450.0 110.0 120.0
1040.0 460.0 110.0 115.0
1040.0 460.0 110.0 115.0
1035.0 455.0 110.0 115.0
1035.0 455.0 110.0 115.0
1040.0 460.0 110.0 115.0
1035.0 455.0 110.0 115.0
1030.0 450.0 110.0 115.0
1030.0 455.0 110.0 115.0
1030.0 455.0 110.0 115.0
1025.0 455.0 110.0 115.0
1025.0 455.0 110.0 115.0
1020.0 450.0 110.0 115.0
1020.0 450.0 110.0 115.0
1025.0 450.0 105.0 115.0
1025.0 450.0 100.0 110.0
1025.0 455.0 100.0 105.0
1025.0 455.0 100.0 105.0
1025.0 460.0 100.0 105.0
1025.0 455.0 100.0 105.0
1035.0 470.0 95.0 100.0
1035.0 480.0 90.0 100.0
1040.0 490.0 90.0 100.0
1035.0 495.0 90.0 100.0
1035.0 495.0 90.0 100.0
1025.0 490.0 90.0 100.0
1020.0 480.0 95.0 105.0
1010.0 470.0 95.0 100.0
1005.0 460.0 95.0 100.0
1000.0 460.0 90.0 100.0
1000.0 470.0 90.0 100.0
1000.0 475.0 90.0 100.0
1000.0 480.0 90.0 100.0
995.0 475.0 90.0 100.0
995.0 475.0 90.0 100.0
990.0 475.0 90.0 100.0
990.0 480.0 90.0 100.0
985.0 475.0 90.0 100.0
980.0 480.0 90.0 95.0
980.0 480.0 85.0 90.0
975.0 480.0 85.0 90.0
970.0 480.0 90.0 95.0
975.0 490.0 85.0 95.0
980.0 505.0 85.0 95.0
980.0 505.0 85.0 90.0
970.0 495.0 85.0 95.0
970.0 495.0 85.0 90.0
965.0 490.0 85.0 95.0
965.0 485.0 85.0 90.0
960.0 480.0 85.0 90.0
960.0 480.0 85.0 90.0
960.0 480.0 85.0 90.0
950.0 470.0 80.0 90.0
950.0 470.0 85.0 90.0
955.0 490.0 80.0 90.0
955.0 490.0 80.0 90.0
955.0 490.0 80.0 90.0
965.0 505.0 80.0 85.0
960.0 500.0 80.0 90.0
960.0 510.0 80.0 85.0
965.0 515.0 80.0 85.0
970.0 525.0 80.0 85.0
965.0 520.0 80.0 85.0
965.0 515.0 80.0 85.0
960.0 515.0 80.0 85.0
955.0 510.0 80.0 85.0
960.0 500.0 75.0 85.0
950.0 500.0 80.0 85.0
950.0 500.0 80.0 85.0
945.0 500.0 80.0 85.0
945.0 500.0 80.0 85.0
955.0 530.0 80.0 85.0
955.0 530.0 80.0 85.0
960.0 530.0 75.0 85.0
955.0 530.0 75.0 80.0
955.0 530.0 75.0 80.0
955.0 540.0 75.0 80.0
960.0 550.0 75.0 80.0
960.0 550.0 75.0 85.0
960.0 550.0 75.0 85.0
955.0 545.0 75.0 85.0
950.0 535.0 75.0 85.0
940.0 525.0 75.0 80.0
940.0 525.0 75.0 85.0
940.0 520.0 75.0 85.0
930.0 515.0 75.0 80.0
935.0 515.0 75.0 80.0
930.0 520.0 75.0 80.0
930.0 520.0 75.0 80.0
930.0 520.0 70.0 80.0
930.0 520.0 70.0 80.0
925.0 520.0 75.0 80.0
925.0 525.0 75.0 80.0
925.0 520.0 70.0 80.0
920.0 515.0 70.0 80.0
915.0 510.0 70.0 80.0
910.0 505.0 70.0 80.0
905.0 500.0 70.0 80.0
905.0 495.0 70.0 80.0
905.0 505.0 70.0 75.0
905.0 505.0 70.0 75.0
905.0 510.0 70.0 75.0
905.0 525.0 70.0 75.0
905.0 515.0 70.0 80.0
900.0 515.0 70.0 75.0
895.0 515.0 70.0 75.0
895.0 510.0 70.0 75.0
895.0 510.0 70.0 75.0
890.0 510.0 70.0 75.0
890.0 510.0 70.0 75.0
890.0 510.0 70.0 75.0
890.0 510.0 70.0 75.0
890.0 520.0 70.0 75.0
895.0 525.0 65.0 70.0
895.0 525.0 65.0 70.0
890.0 525.0 65.0 70.0
890.0 525.0 65.0 70.0
885.0 525.0 65.0 70.0
885.0 520.0 65.0 70.0
885.0 520.0 65.0 70.0
885.0 525.0 65.0 70.0
880.0 525.0 65.0 70.0
880.0 525.0 65.0 70.0
875.0 520.0 65.0 70.0
875.0 525.0 65.0 70.0
875.0 535.0 65.0 70.0
875.0 540.0 65.0 70.0
875.0 540.0 65.0 70.0
870.0 545.0 65.0 70.0
870.0 550.0 65.0 70.0
870.0 545.0 65.0 70.0
865.0 540.0 65.0 70.0
865.0 535.0 65.0 70.0
855.0 535.0 65.0 70.0
855.0 530.0 65.0 70.0
850.0 530.0 65.0 70.0
850.0 530.0 65.0 70.0
845.0 525.0 65.0 70.0
840.0 525.0 65.0 70.0
840.0 525.0 65.0 70.0
835.0 525.0 65.0 70.0
835.0 525.0 65.0 70.0
835.0 530.0 65.0 70.0
830.0 535.0 65.0 70.0
830.0 540.0 65.0 70.0
825.0 535.0 65.0 70.0
825.0 540.0 65.0 70.0
820.0 545.0 65.0 70.0
820.0 550.0 60.0 65.0
820.0 545.0 60.0 65.0
815.0 545.0 60.0 65.0
810.0 545.0 60.0 65.0
805.0 535.0 65.0 70.0
800.0 535.0 65.0 70.0
800.0 540.0 60.0 65.0
795.0 535.0 60.0 65.0
790.0 530.0 60.0 65.0
790.0 535.0 60.0 65.0
790.0 535.0 65.0 70.0
795.0 550.0 65.0 70.0
795.0 560.0 60.0 65.0
795.0 565.0 60.0 65.0
790.0 565.0 60.0 65.0
790.0 565.0 60.0 65.0
785.0 565.0 60.0 65.0
785.0 565.0 60.0 65.0
785.0 570.0 60.0 65.0
785.0 570.0 60.0 65.0
780.0 575.0 60.0 65.0
780.0 575.0 60.0 65.0
775.0 570.0 60.0 65.0
775.0 570.0 60.0 65.0
770.0 570.0 60.0 65.0
770.0 570.0 60.0 60.0
765.0 565.0 60.0 65.0
765.0 565.0 60.0 65.0
775.0 590.0 60.0 65.0
775.0 595.0 60.0 65.0
775.0 600.0 60.0 60.0
770.0 595.0 60.0 65.0
770.0 595.0 60.0 60.0
770.0 595.0 60.0 60.0
770.0 600.0 60.0 60.0
775.0 605.0 55.0 60.0
770.0 605.0 55.0 60.0
770.0 605.0 55.0 60.0
765.0 610.0 60.0 60.0
765.0 610.0 55.0 60.0
765.0 610.0 60.0 60.0
765.0 605.0 55.0 60.0
765.0 605.0 55.0 60.0
760.0 605.0 55.0 60.0
765.0 610.0 55.0 60.0
765.0 610.0 55.0 60.0
770.0 625.0 55.0 60.0
775.0 635.0 55.0 60.0
775.0 630.0 55.0 60.0
775.0 630.0 55.0 60.0
770.0 630.0 55.0 60.0
770.0 630.0 55.0 60.0
770.0 625.0 55.0 60.0
770.0 625.0 55.0 60.0
770.0 625.0 55.0 60.0
765.0 620.0 55.0 60.0
765.0 620.0 55.0 60.0
770.0 620.0 55.0 60.0
770.0 620.0 55.0 60.0
765.0 615.0 55.0 60.0
765.0 615.0 55.0 60.0
765.0 610.0 55.0 60.0
760.0 605.0 55.0 60.0
760.0 605.0 55.0 60.0
760.0 605.0 55.0 60.0
765.0 605.0 55.0 60.0
765.0 605.0 55.0 60.0
770.0 605.0 55.0 60.0
775.0 610.0 50.0 55.0
775.0 610.0 50.0 55.0
775.0 610.0 55.0 55.0
770.0 600.0 55.0 60.0
770.0 605.0 50.0 55.0
770.0 605.0 50.0 55.0
775.0 605.0 50.0 55.0
775.0 605.0 50.0 55.0
775.0 610.0 50.0 55.0
780.0 610.0 50.0 55.0
785.0 615.0 50.0 55.0
785.0 615.0 50.0 55.0
785.0 620.0 50.0 55.0
790.0 625.0 50.0 55.0
790.0 625.0 50.0 55.0
790.0 625.0 50.0 55.0
790.0 625.0 50.0 55.0
790.0 625.0 50.0 55.0
790.0 625.0 50.0 55.0
790.0 630.0 50.0 55.0
790.0 630.0 50.0 55.0
790.0 635.0 50.0 55.0
790.0 635.0 50.0 55.0
795.0 640.0 50.0 55.0
795.0 640.0 50.0 55.0
790.0 635.0 50.0 55.0
790.0 635.0 50.0 55.0
790.0 635.0 50.0 55.0
795.0 640.0 50.0 55.0
795.0 645.0 50.0 55.0
795.0 645.0 50.0 55.0
795.0 645.0 50.0 55.0
795.0 645.0 50.0 55.0
795.0 640.0 50.0 55.0
795.0 640.0 50.0 55.0
790.0 640.0 50.0 55.0
790.0 640.0 50.0 55.0
790.0 640.0 50.0 55.0
790.0 640.0 50.0 55.0
790.0 640.0 50.0 55.0
790.0 640.0 50.0 55.0
790.0 640.0 50.0 55.0
790.0 640.0 50.0 55.0
795.0 645.0 50.0 55.0
800.0 660.0 50.0 55.0
805.0 665.0 50.0 55.0
805.0 665.0 50.0 55.0
805.0 665.0 50.0 55.0
805.0 660.0 50.0 55.0
805.0 660.0 50.0 55.0
805.0 660.0 50.0 55.0
800.0 655.0 50.0 55.0
800.0 655.0 50.0 55.0
800.0 655.0 50.0 55.0
795.0 650.0 50.0 55.0
795.0 650.0 50.0 50.0
795.0 650.0 50.0 50.0
800.0 650.0 45.0 50.0
800.0 650.0 45.0 50.0
800.0 645.0 45.0 50.0
795.0 645.0 45.0 50.0
795.0 640.0 45.0 50.0
795.0 645.0 45.0 50.0
795.0 645.0 45.0 50.0
795.0 645.0 45.0 50.0
795.0 640.0 45.0 50.0
795.0 640.0 45.0 50.0
795.0 640.0 45.0 50.0
795.0 640.0 45.0 50.0
795.0 640.0 45.0 50.0
795.0 640.0 45.0 50.0
795.0 640.0 45.0 50.0
795.0 640.0 45.0 50.0
795.0 640.0 45.0 50.0
795.0 640.0 45.0 50.0
795.0 640.0 45.0 50.0
795.0 645.0 50.0 50.0
800.0 655.0 50.0 50.0
805.0 655.0 45.0 50.0
805.0 655.0 45.0 50.0
805.0 655.0 45.0 50.0
805.0 660.0 45.0 50.0
810.0 660.0 45.0 50.0
810.0 660.0 45.0 50.0
810.0 660.0 45.0 50.0
810.0 660.0 45.0 50.0
810.0 660.0 45.0 50.0
810.0 660.0 45.0 50.0
810.0 660.0 45.0 50.0
810.0 660.0 45.0 50.0
810.0 660.0 45.0 50.0
810.0 660.0 45.0 50.0
815.0 655.0 45.0 50.0
820.0 655.0 45.0 50.0
820.0 655.0 45.0 50.0
825.0 655.0 45.0 50.0
825.0 655.0 45.0 50.0
830.0 655.0 45.0 50.0
830.0 655.0 45.0 50.0
830.0 655.0 45.0 50.0
835.0 655.0 45.0 50.0
835.0 655.0 45.0 50.0
835.0 655.0 45.0 50.0
835.0 660.0 45.0 50.0
835.0 660.0 45.0 50.0
840.0 660.0 45.0 50.0
840.0 665.0 45.0 50.0
840.0 665.0 45.0 50.0
840.0 665.0 45.0 50.0
840.0 665.0 45.0 50.0
840.0 665.0 45.0 50.0
845.0 670.0 45.0 50.0
845.0 670.0 45.0 50.0
845.0 670.0 45.0 50.0
845.0 670.0 45.0 50.0
845.0 670.0 45.0 50.0
845.0 670.0 45.0 50.0
845.0 670.0 45.0 50.0
845.0 665.0 45.0 50.0
845.0 665.0 45.0 50.0
840.0 665.0 45.0 50.0
845.0 665.0 45.0 50.0
845.0 665.0 45.0 50.0
845.0 670.0 45.0 50.0
845.0 670.0 45.0 50.0
845.0 665.0 45.0 50.0
845.0 670.0 45.0 50.0
845.0 670.0 45.0 50.0
845.0 670.0 45.0 50.0
850.0 675.0 45.0 50.0
850.0 675.0 45.0 50.0
850.0 680.0 45.0 45.0
850.0 680.0 45.0 45.0
850.0 680.0 45.0 45.0
850.0 680.0 45.0 45.0
850.0 680.0 45.0 45.0
850.0 680.0 45.0 45.0
850.0 680.0 45.0 45.0
850.0 680.0 45.0 45.0
850.0 680.0 45.0 45.0
850.0 680.0 45.0 45.0
850.0 680.0 45.0 45.0
850.0 680.0 45.0 45.0
850.0 680.0 45.0 45.0
