1260.0 515.0 210.0 220.0
1255.0 510.0 205.0 215.0
1235.0 495.0 210.0 220.0
1230.0 510.0 200.0 210.0
1205.0 480.0 210.0 220.0
1195.0 465.0 200.0 210.0
1170.0 435.0 210.0 220.0
1165.0 420.0 200.0 210.0
1150.0 405.0 195.0 205.0
1135.0 395.0 200.0 210.0
1140.0 430.0 190.0 200.0
1130.0 445.0 190.0 200.0
1120.0 440.0 195.0 205.0
1105.0 430.0 190.0 200.0
1090.0 425.0 190.0 195.0
1075.0 410.0 190.0 195.0
1055.0 395.0 190.0 195.0
1050.0 395.0 185.0 195.0
1035.0 380.0 180.0 190.0
1015.0 365.0 180.0 190.0
1005.0 350.0 175.0 185.0
995.0 345.0 175.0 185.0
980.0 330.0 180.0 190.0
965.0 315.0 180.0 190.0
955.0 305.0 175.0 180.0
940.0 290.0 175.0 185.0
930.0 290.0 170.0 180.0
915.0 285.0 170.0 180.0
910.0 295.0 170.0 180.0
915.0 315.0 165.0 175.0
905.0 320.0 165.0 170.0
895.0 315.0 160.0 170.0
890.0 315.0 160.0 170.0
880.0 300.0 160.0 170.0
865.0 290.0 160.0 170.0
855.0 285.0 160.0 170.0
850.0 280.0 160.0 170.0
840.0 275.0 155.0 165.0
835.0 275.0 150.0 160.0
830.0 280.0 155.0 160.0
830.0 290.0 155.0 160.0
815.0 280.0 150.0 160.0
815.0 280.0 145.0 155.0
815.0 290.0 145.0 155.0
815.0 305.0 145.0 155.0
815.0 305.0 140.0 150.0
810.0 295.0 145.0 150.0
805.0 290.0 145.0 150.0
805.0 280.0 140.0 150.0
805.0 275.0 140.0 150.0
810.0 265.0 140.0 150.0
820.0 270.0 140.0 150.0
830.0 295.0 140.0 150.0
845.0 315.0 135.0 145.0
855.0 320.0 135.0 140.0
865.0 340.0 135.0 140.0
870.0 345.0 130.0 135.0
870.0 335.0 135.0 140.0
880.0 350.0 130.0 135.0
885.0 355.0 130.0 135.0
890.0 355.0 130.0 135.0
890.0 355.0 130.0 135.0
890.0 345.0 130.0 135.0
910.0 365.0 130.0 135.0
920.0 370.0 130.0 135.0
915.0 360.0 130.0 135.0
925.0 350.0 125.0 130.0
930.0 360.0 120.0 125.0
930.0 360.0 120.0 125.0
925.0 345.0 120.0 125.0
930.0 345.0 120.0 125.0
930.0 345.0 120.0 125.0
930.0 345.0 120.0 125.0
930.0 350.0 120.0 125.0
935.0 365.0 115.0 120.0
925.0 365.0 120.0 125.0
925.0 370.0 115.0 120.0
920.0 375.0 115.0 120.0
915.0 385.0 110.0 115.0
910.0 375.0 115.0 120.0
905.0 375.0 110.0 115.0
900.0 370.0 105.0 110.0
895.0 365.0 105.0 110.0
895.0 365.0 105.0 110.0
895.0 380.0 105.0 110.0
890.0 375.0 105.0 110.0
885.0 375.0 105.0 110.0
885.0 375.0 105.0 110.0
880.0 365.0 105.0 110.0
880.0 360.0 105.0 110.0
880.0 360.0 105.0 110.0
880.0 370.0 105.0 110.0
880.0 365.0 105.0 110.0
875.0 355.0 105.0 110.0
870.0 350.0 105.0 110.0
870.0 345.0 105.0 110.0
870.0 345.0 105.0 110.0
