885.0 455.0 35.0 60.0
895.0 460.0 30.0 55.0
915.0 450.0 35.0 60.0
930.0 455.0 30.0 55.0
945.0 455.0 30.0 55.0
955.0 460.0 30.0 55.0
970.0 460.0 30.0 50.0
990.0 470.0 25.0 50.0
1000.0 465.0 25.0 50.0
1010.0 470.0 25.0 50.0
1015.0 470.0 25.0 50.0
1030.0 485.0 25.0 45.0
1040.0 485.0 25.0 45.0
1045.0 485.0 25.0 45.0
1055.0 490.0 25.0 45.0
1060.0 490.0 25.0 45.0
1065.0 490.0 25.0 45.0
1080.0 495.0 25.0 45.0
1085.0 490.0 25.0 40.0
1095.0 495.0 25.0 40.0
1105.0 495.0 25.0 40.0
1115.0 495.0 25.0 40.0
1125.0 495.0 25.0 45.0
1130.0 490.0 25.0 45.0
1140.0 490.0 25.0 40.0
1145.0 495.0 25.0 40.0
1150.0 495.0 25.0 40.0
1155.0 495.0 20.0 40.0
1160.0 495.0 25.0 40.0
1170.0 500.0 25.0 40.0
1180.0 505.0 25.0 45.0
1190.0 505.0 25.0 45.0
1195.0 510.0 25.0 45.0
1205.0 515.0 25.0 45.0
1215.0 520.0 25.0 45.0
1225.0 525.0 25.0 45.0
1235.0 525.0 25.0 50.0
1240.0 530.0 25.0 50.0
1250.0 535.0 25.0 50.0
1255.0 540.0 25.0 50.0
1270.0 540.0 25.0 50.0
1275.0 545.0 30.0 50.0
1285.0 550.0 25.0 50.0
1290.0 560.0 25.0 50.0
1300.0 565.0 25.0 50.0
1305.0 565.0 25.0 50.0
1310.0 575.0 25.0 50.0
1315.0 575.0 25.0 50.0
1320.0 590.0 25.0 45.0
1325.0 590.0 25.0 45.0
1330.0 595.0 25.0 45.0
1335.0 595.0 25.0 45.0
1335.0 595.0 25.0 45.0
1335.0 600.0 25.0 45.0
1340.0 605.0 25.0 45.0
1345.0 610.0 25.0 45.0
1345.0 615.0 25.0 45.0
1350.0 615.0 25.0 45.0
1345.0 625.0 25.0 45.0
1345.0 625.0 25.0 45.0
1345.0 625.0 25.0 45.0
1345.0 630.0 25.0 45.0
1345.0 635.0 25.0 45.0
1340.0 640.0 25.0 45.0
1335.0 645.0 25.0 45.0
1330.0 650.0 25.0 45.0
1325.0 655.0 25.0 40.0
1320.0 660.0 25.0 45.0
1320.0 660.0 25.0 45.0
1310.0 665.0 25.0 45.0
1300.0 670.0 25.0 45.0
1295.0 670.0 25.0 45.0
1290.0 670.0 25.0 45.0
1280.0 675.0 25.0 45.0
1265.0 680.0 25.0 45.0
1255.0 680.0 25.0 45.0
1250.0 680.0 25.0 45.0
1240.0 680.0 25.0 45.0
1235.0 680.0 25.0 45.0
1220.0 685.0 25.0 45.0
1210.0 685.0 25.0 45.0
1200.0 695.0 25.0 45.0
1195.0 695.0 25.0 45.0
1190.0 700.0 25.0 45.0
1185.0 705.0 25.0 45.0
1185.0 710.0 25.0 45.0
1175.0 715.0 25.0 45.0
1175.0 720.0 25.0 45.0
1175.0 720.0 25.0 45.0
1165.0 725.0 25.0 45.0
1165.0 725.0 25.0 45.0
1160.0 730.0 25.0 40.0
1150.0 735.0 20.0 40.0
1150.0 740.0 20.0 40.0
1145.0 745.0 20.0 40.0
1140.0 760.0 20.0 35.0
1135.0 760.0 20.0 35.0
1135.0 765.0 20.0 35.0
1130.0 765.0 20.0 35.0
1125.0 765.0 20.0 35.0
