810.0 565.0 30.0 90.0
810.0 565.0 30.0 90.0
810.0 565.0 30.0 90.0
820.0 565.0 30.0 90.0
820.0 570.0 25.0 85.0
815.0 565.0 30.0 90.0
820.0 565.0 30.0 95.0
820.0 560.0 30.0 95.0
820.0 565.0 30.0 90.0
820.0 565.0 30.0 95.0
820.0 565.0 30.0 90.0
820.0 565.0 30.0 95.0
825.0 565.0 30.0 90.0
825.0 560.0 30.0 90.0
825.0 560.0 30.0 90.0
830.0 560.0 30.0 95.0
830.0 560.0 30.0 95.0
830.0 560.0 30.0 95.0
830.0 560.0 30.0 95.0
835.0 560.0 30.0 95.0
835.0 555.0 30.0 95.0
835.0 555.0 30.0 95.0
840.0 555.0 30.0 95.0
840.0 555.0 30.0 95.0
840.0 555.0 30.0 95.0
845.0 555.0 30.0 95.0
850.0 555.0 30.0 90.0
850.0 550.0 30.0 90.0
850.0 555.0 30.0 90.0
850.0 560.0 30.0 90.0
850.0 555.0 30.0 95.0
855.0 555.0 30.0 95.0
855.0 555.0 30.0 90.0
865.0 560.0 25.0 85.0
860.0 550.0 30.0 90.0
870.0 555.0 25.0 85.0
875.0 555.0 25.0 80.0
875.0 555.0 25.0 85.0
870.0 555.0 30.0 90.0
870.0 555.0 30.0 90.0
875.0 555.0 30.0 95.0
875.0 555.0 30.0 90.0
875.0 555.0 30.0 95.0
880.0 555.0 30.0 90.0
885.0 550.0 30.0 90.0
885.0 550.0 30.0 90.0
885.0 550.0 30.0 90.0
890.0 550.0 30.0 90.0
890.0 550.0 30.0 90.0
900.0 555.0 25.0 85.0
895.0 550.0 30.0 90.0
895.0 550.0 30.0 90.0
905.0 555.0 25.0 85.0
905.0 555.0 25.0 85.0
910.0 550.0 25.0 85.0
910.0 555.0 25.0 85.0
915.0 555.0 25.0 85.0
915.0 550.0 25.0 85.0
915.0 550.0 25.0 80.0
920.0 550.0 25.0 85.0
920.0 550.0 25.0 80.0
925.0 550.0 25.0 85.0
925.0 550.0 25.0 85.0
925.0 550.0 25.0 85.0
925.0 545.0 30.0 90.0
925.0 540.0 30.0 90.0
930.0 545.0 25.0 85.0
935.0 545.0 25.0 85.0
935.0 545.0 25.0 85.0
940.0 545.0 25.0 85.0
940.0 545.0 25.0 85.0
940.0 545.0 25.0 85.0
940.0 540.0 30.0 90.0
950.0 545.0 25.0 85.0
945.0 540.0 30.0 90.0
950.0 540.0 30.0 90.0
950.0 540.0 30.0 90.0
950.0 540.0 30.0 95.0
950.0 540.0 30.0 95.0
950.0 535.0 30.0 100.0
