1270.0 390.0 200.0 275.0
1260.0 380.0 200.0 275.0
1270.0 450.0 190.0 260.0
1265.0 530.0 185.0 255.0
1255.0 500.0 185.0 255.0
1245.0 490.0 180.0 245.0
1235.0 460.0 180.0 250.0
1210.0 455.0 185.0 255.0
1195.0 435.0 195.0 265.0
1195.0 460.0 190.0 260.0
1180.0 460.0 195.0 265.0
1165.0 485.0 190.0 260.0
1145.0 520.0 180.0 250.0
1135.0 515.0 175.0 240.0
1125.0 525.0 175.0 240.0
1120.0 545.0 170.0 230.0
1100.0 545.0 170.0 230.0
1090.0 545.0 175.0 240.0
1070.0 550.0 180.0 245.0
1070.0 550.0 170.0 235.0
1055.0 545.0 175.0 240.0
1050.0 545.0 175.0 240.0
1045.0 550.0 170.0 230.0
1040.0 555.0 160.0 225.0
1040.0 575.0 160.0 225.0
1035.0 595.0 160.0 220.0
1035.0 600.0 155.0 215.0
1030.0 590.0 155.0 215.0
1020.0 580.0 160.0 220.0
1010.0 565.0 160.0 225.0
1010.0 555.0 160.0 220.0
1005.0 535.0 165.0 230.0
1000.0 530.0 165.0 230.0
995.0 520.0 165.0 230.0
990.0 530.0 160.0 220.0
985.0 545.0 160.0 225.0
985.0 540.0 155.0 215.0
975.0 540.0 150.0 210.0
980.0 550.0 145.0 200.0
975.0 545.0 145.0 200.0
970.0 535.0 145.0 200.0
970.0 540.0 140.0 195.0
970.0 540.0 145.0 200.0
965.0 540.0 150.0 205.0
960.0 535.0 150.0 205.0
955.0 540.0 145.0 200.0
955.0 555.0 145.0 200.0
950.0 565.0 140.0 190.0
945.0 570.0 135.0 185.0
940.0 570.0 135.0 185.0
940.0 570.0 135.0 185.0
935.0 565.0 135.0 185.0
930.0 570.0 135.0 185.0
930.0 565.0 135.0 185.0
920.0 560.0 140.0 190.0
920.0 565.0 135.0 185.0
910.0 565.0 140.0 195.0
915.0 570.0 145.0 200.0
915.0 575.0 145.0 200.0
915.0 575.0 140.0 195.0
920.0 585.0 135.0 185.0
920.0 580.0 130.0 180.0
920.0 580.0 130.0 185.0
920.0 585.0 130.0 185.0
915.0 585.0 130.0 185.0
910.0 605.0 125.0 175.0
905.0 610.0 120.0 170.0
905.0 610.0 125.0 170.0
890.0 600.0 130.0 180.0
890.0 595.0 130.0 180.0
895.0 605.0 125.0 175.0
890.0 610.0 125.0 175.0
890.0 605.0 125.0 170.0
