710.0 130.0 160.0 210.0
705.0 130.0 160.0 210.0
695.0 130.0 160.0 210.0
690.0 135.0 160.0 210.0
685.0 135.0 160.0 210.0
680.0 130.0 160.0 210.0
680.0 130.0 160.0 210.0
675.0 135.0 160.0 210.0
675.0 135.0 160.0 210.0
655.0 135.0 160.0 210.0
645.0 135.0 165.0 215.0
630.0 120.0 165.0 220.0
605.0 125.0 165.0 215.0
550.0 125.0 160.0 210.0
495.0 125.0 165.0 215.0
445.0 120.0 165.0 215.0
385.0 115.0 165.0 215.0
350.0 115.0 160.0 210.0
285.0 120.0 160.0 210.0
230.0 125.0 155.0 205.0
230.0 120.0 165.0 215.0
235.0 120.0 165.0 215.0
275.0 115.0 165.0 215.0
450.0 20.0 170.0 225.0
550.0 200.0 180.0 235.0
650.0 200.0 170.0 225.0
660.0 205.0 165.0 220.0
755.0 275.0 175.0 230.0
910.0 505.0 180.0 240.0
760.0 680.0 180.0 235.0
650.0 790.0 180.0 235.0
585.0 645.0 170.0 225.0
430.0 425.0 175.0 230.0
245.0 260.0 180.0 240.0
240.0 210.0 175.0 230.0
235.0 210.0 165.0 220.0
235.0 185.0 160.0 210.0
280.0 145.0 155.0 205.0
310.0 120.0 165.0 215.0
325.0 120.0 165.0 220.0
350.0 140.0 165.0 220.0
360.0 125.0 165.0 220.0
375.0 140.0 165.0 215.0
420.0 235.0 165.0 215.0
440.0 245.0 165.0 220.0
460.0 250.0 160.0 210.0
465.0 270.0 160.0 210.0
455.0 390.0 160.0 210.0
440.0 390.0 165.0 220.0
540.0 270.0 175.0 230.0
540.0 205.0 180.0 235.0
425.0 275.0 170.0 225.0
480.0 260.0 165.0 220.0
485.0 235.0 165.0 215.0
480.0 240.0 160.0 210.0
475.0 235.0 165.0 220.0
475.0 235.0 165.0 220.0
480.0 245.0 165.0 215.0
480.0 235.0 165.0 220.0
485.0 260.0 160.0 210.0
500.0 340.0 165.0 220.0
485.0 520.0 165.0 220.0
470.0 705.0 170.0 225.0
465.0 805.0 170.0 225.0
470.0 670.0 175.0 230.0
470.0 460.0 180.0 240.0
475.0 310.0 180.0 235.0
485.0 235.0 175.0 230.0
465.0 250.0 165.0 220.0
450.0 250.0 165.0 220.0
455.0 250.0 165.0 215.0
460.0 250.0 160.0 210.0
460.0 255.0 165.0 215.0
450.0 260.0 165.0 215.0
440.0 255.0 165.0 220.0
440.0 250.0 165.0 220.0
440.0 255.0 165.0 220.0
470.0 255.0 165.0 220.0
545.0 260.0 165.0 220.0
655.0 265.0 165.0 215.0
740.0 265.0 155.0 205.0
805.0 265.0 160.0 210.0
870.0 280.0 155.0 205.0
960.0 285.0 155.0 205.0
1045.0 300.0 160.0 210.0
1130.0 310.0 155.0 205.0
1095.0 420.0 155.0 205.0
955.0 510.0 165.0 215.0
805.0 500.0 165.0 215.0
910.0 510.0 170.0 225.0
1060.0 530.0 170.0 225.0
1230.0 455.0 180.0 235.0
1390.0 420.0 180.0 235.0
1540.0 340.0 185.0 245.0
1530.0 315.0 190.0 250.0
1620.0 250.0 195.0 260.0
1680.0 310.0 190.0 250.0
1685.0 480.0 195.0 255.0
1575.0 480.0 195.0 260.0
1545.0 470.0 205.0 270.0
