285.0 425.0 95.0 70.0
290.0 425.0 95.0 70.0
295.0 425.0 90.0 65.0
305.0 430.0 85.0 65.0
310.0 430.0 85.0 65.0
315.0 430.0 85.0 60.0
325.0 425.0 85.0 65.0
330.0 425.0 85.0 65.0
335.0 425.0 85.0 65.0
340.0 425.0 85.0 65.0
350.0 425.0 85.0 65.0
360.0 425.0 85.0 65.0
360.0 425.0 85.0 65.0
365.0 425.0 85.0 65.0
365.0 420.0 85.0 65.0
365.0 420.0 85.0 60.0
370.0 415.0 85.0 60.0
380.0 420.0 80.0 60.0
380.0 425.0 75.0 55.0
390.0 420.0 80.0 60.0
400.0 425.0 75.0 55.0
400.0 425.0 75.0 55.0
400.0 420.0 80.0 55.0
405.0 420.0 80.0 55.0
410.0 420.0 75.0 55.0
420.0 420.0 70.0 55.0
420.0 420.0 70.0 50.0
405.0 425.0 70.0 50.0
400.0 425.0 70.0 50.0
405.0 430.0 65.0 45.0
405.0 430.0 65.0 45.0
410.0 430.0 65.0 45.0
410.0 430.0 65.0 45.0
410.0 420.0 70.0 50.0
410.0 420.0 70.0 50.0
415.0 425.0 75.0 55.0
415.0 420.0 75.0 55.0
415.0 420.0 75.0 55.0
415.0 420.0 75.0 55.0
415.0 420.0 75.0 55.0
410.0 425.0 70.0 55.0
410.0 425.0 70.0 55.0
410.0 425.0 75.0 55.0
410.0 425.0 75.0 55.0
410.0 425.0 75.0 55.0
410.0 425.0 75.0 55.0
405.0 425.0 70.0 50.0
410.0 425.0 75.0 55.0
410.0 425.0 75.0 55.0
410.0 425.0 75.0 55.0
410.0 425.0 75.0 55.0
410.0 425.0 75.0 55.0
410.0 425.0 75.0 55.0
410.0 425.0 75.0 55.0
410.0 425.0 75.0 55.0
410.0 425.0 75.0 55.0
410.0 425.0 75.0 55.0
410.0 425.0 75.0 55.0
410.0 425.0 75.0 55.0
410.0 425.0 75.0 55.0
410.0 425.0 75.0 55.0
410.0 425.0 75.0 55.0
410.0 425.0 75.0 55.0
410.0 425.0 75.0 55.0
410.0 425.0 75.0 55.0
410.0 425.0 75.0 55.0
410.0 425.0 75.0 55.0
410.0 425.0 75.0 55.0
410.0 425.0 75.0 55.0
410.0 425.0 75.0 55.0
410.0 425.0 75.0 55.0
410.0 425.0 75.0 55.0
410.0 425.0 75.0 55.0
410.0 425.0 75.0 55.0
410.0 425.0 75.0 55.0
410.0 425.0 75.0 55.0
410.0 425.0 75.0 55.0
410.0 425.0 75.0 55.0
410.0 425.0 75.0 55.0
410.0 425.0 75.0 55.0
410.0 425.0 75.0 55.0
410.0 425.0 75.0 55.0
410.0 425.0 75.0 55.0
410.0 425.0 75.0 55.0
410.0 425.0 75.0 55.0
410.0 425.0 75.0 55.0
410.0 425.0 75.0 55.0
410.0 425.0 75.0 55.0
410.0 425.0 75.0 55.0
410.0 425.0 75.0 55.0
410.0 425.0 75.0 55.0
410.0 425.0 75.0 55.0
410.0 425.0 75.0 55.0
410.0 425.0 75.0 55.0
410.0 425.0 75.0 55.0
410.0 425.0 75.0 55.0
410.0 425.0 75.0 55.0
410.0 425.0 75.0 55.0
410.0 425.0 75.0 55.0
410.0 425.0 75.0 55.0
410.0 425.0 75.0 55.0
410.0 425.0 75.0 55.0
410.0 425.0 75.0 55.0
410.0 425.0 75.0 55.0
410.0 425.0 75.0 55.0
410.0 425.0 75.0 55.0
410.0 425.0 75.0 55.0
410.0 425.0 75.0 55.0
410.0 425.0 75.0 55.0
410.0 425.0 75.0 55.0
410.0 425.0 75.0 55.0
410.0 425.0 75.0 55.0
410.0 425.0 75.0 55.0
410.0 425.0 75.0 55.0
410.0 425.0 75.0 55.0
410.0 425.0 75.0 55.0
410.0 425.0 75.0 55.0
410.0 425.0 75.0 55.0
410.0 425.0 75.0 55.0
410.0 425.0 75.0 55.0
410.0 425.0 75.0 55.0
410.0 425.0 75.0 55.0
410.0 425.0 75.0 55.0
410.0 425.0 75.0 55.0
410.0 425.0 75.0 55.0
410.0 425.0 75.0 55.0
410.0 425.0 75.0 55.0
410.0 425.0 75.0 55.0
410.0 425.0 75.0 55.0
410.0 425.0 75.0 55.0
410.0 425.0 75.0 55.0
410.0 425.0 75.0 55.0
410.0 425.0 75.0 55.0
410.0 425.0 75.0 55.0
410.0 425.0 75.0 55.0
410.0 425.0 75.0 55.0
410.0 425.0 75.0 55.0
410.0 425.0 75.0 55.0
410.0 425.0 75.0 55.0
410.0 425.0 75.0 55.0
410.0 425.0 75.0 55.0
410.0 425.0 75.0 55.0
410.0 425.0 75.0 55.0
410.0 425.0 75.0 55.0
410.0 425.0 75.0 55.0
410.0 425.0 75.0 55.0
410.0 425.0 75.0 55.0
410.0 425.0 75.0 55.0
410.0 425.0 75.0 55.0
410.0 425.0 75.0 55.0
410.0 425.0 75.0 55.0
410.0 425.0 75.0 55.0
410.0 425.0 75.0 55.0
