1015.0 360.0 90.0 245.0
1010.0 360.0 90.0 245.0
1005.0 365.0 90.0 245.0
1000.0 370.0 85.0 240.0
995.0 375.0 85.0 240.0
980.0 380.0 90.0 245.0
975.0 385.0 90.0 245.0
970.0 385.0 90.0 250.0
970.0 395.0 90.0 245.0
965.0 390.0 90.0 250.0
965.0 390.0 90.0 250.0
970.0 390.0 90.0 250.0
980.0 405.0 90.0 245.0
980.0 400.0 90.0 250.0
990.0 400.0 90.0 250.0
995.0 395.0 90.0 250.0
1050.0 390.0 95.0 265.0
1050.0 390.0 90.0 250.0
1050.0 390.0 90.0 250.0
1075.0 395.0 90.0 245.0
1055.0 385.0 90.0 245.0
1065.0 375.0 95.0 255.0
1045.0 370.0 90.0 250.0
1025.0 370.0 90.0 245.0
1010.0 360.0 90.0 245.0
980.0 345.0 95.0 255.0
960.0 330.0 95.0 265.0
945.0 335.0 95.0 255.0
930.0 335.0 95.0 255.0
945.0 330.0 95.0 255.0
935.0 320.0 95.0 265.0
925.0 330.0 95.0 255.0
910.0 330.0 95.0 255.0
880.0 330.0 95.0 255.0
875.0 340.0 90.0 245.0
860.0 335.0 90.0 250.0
865.0 340.0 95.0 255.0
870.0 350.0 95.0 255.0
870.0 360.0 95.0 255.0
875.0 365.0 95.0 255.0
870.0 360.0 95.0 265.0
865.0 360.0 95.0 265.0
870.0 370.0 95.0 265.0
865.0 380.0 90.0 250.0
855.0 390.0 90.0 245.0
845.0 385.0 90.0 250.0
835.0 380.0 95.0 265.0
820.0 380.0 100.0 275.0
820.0 385.0 95.0 270.0
810.0 385.0 95.0 265.0
805.0 380.0 95.0 270.0
810.0 375.0 95.0 265.0
810.0 375.0 95.0 270.0
805.0 380.0 95.0 265.0
805.0 380.0 95.0 255.0
810.0 380.0 95.0 255.0
815.0 370.0 95.0 265.0
815.0 370.0 95.0 270.0
805.0 365.0 100.0 280.0
805.0 370.0 95.0 270.0
805.0 365.0 95.0 270.0
790.0 360.0 100.0 275.0
775.0 355.0 100.0 280.0
770.0 360.0 95.0 270.0
750.0 365.0 95.0 255.0
730.0 360.0 95.0 265.0
725.0 355.0 95.0 270.0
710.0 355.0 100.0 275.0
710.0 355.0 100.0 275.0
715.0 365.0 95.0 270.0
715.0 365.0 95.0 270.0
710.0 365.0 95.0 270.0
705.0 370.0 100.0 275.0
720.0 375.0 95.0 270.0
725.0 380.0 95.0 270.0
735.0 380.0 95.0 270.0
725.0 370.0 100.0 280.0
735.0 365.0 100.0 280.0
735.0 365.0 100.0 280.0
740.0 360.0 100.0 275.0
760.0 355.0 100.0 280.0
770.0 350.0 100.0 280.0
780.0 355.0 100.0 280.0
790.0 355.0 100.0 280.0
800.0 365.0 100.0 275.0
810.0 370.0 100.0 280.0
815.0 365.0 105.0 290.0
830.0 365.0 105.0 290.0
845.0 375.0 105.0 285.0
855.0 380.0 105.0 285.0
875.0 380.0 105.0 290.0
885.0 385.0 105.0 285.0
900.0 385.0 105.0 285.0
900.0 385.0 105.0 285.0
900.0 390.0 100.0 280.0
900.0 390.0 100.0 275.0
885.0 385.0 105.0 285.0
890.0 385.0 105.0 290.0
905.0 390.0 105.0 290.0
920.0 395.0 105.0 290.0
930.0 390.0 105.0 290.0
930.0 390.0 105.0 290.0
940.0 385.0 105.0 295.0
940.0 390.0 105.0 290.0
940.0 390.0 105.0 290.0
950.0 400.0 100.0 280.0
950.0 395.0 105.0 290.0
940.0 390.0 110.0 300.0
935.0 390.0 110.0 300.0
935.0 395.0 105.0 290.0
915.0 380.0 105.0 290.0
895.0 385.0 110.0 300.0
935.0 385.0 105.0 295.0
930.0 400.0 105.0 290.0
925.0 410.0 105.0 290.0
945.0 410.0 100.0 280.0
920.0 410.0 105.0 290.0
935.0 410.0 105.0 290.0
935.0 415.0 105.0 290.0
935.0 420.0 105.0 295.0
955.0 420.0 110.0 300.0
940.0 415.0 110.0 310.0
960.0 420.0 110.0 300.0
955.0 425.0 110.0 300.0
960.0 430.0 105.0 295.0
965.0 435.0 105.0 295.0
945.0 430.0 110.0 310.0
930.0 425.0 110.0 310.0
920.0 440.0 110.0 300.0
930.0 450.0 110.0 300.0
940.0 455.0 110.0 300.0
940.0 455.0 115.0 315.0
945.0 460.0 115.0 315.0
940.0 465.0 110.0 310.0
940.0 470.0 110.0 310.0
940.0 475.0 110.0 300.0
935.0 475.0 110.0 300.0
940.0 465.0 115.0 315.0
925.0 460.0 115.0 315.0
905.0 455.0 110.0 300.0
895.0 450.0 105.0 295.0
905.0 450.0 105.0 295.0
920.0 450.0 110.0 300.0
930.0 455.0 105.0 295.0
935.0 455.0 105.0 290.0
930.0 450.0 110.0 300.0
930.0 445.0 115.0 315.0
935.0 450.0 115.0 315.0
945.0 460.0 120.0 325.0
955.0 460.0 115.0 315.0
970.0 465.0 115.0 315.0
975.0 465.0 120.0 325.0
985.0 470.0 115.0 315.0
995.0 475.0 115.0 315.0
1010.0 490.0 110.0 300.0
1000.0 485.0 115.0 315.0
995.0 480.0 120.0 325.0
990.0 480.0 120.0 335.0
995.0 495.0 120.0 325.0
1000.0 500.0 115.0 315.0
1005.0 500.0 120.0 325.0
1000.0 490.0 125.0 340.0
995.0 500.0 120.0 335.0
990.0 505.0 120.0 335.0
990.0 515.0 120.0 325.0
985.0 525.0 120.0 325.0
975.0 525.0 120.0 325.0
970.0 520.0 125.0 340.0
965.0 535.0 125.0 340.0
970.0 545.0 125.0 340.0
985.0 555.0 120.0 335.0
1000.0 560.0 125.0 345.0
1015.0 565.0 120.0 335.0
1020.0 560.0 120.0 335.0
1015.0 560.0 120.0 335.0
1000.0 560.0 120.0 335.0
985.0 550.0 125.0 340.0
980.0 550.0 125.0 345.0
985.0 555.0 125.0 340.0
990.0 565.0 120.0 325.0
985.0 550.0 125.0 340.0
975.0 545.0 125.0 345.0
955.0 535.0 130.0 355.0
955.0 540.0 125.0 340.0
965.0 540.0 130.0 355.0
970.0 535.0 130.0 360.0
975.0 545.0 130.0 355.0
980.0 550.0 125.0 345.0
965.0 545.0 125.0 345.0
955.0 535.0 125.0 345.0
935.0 510.0 130.0 360.0
920.0 485.0 135.0 370.0
905.0 475.0 130.0 360.0
895.0 465.0 130.0 355.0
895.0 455.0 130.0 355.0
895.0 435.0 135.0 370.0
890.0 435.0 135.0 370.0
885.0 440.0 130.0 360.0
885.0 455.0 125.0 345.0
870.0 450.0 130.0 360.0
855.0 435.0 135.0 370.0
835.0 430.0 135.0 370.0
830.0 430.0 130.0 360.0
830.0 425.0 130.0 360.0
840.0 420.0 130.0 360.0
850.0 410.0 135.0 370.0
865.0 405.0 135.0 370.0
885.0 405.0 135.0 370.0
885.0 400.0 135.0 370.0
875.0 395.0 135.0 370.0
855.0 385.0 140.0 385.0
840.0 385.0 135.0 375.0
815.0 385.0 140.0 385.0
810.0 390.0 135.0 375.0
805.0 390.0 140.0 385.0
810.0 390.0 140.0 385.0
810.0 385.0 145.0 400.0
805.0 390.0 140.0 390.0
805.0 405.0 135.0 375.0
795.0 410.0 140.0 385.0
790.0 405.0 140.0 390.0
775.0 395.0 145.0 400.0
755.0 400.0 140.0 390.0
745.0 410.0 135.0 375.0
730.0 400.0 135.0 375.0
705.0 385.0 140.0 390.0
685.0 375.0 145.0 400.0
680.0 375.0 150.0 405.0
695.0 375.0 145.0 400.0
705.0 380.0 140.0 390.0
710.0 375.0 145.0 400.0
700.0 380.0 150.0 405.0
695.0 385.0 150.0 405.0
700.0 385.0 150.0 415.0
715.0 390.0 150.0 405.0
720.0 390.0 145.0 400.0
710.0 380.0 150.0 415.0
700.0 375.0 150.0 415.0
690.0 370.0 150.0 415.0
675.0 365.0 145.0 400.0
655.0 365.0 150.0 405.0
640.0 360.0 150.0 415.0
625.0 350.0 155.0 425.0
630.0 360.0 150.0 415.0
640.0 365.0 145.0 400.0
640.0 365.0 150.0 405.0
645.0 370.0 150.0 405.0
645.0 370.0 150.0 415.0
635.0 365.0 155.0 425.0
635.0 380.0 150.0 415.0
640.0 390.0 150.0 415.0
635.0 400.0 150.0 405.0
630.0 395.0 155.0 425.0
630.0 395.0 155.0 425.0
630.0 395.0 155.0 435.0
630.0 410.0 150.0 415.0
625.0 405.0 155.0 425.0
625.0 415.0 150.0 415.0
610.0 405.0 155.0 435.0
595.0 405.0 155.0 435.0
570.0 400.0 160.0 440.0
560.0 410.0 155.0 425.0
555.0 420.0 150.0 415.0
555.0 420.0 150.0 415.0
545.0 400.0 155.0 435.0
535.0 395.0 155.0 435.0
515.0 390.0 160.0 440.0
495.0 390.0 160.0 440.0
480.0 395.0 155.0 425.0
465.0 390.0 155.0 435.0
445.0 395.0 160.0 440.0
440.0 395.0 160.0 440.0
440.0 400.0 160.0 440.0
440.0 405.0 160.0 440.0
445.0 420.0 160.0 440.0
455.0 430.0 160.0 440.0
465.0 435.0 165.0 460.0
460.0 435.0 170.0 470.0
455.0 440.0 170.0 470.0
450.0 445.0 175.0 480.0
455.0 465.0 165.0 460.0
465.0 465.0 170.0 470.0
475.0 470.0 170.0 470.0
485.0 470.0 175.0 485.0
490.0 480.0 175.0 485.0
490.0 485.0 175.0 480.0
485.0 490.0 170.0 470.0
490.0 495.0 165.0 460.0
500.0 480.0 175.0 480.0
500.0 465.0 165.0 460.0
485.0 430.0 175.0 480.0
500.0 410.0 175.0 485.0
510.0 395.0 170.0 470.0
525.0 370.0 170.0 470.0
545.0 350.0 175.0 480.0
560.0 335.0 175.0 480.0
565.0 330.0 175.0 480.0
565.0 325.0 170.0 470.0
570.0 325.0 165.0 460.0
565.0 320.0 165.0 450.0
555.0 320.0 165.0 450.0
560.0 320.0 165.0 460.0
560.0 320.0 170.0 470.0
565.0 330.0 170.0 470.0
570.0 335.0 170.0 470.0
575.0 340.0 170.0 470.0
590.0 345.0 175.0 485.0
595.0 355.0 175.0 485.0
610.0 365.0 175.0 480.0
620.0 375.0 175.0 480.0
630.0 375.0 175.0 485.0
645.0 380.0 175.0 480.0
655.0 395.0 165.0 460.0
660.0 400.0 165.0 460.0
665.0 405.0 165.0 450.0
670.0 410.0 165.0 450.0
675.0 415.0 165.0 450.0
675.0 425.0 160.0 440.0
670.0 420.0 165.0 460.0
655.0 430.0 165.0 460.0
640.0 445.0 165.0 450.0
630.0 460.0 160.0 440.0
630.0 465.0 160.0 440.0
630.0 460.0 165.0 450.0
640.0 465.0 165.0 460.0
645.0 450.0 175.0 480.0
645.0 440.0 180.0 495.0
645.0 445.0 180.0 495.0
650.0 455.0 175.0 485.0
640.0 455.0 180.0 495.0
630.0 480.0 175.0 485.0
625.0 495.0 185.0 505.0
630.0 500.0 175.0 485.0
625.0 505.0 180.0 495.0
630.0 510.0 175.0 480.0
620.0 515.0 170.0 470.0
610.0 515.0 175.0 485.0
605.0 520.0 175.0 480.0
595.0 515.0 170.0 470.0
595.0 520.0 175.0 480.0
595.0 520.0 175.0 480.0
590.0 520.0 170.0 470.0
590.0 520.0 175.0 480.0
585.0 510.0 180.0 495.0
595.0 515.0 175.0 480.0
590.0 515.0 175.0 485.0
590.0 515.0 170.0 470.0
590.0 515.0 170.0 470.0
590.0 515.0 170.0 470.0
590.0 515.0 175.0 485.0
595.0 520.0 175.0 480.0
600.0 520.0 175.0 480.0
605.0 520.0 175.0 480.0
610.0 525.0 175.0 480.0
630.0 530.0 175.0 480.0
665.0 540.0 165.0 460.0
700.0 540.0 165.0 460.0
715.0 535.0 165.0 450.0
730.0 540.0 155.0 435.0
735.0 540.0 160.0 440.0
735.0 550.0 155.0 425.0
735.0 555.0 155.0 425.0
735.0 570.0 150.0 405.0
735.0 565.0 150.0 415.0
730.0 550.0 155.0 435.0
725.0 550.0 160.0 440.0
725.0 555.0 155.0 425.0
720.0 550.0 160.0 440.0
715.0 550.0 160.0 440.0
710.0 550.0 160.0 440.0
705.0 550.0 160.0 440.0
700.0 545.0 165.0 450.0
695.0 545.0 165.0 450.0
690.0 545.0 165.0 460.0
685.0 545.0 170.0 470.0
685.0 550.0 165.0 450.0
690.0 550.0 165.0 460.0
685.0 545.0 175.0 480.0
685.0 545.0 170.0 470.0
690.0 550.0 165.0 460.0
690.0 550.0 165.0 460.0
690.0 550.0 165.0 460.0
690.0 550.0 165.0 460.0
690.0 550.0 165.0 460.0
