725.0 280.0 315.0 95.0
745.0 275.0 315.0 95.0
775.0 275.0 310.0 95.0
800.0 275.0 310.0 95.0
820.0 275.0 305.0 95.0
835.0 280.0 305.0 95.0
855.0 280.0 305.0 95.0
860.0 275.0 300.0 95.0
860.0 260.0 300.0 95.0
850.0 255.0 300.0 95.0
860.0 255.0 295.0 95.0
875.0 255.0 295.0 95.0
885.0 260.0 295.0 95.0
910.0 275.0 290.0 95.0
925.0 285.0 290.0 90.0
945.0 290.0 285.0 90.0
955.0 290.0 285.0 90.0
970.0 300.0 280.0 90.0
980.0 300.0 280.0 90.0
990.0 300.0 280.0 90.0
995.0 310.0 280.0 90.0
1015.0 320.0 275.0 90.0
1025.0 320.0 275.0 90.0
1040.0 325.0 275.0 90.0
1060.0 330.0 270.0 90.0
1070.0 330.0 270.0 90.0
1080.0 335.0 265.0 85.0
1085.0 335.0 265.0 85.0
1095.0 335.0 265.0 85.0
1105.0 340.0 260.0 85.0
1110.0 340.0 260.0 85.0
1130.0 350.0 260.0 85.0
1135.0 355.0 260.0 85.0
1145.0 355.0 255.0 85.0
1150.0 355.0 255.0 85.0
1155.0 365.0 255.0 85.0
1170.0 375.0 255.0 85.0
1180.0 375.0 250.0 85.0
1190.0 380.0 250.0 85.0
1195.0 375.0 250.0 85.0
1205.0 365.0 250.0 85.0
1215.0 365.0 250.0 80.0
1230.0 365.0 250.0 85.0
1240.0 370.0 250.0 80.0
1245.0 370.0 245.0 80.0
1255.0 380.0 250.0 80.0
1275.0 385.0 245.0 80.0
1290.0 390.0 250.0 80.0
1305.0 395.0 245.0 80.0
1325.0 400.0 245.0 80.0
1330.0 390.0 240.0 80.0
1340.0 385.0 240.0 80.0
1355.0 385.0 240.0 80.0
1370.0 385.0 235.0 75.0
1375.0 385.0 235.0 75.0
1385.0 385.0 235.0 80.0
1385.0 385.0 235.0 75.0
1395.0 385.0 235.0 75.0
1395.0 385.0 235.0 75.0
1395.0 385.0 235.0 75.0
1390.0 385.0 235.0 80.0
1395.0 400.0 225.0 80.0
1390.0 400.0 230.0 80.0
1390.0 400.0 230.0 80.0
1390.0 400.0 225.0 80.0
1390.0 400.0 225.0 75.0
1385.0 405.0 230.0 75.0
1385.0 415.0 225.0 75.0
1385.0 415.0 220.0 80.0
1380.0 420.0 220.0 75.0
1380.0 425.0 220.0 75.0
1370.0 425.0 215.0 75.0
1365.0 425.0 215.0 75.0
1365.0 425.0 215.0 75.0
1365.0 430.0 215.0 75.0
1365.0 430.0 210.0 75.0
1365.0 435.0 215.0 75.0
1375.0 445.0 210.0 75.0
1385.0 455.0 210.0 75.0
1375.0 485.0 210.0 75.0
1360.0 500.0 210.0 75.0
1345.0 500.0 210.0 70.0
1330.0 510.0 205.0 70.0
1305.0 535.0 210.0 70.0
1300.0 540.0 205.0 70.0
1290.0 535.0 205.0 70.0
1270.0 520.0 205.0 70.0
1280.0 520.0 200.0 70.0
1290.0 515.0 200.0 70.0
1300.0 515.0 200.0 70.0
1315.0 515.0 200.0 70.0
1330.0 515.0 195.0 70.0
1350.0 515.0 200.0 70.0
1365.0 510.0 195.0 70.0
1380.0 510.0 190.0 70.0
1395.0 510.0 195.0 70.0
1410.0 510.0 190.0 70.0
1430.0 510.0 185.0 70.0
1445.0 510.0 180.0 70.0
1465.0 510.0 170.0 65.0
1475.0 515.0 200.0 60.0
1500.0 515.0 200.0 60.0
1515.0 505.0 200.0 60.0
1525.0 500.0 200.0 60.0
1510.0 495.0 200.0 60.0
