1280.0 385.0 150.0 55.0
1295.0 380.0 150.0 55.0
1305.0 380.0 150.0 55.0
1310.0 385.0 150.0 55.0
1325.0 390.0 150.0 55.0
1340.0 395.0 145.0 55.0
1345.0 400.0 145.0 55.0
1360.0 400.0 145.0 55.0
1375.0 395.0 145.0 55.0
1385.0 395.0 145.0 55.0
1390.0 395.0 140.0 55.0
1400.0 395.0 140.0 55.0
1395.0 400.0 145.0 55.0
1395.0 405.0 140.0 55.0
1400.0 400.0 145.0 55.0
1410.0 400.0 140.0 55.0
1415.0 400.0 140.0 55.0
1405.0 405.0 140.0 55.0
1400.0 410.0 140.0 55.0
1405.0 410.0 140.0 50.0
1410.0 410.0 140.0 55.0
1415.0 410.0 135.0 50.0
1425.0 410.0 135.0 55.0
1435.0 405.0 140.0 55.0
1445.0 405.0 135.0 55.0
1455.0 400.0 135.0 50.0
1465.0 400.0 135.0 55.0
1480.0 400.0 130.0 50.0
1485.0 400.0 130.0 50.0
1490.0 400.0 130.0 50.0
1495.0 400.0 130.0 50.0
1495.0 405.0 130.0 50.0
1500.0 405.0 130.0 50.0
1510.0 405.0 125.0 50.0
1515.0 410.0 125.0 50.0
1515.0 410.0 125.0 50.0
1510.0 420.0 120.0 50.0
1515.0 425.0 120.0 50.0
1525.0 425.0 120.0 50.0
1550.0 440.0 120.0 50.0
1580.0 445.0 120.0 50.0
1610.0 460.0 120.0 50.0
1635.0 475.0 120.0 50.0
1660.0 475.0 115.0 50.0
1680.0 485.0 115.0 55.0
1700.0 485.0 115.0 50.0
1715.0 485.0 115.0 50.0
1730.0 485.0 115.0 50.0
1745.0 480.0 110.0 50.0
1760.0 485.0 110.0 50.0
1775.0 480.0 110.0 50.0
1795.0 475.0 115.0 55.0
1810.0 475.0 110.0 55.0
1820.0 475.0 105.0 55.0
1830.0 475.0 105.0 50.0
1835.0 475.0 120.0 55.0
