1485.0 545.0 135.0 65.0
1475.0 550.0 130.0 65.0
1460.0 555.0 130.0 65.0
1460.0 555.0 130.0 65.0
1455.0 555.0 130.0 65.0
1450.0 555.0 130.0 65.0
1445.0 555.0 130.0 65.0
1445.0 560.0 125.0 65.0
1440.0 560.0 125.0 65.0
1445.0 560.0 125.0 65.0
1450.0 565.0 125.0 65.0
1450.0 565.0 125.0 65.0
1455.0 565.0 125.0 65.0
1460.0 565.0 120.0 65.0
1460.0 565.0 120.0 65.0
1460.0 565.0 120.0 65.0
1455.0 570.0 120.0 65.0
1445.0 575.0 120.0 65.0
1440.0 580.0 120.0 65.0
1435.0 590.0 120.0 65.0
1415.0 610.0 120.0 65.0
1415.0 625.0 115.0 65.0
1405.0 630.0 115.0 65.0
1405.0 635.0 115.0 65.0
1400.0 645.0 115.0 65.0
1395.0 650.0 115.0 65.0
1390.0 650.0 115.0 65.0
1395.0 655.0 115.0 65.0
1405.0 660.0 110.0 60.0
1415.0 665.0 110.0 60.0
1425.0 665.0 110.0 60.0
1430.0 670.0 110.0 60.0
1435.0 670.0 105.0 60.0
1440.0 670.0 110.0 60.0
1445.0 670.0 105.0 60.0
1455.0 675.0 105.0 60.0
1465.0 680.0 105.0 60.0
1475.0 685.0 105.0 60.0
1480.0 685.0 105.0 60.0
1490.0 690.0 105.0 55.0
1500.0 690.0 105.0 60.0
1515.0 695.0 105.0 55.0
1535.0 690.0 105.0 55.0
1555.0 690.0 100.0 55.0
1555.0 650.0 100.0 50.0
1565.0 645.0 105.0 55.0
1575.0 645.0 100.0 55.0
1590.0 645.0 100.0 55.0
1595.0 650.0 100.0 55.0
1600.0 650.0 100.0 55.0
1605.0 650.0 95.0 55.0
1610.0 650.0 100.0 55.0
1610.0 650.0 95.0 55.0
1610.0 650.0 95.0 55.0
1615.0 650.0 95.0 55.0
1615.0 650.0 95.0 55.0
1615.0 655.0 95.0 50.0
1620.0 655.0 95.0 50.0
1620.0 655.0 95.0 55.0
1620.0 660.0 95.0 55.0
1625.0 665.0 95.0 50.0
1625.0 665.0 95.0 55.0
1625.0 665.0 95.0 55.0
1625.0 670.0 95.0 55.0
1630.0 670.0 95.0 55.0
1635.0 670.0 90.0 50.0
1665.0 660.0 95.0 50.0
1690.0 650.0 90.0 55.0
1705.0 625.0 90.0 50.0
1710.0 625.0 90.0 50.0
1725.0 615.0 90.0 50.0
1725.0 610.0 90.0 50.0
1715.0 605.0 95.0 50.0
1700.0 600.0 95.0 50.0
