835.0 680.0 25.0 20.0
830.0 680.0 25.0 20.0
825.0 680.0 25.0 20.0
820.0 680.0 25.0 20.0
810.0 680.0 25.0 20.0
805.0 685.0 25.0 20.0
800.0 690.0 25.0 20.0
790.0 690.0 25.0 20.0
785.0 695.0 25.0 20.0
790.0 700.0 25.0 20.0
800.0 700.0 25.0 20.0
800.0 705.0 25.0 20.0
790.0 705.0 25.0 20.0
785.0 710.0 25.0 20.0
780.0 710.0 25.0 20.0
775.0 715.0 25.0 20.0
765.0 720.0 25.0 20.0
760.0 725.0 20.0 20.0
755.0 730.0 25.0 20.0
750.0 730.0 25.0 20.0
750.0 735.0 25.0 20.0
745.0 735.0 25.0 20.0
735.0 740.0 25.0 20.0
730.0 745.0 25.0 20.0
730.0 750.0 25.0 20.0
725.0 750.0 25.0 20.0
720.0 755.0 25.0 20.0
715.0 755.0 25.0 20.0
715.0 750.0 25.0 20.0
715.0 740.0 25.0 20.0
710.0 735.0 25.0 20.0
700.0 730.0 25.0 20.0
690.0 720.0 25.0 20.0
685.0 725.0 25.0 20.0
675.0 730.0 25.0 20.0
670.0 735.0 25.0 20.0
665.0 735.0 25.0 20.0
660.0 740.0 25.0 20.0
655.0 745.0 25.0 20.0
645.0 750.0 25.0 20.0
640.0 750.0 25.0 20.0
635.0 755.0 25.0 20.0
625.0 760.0 25.0 20.0
620.0 760.0 25.0 20.0
615.0 765.0 25.0 20.0
605.0 770.0 25.0 20.0
600.0 770.0 25.0 20.0
595.0 775.0 25.0 20.0
590.0 780.0 25.0 20.0
585.0 780.0 25.0 20.0
575.0 785.0 25.0 20.0
570.0 790.0 25.0 20.0
565.0 790.0 25.0 20.0
560.0 795.0 25.0 20.0
555.0 800.0 25.0 20.0
550.0 805.0 25.0 20.0
545.0 805.0 20.0 20.0
540.0 810.0 25.0 20.0
535.0 815.0 25.0 20.0
530.0 820.0 25.0 20.0
525.0 820.0 25.0 20.0
520.0 825.0 25.0 20.0
515.0 830.0 25.0 20.0
510.0 835.0 25.0 20.0
505.0 835.0 25.0 20.0
500.0 840.0 25.0 20.0
495.0 845.0 25.0 20.0
490.0 850.0 25.0 20.0
485.0 850.0 25.0 20.0
480.0 855.0 25.0 20.0
