1535.0 350.0 120.0 50.0
1540.0 345.0 120.0 50.0
1545.0 350.0 120.0 50.0
1515.0 360.0 120.0 50.0
1505.0 365.0 115.0 50.0
1510.0 365.0 120.0 50.0
1525.0 365.0 120.0 50.0
1535.0 360.0 115.0 50.0
1540.0 360.0 115.0 50.0
1550.0 360.0 115.0 50.0
1560.0 360.0 115.0 50.0
1570.0 360.0 115.0 50.0
1580.0 355.0 115.0 50.0
1595.0 355.0 110.0 50.0
1600.0 355.0 110.0 50.0
1610.0 355.0 115.0 50.0
1620.0 355.0 110.0 50.0
1625.0 350.0 110.0 50.0
1635.0 350.0 110.0 50.0
1640.0 350.0 110.0 50.0
1650.0 345.0 110.0 50.0
1660.0 345.0 110.0 50.0
1670.0 345.0 110.0 50.0
1670.0 345.0 105.0 50.0
1670.0 345.0 105.0 50.0
1670.0 345.0 105.0 50.0
1665.0 345.0 105.0 50.0
1650.0 350.0 105.0 50.0
1645.0 350.0 105.0 50.0
1640.0 350.0 105.0 50.0
1635.0 350.0 100.0 50.0
1630.0 350.0 100.0 50.0
1630.0 350.0 100.0 50.0
1630.0 350.0 100.0 50.0
1625.0 350.0 100.0 50.0
1620.0 350.0 100.0 50.0
1610.0 350.0 95.0 50.0
1600.0 350.0 95.0 50.0
1585.0 350.0 95.0 50.0
1575.0 345.0 95.0 50.0
1575.0 345.0 95.0 50.0
1570.0 345.0 95.0 50.0
1570.0 340.0 95.0 50.0
1580.0 340.0 95.0 50.0
1575.0 325.0 95.0 50.0
1580.0 330.0 95.0 50.0
1590.0 330.0 95.0 50.0
1600.0 330.0 95.0 50.0
1605.0 330.0 95.0 50.0
1610.0 330.0 95.0 50.0
1615.0 330.0 95.0 50.0
1620.0 330.0 95.0 50.0
1625.0 325.0 95.0 50.0
1620.0 325.0 110.0 45.0
1635.0 325.0 95.0 50.0
1640.0 325.0 90.0 50.0
1650.0 325.0 90.0 50.0
1655.0 320.0 95.0 50.0
1660.0 320.0 90.0 50.0
1670.0 320.0 90.0 50.0
1675.0 320.0 90.0 50.0
1680.0 320.0 90.0 50.0
1675.0 320.0 105.0 45.0
1695.0 315.0 90.0 50.0
1700.0 315.0 90.0 50.0
1700.0 315.0 85.0 50.0
1705.0 315.0 85.0 50.0
1710.0 320.0 90.0 50.0
1720.0 320.0 90.0 50.0
1725.0 320.0 95.0 55.0
