1760.0 930.0 85.0 155.0
1745.0 900.0 85.0 155.0
1760.0 860.0 85.0 155.0
1760.0 860.0 85.0 150.0
1765.0 875.0 85.0 150.0
1780.0 870.0 85.0 150.0
1810.0 825.0 85.0 150.0
1790.0 815.0 85.0 150.0
1810.0 800.0 85.0 155.0
1930.0 795.0 85.0 155.0
1955.0 905.0 85.0 155.0
1950.0 920.0 85.0 155.0
1910.0 880.0 85.0 155.0
1885.0 815.0 85.0 155.0
1895.0 785.0 85.0 160.0
1930.0 835.0 85.0 160.0
1910.0 850.0 90.0 160.0
1860.0 905.0 90.0 160.0
1845.0 855.0 90.0 160.0
1885.0 840.0 90.0 160.0
1900.0 820.0 90.0 165.0
1900.0 840.0 90.0 160.0
1935.0 890.0 90.0 160.0
1950.0 905.0 90.0 160.0
1960.0 910.0 90.0 165.0
1895.0 860.0 90.0 165.0
1915.0 845.0 90.0 165.0
1915.0 840.0 90.0 165.0
1945.0 890.0 90.0 165.0
1945.0 910.0 90.0 165.0
1925.0 850.0 90.0 165.0
1930.0 890.0 90.0 165.0
1915.0 840.0 90.0 170.0
1945.0 815.0 95.0 170.0
1920.0 785.0 95.0 170.0
1915.0 720.0 95.0 170.0
1890.0 710.0 95.0 170.0
1910.0 655.0 95.0 170.0
1885.0 700.0 95.0 170.0
1905.0 725.0 95.0 175.0
1925.0 790.0 95.0 175.0
1900.0 760.0 95.0 175.0
1915.0 790.0 95.0 170.0
1950.0 795.0 95.0 170.0
1915.0 800.0 95.0 170.0
1910.0 820.0 95.0 170.0
1920.0 840.0 95.0 175.0
1895.0 845.0 95.0 175.0
1905.0 840.0 95.0 175.0
1905.0 845.0 95.0 175.0
1900.0 855.0 95.0 175.0
1915.0 865.0 95.0 175.0
1920.0 860.0 95.0 175.0
1920.0 890.0 95.0 175.0
1920.0 885.0 100.0 180.0
1930.0 910.0 95.0 175.0
1910.0 905.0 95.0 175.0
1915.0 885.0 100.0 180.0
1935.0 825.0 100.0 180.0
1940.0 795.0 100.0 180.0
1940.0 775.0 95.0 175.0
