165.0 950.0 65.0 135.0
160.0 895.0 65.0 150.0
215.0 870.0 65.0 135.0
225.0 810.0 65.0 150.0
205.0 775.0 65.0 150.0
205.0 725.0 65.0 155.0
230.0 710.0 65.0 150.0
240.0 705.0 65.0 150.0
245.0 720.0 65.0 145.0
235.0 750.0 60.0 150.0
235.0 785.0 65.0 155.0
230.0 840.0 65.0 135.0
275.0 875.0 60.0 145.0
300.0 885.0 65.0 150.0
290.0 905.0 65.0 155.0
300.0 915.0 65.0 155.0
300.0 930.0 65.0 150.0
310.0 945.0 65.0 140.0
315.0 960.0 65.0 130.0
320.0 970.0 65.0 120.0
325.0 975.0 65.0 120.0
330.0 970.0 60.0 130.0
340.0 985.0 60.0 110.0
355.0 970.0 60.0 130.0
355.0 990.0 60.0 105.0
360.0 980.0 60.0 130.0
375.0 980.0 60.0 130.0
385.0 975.0 60.0 130.0
400.0 980.0 60.0 125.0
415.0 995.0 55.0 100.0
430.0 985.0 60.0 110.0
420.0 930.0 65.0 140.0
400.0 890.0 65.0 155.0
370.0 870.0 65.0 150.0
360.0 845.0 65.0 145.0
375.0 825.0 65.0 145.0
390.0 820.0 65.0 150.0
410.0 805.0 65.0 150.0
450.0 760.0 65.0 155.0
480.0 735.0 65.0 155.0
500.0 745.0 65.0 155.0
520.0 730.0 70.0 155.0
530.0 705.0 70.0 155.0
540.0 710.0 70.0 155.0
550.0 720.0 70.0 160.0
560.0 720.0 70.0 165.0
575.0 710.0 70.0 160.0
580.0 705.0 70.0 165.0
590.0 715.0 70.0 175.0
600.0 720.0 70.0 165.0
610.0 705.0 70.0 165.0
620.0 705.0 70.0 165.0
630.0 710.0 70.0 160.0
645.0 710.0 70.0 170.0
660.0 700.0 75.0 180.0
670.0 705.0 70.0 170.0
685.0 700.0 70.0 175.0
710.0 680.0 70.0 175.0
720.0 675.0 75.0 180.0
730.0 680.0 75.0 175.0
735.0 690.0 75.0 170.0
760.0 680.0 75.0 170.0
775.0 665.0 75.0 180.0
785.0 670.0 75.0 185.0
795.0 680.0 75.0 180.0
800.0 690.0 75.0 185.0
805.0 695.0 75.0 180.0
815.0 690.0 75.0 185.0
815.0 695.0 75.0 175.0
820.0 700.0 75.0 175.0
810.0 695.0 80.0 180.0
800.0 650.0 80.0 195.0
800.0 615.0 75.0 185.0
795.0 605.0 75.0 185.0
785.0 600.0 80.0 190.0
785.0 600.0 75.0 185.0
780.0 575.0 80.0 185.0
770.0 570.0 80.0 185.0
775.0 580.0 80.0 180.0
780.0 580.0 80.0 195.0
790.0 565.0 80.0 200.0
800.0 555.0 80.0 190.0
805.0 540.0 80.0 195.0
815.0 530.0 75.0 195.0
820.0 520.0 80.0 195.0
815.0 510.0 80.0 190.0
815.0 510.0 80.0 190.0
810.0 515.0 85.0 190.0
810.0 510.0 85.0 200.0
810.0 510.0 85.0 205.0
810.0 510.0 85.0 200.0
805.0 500.0 85.0 205.0
800.0 505.0 85.0 205.0
790.0 495.0 85.0 200.0
785.0 495.0 85.0 200.0
775.0 495.0 85.0 205.0
775.0 495.0 90.0 210.0
770.0 495.0 90.0 215.0
780.0 505.0 85.0 210.0
775.0 495.0 90.0 215.0
765.0 485.0 90.0 215.0
760.0 485.0 90.0 210.0
750.0 475.0 90.0 200.0
740.0 475.0 90.0 200.0
735.0 470.0 90.0 205.0
720.0 470.0 95.0 220.0
715.0 475.0 90.0 215.0
715.0 475.0 90.0 215.0
695.0 480.0 90.0 225.0
695.0 505.0 90.0 220.0
710.0 515.0 90.0 205.0
710.0 525.0 90.0 205.0
705.0 515.0 90.0 210.0
690.0 490.0 95.0 220.0
680.0 475.0 95.0 230.0
675.0 475.0 90.0 220.0
650.0 455.0 95.0 230.0
640.0 455.0 95.0 230.0
630.0 470.0 95.0 215.0
620.0 475.0 95.0 215.0
610.0 475.0 100.0 215.0
600.0 465.0 100.0 230.0
585.0 460.0 100.0 240.0
570.0 455.0 100.0 240.0
560.0 470.0 100.0 240.0
535.0 445.0 95.0 245.0
525.0 455.0 100.0 245.0
510.0 460.0 100.0 230.0
495.0 460.0 100.0 220.0
480.0 455.0 100.0 230.0
480.0 390.0 105.0 240.0
490.0 390.0 105.0 250.0
505.0 405.0 100.0 240.0
515.0 415.0 105.0 250.0
525.0 430.0 105.0 245.0
530.0 455.0 105.0 235.0
535.0 480.0 105.0 230.0
540.0 500.0 105.0 230.0
545.0 505.0 110.0 250.0
550.0 520.0 110.0 255.0
560.0 550.0 105.0 245.0
555.0 565.0 105.0 240.0
540.0 575.0 115.0 255.0
540.0 595.0 110.0 245.0
530.0 615.0 115.0 240.0
530.0 635.0 115.0 240.0
525.0 650.0 115.0 245.0
525.0 650.0 115.0 260.0
520.0 665.0 115.0 260.0
520.0 675.0 110.0 250.0
505.0 685.0 120.0 250.0
500.0 675.0 115.0 255.0
485.0 665.0 115.0 250.0
480.0 635.0 115.0 255.0
470.0 625.0 120.0 260.0
465.0 610.0 120.0 270.0
460.0 605.0 120.0 260.0
455.0 600.0 115.0 265.0
445.0 605.0 120.0 265.0
435.0 605.0 130.0 265.0
420.0 610.0 130.0 275.0
410.0 625.0 130.0 270.0
405.0 635.0 125.0 265.0
395.0 630.0 130.0 280.0
390.0 610.0 130.0 275.0
395.0 610.0 130.0 295.0
405.0 610.0 125.0 285.0
400.0 605.0 130.0 285.0
400.0 615.0 135.0 285.0
395.0 620.0 135.0 285.0
390.0 630.0 130.0 285.0
385.0 635.0 125.0 280.0
375.0 620.0 130.0 280.0
355.0 595.0 140.0 285.0
350.0 610.0 135.0 295.0
335.0 625.0 140.0 300.0
335.0 640.0 135.0 300.0
335.0 655.0 140.0 300.0
330.0 640.0 140.0 300.0
320.0 620.0 145.0 305.0
310.0 600.0 145.0 305.0
320.0 575.0 145.0 305.0
315.0 530.0 140.0 300.0
295.0 460.0 145.0 310.0
285.0 400.0 145.0 320.0
285.0 375.0 140.0 315.0
290.0 385.0 140.0 320.0
315.0 405.0 145.0 325.0
370.0 435.0 155.0 330.0
455.0 465.0 155.0 325.0
550.0 500.0 155.0 335.0
615.0 520.0 150.0 315.0
645.0 555.0 160.0 320.0
655.0 590.0 160.0 315.0
665.0 615.0 160.0 320.0
660.0 645.0 150.0 320.0
640.0 680.0 145.0 325.0
615.0 720.0 150.0 330.0
595.0 735.0 155.0 320.0
560.0 765.0 155.0 310.0
525.0 790.0 165.0 295.0
495.0 795.0 150.0 320.0
470.0 830.0 155.0 270.0
425.0 850.0 155.0 260.0
390.0 855.0 140.0 255.0
365.0 850.0 145.0 310.0
350.0 895.0 145.0 305.0
310.0 780.0 140.0 300.0
