1350.0 455.0 155.0 50.0
1345.0 460.0 150.0 50.0
1335.0 460.0 155.0 50.0
1330.0 460.0 150.0 50.0
1325.0 460.0 150.0 50.0
1310.0 460.0 160.0 50.0
1310.0 460.0 155.0 50.0
1295.0 460.0 160.0 50.0
1290.0 460.0 155.0 50.0
1280.0 460.0 155.0 50.0
1270.0 460.0 160.0 50.0
1265.0 465.0 155.0 50.0
1255.0 465.0 160.0 50.0
1250.0 465.0 160.0 50.0
1240.0 465.0 160.0 50.0
1235.0 465.0 155.0 50.0
1225.0 465.0 160.0 50.0
1220.0 465.0 155.0 50.0
1205.0 465.0 165.0 50.0
1200.0 465.0 160.0 50.0
1195.0 465.0 160.0 50.0
1185.0 465.0 160.0 50.0
1180.0 465.0 160.0 50.0
1170.0 465.0 160.0 50.0
1165.0 470.0 160.0 50.0
1155.0 470.0 160.0 50.0
1150.0 470.0 160.0 50.0
1145.0 470.0 155.0 50.0
1135.0 465.0 155.0 50.0
1125.0 465.0 160.0 55.0
1120.0 465.0 160.0 55.0
1110.0 465.0 155.0 55.0
1105.0 465.0 160.0 55.0
1100.0 470.0 155.0 50.0
1090.0 470.0 155.0 50.0
1085.0 470.0 160.0 50.0
1075.0 470.0 155.0 50.0
1065.0 470.0 155.0 55.0
1060.0 470.0 155.0 50.0
1050.0 475.0 155.0 50.0
1045.0 475.0 155.0 50.0
1035.0 475.0 155.0 50.0
1030.0 475.0 160.0 50.0
1020.0 475.0 155.0 50.0
1010.0 475.0 160.0 50.0
1005.0 475.0 160.0 50.0
995.0 475.0 160.0 50.0
990.0 475.0 160.0 50.0
980.0 475.0 160.0 50.0
970.0 475.0 160.0 50.0
965.0 475.0 160.0 55.0
955.0 475.0 160.0 55.0
950.0 475.0 155.0 55.0
940.0 475.0 160.0 55.0
930.0 475.0 160.0 50.0
920.0 475.0 160.0 50.0
920.0 475.0 160.0 50.0
950.0 485.0 155.0 50.0
940.0 480.0 160.0 50.0
920.0 480.0 160.0 50.0
920.0 480.0 155.0 50.0
915.0 480.0 160.0 50.0
925.0 485.0 165.0 50.0
955.0 490.0 160.0 50.0
950.0 490.0 165.0 55.0
950.0 485.0 165.0 55.0
940.0 485.0 165.0 55.0
930.0 485.0 165.0 55.0
930.0 485.0 160.0 55.0
920.0 485.0 165.0 55.0
920.0 490.0 160.0 50.0
915.0 490.0 165.0 50.0
915.0 490.0 160.0 50.0
915.0 490.0 165.0 50.0
920.0 490.0 160.0 50.0
920.0 490.0 165.0 50.0
920.0 490.0 165.0 50.0
915.0 490.0 165.0 50.0
910.0 490.0 160.0 50.0
915.0 490.0 160.0 50.0
915.0 495.0 160.0 50.0
920.0 490.0 160.0 50.0
925.0 490.0 160.0 55.0
925.0 490.0 160.0 55.0
930.0 490.0 160.0 50.0
940.0 490.0 165.0 50.0
945.0 490.0 165.0 55.0
940.0 490.0 165.0 55.0
930.0 490.0 165.0 55.0
915.0 490.0 165.0 50.0
910.0 490.0 160.0 50.0
895.0 490.0 165.0 50.0
885.0 490.0 165.0 50.0
880.0 490.0 165.0 50.0
870.0 490.0 160.0 50.0
860.0 485.0 165.0 55.0
850.0 490.0 165.0 55.0
845.0 490.0 165.0 50.0
835.0 490.0 165.0 55.0
830.0 490.0 165.0 50.0
775.0 490.0 160.0 55.0
760.0 490.0 165.0 55.0
750.0 495.0 165.0 55.0
745.0 495.0 160.0 50.0
735.0 495.0 165.0 50.0
730.0 495.0 160.0 50.0
720.0 495.0 165.0 50.0
705.0 495.0 165.0 50.0
700.0 495.0 165.0 50.0
690.0 495.0 165.0 55.0
685.0 495.0 165.0 50.0
680.0 495.0 170.0 55.0
680.0 495.0 170.0 55.0
680.0 500.0 165.0 55.0
690.0 500.0 160.0 55.0
715.0 505.0 165.0 55.0
730.0 500.0 165.0 50.0
730.0 500.0 165.0 50.0
720.0 500.0 165.0 50.0
715.0 500.0 165.0 50.0
710.0 500.0 165.0 55.0
705.0 495.0 165.0 55.0
700.0 495.0 165.0 55.0
700.0 500.0 165.0 55.0
690.0 500.0 165.0 55.0
680.0 500.0 165.0 55.0
680.0 500.0 160.0 55.0
670.0 500.0 160.0 50.0
670.0 505.0 160.0 50.0
660.0 505.0 160.0 50.0
650.0 505.0 160.0 50.0
640.0 505.0 165.0 50.0
650.0 505.0 165.0 50.0
655.0 505.0 165.0 55.0
660.0 505.0 165.0 55.0
660.0 505.0 170.0 55.0
655.0 505.0 170.0 55.0
650.0 505.0 165.0 55.0
645.0 505.0 165.0 50.0
645.0 505.0 165.0 55.0
645.0 505.0 165.0 55.0
645.0 505.0 160.0 55.0
645.0 505.0 165.0 55.0
655.0 505.0 165.0 55.0
665.0 500.0 165.0 55.0
665.0 505.0 165.0 55.0
665.0 505.0 165.0 55.0
670.0 505.0 165.0 55.0
675.0 505.0 165.0 55.0
675.0 505.0 165.0 50.0
675.0 500.0 165.0 55.0
665.0 505.0 170.0 50.0
665.0 505.0 165.0 55.0
665.0 505.0 165.0 55.0
665.0 505.0 165.0 55.0
660.0 500.0 165.0 55.0
660.0 500.0 165.0 55.0
670.0 505.0 165.0 55.0
675.0 500.0 165.0 55.0
675.0 500.0 165.0 55.0
680.0 505.0 165.0 55.0
690.0 500.0 160.0 55.0
685.0 500.0 165.0 55.0
675.0 500.0 165.0 55.0
665.0 505.0 165.0 55.0
660.0 505.0 165.0 55.0
650.0 505.0 165.0 55.0
645.0 505.0 165.0 55.0
635.0 505.0 165.0 55.0
635.0 505.0 165.0 55.0
625.0 505.0 175.0 55.0
620.0 505.0 170.0 55.0
610.0 505.0 170.0 55.0
605.0 505.0 170.0 55.0
600.0 505.0 165.0 55.0
595.0 505.0 165.0 55.0
590.0 505.0 165.0 55.0
580.0 505.0 165.0 55.0
575.0 505.0 160.0 55.0
565.0 505.0 160.0 55.0
560.0 505.0 160.0 55.0
555.0 505.0 160.0 55.0
545.0 505.0 160.0 60.0
540.0 505.0 160.0 60.0
545.0 510.0 170.0 55.0
545.0 510.0 170.0 55.0
550.0 510.0 170.0 55.0
530.0 510.0 170.0 55.0
505.0 510.0 170.0 55.0
485.0 505.0 170.0 55.0
480.0 510.0 170.0 55.0
480.0 515.0 165.0 55.0
480.0 510.0 170.0 55.0
480.0 515.0 175.0 55.0
475.0 515.0 170.0 55.0
475.0 515.0 175.0 55.0
475.0 515.0 170.0 55.0
475.0 510.0 165.0 55.0
485.0 510.0 165.0 55.0
485.0 510.0 160.0 55.0
