405.0 495.0 160.0 30.0
405.0 495.0 160.0 30.0
410.0 495.0 160.0 30.0
410.0 495.0 160.0 30.0
410.0 500.0 160.0 30.0
405.0 500.0 170.0 30.0
410.0 500.0 165.0 30.0
420.0 505.0 160.0 30.0
420.0 500.0 165.0 30.0
420.0 500.0 165.0 30.0
420.0 500.0 165.0 30.0
420.0 495.0 170.0 30.0
430.0 495.0 165.0 30.0
425.0 495.0 165.0 30.0
425.0 490.0 165.0 30.0
425.0 475.0 170.0 30.0
435.0 475.0 160.0 30.0
425.0 480.0 170.0 30.0
435.0 490.0 165.0 30.0
440.0 495.0 165.0 30.0
435.0 505.0 170.0 30.0
440.0 505.0 170.0 30.0
445.0 505.0 165.0 30.0
450.0 505.0 165.0 30.0
450.0 505.0 170.0 30.0
450.0 505.0 170.0 30.0
450.0 505.0 170.0 30.0
455.0 510.0 165.0 30.0
460.0 510.0 160.0 30.0
455.0 510.0 170.0 30.0
460.0 510.0 165.0 30.0
460.0 510.0 170.0 30.0
465.0 510.0 170.0 30.0
465.0 505.0 165.0 30.0
470.0 510.0 165.0 30.0
470.0 505.0 165.0 30.0
465.0 510.0 170.0 30.0
470.0 510.0 170.0 30.0
475.0 505.0 165.0 30.0
480.0 510.0 160.0 30.0
480.0 510.0 165.0 30.0
480.0 510.0 165.0 30.0
485.0 510.0 165.0 30.0
485.0 515.0 165.0 30.0
480.0 515.0 165.0 30.0
490.0 515.0 165.0 30.0
490.0 515.0 165.0 30.0
495.0 515.0 160.0 30.0
495.0 510.0 160.0 30.0
495.0 515.0 160.0 30.0
500.0 515.0 160.0 30.0
505.0 510.0 160.0 30.0
500.0 510.0 165.0 30.0
505.0 510.0 165.0 30.0
505.0 510.0 165.0 30.0
505.0 510.0 165.0 30.0
510.0 510.0 165.0 30.0
515.0 510.0 160.0 30.0
515.0 510.0 165.0 30.0
515.0 510.0 165.0 30.0
520.0 510.0 160.0 30.0
525.0 510.0 160.0 30.0
525.0 510.0 160.0 30.0
525.0 510.0 165.0 30.0
530.0 510.0 160.0 30.0
525.0 510.0 165.0 30.0
530.0 510.0 165.0 30.0
535.0 505.0 160.0 30.0
535.0 505.0 165.0 30.0
535.0 510.0 165.0 30.0
540.0 510.0 165.0 30.0
540.0 515.0 165.0 30.0
545.0 515.0 165.0 30.0
545.0 515.0 165.0 30.0
550.0 510.0 160.0 30.0
550.0 510.0 160.0 30.0
550.0 510.0 165.0 30.0
555.0 510.0 160.0 30.0
560.0 510.0 160.0 30.0
555.0 510.0 160.0 30.0
560.0 510.0 165.0 30.0
565.0 510.0 160.0 30.0
565.0 510.0 160.0 30.0
565.0 510.0 165.0 30.0
570.0 510.0 160.0 30.0
570.0 510.0 160.0 30.0
570.0 510.0 165.0 30.0
575.0 505.0 160.0 30.0
570.0 510.0 165.0 30.0
575.0 510.0 165.0 30.0
580.0 510.0 165.0 30.0
585.0 510.0 160.0 30.0
585.0 510.0 165.0 30.0
585.0 510.0 165.0 30.0
590.0 505.0 160.0 30.0
585.0 505.0 170.0 30.0
590.0 505.0 165.0 30.0
595.0 500.0 165.0 30.0
595.0 505.0 165.0 30.0
600.0 505.0 165.0 30.0
630.0 510.0 170.0 30.0
640.0 510.0 165.0 30.0
645.0 505.0 165.0 30.0
645.0 505.0 170.0 30.0
645.0 505.0 165.0 30.0
650.0 505.0 160.0 30.0
655.0 505.0 165.0 30.0
655.0 505.0 165.0 30.0
650.0 505.0 170.0 30.0
650.0 505.0 170.0 30.0
655.0 505.0 170.0 30.0
660.0 505.0 165.0 30.0
665.0 505.0 165.0 30.0
665.0 505.0 165.0 30.0
665.0 505.0 170.0 30.0
670.0 505.0 165.0 30.0
665.0 505.0 170.0 30.0
675.0 505.0 165.0 30.0
670.0 505.0 170.0 30.0
670.0 505.0 170.0 30.0
675.0 505.0 165.0 30.0
680.0 505.0 170.0 30.0
680.0 505.0 165.0 30.0
680.0 505.0 170.0 30.0
685.0 505.0 165.0 30.0
685.0 505.0 170.0 30.0
685.0 505.0 170.0 30.0
695.0 505.0 165.0 30.0
695.0 505.0 165.0 30.0
700.0 505.0 160.0 30.0
700.0 505.0 165.0 30.0
700.0 505.0 165.0 30.0
705.0 505.0 165.0 30.0
705.0 505.0 165.0 30.0
710.0 505.0 165.0 30.0
700.0 505.0 170.0 30.0
705.0 505.0 170.0 30.0
710.0 505.0 170.0 30.0
710.0 505.0 170.0 30.0
715.0 505.0 165.0 30.0
715.0 505.0 170.0 30.0
715.0 505.0 170.0 30.0
720.0 505.0 170.0 30.0
720.0 505.0 170.0 30.0
725.0 505.0 165.0 30.0
730.0 505.0 165.0 30.0
730.0 505.0 170.0 30.0
735.0 505.0 170.0 30.0
730.0 505.0 175.0 30.0
745.0 505.0 165.0 30.0
740.0 505.0 170.0 30.0
740.0 505.0 170.0 30.0
745.0 505.0 170.0 30.0
745.0 505.0 170.0 30.0
750.0 505.0 165.0 30.0
755.0 505.0 165.0 30.0
760.0 505.0 160.0 30.0
760.0 505.0 165.0 30.0
760.0 500.0 165.0 30.0
760.0 505.0 165.0 30.0
760.0 505.0 165.0 30.0
765.0 505.0 165.0 30.0
770.0 505.0 165.0 30.0
770.0 505.0 165.0 30.0
775.0 500.0 160.0 30.0
775.0 500.0 160.0 30.0
770.0 500.0 165.0 30.0
770.0 500.0 170.0 30.0
780.0 500.0 160.0 30.0
780.0 500.0 165.0 30.0
780.0 495.0 160.0 30.0
785.0 495.0 160.0 30.0
785.0 495.0 160.0 30.0
790.0 495.0 160.0 30.0
790.0 495.0 165.0 30.0
790.0 495.0 165.0 30.0
800.0 495.0 160.0 30.0
795.0 495.0 165.0 30.0
795.0 495.0 165.0 30.0
800.0 490.0 165.0 30.0
800.0 490.0 165.0 30.0
805.0 490.0 160.0 30.0
805.0 490.0 160.0 30.0
810.0 490.0 160.0 30.0
815.0 490.0 155.0 30.0
815.0 490.0 160.0 30.0
810.0 490.0 165.0 30.0
810.0 490.0 165.0 30.0
810.0 490.0 165.0 30.0
820.0 490.0 160.0 30.0
820.0 490.0 160.0 30.0
820.0 490.0 160.0 30.0
825.0 495.0 160.0 30.0
825.0 495.0 165.0 30.0
830.0 495.0 160.0 30.0
830.0 495.0 165.0 30.0
835.0 495.0 160.0 30.0
835.0 495.0 160.0 30.0
840.0 495.0 155.0 30.0
845.0 495.0 155.0 30.0
865.0 495.0 165.0 30.0
860.0 495.0 165.0 30.0
865.0 495.0 165.0 30.0
870.0 495.0 165.0 30.0
870.0 495.0 160.0 30.0
870.0 495.0 165.0 30.0
875.0 495.0 160.0 30.0
875.0 495.0 165.0 30.0
870.0 495.0 170.0 30.0
880.0 495.0 165.0 30.0
880.0 495.0 170.0 30.0
885.0 495.0 165.0 30.0
880.0 495.0 170.0 30.0
885.0 495.0 165.0 30.0
890.0 495.0 165.0 30.0
890.0 495.0 170.0 30.0
890.0 495.0 170.0 30.0
895.0 495.0 165.0 30.0
890.0 495.0 170.0 30.0
900.0 495.0 165.0 30.0
905.0 495.0 160.0 30.0
900.0 490.0 170.0 30.0
905.0 490.0 165.0 30.0
910.0 490.0 165.0 30.0
905.0 490.0 170.0 30.0
905.0 490.0 170.0 30.0
910.0 490.0 170.0 30.0
910.0 490.0 170.0 30.0
915.0 490.0 170.0 30.0
925.0 495.0 165.0 30.0
920.0 495.0 165.0 30.0
920.0 500.0 170.0 30.0
925.0 500.0 165.0 30.0
925.0 505.0 165.0 30.0
930.0 500.0 165.0 30.0
930.0 500.0 170.0 30.0
930.0 500.0 170.0 30.0
935.0 500.0 165.0 30.0
940.0 500.0 165.0 30.0
940.0 500.0 165.0 30.0
940.0 500.0 165.0 30.0
940.0 500.0 165.0 30.0
945.0 500.0 165.0 30.0
940.0 500.0 170.0 30.0
950.0 500.0 165.0 30.0
950.0 500.0 165.0 30.0
950.0 495.0 165.0 30.0
960.0 495.0 160.0 30.0
955.0 495.0 165.0 30.0
955.0 495.0 165.0 30.0
960.0 495.0 165.0 30.0
965.0 500.0 165.0 30.0
960.0 500.0 165.0 30.0
970.0 500.0 165.0 30.0
970.0 500.0 165.0 30.0
970.0 500.0 165.0 30.0
975.0 495.0 160.0 30.0
975.0 500.0 160.0 30.0
980.0 495.0 160.0 30.0
985.0 495.0 160.0 30.0
985.0 495.0 155.0 30.0
990.0 495.0 160.0 30.0
985.0 495.0 160.0 30.0
990.0 495.0 160.0 30.0
995.0 495.0 155.0 30.0
995.0 495.0 155.0 30.0
995.0 495.0 155.0 30.0
995.0 495.0 165.0 30.0
995.0 495.0 160.0 30.0
1005.0 495.0 160.0 30.0
1005.0 490.0 160.0 30.0
1005.0 490.0 160.0 30.0
1005.0 490.0 165.0 30.0
1015.0 485.0 155.0 30.0
1015.0 485.0 155.0 30.0
1015.0 485.0 155.0 30.0
1020.0 485.0 160.0 30.0
1015.0 485.0 165.0 30.0
1020.0 485.0 165.0 30.0
1025.0 485.0 160.0 30.0
1025.0 485.0 165.0 30.0
1030.0 485.0 160.0 30.0
1030.0 485.0 160.0 30.0
1025.0 490.0 165.0 30.0
1030.0 490.0 165.0 30.0
1035.0 490.0 165.0 30.0
1040.0 490.0 165.0 30.0
1040.0 490.0 160.0 30.0
1040.0 490.0 165.0 30.0
1040.0 490.0 165.0 30.0
1045.0 490.0 165.0 30.0
1040.0 490.0 175.0 35.0
1050.0 490.0 160.0 30.0
1045.0 495.0 165.0 30.0
1055.0 495.0 165.0 30.0
1060.0 495.0 160.0 30.0
1050.0 500.0 165.0 30.0
1060.0 500.0 165.0 30.0
1060.0 500.0 165.0 30.0
1065.0 495.0 160.0 30.0
1095.0 495.0 165.0 30.0
1090.0 495.0 170.0 30.0
1090.0 490.0 180.0 35.0
1105.0 490.0 160.0 30.0
1100.0 490.0 170.0 30.0
1100.0 490.0 165.0 30.0
1105.0 490.0 165.0 30.0
1110.0 490.0 160.0 30.0
1115.0 490.0 160.0 30.0
1115.0 490.0 165.0 30.0
1115.0 490.0 165.0 30.0
1115.0 490.0 170.0 35.0
1115.0 490.0 165.0 30.0
1120.0 490.0 160.0 30.0
1125.0 490.0 155.0 30.0
1125.0 490.0 160.0 30.0
1125.0 490.0 160.0 30.0
1130.0 490.0 160.0 30.0
1135.0 490.0 160.0 30.0
1130.0 490.0 165.0 30.0
1130.0 490.0 165.0 30.0
1130.0 490.0 165.0 30.0
1125.0 490.0 175.0 35.0
1140.0 490.0 160.0 30.0
1145.0 490.0 160.0 30.0
1150.0 490.0 160.0 30.0
1150.0 490.0 160.0 30.0
1150.0 490.0 160.0 30.0
1150.0 490.0 165.0 30.0
1150.0 490.0 165.0 30.0
1160.0 490.0 160.0 30.0
1160.0 490.0 165.0 30.0
1160.0 490.0 165.0 30.0
1170.0 490.0 160.0 30.0
1165.0 490.0 165.0 30.0
1170.0 490.0 160.0 30.0
1155.0 490.0 185.0 35.0
1170.0 490.0 165.0 35.0
1180.0 490.0 160.0 30.0
1180.0 490.0 160.0 30.0
1180.0 490.0 160.0 30.0
1180.0 490.0 160.0 35.0
1180.0 490.0 160.0 30.0
1185.0 490.0 160.0 30.0
1185.0 490.0 160.0 30.0
1190.0 490.0 160.0 30.0
1190.0 490.0 160.0 30.0
1185.0 490.0 160.0 30.0
1190.0 490.0 160.0 35.0
1200.0 490.0 155.0 35.0
1200.0 490.0 155.0 35.0
1200.0 490.0 160.0 35.0
1200.0 490.0 160.0 35.0
1195.0 490.0 165.0 35.0
1195.0 490.0 165.0 30.0
1190.0 490.0 175.0 30.0
1200.0 490.0 170.0 35.0
1205.0 490.0 165.0 35.0
1210.0 490.0 165.0 35.0
1210.0 490.0 165.0 35.0
1210.0 490.0 170.0 35.0
1210.0 490.0 170.0 35.0
1210.0 490.0 170.0 35.0
1210.0 490.0 170.0 30.0
1215.0 490.0 170.0 35.0
1220.0 490.0 165.0 35.0
1220.0 490.0 170.0 35.0
1220.0 490.0 170.0 35.0
1215.0 490.0 170.0 35.0
1235.0 490.0 160.0 30.0
1230.0 490.0 165.0 30.0
1230.0 490.0 170.0 30.0
1235.0 485.0 170.0 35.0
1235.0 485.0 165.0 30.0
1240.0 490.0 165.0 30.0
1235.0 490.0 175.0 30.0
1240.0 490.0 170.0 30.0
1245.0 490.0 165.0 30.0
1250.0 485.0 165.0 30.0
1250.0 490.0 165.0 30.0
1255.0 490.0 165.0 30.0
1255.0 490.0 165.0 30.0
1255.0 490.0 165.0 30.0
1260.0 490.0 165.0 30.0
1265.0 485.0 165.0 30.0
1265.0 485.0 165.0 30.0
1270.0 485.0 165.0 30.0
1265.0 485.0 170.0 30.0
1270.0 490.0 165.0 30.0
1270.0 490.0 165.0 30.0
1275.0 490.0 165.0 30.0
1270.0 490.0 170.0 30.0
1275.0 490.0 170.0 30.0
1280.0 485.0 170.0 30.0
1285.0 485.0 165.0 30.0
1280.0 485.0 165.0 30.0
1285.0 485.0 165.0 30.0
1285.0 485.0 165.0 30.0
1285.0 485.0 165.0 30.0
1285.0 485.0 170.0 30.0
