1715.0 440.0 60.0 25.0
1710.0 440.0 65.0 25.0
1710.0 440.0 65.0 25.0
1705.0 440.0 60.0 30.0
1700.0 440.0 60.0 25.0
1695.0 440.0 60.0 25.0
1695.0 440.0 60.0 30.0
1690.0 440.0 60.0 30.0
1685.0 440.0 60.0 30.0
1680.0 440.0 60.0 25.0
1675.0 440.0 60.0 30.0
1675.0 440.0 65.0 30.0
1670.0 440.0 60.0 25.0
1665.0 440.0 65.0 25.0
1655.0 440.0 65.0 25.0
1650.0 440.0 60.0 25.0
1650.0 440.0 65.0 30.0
1645.0 440.0 65.0 30.0
1640.0 440.0 65.0 30.0
1635.0 440.0 65.0 30.0
1635.0 440.0 65.0 30.0
1630.0 440.0 65.0 30.0
1625.0 440.0 65.0 30.0
1625.0 440.0 65.0 25.0
1620.0 440.0 70.0 30.0
1615.0 445.0 65.0 30.0
1610.0 445.0 65.0 30.0
1605.0 440.0 70.0 30.0
1600.0 440.0 70.0 30.0
1600.0 445.0 70.0 30.0
1595.0 445.0 70.0 30.0
1585.0 440.0 75.0 30.0
1585.0 440.0 70.0 30.0
1580.0 445.0 65.0 30.0
1575.0 445.0 65.0 30.0
1570.0 440.0 70.0 30.0
1570.0 445.0 65.0 30.0
1565.0 445.0 70.0 30.0
1555.0 445.0 70.0 30.0
1550.0 445.0 65.0 30.0
1550.0 445.0 65.0 30.0
1545.0 440.0 70.0 30.0
1540.0 440.0 70.0 30.0
1535.0 445.0 70.0 30.0
1535.0 445.0 70.0 30.0
1530.0 440.0 70.0 30.0
1525.0 445.0 75.0 30.0
1520.0 445.0 75.0 30.0
1515.0 440.0 75.0 30.0
1515.0 445.0 70.0 30.0
1510.0 445.0 70.0 30.0
1505.0 445.0 70.0 30.0
1500.0 445.0 70.0 25.0
1495.0 445.0 70.0 30.0
1490.0 445.0 65.0 30.0
1485.0 445.0 65.0 30.0
1480.0 445.0 70.0 30.0
1475.0 445.0 65.0 30.0
1475.0 445.0 65.0 30.0
1470.0 445.0 70.0 30.0
1465.0 445.0 70.0 30.0
1460.0 445.0 70.0 30.0
1455.0 445.0 70.0 30.0
1455.0 445.0 70.0 30.0
1445.0 445.0 75.0 30.0
1440.0 445.0 75.0 30.0
1435.0 445.0 70.0 30.0
1435.0 445.0 70.0 30.0
1425.0 445.0 70.0 30.0
1430.0 445.0 65.0 30.0
1425.0 445.0 70.0 30.0
1420.0 445.0 70.0 30.0
1415.0 445.0 70.0 30.0
1410.0 445.0 70.0 30.0
1405.0 445.0 70.0 30.0
1400.0 445.0 75.0 30.0
1395.0 440.0 75.0 30.0
1390.0 440.0 70.0 30.0
1385.0 440.0 75.0 30.0
1385.0 440.0 70.0 30.0
1380.0 445.0 70.0 30.0
1375.0 445.0 70.0 30.0
1370.0 445.0 70.0 30.0
1365.0 445.0 75.0 30.0
1360.0 445.0 70.0 30.0
1360.0 445.0 70.0 30.0
1355.0 445.0 75.0 30.0
1350.0 445.0 75.0 30.0
1340.0 445.0 75.0 30.0
1335.0 445.0 70.0 30.0
1335.0 445.0 70.0 30.0
1330.0 445.0 70.0 30.0
1325.0 445.0 70.0 30.0
1320.0 445.0 70.0 30.0
1315.0 445.0 75.0 30.0
1310.0 445.0 75.0 30.0
1305.0 445.0 75.0 30.0
1300.0 445.0 70.0 30.0
1300.0 445.0 75.0 30.0
1295.0 445.0 70.0 30.0
1270.0 445.0 70.0 30.0
1270.0 445.0 70.0 30.0
1265.0 445.0 75.0 30.0
1260.0 445.0 75.0 30.0
1255.0 445.0 75.0 30.0
1245.0 450.0 70.0 30.0
1240.0 445.0 75.0 30.0
1235.0 445.0 75.0 30.0
1230.0 450.0 75.0 30.0
1225.0 445.0 75.0 30.0
1225.0 445.0 75.0 30.0
1220.0 445.0 70.0 30.0
1215.0 445.0 75.0 30.0
1210.0 445.0 75.0 30.0
1205.0 445.0 75.0 30.0
1200.0 445.0 75.0 30.0
1200.0 445.0 75.0 30.0
1195.0 445.0 80.0 30.0
1185.0 445.0 75.0 30.0
1185.0 445.0 75.0 30.0
1180.0 445.0 80.0 30.0
1175.0 450.0 80.0 30.0
1170.0 450.0 75.0 30.0
1165.0 445.0 80.0 30.0
1160.0 445.0 80.0 30.0
1155.0 445.0 80.0 30.0
1150.0 445.0 80.0 30.0
1145.0 445.0 80.0 30.0
1145.0 445.0 75.0 30.0
1140.0 445.0 75.0 30.0
1135.0 445.0 75.0 30.0
1130.0 450.0 70.0 30.0
1125.0 450.0 75.0 30.0
1120.0 450.0 80.0 30.0
1120.0 450.0 80.0 30.0
1110.0 450.0 75.0 30.0
1105.0 450.0 80.0 30.0
1100.0 450.0 75.0 30.0
1095.0 445.0 75.0 30.0
1090.0 450.0 75.0 30.0
1085.0 450.0 75.0 35.0
1085.0 450.0 75.0 30.0
1080.0 450.0 75.0 30.0
1075.0 450.0 75.0 30.0
1070.0 450.0 75.0 30.0
1065.0 450.0 75.0 30.0
1060.0 450.0 75.0 30.0
1050.0 450.0 75.0 30.0
1050.0 450.0 75.0 30.0
1045.0 450.0 75.0 30.0
1035.0 445.0 80.0 35.0
1030.0 450.0 80.0 30.0
1025.0 450.0 75.0 30.0
1020.0 450.0 75.0 30.0
1015.0 450.0 75.0 30.0
1015.0 450.0 75.0 30.0
1010.0 450.0 75.0 30.0
1005.0 450.0 75.0 30.0
1000.0 450.0 75.0 30.0
995.0 450.0 75.0 30.0
990.0 450.0 75.0 30.0
985.0 450.0 80.0 30.0
985.0 450.0 80.0 35.0
980.0 450.0 80.0 30.0
975.0 450.0 85.0 35.0
965.0 450.0 85.0 30.0
960.0 450.0 80.0 35.0
955.0 450.0 80.0 35.0
955.0 450.0 85.0 30.0
945.0 450.0 80.0 30.0
945.0 450.0 80.0 30.0
935.0 450.0 80.0 30.0
930.0 450.0 80.0 30.0
925.0 450.0 80.0 30.0
925.0 450.0 80.0 35.0
920.0 450.0 80.0 30.0
915.0 450.0 80.0 30.0
910.0 450.0 80.0 30.0
905.0 450.0 80.0 30.0
905.0 450.0 80.0 30.0
895.0 450.0 75.0 30.0
905.0 450.0 75.0 30.0
930.0 445.0 85.0 35.0
955.0 450.0 85.0 35.0
965.0 455.0 85.0 35.0
955.0 445.0 85.0 35.0
950.0 460.0 85.0 35.0
950.0 475.0 85.0 35.0
950.0 480.0 80.0 35.0
915.0 500.0 80.0 35.0
870.0 515.0 80.0 40.0
865.0 530.0 80.0 40.0
865.0 535.0 75.0 40.0
880.0 520.0 80.0 40.0
865.0 530.0 80.0 40.0
870.0 530.0 80.0 40.0
870.0 535.0 80.0 40.0
870.0 535.0 80.0 40.0
865.0 535.0 80.0 40.0
870.0 530.0 80.0 40.0
