780.0 560.0 45.0 25.0
785.0 560.0 45.0 25.0
785.0 565.0 45.0 25.0
780.0 560.0 45.0 25.0
780.0 560.0 45.0 30.0
780.0 560.0 45.0 30.0
780.0 565.0 45.0 25.0
780.0 560.0 45.0 25.0
780.0 560.0 45.0 30.0
780.0 560.0 45.0 30.0
780.0 560.0 45.0 30.0
780.0 565.0 45.0 25.0
780.0 565.0 45.0 25.0
780.0 565.0 45.0 25.0
775.0 565.0 45.0 25.0
775.0 565.0 45.0 30.0
775.0 565.0 40.0 25.0
775.0 560.0 45.0 25.0
775.0 560.0 45.0 30.0
775.0 565.0 45.0 25.0
775.0 565.0 45.0 25.0
770.0 565.0 50.0 30.0
775.0 565.0 40.0 25.0
775.0 565.0 45.0 30.0
775.0 565.0 45.0 30.0
775.0 565.0 45.0 30.0
770.0 565.0 45.0 30.0
770.0 565.0 45.0 30.0
770.0 565.0 40.0 25.0
765.0 560.0 40.0 30.0
760.0 565.0 45.0 25.0
755.0 560.0 45.0 30.0
760.0 560.0 45.0 30.0
765.0 555.0 45.0 25.0
760.0 550.0 50.0 30.0
765.0 550.0 45.0 30.0
765.0 550.0 45.0 30.0
765.0 555.0 45.0 25.0
765.0 555.0 45.0 25.0
765.0 560.0 45.0 25.0
765.0 560.0 45.0 25.0
765.0 565.0 45.0 30.0
765.0 565.0 45.0 25.0
765.0 565.0 45.0 25.0
760.0 565.0 45.0 25.0
760.0 565.0 50.0 25.0
760.0 565.0 45.0 25.0
760.0 565.0 50.0 25.0
755.0 565.0 45.0 25.0
755.0 565.0 45.0 25.0
750.0 560.0 45.0 25.0
745.0 565.0 50.0 30.0
745.0 560.0 50.0 25.0
745.0 555.0 50.0 30.0
740.0 560.0 45.0 25.0
740.0 560.0 45.0 25.0
745.0 555.0 45.0 30.0
745.0 560.0 45.0 25.0
745.0 555.0 45.0 25.0
750.0 555.0 45.0 30.0
750.0 560.0 45.0 25.0
745.0 565.0 50.0 30.0
745.0 570.0 45.0 25.0
745.0 570.0 45.0 25.0
740.0 565.0 45.0 30.0
740.0 570.0 45.0 25.0
740.0 570.0 45.0 30.0
740.0 570.0 45.0 25.0
740.0 570.0 45.0 30.0
735.0 570.0 45.0 25.0
735.0 570.0 45.0 30.0
725.0 565.0 50.0 30.0
730.0 565.0 45.0 25.0
730.0 565.0 45.0 30.0
735.0 565.0 45.0 25.0
735.0 565.0 45.0 30.0
730.0 565.0 45.0 25.0
730.0 565.0 45.0 25.0
735.0 565.0 45.0 30.0
735.0 565.0 50.0 25.0
730.0 565.0 45.0 25.0
730.0 560.0 45.0 30.0
730.0 560.0 45.0 30.0
720.0 560.0 50.0 30.0
720.0 565.0 50.0 25.0
720.0 565.0 50.0 25.0
720.0 565.0 50.0 25.0
720.0 565.0 45.0 25.0
720.0 565.0 45.0 25.0
720.0 565.0 55.0 30.0
720.0 565.0 50.0 30.0
720.0 565.0 45.0 30.0
720.0 565.0 50.0 30.0
720.0 565.0 50.0 30.0
715.0 565.0 55.0 30.0
715.0 565.0 50.0 30.0
715.0 565.0 50.0 30.0
715.0 565.0 45.0 25.0
715.0 565.0 45.0 30.0
715.0 565.0 50.0 30.0
690.0 565.0 45.0 30.0
680.0 565.0 55.0 30.0
685.0 565.0 50.0 30.0
685.0 565.0 50.0 30.0
685.0 570.0 50.0 30.0
685.0 570.0 50.0 25.0
685.0 570.0 50.0 30.0
685.0 570.0 50.0 30.0
685.0 565.0 50.0 30.0
685.0 565.0 50.0 30.0
685.0 570.0 45.0 30.0
685.0 570.0 45.0 30.0
685.0 570.0 45.0 30.0
685.0 570.0 45.0 30.0
685.0 570.0 45.0 25.0
680.0 570.0 45.0 30.0
680.0 570.0 45.0 25.0
680.0 570.0 45.0 30.0
675.0 565.0 50.0 30.0
675.0 570.0 45.0 30.0
675.0 565.0 50.0 30.0
670.0 565.0 45.0 25.0
670.0 565.0 45.0 25.0
670.0 565.0 45.0 25.0
670.0 565.0 45.0 30.0
670.0 565.0 45.0 30.0
670.0 565.0 45.0 30.0
670.0 565.0 45.0 30.0
670.0 565.0 45.0 30.0
670.0 565.0 45.0 30.0
665.0 565.0 50.0 30.0
670.0 565.0 45.0 30.0
665.0 565.0 45.0 30.0
665.0 565.0 45.0 30.0
665.0 570.0 45.0 30.0
665.0 570.0 45.0 25.0
665.0 565.0 45.0 30.0
660.0 565.0 50.0 30.0
660.0 565.0 50.0 30.0
660.0 565.0 45.0 30.0
655.0 565.0 50.0 30.0
655.0 565.0 50.0 30.0
655.0 565.0 50.0 30.0
655.0 565.0 50.0 30.0
650.0 565.0 50.0 30.0
650.0 570.0 50.0 30.0
650.0 570.0 50.0 30.0
645.0 565.0 50.0 30.0
650.0 565.0 50.0 30.0
645.0 565.0 50.0 30.0
645.0 565.0 50.0 30.0
645.0 565.0 50.0 30.0
645.0 565.0 50.0 30.0
640.0 565.0 50.0 30.0
640.0 565.0 50.0 25.0
640.0 565.0 50.0 30.0
640.0 565.0 50.0 30.0
640.0 565.0 50.0 30.0
640.0 565.0 45.0 30.0
640.0 565.0 50.0 30.0
640.0 565.0 50.0 30.0
640.0 565.0 50.0 30.0
640.0 570.0 50.0 30.0
645.0 570.0 45.0 30.0
640.0 565.0 50.0 30.0
640.0 570.0 45.0 30.0
635.0 565.0 55.0 35.0
640.0 565.0 50.0 30.0
640.0 570.0 45.0 30.0
635.0 565.0 50.0 30.0
635.0 565.0 50.0 30.0
635.0 570.0 50.0 30.0
635.0 570.0 45.0 30.0
635.0 570.0 45.0 30.0
630.0 570.0 50.0 30.0
630.0 570.0 50.0 25.0
630.0 570.0 50.0 30.0
630.0 570.0 50.0 30.0
625.0 570.0 50.0 30.0
625.0 570.0 50.0 30.0
625.0 570.0 45.0 30.0
625.0 565.0 45.0 30.0
625.0 565.0 45.0 30.0
620.0 565.0 45.0 30.0
620.0 565.0 50.0 30.0
615.0 570.0 50.0 30.0
615.0 570.0 50.0 30.0
615.0 570.0 50.0 30.0
615.0 570.0 50.0 30.0
615.0 570.0 50.0 30.0
615.0 570.0 50.0 30.0
615.0 565.0 50.0 30.0
615.0 565.0 50.0 30.0
615.0 565.0 50.0 30.0
610.0 570.0 50.0 30.0
610.0 570.0 45.0 30.0
605.0 565.0 50.0 30.0
605.0 565.0 45.0 30.0
600.0 565.0 50.0 30.0
600.0 565.0 45.0 30.0
595.0 565.0 50.0 30.0
585.0 560.0 55.0 35.0
590.0 565.0 45.0 30.0
580.0 570.0 50.0 25.0
585.0 565.0 50.0 25.0
585.0 565.0 50.0 25.0
580.0 565.0 50.0 25.0
585.0 565.0 50.0 25.0
585.0 565.0 50.0 25.0
585.0 565.0 50.0 25.0
590.0 560.0 50.0 25.0
590.0 560.0 50.0 25.0
585.0 560.0 45.0 25.0
585.0 560.0 50.0 25.0
585.0 555.0 50.0 30.0
580.0 555.0 45.0 30.0
575.0 560.0 50.0 30.0
575.0 560.0 45.0 30.0
575.0 560.0 50.0 30.0
570.0 560.0 50.0 25.0
570.0 560.0 50.0 30.0
570.0 560.0 50.0 30.0
570.0 560.0 50.0 30.0
565.0 560.0 50.0 30.0
570.0 560.0 50.0 30.0
565.0 560.0 50.0 30.0
565.0 560.0 55.0 30.0
560.0 555.0 60.0 35.0
565.0 560.0 50.0 30.0
560.0 560.0 55.0 30.0
560.0 560.0 50.0 30.0
565.0 560.0 50.0 30.0
570.0 560.0 50.0 30.0
570.0 555.0 50.0 30.0
565.0 560.0 50.0 30.0
570.0 560.0 50.0 30.0
560.0 560.0 55.0 30.0
565.0 560.0 50.0 30.0
565.0 560.0 50.0 30.0
560.0 560.0 50.0 30.0
560.0 560.0 50.0 30.0
560.0 560.0 50.0 30.0
560.0 560.0 50.0 30.0
555.0 560.0 50.0 30.0
555.0 560.0 50.0 30.0
555.0 565.0 50.0 30.0
555.0 565.0 50.0 30.0
555.0 565.0 50.0 30.0
555.0 565.0 50.0 25.0
555.0 565.0 50.0 25.0
550.0 560.0 50.0 30.0
550.0 565.0 50.0 25.0
550.0 565.0 50.0 30.0
555.0 565.0 50.0 30.0
545.0 560.0 50.0 30.0
545.0 560.0 50.0 30.0
545.0 565.0 50.0 30.0
545.0 565.0 50.0 25.0
545.0 565.0 50.0 30.0
545.0 565.0 50.0 30.0
545.0 565.0 50.0 30.0
545.0 565.0 45.0 30.0
545.0 565.0 45.0 30.0
540.0 565.0 50.0 30.0
540.0 565.0 50.0 30.0
535.0 565.0 50.0 30.0
535.0 565.0 50.0 30.0
535.0 565.0 50.0 30.0
530.0 565.0 50.0 30.0
535.0 565.0 50.0 30.0
535.0 565.0 50.0 30.0
535.0 565.0 50.0 30.0
530.0 560.0 50.0 35.0
530.0 565.0 50.0 30.0
530.0 565.0 50.0 30.0
525.0 565.0 50.0 30.0
525.0 565.0 50.0 30.0
520.0 560.0 55.0 30.0
520.0 565.0 50.0 30.0
520.0 565.0 50.0 30.0
515.0 565.0 50.0 30.0
520.0 565.0 50.0 30.0
515.0 565.0 45.0 30.0
520.0 570.0 50.0 30.0
520.0 570.0 50.0 30.0
515.0 570.0 50.0 30.0
515.0 570.0 50.0 25.0
515.0 570.0 50.0 30.0
515.0 570.0 50.0 30.0
515.0 570.0 50.0 30.0
515.0 570.0 50.0 30.0
515.0 570.0 50.0 30.0
510.0 565.0 50.0 30.0
510.0 565.0 50.0 30.0
505.0 565.0 50.0 30.0
505.0 565.0 50.0 30.0
505.0 565.0 50.0 30.0
500.0 570.0 55.0 30.0
500.0 565.0 55.0 30.0
500.0 565.0 55.0 30.0
