965.0 250.0 235.0 245.0
975.0 255.0 230.0 230.0
985.0 260.0 225.0 230.0
990.0 265.0 220.0 225.0
1000.0 285.0 215.0 220.0
1005.0 290.0 215.0 215.0
1010.0 300.0 215.0 210.0
1010.0 305.0 210.0 210.0
1010.0 305.0 210.0 205.0
1010.0 305.0 205.0 205.0
1005.0 310.0 205.0 200.0
1005.0 305.0 205.0 200.0
995.0 295.0 205.0 195.0
990.0 305.0 200.0 190.0
980.0 330.0 200.0 190.0
970.0 330.0 200.0 185.0
965.0 355.0 200.0 185.0
970.0 370.0 195.0 180.0
970.0 375.0 190.0 175.0
970.0 380.0 190.0 175.0
970.0 405.0 190.0 175.0
970.0 430.0 190.0 175.0
980.0 475.0 185.0 170.0
980.0 475.0 180.0 165.0
970.0 460.0 180.0 165.0
970.0 450.0 175.0 160.0
965.0 440.0 175.0 160.0
960.0 440.0 175.0 160.0
965.0 435.0 170.0 160.0
970.0 455.0 165.0 155.0
975.0 460.0 165.0 155.0
980.0 465.0 165.0 155.0
985.0 460.0 165.0 155.0
995.0 465.0 165.0 155.0
1000.0 460.0 160.0 150.0
1005.0 490.0 160.0 150.0
1010.0 500.0 160.0 145.0
1020.0 500.0 155.0 145.0
1025.0 520.0 155.0 145.0
1030.0 540.0 155.0 145.0
1035.0 555.0 150.0 145.0
1040.0 555.0 155.0 145.0
1035.0 550.0 150.0 145.0
1035.0 550.0 150.0 145.0
1035.0 555.0 145.0 140.0
1025.0 560.0 145.0 140.0
1025.0 565.0 145.0 140.0
1025.0 565.0 145.0 135.0
1020.0 565.0 140.0 135.0
1020.0 570.0 140.0 135.0
1020.0 565.0 140.0 140.0
1015.0 580.0 135.0 135.0
1020.0 595.0 140.0 135.0
1025.0 600.0 140.0 130.0
1025.0 600.0 140.0 130.0
1020.0 605.0 135.0 125.0
1020.0 605.0 135.0 125.0
1015.0 600.0 135.0 125.0
1015.0 605.0 130.0 120.0
1010.0 610.0 130.0 115.0
1010.0 615.0 130.0 115.0
1010.0 625.0 125.0 115.0
1010.0 640.0 125.0 115.0
1010.0 640.0 125.0 115.0
1010.0 645.0 125.0 110.0
1005.0 640.0 125.0 110.0
1005.0 640.0 125.0 110.0
1005.0 630.0 125.0 110.0
1005.0 630.0 120.0 110.0
1005.0 625.0 120.0 110.0
1005.0 630.0 120.0 110.0
1005.0 625.0 120.0 110.0
1000.0 625.0 120.0 110.0
1000.0 615.0 115.0 105.0
995.0 610.0 115.0 105.0
995.0 610.0 115.0 105.0
995.0 605.0 115.0 105.0
990.0 600.0 115.0 105.0
990.0 600.0 115.0 105.0
990.0 600.0 115.0 105.0
985.0 595.0 115.0 105.0
985.0 590.0 115.0 105.0
980.0 600.0 115.0 105.0
980.0 590.0 115.0 105.0
980.0 590.0 115.0 105.0
975.0 585.0 110.0 100.0
975.0 585.0 110.0 100.0
980.0 580.0 105.0 110.0
975.0 585.0 110.0 105.0
975.0 585.0 110.0 100.0
975.0 595.0 110.0 100.0
975.0 600.0 105.0 100.0
970.0 600.0 105.0 100.0
970.0 600.0 100.0 105.0
965.0 600.0 105.0 100.0
965.0 605.0 105.0 100.0
970.0 615.0 105.0 95.0
970.0 615.0 105.0 100.0
970.0 625.0 110.0 100.0
970.0 635.0 105.0 95.0
965.0 640.0 105.0 95.0
970.0 640.0 105.0 100.0
965.0 630.0 100.0 105.0
960.0 640.0 105.0 100.0
955.0 645.0 110.0 100.0
950.0 640.0 110.0 100.0
950.0 635.0 110.0 100.0
950.0 635.0 105.0 100.0
950.0 640.0 105.0 95.0
945.0 630.0 110.0 100.0
940.0 635.0 105.0 100.0
940.0 635.0 105.0 100.0
