815.0 470.0 125.0 120.0
805.0 460.0 125.0 120.0
800.0 455.0 125.0 120.0
790.0 445.0 125.0 120.0
790.0 440.0 125.0 120.0
785.0 430.0 125.0 120.0
775.0 425.0 120.0 120.0
770.0 415.0 120.0 120.0
765.0 405.0 120.0 120.0
760.0 400.0 120.0 120.0
755.0 390.0 120.0 115.0
745.0 385.0 120.0 115.0
740.0 375.0 120.0 115.0
740.0 370.0 120.0 115.0
730.0 365.0 120.0 115.0
725.0 365.0 120.0 115.0
725.0 360.0 120.0 115.0
725.0 360.0 120.0 115.0
725.0 365.0 120.0 115.0
725.0 370.0 120.0 115.0
725.0 370.0 120.0 115.0
725.0 370.0 120.0 115.0
720.0 370.0 120.0 115.0
725.0 370.0 120.0 115.0
720.0 375.0 115.0 115.0
720.0 380.0 115.0 110.0
720.0 380.0 115.0 115.0
720.0 385.0 115.0 115.0
720.0 385.0 115.0 115.0
720.0 390.0 115.0 115.0
720.0 390.0 115.0 110.0
715.0 390.0 115.0 110.0
715.0 395.0 115.0 115.0
715.0 395.0 115.0 110.0
715.0 395.0 115.0 110.0
710.0 390.0 115.0 110.0
705.0 390.0 115.0 110.0
705.0 385.0 115.0 110.0
700.0 385.0 115.0 110.0
695.0 380.0 115.0 110.0
695.0 380.0 115.0 110.0
700.0 385.0 115.0 110.0
700.0 390.0 115.0 110.0
700.0 395.0 115.0 110.0
705.0 395.0 115.0 105.0
705.0 400.0 115.0 110.0
710.0 405.0 115.0 105.0
710.0 410.0 115.0 105.0
720.0 420.0 115.0 105.0
725.0 435.0 110.0 105.0
735.0 450.0 115.0 105.0
745.0 470.0 110.0 105.0
750.0 480.0 110.0 105.0
755.0 490.0 115.0 105.0
765.0 515.0 115.0 105.0
775.0 535.0 115.0 105.0
785.0 550.0 110.0 105.0
790.0 565.0 110.0 105.0
790.0 575.0 115.0 105.0
795.0 585.0 110.0 100.0
800.0 595.0 110.0 100.0
795.0 595.0 110.0 100.0
790.0 585.0 110.0 100.0
785.0 580.0 110.0 100.0
780.0 575.0 110.0 105.0
775.0 570.0 110.0 100.0
770.0 560.0 110.0 100.0
770.0 555.0 110.0 100.0
765.0 550.0 110.0 100.0
760.0 550.0 110.0 100.0
755.0 550.0 110.0 100.0
755.0 550.0 105.0 100.0
765.0 565.0 105.0 100.0
770.0 585.0 105.0 100.0
770.0 590.0 105.0 95.0
