1615.0 730.0 110.0 40.0
1610.0 730.0 115.0 40.0
1610.0 735.0 110.0 40.0
1605.0 735.0 115.0 40.0
1605.0 735.0 110.0 40.0
1610.0 735.0 110.0 40.0
1605.0 735.0 110.0 40.0
1605.0 730.0 110.0 40.0
1595.0 730.0 115.0 35.0
1595.0 730.0 115.0 35.0
1595.0 730.0 115.0 40.0
1590.0 730.0 120.0 35.0
1590.0 730.0 120.0 40.0
1590.0 730.0 120.0 40.0
1590.0 735.0 120.0 40.0
1590.0 730.0 120.0 40.0
1585.0 735.0 120.0 40.0
1580.0 735.0 120.0 35.0
1580.0 735.0 120.0 40.0
1580.0 735.0 120.0 40.0
1580.0 735.0 120.0 40.0
1580.0 735.0 120.0 40.0
1580.0 735.0 120.0 40.0
1580.0 735.0 125.0 40.0
1580.0 735.0 120.0 40.0
1580.0 730.0 125.0 40.0
1580.0 730.0 130.0 40.0
1585.0 730.0 125.0 40.0
1580.0 735.0 125.0 40.0
1580.0 730.0 125.0 40.0
1580.0 730.0 125.0 40.0
1580.0 735.0 125.0 40.0
1575.0 730.0 125.0 40.0
1575.0 735.0 120.0 40.0
1575.0 735.0 120.0 40.0
1570.0 735.0 125.0 40.0
1565.0 735.0 125.0 40.0
1560.0 735.0 120.0 40.0
1555.0 740.0 120.0 40.0
1560.0 730.0 120.0 40.0
1545.0 730.0 120.0 40.0
1545.0 735.0 120.0 40.0
1535.0 735.0 120.0 40.0
1530.0 735.0 120.0 40.0
1530.0 735.0 120.0 40.0
1525.0 735.0 120.0 40.0
1525.0 735.0 120.0 40.0
1520.0 740.0 120.0 40.0
1520.0 740.0 120.0 40.0
1520.0 740.0 120.0 40.0
1515.0 740.0 120.0 40.0
1515.0 740.0 120.0 40.0
1510.0 735.0 120.0 40.0
1505.0 735.0 120.0 40.0
1500.0 735.0 120.0 40.0
1495.0 735.0 120.0 40.0
1500.0 735.0 125.0 40.0
1485.0 740.0 125.0 40.0
1480.0 740.0 130.0 40.0
1480.0 740.0 125.0 40.0
1480.0 740.0 125.0 40.0
1475.0 740.0 125.0 40.0
1475.0 740.0 125.0 40.0
1480.0 740.0 125.0 40.0
1475.0 740.0 125.0 40.0
1475.0 745.0 125.0 40.0
1470.0 740.0 125.0 35.0
1475.0 735.0 125.0 40.0
1470.0 740.0 125.0 40.0
1465.0 740.0 125.0 40.0
1470.0 740.0 125.0 40.0
1460.0 740.0 125.0 40.0
1460.0 740.0 125.0 40.0
1460.0 740.0 120.0 35.0
1455.0 740.0 125.0 40.0
1455.0 740.0 130.0 40.0
1455.0 740.0 130.0 40.0
1450.0 745.0 130.0 40.0
1450.0 740.0 130.0 40.0
1450.0 740.0 130.0 40.0
1445.0 745.0 130.0 40.0
1445.0 745.0 125.0 40.0
1440.0 745.0 125.0 40.0
1440.0 735.0 130.0 40.0
1425.0 740.0 130.0 40.0
1430.0 740.0 130.0 40.0
1425.0 740.0 125.0 40.0
1425.0 740.0 130.0 40.0
1425.0 740.0 125.0 40.0
1425.0 740.0 125.0 40.0
1420.0 740.0 130.0 40.0
1415.0 740.0 130.0 40.0
1420.0 740.0 125.0 40.0
1415.0 740.0 125.0 40.0
1410.0 740.0 125.0 40.0
1415.0 745.0 120.0 40.0
1410.0 745.0 125.0 40.0
1410.0 745.0 125.0 40.0
1410.0 745.0 125.0 40.0
1405.0 745.0 125.0 40.0
