1725.0 805.0 100.0 45.0
1715.0 805.0 100.0 45.0
1700.0 810.0 95.0 45.0
1690.0 810.0 95.0 45.0
1675.0 810.0 95.0 45.0
1665.0 810.0 95.0 45.0
1655.0 810.0 95.0 50.0
1640.0 810.0 95.0 45.0
1625.0 810.0 95.0 45.0
1615.0 815.0 90.0 45.0
1600.0 810.0 95.0 45.0
1590.0 810.0 90.0 45.0
1580.0 810.0 95.0 45.0
1570.0 810.0 95.0 45.0
1555.0 810.0 95.0 45.0
1540.0 810.0 95.0 45.0
1530.0 810.0 90.0 45.0
1520.0 810.0 90.0 45.0
1510.0 810.0 95.0 45.0
1500.0 810.0 90.0 45.0
1485.0 810.0 90.0 45.0
1475.0 810.0 95.0 45.0
1465.0 810.0 95.0 45.0
1455.0 810.0 95.0 45.0
1440.0 810.0 90.0 45.0
1430.0 815.0 90.0 45.0
1420.0 810.0 90.0 45.0
1410.0 815.0 90.0 45.0
1400.0 815.0 90.0 45.0
1390.0 815.0 90.0 45.0
1380.0 815.0 90.0 45.0
1370.0 820.0 90.0 45.0
1360.0 820.0 90.0 45.0
1350.0 820.0 90.0 40.0
1340.0 820.0 90.0 45.0
1330.0 820.0 90.0 45.0
1320.0 820.0 90.0 40.0
1315.0 820.0 85.0 45.0
1305.0 825.0 80.0 40.0
1295.0 820.0 80.0 45.0
1290.0 820.0 85.0 45.0
1280.0 820.0 85.0 40.0
1270.0 820.0 80.0 45.0
1260.0 820.0 85.0 45.0
1255.0 820.0 85.0 45.0
1245.0 820.0 85.0 45.0
1240.0 820.0 80.0 40.0
1230.0 820.0 90.0 45.0
1215.0 820.0 90.0 40.0
1215.0 820.0 80.0 40.0
1210.0 825.0 80.0 40.0
1200.0 825.0 80.0 40.0
1200.0 825.0 80.0 40.0
1190.0 825.0 80.0 40.0
1185.0 825.0 80.0 40.0
1180.0 825.0 80.0 40.0
1175.0 825.0 80.0 40.0
1160.0 825.0 90.0 40.0
1160.0 825.0 80.0 45.0
1155.0 825.0 80.0 45.0
1150.0 825.0 80.0 40.0
1140.0 825.0 80.0 40.0
1135.0 820.0 85.0 45.0
1130.0 820.0 80.0 45.0
1125.0 820.0 80.0 45.0
1115.0 820.0 90.0 40.0
1115.0 820.0 80.0 45.0
1110.0 820.0 80.0 45.0
1105.0 820.0 80.0 45.0
1100.0 820.0 80.0 45.0
1095.0 820.0 80.0 45.0
1090.0 815.0 80.0 45.0
1080.0 820.0 90.0 40.0
1090.0 820.0 80.0 45.0
1085.0 820.0 85.0 45.0
1080.0 815.0 80.0 45.0
1075.0 815.0 85.0 45.0
1080.0 815.0 85.0 45.0
1075.0 820.0 80.0 45.0
1070.0 815.0 85.0 45.0
1070.0 815.0 80.0 45.0
1060.0 815.0 90.0 45.0
1065.0 815.0 85.0 45.0
1060.0 815.0 85.0 45.0
1045.0 815.0 95.0 45.0
1055.0 810.0 90.0 45.0
1055.0 810.0 90.0 45.0
1040.0 810.0 95.0 45.0
1050.0 810.0 95.0 50.0
1045.0 810.0 95.0 50.0
1055.0 815.0 90.0 45.0
1045.0 815.0 95.0 45.0
1050.0 815.0 90.0 45.0
1050.0 810.0 95.0 45.0
1055.0 815.0 95.0 50.0
1055.0 810.0 90.0 45.0
1050.0 810.0 95.0 45.0
1055.0 810.0 95.0 45.0
1055.0 810.0 95.0 45.0
1055.0 810.0 95.0 45.0
