820.0 165.0 65.0 60.0
820.0 160.0 65.0 60.0
825.0 160.0 65.0 65.0
820.0 160.0 65.0 60.0
820.0 155.0 65.0 60.0
820.0 155.0 65.0 60.0
820.0 155.0 65.0 60.0
820.0 155.0 65.0 60.0
825.0 155.0 65.0 60.0
825.0 155.0 65.0 60.0
825.0 155.0 65.0 60.0
825.0 155.0 65.0 60.0
830.0 160.0 65.0 60.0
830.0 160.0 65.0 60.0
830.0 160.0 65.0 60.0
830.0 160.0 65.0 60.0
830.0 160.0 65.0 60.0
835.0 170.0 65.0 60.0
840.0 180.0 65.0 60.0
845.0 195.0 65.0 60.0
845.0 215.0 65.0 60.0
850.0 235.0 65.0 60.0
850.0 240.0 65.0 60.0
850.0 240.0 65.0 60.0
850.0 240.0 65.0 60.0
850.0 245.0 65.0 60.0
850.0 250.0 65.0 60.0
850.0 250.0 65.0 60.0
850.0 255.0 65.0 60.0
850.0 255.0 65.0 60.0
850.0 255.0 60.0 60.0
850.0 255.0 65.0 60.0
850.0 255.0 60.0 60.0
850.0 255.0 60.0 60.0
855.0 260.0 60.0 60.0
855.0 270.0 60.0 60.0
860.0 275.0 60.0 60.0
860.0 280.0 60.0 60.0
860.0 285.0 60.0 60.0
860.0 285.0 60.0 60.0
860.0 290.0 60.0 60.0
860.0 290.0 60.0 60.0
865.0 295.0 60.0 60.0
865.0 295.0 60.0 60.0
865.0 300.0 60.0 60.0
865.0 305.0 60.0 60.0
870.0 315.0 60.0 60.0
870.0 325.0 60.0 60.0
870.0 325.0 60.0 60.0
870.0 330.0 60.0 60.0
870.0 330.0 60.0 60.0
870.0 330.0 60.0 60.0
870.0 330.0 60.0 60.0
870.0 335.0 60.0 60.0
870.0 340.0 60.0 60.0
875.0 345.0 60.0 60.0
875.0 350.0 60.0 60.0
875.0 350.0 60.0 60.0
880.0 355.0 60.0 60.0
880.0 355.0 60.0 60.0
880.0 355.0 60.0 60.0
880.0 360.0 60.0 60.0
880.0 360.0 60.0 60.0
880.0 365.0 60.0 60.0
880.0 370.0 60.0 60.0
885.0 375.0 60.0 60.0
885.0 375.0 60.0 60.0
885.0 380.0 60.0 60.0
885.0 380.0 60.0 60.0
885.0 385.0 60.0 60.0
890.0 390.0 60.0 60.0
885.0 390.0 60.0 60.0
885.0 395.0 60.0 60.0
890.0 400.0 60.0 60.0
890.0 400.0 60.0 60.0
890.0 405.0 60.0 60.0
890.0 405.0 60.0 60.0
890.0 410.0 60.0 60.0
890.0 410.0 60.0 60.0
890.0 415.0 60.0 60.0
890.0 420.0 60.0 60.0
890.0 420.0 60.0 60.0
890.0 420.0 60.0 55.0
890.0 420.0 60.0 55.0
890.0 420.0 60.0 55.0
890.0 420.0 60.0 55.0
890.0 425.0 60.0 55.0
890.0 425.0 60.0 55.0
890.0 425.0 60.0 55.0
890.0 430.0 60.0 55.0
890.0 435.0 60.0 55.0
895.0 445.0 60.0 55.0
895.0 450.0 60.0 55.0
895.0 455.0 60.0 55.0
895.0 460.0 60.0 55.0
900.0 460.0 60.0 60.0
895.0 465.0 60.0 60.0
895.0 465.0 60.0 60.0
895.0 465.0 60.0 55.0
895.0 465.0 60.0 55.0
895.0 460.0 60.0 55.0
895.0 460.0 60.0 55.0
895.0 460.0 60.0 55.0
895.0 460.0 60.0 55.0
895.0 460.0 60.0 55.0
890.0 460.0 60.0 55.0
890.0 460.0 60.0 55.0
890.0 460.0 60.0 55.0
890.0 460.0 60.0 55.0
890.0 465.0 60.0 55.0
890.0 465.0 60.0 55.0
890.0 465.0 60.0 55.0
885.0 465.0 60.0 55.0
885.0 465.0 60.0 55.0
885.0 465.0 60.0 55.0
885.0 465.0 60.0 55.0
885.0 460.0 60.0 55.0
885.0 460.0 60.0 55.0
885.0 460.0 60.0 55.0
885.0 460.0 60.0 55.0
885.0 465.0 60.0 55.0
885.0 465.0 60.0 55.0
885.0 465.0 60.0 55.0
885.0 465.0 60.0 55.0
880.0 465.0 60.0 55.0
880.0 465.0 60.0 55.0
880.0 465.0 60.0 55.0
880.0 465.0 55.0 55.0
880.0 465.0 55.0 55.0
875.0 465.0 60.0 55.0
875.0 460.0 55.0 55.0
875.0 465.0 55.0 55.0
875.0 470.0 55.0 55.0
875.0 475.0 55.0 55.0
880.0 485.0 55.0 55.0
880.0 485.0 60.0 55.0
875.0 490.0 55.0 55.0
875.0 490.0 60.0 55.0
875.0 490.0 60.0 55.0
875.0 495.0 55.0 55.0
875.0 495.0 55.0 55.0
870.0 495.0 60.0 55.0
875.0 495.0 60.0 55.0
870.0 500.0 60.0 60.0
870.0 500.0 60.0 60.0
870.0 505.0 60.0 60.0
875.0 505.0 60.0 60.0
875.0 510.0 60.0 60.0
870.0 510.0 60.0 60.0
870.0 510.0 60.0 60.0
875.0 515.0 60.0 60.0
870.0 515.0 60.0 60.0
870.0 520.0 60.0 60.0
870.0 525.0 60.0 60.0
875.0 525.0 55.0 60.0
875.0 525.0 55.0 55.0
870.0 525.0 60.0 60.0
870.0 530.0 60.0 55.0
870.0 530.0 60.0 60.0
865.0 530.0 60.0 60.0
865.0 530.0 60.0 60.0
865.0 530.0 55.0 60.0
865.0 530.0 60.0 55.0
865.0 530.0 60.0 60.0
865.0 535.0 60.0 60.0
870.0 535.0 60.0 60.0
870.0 535.0 60.0 60.0
870.0 535.0 55.0 60.0
870.0 535.0 60.0 55.0
870.0 535.0 55.0 60.0
870.0 540.0 55.0 60.0
875.0 545.0 60.0 65.0
875.0 545.0 55.0 60.0
875.0 545.0 55.0 55.0
875.0 550.0 55.0 60.0
875.0 550.0 55.0 55.0
875.0 555.0 55.0 55.0
875.0 555.0 55.0 55.0
875.0 555.0 55.0 60.0
875.0 560.0 55.0 55.0
875.0 560.0 55.0 60.0
875.0 560.0 55.0 60.0
875.0 560.0 55.0 55.0
875.0 565.0 55.0 60.0
875.0 565.0 55.0 60.0
875.0 565.0 55.0 60.0
875.0 565.0 55.0 60.0
875.0 565.0 55.0 60.0
875.0 570.0 60.0 60.0
875.0 570.0 60.0 60.0
875.0 570.0 60.0 60.0
875.0 570.0 60.0 60.0
875.0 570.0 60.0 60.0
875.0 570.0 60.0 60.0
875.0 570.0 60.0 60.0
875.0 570.0 55.0 60.0
875.0 565.0 55.0 60.0
870.0 565.0 55.0 60.0
870.0 565.0 60.0 60.0
870.0 560.0 55.0 60.0
