690.0 375.0 120.0 350.0
665.0 370.0 115.0 355.0
645.0 365.0 115.0 350.0
630.0 360.0 120.0 345.0
635.0 390.0 115.0 345.0
640.0 405.0 110.0 340.0
640.0 395.0 110.0 345.0
635.0 375.0 115.0 340.0
635.0 360.0 110.0 330.0
645.0 375.0 110.0 315.0
655.0 380.0 105.0 310.0
675.0 385.0 105.0 315.0
690.0 385.0 100.0 310.0
715.0 400.0 95.0 305.0
720.0 395.0 95.0 305.0
740.0 410.0 95.0 305.0
760.0 440.0 95.0 295.0
765.0 470.0 95.0 290.0
760.0 480.0 95.0 290.0
765.0 500.0 95.0 285.0
765.0 555.0 95.0 290.0
765.0 580.0 95.0 280.0
775.0 600.0 95.0 280.0
770.0 580.0 95.0 275.0
760.0 535.0 110.0 315.0
775.0 565.0 95.0 265.0
780.0 565.0 90.0 265.0
780.0 560.0 90.0 260.0
775.0 565.0 90.0 260.0
775.0 550.0 90.0 260.0
775.0 535.0 90.0 260.0
780.0 550.0 90.0 250.0
785.0 555.0 90.0 250.0
780.0 515.0 100.0 295.0
790.0 545.0 90.0 250.0
795.0 535.0 90.0 255.0
805.0 545.0 85.0 250.0
815.0 555.0 85.0 250.0
825.0 570.0 85.0 240.0
830.0 575.0 90.0 240.0
830.0 585.0 90.0 235.0
830.0 580.0 90.0 230.0
830.0 585.0 85.0 235.0
835.0 595.0 85.0 235.0
840.0 590.0 85.0 230.0
845.0 585.0 85.0 230.0
850.0 590.0 85.0 230.0
850.0 595.0 85.0 225.0
845.0 575.0 95.0 275.0
850.0 605.0 85.0 220.0
850.0 590.0 80.0 220.0
845.0 605.0 80.0 215.0
840.0 600.0 80.0 220.0
840.0 605.0 75.0 215.0
835.0 605.0 80.0 215.0
830.0 615.0 80.0 210.0
825.0 630.0 80.0 205.0
815.0 620.0 80.0 210.0
810.0 615.0 80.0 210.0
800.0 620.0 75.0 210.0
795.0 615.0 75.0 205.0
790.0 620.0 75.0 200.0
785.0 625.0 75.0 195.0
780.0 650.0 75.0 195.0
770.0 660.0 75.0 190.0
765.0 660.0 75.0 195.0
755.0 645.0 75.0 195.0
750.0 630.0 70.0 190.0
745.0 625.0 70.0 195.0
740.0 625.0 70.0 195.0
740.0 625.0 70.0 190.0
730.0 615.0 75.0 185.0
725.0 615.0 75.0 185.0
720.0 610.0 75.0 190.0
720.0 610.0 70.0 185.0
710.0 595.0 70.0 190.0
710.0 590.0 70.0 185.0
705.0 585.0 70.0 185.0
700.0 585.0 70.0 180.0
695.0 580.0 70.0 180.0
690.0 580.0 70.0 180.0
690.0 580.0 70.0 180.0
695.0 580.0 70.0 175.0
695.0 580.0 65.0 180.0
700.0 570.0 65.0 180.0
720.0 585.0 65.0 175.0
725.0 585.0 70.0 170.0
730.0 565.0 75.0 215.0
750.0 590.0 70.0 170.0
765.0 600.0 70.0 170.0
770.0 600.0 65.0 165.0
775.0 595.0 65.0 170.0
770.0 585.0 65.0 170.0
785.0 590.0 65.0 170.0
785.0 590.0 65.0 165.0
795.0 595.0 65.0 165.0
800.0 595.0 65.0 165.0
805.0 590.0 65.0 165.0
815.0 600.0 65.0 170.0
815.0 595.0 60.0 170.0
825.0 600.0 60.0 175.0
825.0 595.0 60.0 170.0
825.0 595.0 65.0 165.0
830.0 590.0 65.0 170.0
830.0 585.0 65.0 170.0
830.0 585.0 65.0 165.0
835.0 585.0 65.0 170.0
840.0 580.0 60.0 175.0
850.0 585.0 60.0 180.0
855.0 590.0 65.0 175.0
850.0 585.0 65.0 170.0
855.0 575.0 70.0 200.0
855.0 585.0 65.0 170.0
860.0 585.0 65.0 170.0
855.0 580.0 60.0 170.0
850.0 575.0 60.0 170.0
850.0 575.0 60.0 165.0
845.0 575.0 60.0 155.0
840.0 575.0 60.0 155.0
835.0 575.0 60.0 150.0
830.0 580.0 60.0 150.0
825.0 550.0 70.0 195.0
820.0 565.0 60.0 150.0
810.0 565.0 60.0 155.0
805.0 560.0 60.0 150.0
800.0 560.0 60.0 150.0
795.0 565.0 60.0 145.0
790.0 575.0 60.0 145.0
790.0 575.0 60.0 150.0
785.0 570.0 60.0 145.0
785.0 580.0 60.0 150.0
780.0 550.0 65.0 190.0
790.0 575.0 55.0 145.0
785.0 575.0 60.0 140.0
780.0 575.0 60.0 140.0
775.0 575.0 60.0 140.0
775.0 580.0 60.0 145.0
775.0 575.0 60.0 140.0
770.0 570.0 60.0 150.0
775.0 575.0 55.0 145.0
770.0 570.0 60.0 150.0
765.0 555.0 65.0 185.0
775.0 580.0 60.0 145.0
785.0 580.0 65.0 155.0
795.0 590.0 60.0 155.0
800.0 590.0 60.0 150.0
800.0 590.0 60.0 150.0
795.0 590.0 60.0 150.0
790.0 585.0 65.0 145.0
790.0 590.0 65.0 145.0
785.0 595.0 60.0 140.0
785.0 570.0 65.0 180.0
780.0 590.0 60.0 140.0
780.0 595.0 60.0 145.0
775.0 600.0 60.0 145.0
775.0 605.0 65.0 150.0
775.0 610.0 65.0 150.0
770.0 595.0 65.0 160.0
770.0 600.0 65.0 180.0
775.0 605.0 65.0 185.0
765.0 605.0 65.0 185.0
760.0 590.0 75.0 170.0
765.0 595.0 65.0 185.0
760.0 595.0 65.0 185.0
785.0 600.0 65.0 185.0
775.0 610.0 65.0 185.0
770.0 615.0 65.0 185.0
760.0 625.0 65.0 180.0
755.0 615.0 65.0 185.0
780.0 620.0 65.0 185.0
780.0 650.0 65.0 185.0
780.0 645.0 65.0 185.0
815.0 625.0 65.0 185.0
810.0 650.0 65.0 185.0
850.0 635.0 65.0 185.0
765.0 645.0 65.0 185.0
755.0 675.0 65.0 185.0
610.0 715.0 65.0 185.0
600.0 685.0 65.0 185.0
595.0 685.0 65.0 185.0
620.0 695.0 65.0 180.0
635.0 725.0 60.0 180.0
690.0 775.0 60.0 180.0
735.0 800.0 60.0 175.0
675.0 755.0 60.0 180.0
680.0 700.0 60.0 180.0
725.0 685.0 60.0 175.0
680.0 610.0 60.0 175.0
680.0 590.0 60.0 175.0
710.0 575.0 60.0 175.0
730.0 555.0 60.0 175.0
770.0 530.0 60.0 175.0
780.0 550.0 60.0 175.0
800.0 540.0 60.0 175.0
830.0 530.0 60.0 180.0
875.0 455.0 65.0 180.0
895.0 480.0 65.0 180.0
915.0 505.0 65.0 180.0
980.0 490.0 60.0 180.0
1030.0 475.0 60.0 180.0
1025.0 490.0 60.0 180.0
1040.0 490.0 60.0 180.0
1035.0 495.0 70.0 180.0
1040.0 495.0 70.0 175.0
1045.0 500.0 70.0 175.0
1045.0 485.0 70.0 180.0
1050.0 490.0 70.0 180.0
