875.0 490.0 175.0 160.0
870.0 485.0 175.0 155.0
865.0 480.0 175.0 160.0
860.0 475.0 175.0 160.0
850.0 465.0 175.0 160.0
845.0 460.0 175.0 155.0
840.0 455.0 175.0 155.0
840.0 450.0 170.0 155.0
830.0 445.0 170.0 155.0
825.0 435.0 170.0 155.0
825.0 435.0 170.0 150.0
825.0 435.0 165.0 150.0
820.0 430.0 165.0 150.0
815.0 425.0 165.0 150.0
810.0 420.0 165.0 150.0
805.0 415.0 165.0 150.0
805.0 415.0 165.0 150.0
800.0 415.0 165.0 150.0
800.0 415.0 165.0 150.0
800.0 410.0 165.0 150.0
800.0 415.0 165.0 155.0
805.0 420.0 165.0 150.0
805.0 420.0 165.0 150.0
805.0 420.0 165.0 150.0
805.0 425.0 160.0 150.0
805.0 430.0 165.0 150.0
805.0 435.0 160.0 145.0
815.0 450.0 160.0 145.0
810.0 455.0 160.0 145.0
810.0 455.0 160.0 145.0
805.0 450.0 160.0 145.0
805.0 450.0 160.0 145.0
800.0 445.0 160.0 145.0
800.0 445.0 160.0 145.0
800.0 450.0 155.0 140.0
805.0 460.0 155.0 140.0
805.0 460.0 155.0 140.0
795.0 450.0 155.0 140.0
790.0 445.0 160.0 140.0
790.0 445.0 155.0 140.0
790.0 445.0 155.0 140.0
795.0 450.0 155.0 140.0
800.0 455.0 155.0 140.0
800.0 460.0 150.0 135.0
805.0 460.0 155.0 135.0
805.0 465.0 155.0 135.0
805.0 460.0 155.0 140.0
805.0 460.0 150.0 135.0
800.0 455.0 155.0 135.0
800.0 455.0 150.0 135.0
800.0 455.0 150.0 135.0
805.0 455.0 150.0 135.0
805.0 455.0 150.0 135.0
805.0 455.0 150.0 135.0
800.0 450.0 150.0 135.0
800.0 445.0 150.0 135.0
800.0 450.0 150.0 135.0
805.0 455.0 150.0 135.0
815.0 465.0 150.0 135.0
820.0 465.0 150.0 135.0
820.0 470.0 150.0 135.0
820.0 465.0 145.0 130.0
820.0 465.0 145.0 130.0
815.0 460.0 145.0 130.0
815.0 465.0 145.0 130.0
815.0 465.0 145.0 130.0
815.0 470.0 145.0 125.0
815.0 470.0 145.0 130.0
820.0 475.0 145.0 130.0
820.0 475.0 145.0 130.0
825.0 475.0 145.0 130.0
825.0 480.0 145.0 125.0
830.0 490.0 145.0 130.0
830.0 500.0 145.0 125.0
830.0 505.0 145.0 125.0
830.0 505.0 145.0 125.0
830.0 500.0 140.0 125.0
825.0 500.0 140.0 125.0
820.0 495.0 140.0 125.0
820.0 495.0 140.0 125.0
815.0 500.0 145.0 125.0
815.0 500.0 140.0 125.0
810.0 495.0 145.0 125.0
805.0 490.0 145.0 130.0
815.0 485.0 125.0 115.0
800.0 480.0 140.0 125.0
800.0 475.0 140.0 125.0
795.0 480.0 140.0 125.0
795.0 480.0 140.0 125.0
795.0 480.0 140.0 125.0
795.0 480.0 145.0 125.0
790.0 480.0 145.0 125.0
785.0 475.0 145.0 130.0
785.0 475.0 145.0 125.0
785.0 475.0 145.0 125.0
785.0 475.0 150.0 130.0
785.0 480.0 145.0 125.0
785.0 480.0 145.0 125.0
785.0 485.0 145.0 125.0
785.0 485.0 140.0 120.0
