1270.0 390.0 200.0 275.0
1260.0 380.0 200.0 265.0
1270.0 445.0 195.0 270.0
1265.0 530.0 195.0 255.0
1260.0 500.0 195.0 260.0
1250.0 485.0 195.0 255.0
1240.0 455.0 195.0 265.0
1210.0 440.0 200.0 270.0
1195.0 430.0 200.0 270.0
1200.0 455.0 205.0 265.0
1185.0 460.0 200.0 265.0
1165.0 485.0 200.0 260.0
1140.0 520.0 200.0 255.0
1130.0 505.0 200.0 255.0
1125.0 525.0 195.0 250.0
1115.0 535.0 190.0 250.0
1100.0 535.0 185.0 245.0
1085.0 530.0 190.0 255.0
1070.0 545.0 195.0 255.0
1065.0 540.0 190.0 245.0
1055.0 550.0 185.0 240.0
1055.0 545.0 185.0 245.0
1045.0 545.0 185.0 230.0
1040.0 555.0 185.0 225.0
1035.0 565.0 180.0 235.0
1035.0 595.0 180.0 225.0
1025.0 585.0 185.0 235.0
1020.0 580.0 180.0 235.0
1010.0 565.0 185.0 240.0
1010.0 545.0 180.0 240.0
1005.0 540.0 180.0 240.0
1000.0 530.0 185.0 240.0
995.0 520.0 185.0 245.0
990.0 495.0 180.0 250.0
975.0 510.0 185.0 240.0
980.0 535.0 175.0 240.0
975.0 525.0 175.0 240.0
960.0 535.0 180.0 235.0
965.0 535.0 175.0 230.0
965.0 530.0 170.0 225.0
960.0 520.0 170.0 225.0
955.0 515.0 170.0 230.0
960.0 525.0 175.0 230.0
960.0 530.0 175.0 225.0
955.0 520.0 175.0 220.0
950.0 535.0 175.0 220.0
940.0 540.0 175.0 220.0
935.0 555.0 175.0 210.0
920.0 540.0 170.0 235.0
930.0 550.0 170.0 215.0
925.0 540.0 170.0 220.0
920.0 535.0 170.0 225.0
915.0 535.0 180.0 230.0
910.0 530.0 180.0 230.0
905.0 530.0 180.0 230.0
900.0 530.0 180.0 225.0
900.0 540.0 180.0 225.0
905.0 560.0 175.0 215.0
910.0 565.0 175.0 215.0
915.0 560.0 170.0 230.0
910.0 565.0 170.0 220.0
905.0 565.0 170.0 230.0
915.0 560.0 160.0 225.0
905.0 555.0 160.0 225.0
905.0 560.0 155.0 220.0
905.0 580.0 155.0 215.0
890.0 590.0 160.0 220.0
890.0 590.0 160.0 210.0
880.0 580.0 165.0 210.0
880.0 585.0 160.0 200.0
880.0 595.0 160.0 200.0
885.0 600.0 160.0 190.0
880.0 595.0 155.0 190.0
