905.0 330.0 295.0 400.0
910.0 330.0 295.0 395.0
910.0 335.0 295.0 395.0
915.0 335.0 295.0 400.0
915.0 335.0 295.0 400.0
920.0 335.0 295.0 400.0
935.0 335.0 300.0 405.0
945.0 345.0 300.0 405.0
955.0 355.0 295.0 410.0
955.0 355.0 295.0 405.0
945.0 335.0 300.0 415.0
920.0 335.0 310.0 410.0
880.0 335.0 315.0 415.0
855.0 340.0 305.0 420.0
850.0 340.0 305.0 425.0
875.0 350.0 325.0 415.0
925.0 350.0 335.0 425.0
965.0 340.0 325.0 440.0
965.0 350.0 330.0 445.0
920.0 330.0 345.0 455.0
895.0 315.0 335.0 465.0
895.0 315.0 345.0 470.0
930.0 305.0 360.0 475.0
965.0 295.0 350.0 470.0
985.0 300.0 345.0 485.0
975.0 300.0 345.0 480.0
970.0 305.0 355.0 485.0
990.0 305.0 370.0 485.0
1060.0 310.0 380.0 455.0
1195.0 335.0 385.0 450.0
1335.0 345.0 385.0 455.0
1420.0 335.0 355.0 480.0
1450.0 335.0 335.0 470.0
1450.0 340.0 340.0 475.0
1455.0 355.0 345.0 470.0
1475.0 355.0 315.0 455.0
1425.0 360.0 370.0 455.0
1280.0 395.0 320.0 430.0
1045.0 400.0 320.0 430.0
855.0 370.0 315.0 425.0
920.0 305.0 315.0 420.0
940.0 255.0 310.0 420.0
965.0 235.0 310.0 420.0
975.0 195.0 310.0 420.0
1000.0 170.0 310.0 415.0
970.0 205.0 310.0 415.0
985.0 180.0 315.0 425.0
1005.0 195.0 320.0 430.0
615.0 260.0 315.0 425.0
515.0 275.0 370.0 450.0
585.0 285.0 345.0 465.0
585.0 290.0 345.0 470.0
560.0 285.0 345.0 470.0
565.0 285.0 345.0 475.0
575.0 290.0 345.0 480.0
590.0 290.0 350.0 485.0
640.0 335.0 325.0 430.0
860.0 280.0 315.0 430.0
910.0 275.0 320.0 430.0
900.0 290.0 325.0 440.0
910.0 300.0 330.0 445.0
950.0 305.0 330.0 445.0
950.0 325.0 330.0 440.0
915.0 320.0 330.0 445.0
830.0 320.0 330.0 445.0
810.0 315.0 330.0 445.0
795.0 340.0 330.0 445.0
845.0 340.0 330.0 445.0
855.0 330.0 330.0 445.0
845.0 305.0 325.0 440.0
795.0 320.0 320.0 435.0
855.0 330.0 320.0 450.0
810.0 330.0 330.0 440.0
805.0 330.0 310.0 425.0
780.0 335.0 315.0 435.0
760.0 355.0 305.0 435.0
775.0 360.0 320.0 445.0
810.0 375.0 335.0 450.0
865.0 370.0 345.0 445.0
890.0 360.0 330.0 450.0
880.0 365.0 330.0 465.0
830.0 350.0 350.0 470.0
790.0 320.0 345.0 485.0
775.0 305.0 340.0 475.0
790.0 300.0 345.0 465.0
790.0 290.0 350.0 480.0
760.0 280.0 355.0 480.0
715.0 280.0 370.0 475.0
655.0 285.0 375.0 470.0
625.0 285.0 360.0 485.0
615.0 280.0 350.0 485.0
630.0 285.0 370.0 480.0
685.0 300.0 370.0 485.0
750.0 310.0 355.0 475.0
795.0 300.0 345.0 475.0
820.0 300.0 325.0 465.0
785.0 305.0 345.0 455.0
710.0 315.0 350.0 450.0
640.0 305.0 340.0 445.0
615.0 300.0 315.0 440.0
845.0 315.0 360.0 420.0
940.0 320.0 345.0 430.0
985.0 320.0 320.0 435.0
945.0 320.0 355.0 435.0
835.0 315.0 370.0 445.0
730.0 300.0 360.0 445.0
625.0 285.0 375.0 460.0
565.0 290.0 370.0 460.0
480.0 280.0 370.0 460.0
360.0 270.0 380.0 465.0
275.0 270.0 360.0 470.0
250.0 265.0 335.0 475.0
265.0 270.0 355.0 455.0
345.0 295.0 370.0 455.0
445.0 290.0 355.0 465.0
510.0 295.0 335.0 455.0
545.0 300.0 320.0 445.0
510.0 300.0 330.0 445.0
500.0 300.0 320.0 445.0
525.0 295.0 340.0 445.0
580.0 300.0 355.0 455.0
635.0 295.0 330.0 450.0
625.0 305.0 340.0 445.0
580.0 295.0 340.0 460.0
555.0 305.0 335.0 445.0
510.0 300.0 345.0 445.0
455.0 295.0 340.0 455.0
510.0 260.0 335.0 450.0
585.0 260.0 335.0 450.0
625.0 280.0 340.0 460.0
655.0 285.0 340.0 455.0
705.0 295.0 340.0 460.0
725.0 290.0 340.0 455.0
715.0 310.0 340.0 460.0
655.0 320.0 350.0 470.0
640.0 310.0 350.0 470.0
650.0 295.0 340.0 460.0
680.0 310.0 345.0 465.0
715.0 315.0 340.0 460.0
715.0 335.0 350.0 470.0
655.0 335.0 350.0 470.0
625.0 335.0 340.0 460.0
525.0 385.0 345.0 470.0
570.0 345.0 345.0 465.0
555.0 380.0 335.0 455.0
630.0 325.0 335.0 450.0
580.0 345.0 340.0 455.0
555.0 300.0 335.0 450.0
570.0 295.0 340.0 455.0
620.0 325.0 340.0 460.0
635.0 400.0 340.0 455.0
800.0 355.0 340.0 460.0
830.0 305.0 345.0 460.0
940.0 340.0 345.0 465.0
1105.0 370.0 350.0 470.0
1210.0 355.0 345.0 465.0
1315.0 370.0 355.0 480.0
1355.0 350.0 340.0 480.0
1375.0 350.0 320.0 450.0
1390.0 360.0 315.0 445.0
1410.0 360.0 345.0 445.0
1470.0 365.0 335.0 450.0
1480.0 365.0 330.0 450.0
1395.0 360.0 365.0 450.0
1210.0 350.0 385.0 450.0
1015.0 325.0 380.0 455.0
890.0 320.0 365.0 470.0
825.0 335.0 340.0 455.0
815.0 345.0 340.0 450.0
775.0 335.0 350.0 455.0
700.0 320.0 370.0 475.0
620.0 315.0 365.0 470.0
605.0 300.0 360.0 470.0
645.0 315.0 370.0 480.0
745.0 330.0 370.0 485.0
820.0 335.0 350.0 480.0
840.0 345.0 335.0 475.0
780.0 340.0 365.0 470.0
665.0 335.0 365.0 455.0
560.0 315.0 355.0 435.0
435.0 340.0 360.0 435.0
335.0 365.0 350.0 440.0
215.0 395.0 370.0 435.0
190.0 385.0 340.0 455.0
130.0 325.0 360.0 495.0
115.0 290.0 360.0 505.0
155.0 275.0 395.0 510.0
285.0 270.0 400.0 500.0
435.0 275.0 400.0 490.0
560.0 280.0 395.0 495.0
665.0 295.0 385.0 485.0
740.0 290.0 360.0 490.0
775.0 280.0 370.0 485.0
825.0 280.0 370.0 480.0
880.0 290.0 390.0 475.0
970.0 305.0 385.0 475.0
1050.0 315.0 360.0 470.0
1090.0 310.0 335.0 470.0
1085.0 310.0 335.0 470.0
1035.0 315.0 355.0 460.0
900.0 315.0 355.0 445.0
970.0 335.0 340.0 460.0
1000.0 340.0 315.0 450.0
975.0 330.0 330.0 440.0
925.0 325.0 335.0 440.0
900.0 325.0 315.0 445.0
905.0 325.0 320.0 435.0
945.0 330.0 350.0 435.0
1020.0 340.0 340.0 435.0
1070.0 345.0 315.0 435.0
1065.0 350.0 325.0 440.0
1015.0 340.0 340.0 435.0
950.0 340.0 345.0 450.0
900.0 330.0 345.0 460.0
880.0 350.0 330.0 475.0
875.0 345.0 335.0 470.0
850.0 320.0 355.0 475.0
825.0 305.0 355.0 490.0
805.0 300.0 350.0 485.0
770.0 295.0 355.0 485.0
760.0 305.0 345.0 490.0
765.0 305.0 350.0 500.0
775.0 310.0 355.0 500.0
805.0 310.0 350.0 495.0
800.0 305.0 360.0 500.0
705.0 305.0 385.0 475.0
535.0 295.0 400.0 480.0
390.0 290.0 385.0 480.0
325.0 285.0 360.0 490.0
330.0 290.0 360.0 455.0
415.0 310.0 375.0 455.0
550.0 315.0 370.0 465.0
645.0 325.0 325.0 455.0
600.0 340.0 360.0 470.0
550.0 350.0 345.0 460.0
540.0 350.0 325.0 450.0
540.0 355.0 325.0 450.0
540.0 320.0 330.0 465.0
540.0 300.0 320.0 460.0
540.0 290.0 325.0 455.0
540.0 295.0 335.0 460.0
570.0 305.0 345.0 460.0
630.0 315.0 365.0 455.0
750.0 315.0 355.0 450.0
850.0 320.0 345.0 445.0
915.0 330.0 340.0 455.0
955.0 325.0 320.0 450.0
955.0 330.0 325.0 460.0
945.0 330.0 320.0 455.0
945.0 330.0 320.0 455.0
960.0 325.0 325.0 450.0
965.0 320.0 320.0 455.0
955.0 330.0 320.0 450.0
925.0 330.0 335.0 450.0
835.0 320.0 360.0 450.0
660.0 310.0 380.0 460.0
460.0 300.0 375.0 450.0
310.0 280.0 360.0 445.0
225.0 285.0 345.0 450.0
215.0 290.0 320.0 450.0
210.0 285.0 330.0 460.0
195.0 270.0 340.0 470.0
180.0 255.0 345.0 480.0
180.0 250.0 345.0 480.0
205.0 250.0 360.0 490.0
260.0 260.0 375.0 485.0
370.0 285.0 380.0 480.0
470.0 275.0 370.0 490.0
530.0 280.0 355.0 490.0
560.0 290.0 350.0 485.0
595.0 285.0 360.0 485.0
655.0 300.0 365.0 475.0
730.0 305.0 340.0 470.0
755.0 320.0 330.0 480.0
750.0 320.0 335.0 485.0
750.0 320.0 340.0 495.0
750.0 335.0 345.0 520.0
780.0 385.0 350.0 495.0
805.0 400.0 360.0 520.0
810.0 425.0 360.0 510.0
805.0 405.0 360.0 525.0
790.0 395.0 360.0 510.0
780.0 395.0 355.0 525.0
785.0 375.0 355.0 535.0
795.0 320.0 360.0 525.0
825.0 295.0 345.0 490.0
840.0 295.0 340.0 490.0
845.0 305.0 345.0 500.0
850.0 305.0 345.0 500.0
835.0 320.0 350.0 495.0
840.0 325.0 330.0 500.0
840.0 335.0 325.0 490.0
845.0 345.0 330.0 490.0
860.0 340.0 330.0 495.0
850.0 330.0 345.0 490.0
845.0 310.0 345.0 485.0
790.0 300.0 360.0 470.0
695.0 310.0 365.0 465.0
615.0 315.0 355.0 455.0
580.0 300.0 330.0 460.0
