1165.0 440.0 35.0 75.0
1160.0 435.0 35.0 70.0
1150.0 430.0 40.0 70.0
1145.0 425.0 35.0 70.0
1135.0 425.0 40.0 70.0
1130.0 420.0 40.0 75.0
1120.0 415.0 40.0 75.0
1115.0 410.0 40.0 75.0
1105.0 410.0 40.0 70.0
1100.0 405.0 40.0 75.0
1090.0 400.0 35.0 75.0
1085.0 395.0 35.0 75.0
1075.0 395.0 35.0 70.0
1070.0 395.0 35.0 70.0
1060.0 390.0 40.0 75.0
1055.0 390.0 35.0 70.0
1055.0 385.0 35.0 75.0
1055.0 385.0 35.0 70.0
1050.0 380.0 40.0 75.0
1045.0 375.0 35.0 75.0
1040.0 375.0 40.0 75.0
1035.0 370.0 40.0 80.0
1025.0 365.0 40.0 80.0
1020.0 365.0 40.0 75.0
1010.0 360.0 40.0 75.0
1005.0 360.0 40.0 75.0
995.0 355.0 40.0 75.0
985.0 350.0 40.0 80.0
980.0 350.0 40.0 75.0
970.0 350.0 40.0 75.0
960.0 345.0 40.0 75.0
950.0 340.0 40.0 80.0
935.0 340.0 40.0 75.0
925.0 335.0 45.0 75.0
920.0 330.0 45.0 75.0
915.0 325.0 45.0 75.0
900.0 325.0 45.0 75.0
890.0 320.0 45.0 70.0
885.0 320.0 45.0 65.0
875.0 310.0 45.0 70.0
870.0 305.0 45.0 70.0
860.0 300.0 40.0 70.0
855.0 300.0 40.0 70.0
850.0 290.0 40.0 75.0
840.0 295.0 45.0 65.0
830.0 290.0 40.0 65.0
825.0 290.0 40.0 65.0
820.0 290.0 40.0 65.0
810.0 290.0 40.0 65.0
805.0 285.0 40.0 65.0
800.0 285.0 40.0 65.0
790.0 275.0 40.0 75.0
780.0 280.0 40.0 70.0
775.0 280.0 40.0 70.0
765.0 280.0 40.0 70.0
755.0 280.0 40.0 70.0
745.0 280.0 45.0 75.0
735.0 295.0 40.0 75.0
725.0 300.0 40.0 70.0
720.0 300.0 40.0 70.0
720.0 300.0 40.0 70.0
715.0 300.0 40.0 70.0
710.0 300.0 40.0 70.0
705.0 300.0 40.0 70.0
700.0 300.0 40.0 70.0
700.0 300.0 40.0 70.0
695.0 295.0 45.0 75.0
695.0 295.0 45.0 75.0
700.0 295.0 40.0 70.0
700.0 290.0 45.0 75.0
700.0 285.0 40.0 70.0
700.0 285.0 40.0 75.0
700.0 285.0 40.0 75.0
700.0 280.0 40.0 75.0
705.0 280.0 40.0 75.0
710.0 285.0 45.0 75.0
715.0 285.0 45.0 75.0
720.0 285.0 45.0 75.0
720.0 290.0 45.0 70.0
720.0 290.0 40.0 75.0
725.0 290.0 40.0 75.0
725.0 285.0 40.0 75.0
725.0 285.0 40.0 75.0
725.0 285.0 40.0 70.0
725.0 285.0 40.0 70.0
725.0 290.0 40.0 70.0
725.0 290.0 40.0 70.0
720.0 290.0 40.0 70.0
720.0 290.0 40.0 70.0
725.0 290.0 40.0 70.0
725.0 290.0 40.0 75.0
725.0 290.0 40.0 70.0
725.0 290.0 40.0 75.0
725.0 295.0 40.0 70.0
720.0 295.0 40.0 70.0
720.0 300.0 40.0 70.0
720.0 300.0 40.0 75.0
720.0 295.0 40.0 75.0
720.0 300.0 40.0 75.0
720.0 295.0 40.0 75.0
720.0 295.0 40.0 75.0
720.0 295.0 40.0 75.0
720.0 295.0 40.0 70.0
720.0 295.0 35.0 70.0
720.0 295.0 40.0 70.0
725.0 290.0 40.0 80.0
725.0 295.0 40.0 70.0
730.0 295.0 40.0 75.0
735.0 300.0 40.0 70.0
735.0 305.0 40.0 70.0
740.0 305.0 40.0 70.0
745.0 305.0 40.0 70.0
755.0 310.0 40.0 70.0
760.0 310.0 40.0 70.0
765.0 315.0 45.0 70.0
770.0 315.0 40.0 70.0
780.0 320.0 45.0 70.0
795.0 320.0 45.0 70.0
800.0 320.0 45.0 70.0
810.0 320.0 45.0 70.0
820.0 320.0 45.0 70.0
835.0 320.0 45.0 70.0
845.0 325.0 45.0 65.0
855.0 330.0 45.0 65.0
860.0 330.0 45.0 65.0
870.0 330.0 45.0 70.0
885.0 335.0 45.0 65.0
890.0 335.0 45.0 70.0
900.0 330.0 40.0 80.0
900.0 340.0 45.0 70.0
895.0 345.0 45.0 65.0
890.0 345.0 45.0 65.0
890.0 345.0 40.0 65.0
890.0 340.0 40.0 65.0
890.0 340.0 40.0 65.0
890.0 340.0 40.0 65.0
890.0 335.0 40.0 65.0
890.0 340.0 40.0 65.0
890.0 335.0 40.0 65.0
885.0 335.0 40.0 65.0
885.0 335.0 40.0 65.0
880.0 335.0 40.0 70.0
875.0 335.0 40.0 65.0
870.0 340.0 40.0 65.0
870.0 340.0 40.0 65.0
870.0 345.0 40.0 70.0
865.0 350.0 40.0 70.0
865.0 350.0 40.0 70.0
865.0 355.0 45.0 65.0
870.0 355.0 40.0 75.0
870.0 360.0 45.0 70.0
875.0 365.0 45.0 70.0
870.0 365.0 45.0 70.0
865.0 370.0 45.0 70.0
860.0 380.0 45.0 75.0
845.0 390.0 45.0 75.0
855.0 395.0 45.0 75.0
860.0 400.0 50.0 70.0
870.0 400.0 45.0 75.0
875.0 405.0 45.0 75.0
890.0 415.0 40.0 75.0
900.0 425.0 35.0 75.0
910.0 430.0 40.0 80.0
920.0 440.0 40.0 75.0
935.0 450.0 45.0 80.0
945.0 465.0 40.0 80.0
955.0 475.0 45.0 75.0
965.0 485.0 40.0 75.0
980.0 490.0 40.0 80.0
980.0 495.0 45.0 75.0
995.0 495.0 40.0 75.0
1000.0 500.0 40.0 70.0
1010.0 500.0 40.0 75.0
1015.0 505.0 40.0 75.0
1025.0 510.0 40.0 75.0
1040.0 515.0 40.0 75.0
1050.0 515.0 40.0 75.0
1055.0 520.0 45.0 75.0
1065.0 530.0 45.0 75.0
1075.0 535.0 40.0 75.0
1085.0 540.0 45.0 75.0
1095.0 545.0 45.0 75.0
1105.0 550.0 45.0 75.0
1115.0 555.0 45.0 75.0
1125.0 555.0 40.0 75.0
1135.0 560.0 45.0 75.0
1140.0 560.0 45.0 75.0
1150.0 560.0 40.0 75.0
1155.0 565.0 40.0 80.0
1165.0 570.0 40.0 80.0
1175.0 575.0 40.0 80.0
1180.0 575.0 40.0 80.0
1190.0 570.0 45.0 85.0
1200.0 585.0 40.0 75.0
1210.0 585.0 40.0 80.0
1215.0 590.0 40.0 75.0
1220.0 595.0 40.0 75.0
1230.0 595.0 40.0 80.0
1240.0 600.0 35.0 75.0
1245.0 610.0 40.0 80.0
