675.0 205.0 35.0 70.0
665.0 205.0 35.0 70.0
660.0 205.0 35.0 70.0
655.0 205.0 35.0 70.0
650.0 205.0 35.0 65.0
640.0 200.0 35.0 65.0
635.0 200.0 35.0 65.0
625.0 200.0 35.0 70.0
620.0 195.0 35.0 65.0
615.0 200.0 35.0 70.0
615.0 200.0 35.0 70.0
610.0 200.0 30.0 70.0
600.0 195.0 35.0 70.0
595.0 190.0 35.0 70.0
590.0 185.0 35.0 70.0
580.0 185.0 35.0 70.0
575.0 180.0 35.0 75.0
570.0 175.0 35.0 70.0
565.0 175.0 35.0 75.0
555.0 170.0 35.0 75.0
550.0 165.0 40.0 70.0
550.0 165.0 40.0 75.0
550.0 165.0 40.0 75.0
565.0 170.0 35.0 70.0
585.0 175.0 40.0 75.0
600.0 180.0 40.0 75.0
615.0 190.0 40.0 80.0
630.0 210.0 40.0 80.0
635.0 225.0 40.0 80.0
635.0 250.0 40.0 80.0
635.0 270.0 40.0 80.0
625.0 270.0 40.0 70.0
620.0 280.0 40.0 75.0
615.0 280.0 40.0 75.0
620.0 305.0 35.0 70.0
620.0 330.0 45.0 75.0
620.0 335.0 45.0 80.0
615.0 345.0 45.0 75.0
610.0 350.0 45.0 70.0
600.0 350.0 45.0 70.0
600.0 350.0 45.0 70.0
595.0 350.0 35.0 70.0
585.0 345.0 40.0 70.0
575.0 345.0 40.0 70.0
570.0 340.0 40.0 70.0
565.0 340.0 35.0 70.0
555.0 340.0 35.0 70.0
545.0 340.0 40.0 70.0
540.0 335.0 35.0 70.0
535.0 335.0 35.0 70.0
525.0 335.0 35.0 70.0
515.0 330.0 35.0 65.0
505.0 330.0 40.0 70.0
500.0 325.0 35.0 70.0
495.0 325.0 35.0 70.0
485.0 325.0 35.0 70.0
480.0 325.0 35.0 70.0
475.0 325.0 35.0 70.0
465.0 320.0 35.0 70.0
460.0 315.0 35.0 70.0
450.0 315.0 30.0 70.0
445.0 310.0 30.0 70.0
435.0 305.0 35.0 70.0
430.0 305.0 35.0 70.0
425.0 305.0 35.0 70.0
415.0 300.0 35.0 70.0
410.0 295.0 35.0 75.0
405.0 290.0 35.0 70.0
395.0 285.0 35.0 75.0
390.0 285.0 35.0 75.0
385.0 280.0 40.0 75.0
375.0 280.0 40.0 75.0
370.0 280.0 35.0 75.0
360.0 275.0 40.0 75.0
355.0 275.0 40.0 75.0
345.0 270.0 40.0 75.0
340.0 270.0 40.0 70.0
330.0 270.0 40.0 70.0
325.0 265.0 35.0 70.0
315.0 260.0 40.0 70.0
310.0 260.0 40.0 75.0
305.0 265.0 40.0 75.0
310.0 285.0 35.0 75.0
315.0 300.0 40.0 75.0
320.0 315.0 40.0 75.0
325.0 330.0 40.0 70.0
320.0 330.0 40.0 70.0
315.0 335.0 35.0 70.0
310.0 335.0 35.0 65.0
310.0 330.0 35.0 70.0
305.0 335.0 35.0 70.0
300.0 330.0 35.0 70.0
290.0 330.0 35.0 70.0
295.0 335.0 35.0 70.0
290.0 335.0 35.0 70.0
285.0 335.0 40.0 70.0
275.0 335.0 40.0 70.0
270.0 335.0 40.0 70.0
260.0 335.0 45.0 70.0
260.0 335.0 40.0 70.0
260.0 340.0 40.0 70.0
265.0 350.0 40.0 75.0
265.0 360.0 40.0 70.0
265.0 360.0 40.0 70.0
260.0 365.0 40.0 65.0
250.0 365.0 40.0 65.0
245.0 360.0 40.0 70.0
240.0 360.0 35.0 70.0
235.0 355.0 35.0 70.0
230.0 350.0 35.0 70.0
230.0 355.0 35.0 70.0
230.0 350.0 40.0 70.0
230.0 355.0 40.0 70.0
225.0 355.0 40.0 70.0
225.0 360.0 45.0 70.0
220.0 365.0 45.0 70.0
220.0 370.0 40.0 70.0
220.0 380.0 40.0 70.0
215.0 385.0 40.0 70.0
210.0 380.0 40.0 70.0
205.0 380.0 40.0 70.0
205.0 380.0 40.0 70.0
225.0 400.0 35.0 70.0
225.0 410.0 45.0 70.0
230.0 420.0 40.0 70.0
230.0 425.0 45.0 70.0
230.0 430.0 45.0 75.0
220.0 430.0 45.0 70.0
225.0 430.0 45.0 75.0
230.0 440.0 45.0 75.0
235.0 445.0 45.0 80.0
240.0 465.0 40.0 70.0
240.0 465.0 40.0 70.0
235.0 470.0 40.0 70.0
230.0 470.0 40.0 70.0
230.0 470.0 40.0 70.0
230.0 470.0 40.0 75.0
230.0 480.0 40.0 75.0
230.0 485.0 40.0 70.0
240.0 500.0 40.0 75.0
240.0 510.0 40.0 70.0
240.0 515.0 45.0 75.0
245.0 520.0 40.0 75.0
