750.0 465.0 75.0 220.0
750.0 470.0 80.0 215.0
750.0 475.0 80.0 215.0
745.0 475.0 75.0 220.0
745.0 475.0 75.0 230.0
745.0 475.0 75.0 230.0
740.0 480.0 75.0 230.0
740.0 485.0 75.0 225.0
740.0 490.0 80.0 225.0
735.0 490.0 80.0 225.0
730.0 490.0 80.0 230.0
730.0 495.0 75.0 220.0
725.0 505.0 80.0 210.0
720.0 510.0 80.0 215.0
715.0 510.0 80.0 220.0
715.0 510.0 75.0 220.0
710.0 505.0 75.0 225.0
705.0 510.0 75.0 230.0
705.0 515.0 70.0 225.0
700.0 515.0 75.0 230.0
700.0 515.0 75.0 220.0
705.0 510.0 80.0 230.0
715.0 520.0 80.0 220.0
725.0 525.0 75.0 210.0
735.0 515.0 75.0 225.0
740.0 515.0 80.0 225.0
745.0 515.0 80.0 220.0
760.0 515.0 75.0 225.0
765.0 520.0 70.0 215.0
775.0 525.0 75.0 215.0
780.0 525.0 75.0 215.0
785.0 520.0 75.0 210.0
795.0 520.0 75.0 215.0
800.0 525.0 75.0 205.0
805.0 530.0 75.0 205.0
810.0 530.0 75.0 205.0
810.0 525.0 75.0 205.0
820.0 535.0 70.0 200.0
825.0 540.0 75.0 195.0
825.0 545.0 70.0 190.0
825.0 545.0 70.0 190.0
830.0 540.0 75.0 195.0
835.0 535.0 75.0 195.0
835.0 535.0 75.0 195.0
830.0 540.0 75.0 190.0
835.0 515.0 70.0 200.0
830.0 530.0 70.0 190.0
830.0 520.0 70.0 190.0
835.0 520.0 70.0 190.0
835.0 530.0 65.0 190.0
840.0 525.0 65.0 190.0
840.0 525.0 70.0 195.0
845.0 515.0 65.0 185.0
845.0 520.0 65.0 195.0
845.0 520.0 65.0 190.0
845.0 520.0 65.0 190.0
850.0 520.0 65.0 190.0
850.0 520.0 70.0 190.0
860.0 525.0 65.0 195.0
860.0 525.0 70.0 185.0
860.0 535.0 65.0 185.0
860.0 535.0 70.0 190.0
870.0 525.0 70.0 185.0
875.0 525.0 70.0 185.0
875.0 530.0 70.0 190.0
870.0 530.0 70.0 190.0
875.0 525.0 70.0 190.0
875.0 520.0 70.0 190.0
880.0 510.0 70.0 185.0
885.0 510.0 75.0 185.0
905.0 510.0 70.0 195.0
915.0 495.0 70.0 185.0
935.0 480.0 75.0 195.0
945.0 475.0 70.0 195.0
960.0 470.0 75.0 200.0
965.0 475.0 70.0 195.0
975.0 475.0 70.0 195.0
975.0 485.0 70.0 195.0
985.0 470.0 70.0 205.0
990.0 475.0 70.0 195.0
995.0 480.0 75.0 200.0
1010.0 485.0 70.0 195.0
1020.0 490.0 75.0 200.0
1035.0 490.0 70.0 200.0
1050.0 495.0 70.0 200.0
1060.0 500.0 70.0 205.0
1070.0 495.0 70.0 200.0
1070.0 495.0 70.0 205.0
1075.0 495.0 70.0 205.0
1080.0 490.0 70.0 200.0
1080.0 490.0 75.0 200.0
1080.0 515.0 70.0 200.0
1090.0 510.0 70.0 200.0
1095.0 510.0 70.0 205.0
1095.0 510.0 70.0 210.0
1100.0 520.0 70.0 210.0
1105.0 515.0 70.0 205.0
1110.0 525.0 70.0 205.0
1110.0 525.0 70.0 205.0
1115.0 515.0 70.0 205.0
1115.0 500.0 70.0 200.0
1110.0 520.0 70.0 200.0
1105.0 520.0 70.0 200.0
1110.0 515.0 70.0 205.0
1100.0 505.0 70.0 205.0
1105.0 510.0 70.0 205.0
1100.0 510.0 75.0 205.0
1095.0 500.0 70.0 205.0
1090.0 500.0 70.0 200.0
