1090.0 265.0 50.0 135.0
1085.0 270.0 50.0 130.0
1085.0 270.0 45.0 130.0
1080.0 265.0 50.0 125.0
1085.0 250.0 50.0 135.0
1085.0 240.0 50.0 135.0
1085.0 245.0 45.0 125.0
1080.0 245.0 45.0 130.0
1080.0 240.0 45.0 130.0
1075.0 240.0 50.0 130.0
1075.0 235.0 45.0 130.0
1070.0 235.0 45.0 125.0
1065.0 235.0 55.0 125.0
1065.0 235.0 45.0 130.0
1060.0 230.0 50.0 125.0
1060.0 220.0 50.0 130.0
1055.0 215.0 45.0 130.0
1050.0 210.0 50.0 130.0
1045.0 210.0 45.0 125.0
1040.0 210.0 45.0 130.0
1025.0 210.0 50.0 130.0
1015.0 205.0 45.0 125.0
1010.0 205.0 45.0 125.0
1000.0 205.0 50.0 130.0
990.0 200.0 45.0 130.0
980.0 200.0 50.0 120.0
975.0 195.0 45.0 125.0
970.0 185.0 40.0 125.0
965.0 175.0 45.0 140.0
960.0 160.0 45.0 140.0
960.0 145.0 45.0 140.0
965.0 120.0 40.0 140.0
945.0 125.0 40.0 140.0
930.0 130.0 45.0 130.0
915.0 135.0 50.0 130.0
910.0 145.0 40.0 130.0
890.0 145.0 45.0 135.0
880.0 150.0 50.0 135.0
865.0 155.0 45.0 130.0
850.0 155.0 50.0 140.0
845.0 160.0 40.0 140.0
835.0 170.0 40.0 135.0
815.0 175.0 40.0 130.0
805.0 175.0 45.0 135.0
795.0 180.0 50.0 130.0
790.0 190.0 50.0 130.0
795.0 185.0 45.0 135.0
810.0 180.0 50.0 130.0
815.0 170.0 50.0 140.0
820.0 170.0 50.0 130.0
810.0 175.0 55.0 130.0
810.0 175.0 45.0 130.0
805.0 180.0 50.0 125.0
800.0 180.0 55.0 125.0
795.0 180.0 50.0 130.0
795.0 190.0 50.0 125.0
795.0 195.0 50.0 125.0
800.0 195.0 45.0 125.0
800.0 195.0 45.0 125.0
800.0 200.0 45.0 125.0
800.0 200.0 40.0 125.0
790.0 200.0 50.0 135.0
780.0 200.0 40.0 125.0
780.0 200.0 45.0 125.0
785.0 200.0 45.0 125.0
780.0 200.0 50.0 130.0
775.0 200.0 50.0 125.0
780.0 200.0 50.0 125.0
780.0 205.0 50.0 120.0
775.0 205.0 50.0 115.0
775.0 215.0 50.0 125.0
760.0 215.0 55.0 145.0
755.0 225.0 50.0 125.0
750.0 240.0 50.0 125.0
745.0 240.0 50.0 125.0
740.0 240.0 50.0 125.0
735.0 250.0 50.0 125.0
730.0 250.0 50.0 125.0
730.0 245.0 50.0 130.0
735.0 245.0 45.0 130.0
725.0 265.0 45.0 130.0
725.0 275.0 45.0 120.0
720.0 270.0 45.0 125.0
715.0 275.0 50.0 125.0
715.0 270.0 45.0 125.0
695.0 270.0 55.0 150.0
695.0 275.0 45.0 125.0
690.0 290.0 40.0 125.0
690.0 285.0 40.0 130.0
690.0 285.0 40.0 125.0
645.0 295.0 45.0 135.0
650.0 295.0 40.0 130.0
645.0 305.0 45.0 140.0
640.0 300.0 45.0 130.0
640.0 300.0 45.0 130.0
635.0 300.0 45.0 130.0
630.0 305.0 55.0 145.0
635.0 290.0 55.0 145.0
620.0 300.0 55.0 145.0
600.0 365.0 50.0 130.0
585.0 375.0 50.0 135.0
585.0 375.0 50.0 125.0
580.0 375.0 50.0 125.0
575.0 375.0 50.0 125.0
565.0 370.0 45.0 130.0
560.0 365.0 45.0 130.0
550.0 365.0 45.0 130.0
540.0 380.0 45.0 130.0
530.0 390.0 45.0 130.0
530.0 390.0 45.0 135.0
525.0 380.0 45.0 140.0
515.0 390.0 45.0 145.0
515.0 395.0 45.0 145.0
510.0 395.0 40.0 140.0
510.0 395.0 40.0 145.0
470.0 400.0 40.0 135.0
470.0 410.0 45.0 140.0
465.0 425.0 45.0 140.0
465.0 430.0 50.0 135.0
465.0 425.0 50.0 140.0
460.0 425.0 50.0 135.0
455.0 420.0 40.0 140.0
450.0 420.0 45.0 140.0
445.0 425.0 55.0 150.0
440.0 470.0 55.0 125.0
445.0 480.0 50.0 135.0
435.0 485.0 50.0 135.0
435.0 490.0 55.0 130.0
430.0 490.0 45.0 135.0
420.0 495.0 50.0 130.0
420.0 495.0 50.0 135.0
405.0 495.0 45.0 125.0
390.0 510.0 50.0 125.0
385.0 510.0 50.0 125.0
380.0 515.0 50.0 130.0
380.0 515.0 50.0 130.0
375.0 510.0 50.0 135.0
370.0 515.0 50.0 130.0
355.0 520.0 55.0 130.0
340.0 540.0 50.0 125.0
335.0 550.0 50.0 130.0
335.0 555.0 50.0 135.0
325.0 540.0 60.0 155.0
320.0 545.0 50.0 140.0
330.0 540.0 45.0 140.0
335.0 555.0 50.0 145.0
350.0 545.0 50.0 150.0
350.0 555.0 45.0 150.0
315.0 540.0 45.0 155.0
330.0 545.0 50.0 150.0
350.0 540.0 55.0 155.0
395.0 530.0 55.0 155.0
435.0 520.0 50.0 160.0
445.0 515.0 55.0 160.0
450.0 510.0 50.0 160.0
460.0 525.0 50.0 155.0
460.0 530.0 50.0 155.0
470.0 540.0 50.0 155.0
480.0 540.0 50.0 165.0
490.0 550.0 55.0 165.0
505.0 550.0 55.0 160.0
525.0 555.0 45.0 170.0
540.0 550.0 50.0 165.0
560.0 535.0 50.0 165.0
550.0 525.0 55.0 155.0
555.0 515.0 60.0 150.0
560.0 530.0 60.0 150.0
565.0 550.0 55.0 150.0
580.0 565.0 55.0 155.0
585.0 550.0 55.0 155.0
595.0 560.0 55.0 160.0
595.0 565.0 55.0 160.0
615.0 550.0 60.0 160.0
645.0 525.0 65.0 155.0
660.0 520.0 65.0 170.0
665.0 520.0 60.0 165.0
680.0 515.0 60.0 165.0
705.0 515.0 55.0 170.0
710.0 515.0 60.0 170.0
725.0 510.0 60.0 175.0
715.0 500.0 60.0 180.0
715.0 495.0 55.0 180.0
720.0 485.0 50.0 180.0
725.0 490.0 55.0 185.0
735.0 490.0 60.0 190.0
705.0 515.0 50.0 180.0
705.0 525.0 55.0 180.0
710.0 535.0 55.0 180.0
715.0 535.0 55.0 185.0
705.0 535.0 60.0 175.0
710.0 530.0 65.0 190.0
710.0 530.0 60.0 180.0
715.0 560.0 70.0 175.0
730.0 555.0 65.0 175.0
735.0 570.0 60.0 175.0
745.0 565.0 65.0 175.0
750.0 560.0 65.0 185.0
745.0 570.0 60.0 180.0
750.0 575.0 60.0 185.0
765.0 570.0 55.0 185.0
780.0 555.0 60.0 185.0
775.0 570.0 60.0 190.0
770.0 575.0 60.0 180.0
770.0 580.0 65.0 180.0
760.0 590.0 60.0 170.0
750.0 600.0 65.0 175.0
750.0 595.0 65.0 170.0
760.0 585.0 65.0 180.0
785.0 570.0 65.0 170.0
800.0 555.0 65.0 165.0
785.0 555.0 65.0 165.0
775.0 570.0 65.0 160.0
785.0 560.0 65.0 165.0
795.0 545.0 60.0 175.0
805.0 530.0 65.0 185.0
810.0 490.0 75.0 205.0
825.0 485.0 75.0 205.0
825.0 510.0 75.0 200.0
845.0 510.0 55.0 175.0
860.0 495.0 60.0 185.0
845.0 490.0 55.0 180.0
835.0 500.0 65.0 180.0
835.0 510.0 70.0 185.0
825.0 505.0 65.0 185.0
820.0 515.0 70.0 190.0
815.0 525.0 75.0 190.0
805.0 540.0 65.0 190.0
805.0 550.0 60.0 190.0
800.0 560.0 60.0 200.0
785.0 550.0 65.0 185.0
780.0 540.0 70.0 200.0
780.0 540.0 75.0 180.0
785.0 525.0 80.0 190.0
795.0 500.0 85.0 190.0
835.0 460.0 70.0 185.0
825.0 485.0 65.0 200.0
830.0 480.0 70.0 220.0
820.0 480.0 75.0 220.0
815.0 490.0 75.0 225.0
815.0 495.0 70.0 220.0
805.0 495.0 75.0 215.0
800.0 490.0 80.0 225.0
805.0 485.0 75.0 220.0
825.0 475.0 80.0 230.0
830.0 480.0 70.0 220.0
830.0 480.0 70.0 220.0
820.0 460.0 85.0 230.0
820.0 465.0 75.0 225.0
820.0 455.0 80.0 235.0
820.0 470.0 75.0 235.0
830.0 460.0 70.0 225.0
830.0 440.0 80.0 235.0
830.0 440.0 80.0 240.0
830.0 430.0 75.0 240.0
835.0 420.0 80.0 245.0
840.0 430.0 70.0 240.0
840.0 415.0 75.0 230.0
830.0 405.0 85.0 240.0
820.0 415.0 75.0 235.0
810.0 420.0 80.0 245.0
805.0 430.0 75.0 235.0
810.0 435.0 75.0 235.0
810.0 410.0 85.0 240.0
825.0 400.0 80.0 240.0
840.0 380.0 80.0 250.0
845.0 390.0 75.0 240.0
855.0 395.0 75.0 235.0
845.0 405.0 80.0 230.0
830.0 400.0 85.0 240.0
820.0 390.0 75.0 230.0
820.0 390.0 80.0 245.0
815.0 420.0 75.0 240.0
805.0 440.0 80.0 235.0
795.0 460.0 80.0 230.0
765.0 445.0 85.0 225.0
750.0 450.0 80.0 240.0
750.0 435.0 80.0 240.0
755.0 435.0 80.0 235.0
770.0 440.0 80.0 255.0
770.0 440.0 90.0 245.0
765.0 445.0 85.0 260.0
770.0 475.0 80.0 250.0
780.0 490.0 75.0 255.0
780.0 500.0 80.0 245.0
770.0 505.0 90.0 250.0
745.0 525.0 85.0 260.0
740.0 545.0 85.0 265.0
735.0 560.0 80.0 250.0
730.0 560.0 80.0 255.0
705.0 545.0 90.0 260.0
690.0 565.0 75.0 250.0
700.0 555.0 80.0 260.0
710.0 545.0 85.0 255.0
730.0 525.0 80.0 250.0
725.0 515.0 90.0 255.0
715.0 510.0 85.0 255.0
695.0 510.0 85.0 245.0
680.0 545.0 90.0 260.0
635.0 565.0 95.0 235.0
625.0 530.0 100.0 265.0
695.0 515.0 100.0 225.0
620.0 525.0 100.0 265.0
630.0 535.0 90.0 255.0
615.0 535.0 85.0 240.0
615.0 530.0 85.0 250.0
620.0 510.0 100.0 265.0
605.0 495.0 100.0 270.0
595.0 615.0 100.0 275.0
600.0 610.0 85.0 235.0
615.0 575.0 85.0 250.0
600.0 545.0 90.0 245.0
590.0 540.0 90.0 240.0
565.0 520.0 90.0 235.0
530.0 510.0 100.0 275.0
520.0 570.0 95.0 235.0
495.0 545.0 85.0 225.0
490.0 515.0 105.0 280.0
490.0 550.0 85.0 235.0
485.0 550.0 105.0 280.0
440.0 630.0 80.0 235.0
425.0 610.0 90.0 225.0
400.0 635.0 90.0 225.0
375.0 605.0 85.0 235.0
355.0 585.0 80.0 235.0
330.0 615.0 80.0 250.0
325.0 660.0 75.0 235.0
315.0 665.0 75.0 270.0
310.0 595.0 85.0 255.0
315.0 580.0 85.0 265.0
310.0 595.0 80.0 260.0
330.0 635.0 90.0 280.0
325.0 680.0 90.0 270.0
350.0 700.0 95.0 270.0
410.0 690.0 100.0 290.0
490.0 715.0 100.0 275.0
615.0 765.0 80.0 275.0
625.0 815.0 95.0 275.0
615.0 825.0 95.0 265.0
535.0 815.0 110.0 275.0
490.0 795.0 95.0 270.0
435.0 760.0 80.0 260.0
460.0 810.0 90.0 260.0
475.0 825.0 85.0 260.0
480.0 825.0 105.0 285.0
455.0 795.0 95.0 250.0
