1995.0 815.0 35.0 30.0
1980.0 815.0 35.0 30.0
1965.0 815.0 35.0 30.0
1950.0 820.0 35.0 30.0
1935.0 820.0 35.0 30.0
1915.0 820.0 35.0 30.0
1900.0 820.0 35.0 30.0
1885.0 820.0 35.0 25.0
1870.0 820.0 35.0 30.0
1855.0 820.0 35.0 30.0
1840.0 820.0 30.0 30.0
1825.0 820.0 35.0 30.0
1810.0 820.0 35.0 30.0
1800.0 820.0 35.0 30.0
1780.0 820.0 35.0 30.0
1770.0 820.0 35.0 30.0
1755.0 820.0 35.0 30.0
1740.0 820.0 35.0 30.0
1725.0 820.0 35.0 30.0
1710.0 820.0 35.0 30.0
1695.0 820.0 35.0 30.0
1680.0 820.0 35.0 30.0
1670.0 825.0 35.0 30.0
1655.0 825.0 35.0 30.0
1640.0 825.0 35.0 30.0
1630.0 825.0 35.0 25.0
1615.0 825.0 35.0 25.0
1600.0 825.0 35.0 25.0
1585.0 825.0 35.0 30.0
1575.0 825.0 35.0 30.0
1565.0 825.0 35.0 25.0
1550.0 825.0 35.0 30.0
1540.0 825.0 30.0 25.0
1525.0 825.0 35.0 30.0
1510.0 825.0 35.0 25.0
1500.0 825.0 35.0 25.0
1485.0 825.0 30.0 30.0
1475.0 825.0 35.0 30.0
1465.0 825.0 30.0 30.0
1450.0 825.0 30.0 30.0
1440.0 825.0 30.0 30.0
1430.0 825.0 35.0 30.0
1415.0 825.0 35.0 30.0
1405.0 825.0 35.0 30.0
1395.0 825.0 35.0 30.0
1385.0 825.0 35.0 30.0
1375.0 825.0 35.0 30.0
1360.0 825.0 35.0 30.0
1350.0 825.0 35.0 30.0
1340.0 825.0 35.0 30.0
1330.0 825.0 35.0 30.0
1320.0 830.0 35.0 30.0
1310.0 825.0 35.0 30.0
1300.0 825.0 35.0 30.0
1290.0 830.0 35.0 30.0
1275.0 830.0 35.0 30.0
1270.0 830.0 35.0 30.0
1260.0 830.0 35.0 30.0
1245.0 830.0 35.0 30.0
1235.0 830.0 35.0 30.0
1230.0 830.0 35.0 30.0
1220.0 830.0 40.0 30.0
1210.0 825.0 40.0 35.0
1200.0 830.0 35.0 25.0
1190.0 830.0 35.0 30.0
1185.0 830.0 35.0 30.0
1175.0 830.0 35.0 30.0
1165.0 830.0 35.0 30.0
1160.0 825.0 30.0 30.0
1155.0 830.0 35.0 30.0
1145.0 830.0 35.0 30.0
1140.0 830.0 30.0 30.0
1135.0 830.0 35.0 30.0
1125.0 830.0 35.0 30.0
1120.0 830.0 35.0 30.0
1115.0 830.0 35.0 30.0
1110.0 830.0 35.0 30.0
1110.0 830.0 30.0 30.0
1100.0 830.0 35.0 30.0
1095.0 830.0 35.0 30.0
1095.0 830.0 35.0 30.0
1090.0 830.0 30.0 30.0
1085.0 830.0 35.0 25.0
1085.0 830.0 35.0 30.0
1080.0 830.0 35.0 30.0
1080.0 830.0 35.0 30.0
1075.0 825.0 40.0 30.0
1075.0 830.0 35.0 30.0
1075.0 830.0 35.0 30.0
1075.0 830.0 35.0 30.0
1075.0 830.0 35.0 30.0
1075.0 830.0 35.0 30.0
1075.0 830.0 35.0 30.0
1075.0 825.0 35.0 30.0
1080.0 825.0 35.0 30.0
1080.0 825.0 35.0 30.0
1080.0 825.0 35.0 30.0
1085.0 825.0 35.0 30.0
