1020.0 360.0 90.0 245.0
1020.0 360.0 85.0 250.0
1015.0 365.0 85.0 245.0
1010.0 370.0 85.0 245.0
1000.0 375.0 90.0 250.0
995.0 380.0 85.0 250.0
990.0 385.0 90.0 250.0
980.0 385.0 90.0 250.0
980.0 390.0 90.0 250.0
975.0 395.0 85.0 255.0
975.0 390.0 85.0 255.0
980.0 390.0 90.0 260.0
985.0 395.0 90.0 250.0
990.0 395.0 85.0 250.0
1005.0 400.0 85.0 255.0
965.0 415.0 90.0 255.0
990.0 415.0 90.0 255.0
1045.0 390.0 110.0 265.0
1050.0 390.0 110.0 260.0
1085.0 400.0 90.0 260.0
1065.0 385.0 90.0 265.0
1075.0 375.0 90.0 265.0
1045.0 375.0 105.0 260.0
1030.0 370.0 95.0 255.0
1015.0 360.0 95.0 255.0
985.0 350.0 105.0 260.0
975.0 335.0 90.0 265.0
950.0 330.0 100.0 265.0
940.0 330.0 90.0 260.0
960.0 335.0 85.0 260.0
945.0 335.0 90.0 265.0
935.0 325.0 85.0 265.0
910.0 335.0 100.0 255.0
885.0 335.0 95.0 250.0
885.0 335.0 85.0 250.0
880.0 340.0 85.0 245.0
885.0 345.0 85.0 260.0
880.0 355.0 85.0 260.0
885.0 355.0 90.0 260.0
885.0 380.0 85.0 250.0
885.0 375.0 80.0 260.0
880.0 375.0 80.0 250.0
885.0 380.0 85.0 245.0
845.0 395.0 90.0 250.0
840.0 405.0 85.0 245.0
860.0 390.0 85.0 250.0
850.0 390.0 90.0 255.0
840.0 395.0 90.0 265.0
830.0 395.0 90.0 265.0
825.0 390.0 85.0 255.0
820.0 390.0 85.0 260.0
825.0 390.0 85.0 260.0
820.0 385.0 85.0 255.0
820.0 390.0 85.0 255.0
820.0 390.0 85.0 250.0
820.0 380.0 90.0 255.0
810.0 380.0 85.0 265.0
825.0 375.0 90.0 270.0
825.0 375.0 90.0 265.0
820.0 380.0 85.0 260.0
815.0 385.0 85.0 260.0
810.0 375.0 90.0 265.0
790.0 370.0 90.0 255.0
780.0 375.0 90.0 250.0
740.0 365.0 95.0 265.0
740.0 380.0 90.0 255.0
735.0 365.0 90.0 270.0
730.0 365.0 90.0 265.0
725.0 365.0 95.0 270.0
720.0 375.0 90.0 260.0
725.0 390.0 90.0 260.0
715.0 375.0 90.0 270.0
705.0 365.0 100.0 270.0
730.0 385.0 90.0 260.0
735.0 395.0 90.0 255.0
745.0 390.0 85.0 265.0
745.0 385.0 85.0 270.0
750.0 385.0 85.0 270.0
745.0 375.0 95.0 270.0
750.0 380.0 95.0 260.0
770.0 375.0 90.0 270.0
785.0 375.0 90.0 275.0
800.0 370.0 85.0 275.0
805.0 375.0 90.0 265.0
815.0 375.0 90.0 265.0
825.0 375.0 90.0 275.0
825.0 365.0 95.0 285.0
830.0 375.0 100.0 270.0
865.0 385.0 95.0 275.0
870.0 390.0 95.0 275.0
885.0 400.0 95.0 280.0
900.0 395.0 95.0 290.0
920.0 385.0 90.0 290.0
920.0 390.0 95.0 280.0
915.0 395.0 95.0 270.0
920.0 390.0 90.0 280.0
905.0 390.0 95.0 285.0
895.0 400.0 100.0 275.0
925.0 400.0 95.0 280.0
930.0 400.0 105.0 280.0
945.0 405.0 90.0 280.0
945.0 400.0 95.0 295.0
960.0 390.0 95.0 295.0
955.0 395.0 95.0 285.0
950.0 400.0 100.0 285.0
960.0 400.0 95.0 285.0
965.0 405.0 95.0 285.0
965.0 400.0 95.0 295.0
955.0 400.0 95.0 295.0
950.0 400.0 95.0 290.0
920.0 385.0 105.0 285.0
905.0 395.0 110.0 295.0
950.0 390.0 95.0 305.0
935.0 400.0 110.0 305.0
925.0 410.0 115.0 290.0
955.0 405.0 110.0 295.0
930.0 420.0 105.0 295.0
940.0 415.0 115.0 300.0
945.0 425.0 110.0 300.0
935.0 425.0 115.0 290.0
970.0 430.0 95.0 285.0
960.0 420.0 95.0 300.0
975.0 420.0 105.0 300.0
965.0 425.0 105.0 300.0
960.0 430.0 110.0 295.0
975.0 435.0 100.0 290.0
965.0 445.0 100.0 300.0
945.0 445.0 105.0 305.0
940.0 450.0 100.0 305.0
945.0 445.0 105.0 295.0
955.0 460.0 95.0 295.0
960.0 465.0 95.0 305.0
965.0 470.0 95.0 305.0
965.0 475.0 95.0 295.0
965.0 475.0 95.0 290.0
955.0 475.0 95.0 305.0
955.0 475.0 95.0 300.0
960.0 470.0 100.0 315.0
940.0 455.0 105.0 315.0
920.0 460.0 105.0 305.0
915.0 450.0 95.0 310.0
920.0 440.0 100.0 315.0
935.0 445.0 100.0 320.0
945.0 445.0 95.0 310.0
955.0 445.0 95.0 300.0
945.0 450.0 95.0 305.0
945.0 465.0 95.0 305.0
945.0 460.0 95.0 300.0
965.0 465.0 95.0 300.0
970.0 470.0 95.0 295.0
960.0 470.0 105.0 290.0
995.0 475.0 95.0 305.0
1000.0 470.0 95.0 310.0
1010.0 480.0 100.0 310.0
1015.0 490.0 95.0 305.0
1015.0 490.0 95.0 305.0
1015.0 490.0 95.0 300.0
1015.0 500.0 100.0 315.0
1015.0 495.0 100.0 315.0
1020.0 500.0 100.0 320.0
1025.0 510.0 100.0 310.0
1000.0 500.0 115.0 320.0
1010.0 505.0 100.0 330.0
1005.0 520.0 100.0 325.0
1005.0 525.0 100.0 320.0
1000.0 525.0 100.0 325.0
990.0 505.0 105.0 325.0
975.0 540.0 100.0 330.0
985.0 530.0 105.0 340.0
995.0 550.0 105.0 335.0
1000.0 555.0 110.0 320.0
1015.0 560.0 115.0 335.0
1035.0 565.0 110.0 340.0
1035.0 570.0 100.0 335.0
1030.0 570.0 100.0 325.0
1015.0 565.0 105.0 330.0
990.0 555.0 105.0 325.0
990.0 550.0 105.0 335.0
995.0 560.0 105.0 335.0
995.0 570.0 105.0 325.0
995.0 560.0 110.0 325.0
985.0 555.0 110.0 345.0
975.0 540.0 110.0 355.0
965.0 555.0 105.0 335.0
985.0 555.0 105.0 335.0
990.0 560.0 110.0 355.0
1000.0 550.0 105.0 365.0
990.0 555.0 105.0 360.0
980.0 550.0 110.0 355.0
965.0 525.0 110.0 360.0
955.0 505.0 115.0 370.0
925.0 495.0 120.0 370.0
915.0 480.0 120.0 365.0
905.0 465.0 115.0 365.0
915.0 445.0 110.0 360.0
915.0 450.0 115.0 365.0
910.0 445.0 110.0 375.0
900.0 440.0 110.0 375.0
895.0 455.0 105.0 360.0
890.0 470.0 105.0 355.0
870.0 450.0 115.0 370.0
850.0 425.0 115.0 375.0
840.0 440.0 110.0 355.0
850.0 435.0 110.0 355.0
860.0 420.0 110.0 360.0
865.0 415.0 115.0 360.0
885.0 415.0 115.0 380.0
900.0 410.0 110.0 375.0
900.0 410.0 110.0 370.0
895.0 405.0 110.0 360.0
880.0 400.0 115.0 365.0
855.0 400.0 120.0 375.0
835.0 395.0 120.0 375.0
830.0 400.0 115.0 365.0
835.0 405.0 110.0 360.0
840.0 400.0 115.0 380.0
845.0 395.0 110.0 390.0
835.0 400.0 115.0 385.0
830.0 410.0 115.0 375.0
825.0 420.0 110.0 375.0
815.0 415.0 115.0 385.0
790.0 420.0 120.0 380.0
765.0 420.0 125.0 370.0
765.0 420.0 120.0 375.0
745.0 410.0 120.0 370.0
715.0 400.0 130.0 375.0
710.0 390.0 120.0 390.0
710.0 385.0 115.0 395.0
715.0 390.0 125.0 385.0
730.0 395.0 115.0 380.0
730.0 395.0 115.0 380.0
720.0 390.0 115.0 375.0
715.0 390.0 120.0 395.0
720.0 405.0 120.0 380.0
735.0 405.0 120.0 385.0
745.0 400.0 115.0 385.0
730.0 390.0 120.0 395.0
730.0 385.0 120.0 410.0
710.0 385.0 120.0 405.0
695.0 375.0 120.0 395.0
675.0 380.0 120.0 380.0
660.0 365.0 115.0 380.0
645.0 370.0 115.0 380.0
645.0 380.0 115.0 390.0
655.0 375.0 120.0 385.0
665.0 375.0 125.0 380.0
670.0 380.0 120.0 380.0
665.0 385.0 120.0 390.0
670.0 380.0 120.0 405.0
665.0 390.0 120.0 410.0
665.0 395.0 120.0 405.0
655.0 405.0 120.0 395.0
650.0 410.0 120.0 400.0
650.0 410.0 120.0 400.0
635.0 430.0 120.0 400.0
650.0 415.0 125.0 400.0
640.0 425.0 125.0 395.0
635.0 415.0 125.0 385.0
620.0 420.0 130.0 385.0
615.0 415.0 130.0 410.0
585.0 420.0 125.0 410.0
575.0 435.0 115.0 405.0
575.0 440.0 115.0 400.0
560.0 420.0 115.0 390.0
550.0 400.0 115.0 375.0
520.0 355.0 140.0 390.0
520.0 405.0 130.0 385.0
505.0 405.0 130.0 395.0
490.0 410.0 130.0 390.0
480.0 395.0 130.0 390.0
470.0 415.0 125.0 410.0
470.0 410.0 125.0 420.0
455.0 410.0 125.0 425.0
470.0 415.0 125.0 425.0
470.0 430.0 130.0 425.0
475.0 440.0 130.0 420.0
485.0 450.0 135.0 420.0
495.0 455.0 135.0 420.0
485.0 460.0 140.0 435.0
485.0 475.0 135.0 420.0
480.0 485.0 140.0 410.0
500.0 485.0 150.0 420.0
515.0 495.0 150.0 425.0
530.0 505.0 145.0 425.0
535.0 520.0 140.0 410.0
530.0 515.0 150.0 410.0
525.0 515.0 145.0 405.0
515.0 505.0 155.0 425.0
535.0 500.0 140.0 415.0
525.0 475.0 145.0 425.0
525.0 445.0 140.0 405.0
535.0 425.0 150.0 435.0
550.0 395.0 135.0 445.0
560.0 375.0 140.0 440.0
580.0 360.0 145.0 435.0
595.0 345.0 145.0 430.0
605.0 340.0 140.0 415.0
605.0 340.0 135.0 410.0
610.0 335.0 130.0 425.0
605.0 330.0 130.0 415.0
600.0 320.0 135.0 415.0
600.0 325.0 135.0 415.0
605.0 345.0 130.0 405.0
605.0 355.0 130.0 405.0
610.0 360.0 135.0 405.0
615.0 370.0 130.0 395.0
625.0 375.0 135.0 415.0
630.0 385.0 135.0 430.0
640.0 395.0 140.0 425.0
655.0 400.0 140.0 415.0
670.0 410.0 140.0 410.0
685.0 415.0 135.0 395.0
695.0 415.0 125.0 390.0
700.0 420.0 125.0 390.0
710.0 420.0 125.0 375.0
710.0 425.0 125.0 365.0
720.0 425.0 120.0 365.0
715.0 430.0 125.0 370.0
685.0 420.0 140.0 385.0
695.0 435.0 130.0 370.0
680.0 450.0 120.0 355.0
660.0 425.0 140.0 385.0
655.0 450.0 135.0 375.0
675.0 455.0 120.0 345.0
675.0 475.0 115.0 350.0
685.0 465.0 115.0 345.0
680.0 475.0 115.0 340.0
675.0 470.0 115.0 350.0
670.0 490.0 110.0 350.0
675.0 495.0 115.0 370.0
675.0 525.0 115.0 370.0
685.0 530.0 115.0 365.0
690.0 535.0 115.0 340.0
685.0 550.0 120.0 335.0
680.0 545.0 120.0 335.0
670.0 530.0 125.0 340.0
655.0 525.0 125.0 345.0
660.0 545.0 125.0 335.0
645.0 530.0 120.0 340.0
645.0 540.0 120.0 335.0
640.0 540.0 120.0 345.0
635.0 540.0 120.0 345.0
640.0 545.0 120.0 340.0
635.0 535.0 120.0 345.0
635.0 540.0 120.0 345.0
635.0 530.0 120.0 340.0
625.0 500.0 135.0 370.0
630.0 515.0 115.0 355.0
640.0 540.0 120.0 340.0
635.0 520.0 120.0 350.0
630.0 510.0 120.0 355.0
635.0 510.0 125.0 350.0
630.0 505.0 125.0 350.0
645.0 510.0 130.0 350.0
655.0 485.0 140.0 385.0
700.0 555.0 140.0 335.0
725.0 550.0 140.0 340.0
745.0 550.0 145.0 330.0
755.0 550.0 140.0 330.0
760.0 560.0 135.0 335.0
770.0 565.0 135.0 335.0
775.0 510.0 140.0 385.0
775.0 580.0 135.0 330.0
775.0 565.0 135.0 325.0
775.0 560.0 130.0 325.0
775.0 555.0 135.0 330.0
770.0 560.0 130.0 330.0
770.0 565.0 130.0 330.0
755.0 560.0 130.0 330.0
750.0 550.0 135.0 340.0
740.0 565.0 130.0 340.0
740.0 555.0 125.0 350.0
730.0 555.0 120.0 345.0
725.0 550.0 120.0 340.0
730.0 560.0 120.0 340.0
730.0 565.0 120.0 335.0
725.0 560.0 120.0 350.0
735.0 570.0 120.0 340.0
730.0 560.0 120.0 345.0
735.0 580.0 120.0 340.0
730.0 565.0 120.0 345.0
730.0 565.0 120.0 350.0
735.0 575.0 120.0 335.0
735.0 565.0 120.0 340.0
