780.0 645.0 35.0 65.0
785.0 645.0 35.0 65.0
790.0 645.0 35.0 65.0
790.0 645.0 35.0 60.0
795.0 640.0 35.0 60.0
795.0 645.0 35.0 60.0
800.0 645.0 35.0 60.0
805.0 645.0 30.0 60.0
810.0 645.0 35.0 60.0
810.0 640.0 35.0 60.0
815.0 640.0 35.0 60.0
820.0 645.0 35.0 65.0
820.0 640.0 35.0 65.0
825.0 640.0 35.0 65.0
830.0 640.0 35.0 65.0
835.0 640.0 35.0 60.0
840.0 640.0 35.0 60.0
840.0 640.0 35.0 60.0
845.0 640.0 35.0 60.0
845.0 640.0 35.0 60.0
850.0 640.0 35.0 60.0
855.0 640.0 30.0 60.0
855.0 640.0 35.0 60.0
860.0 640.0 35.0 60.0
860.0 640.0 35.0 65.0
865.0 640.0 35.0 60.0
870.0 635.0 40.0 60.0
870.0 635.0 35.0 60.0
875.0 635.0 35.0 60.0
875.0 635.0 35.0 60.0
875.0 635.0 35.0 60.0
885.0 630.0 35.0 60.0
880.0 635.0 35.0 60.0
885.0 635.0 35.0 60.0
885.0 630.0 35.0 60.0
890.0 630.0 35.0 60.0
890.0 630.0 35.0 60.0
895.0 630.0 35.0 60.0
900.0 630.0 35.0 60.0
900.0 630.0 35.0 65.0
905.0 630.0 35.0 65.0
910.0 625.0 35.0 65.0
910.0 630.0 35.0 65.0
910.0 630.0 35.0 60.0
910.0 630.0 35.0 60.0
910.0 630.0 35.0 65.0
910.0 625.0 35.0 60.0
915.0 625.0 35.0 65.0
920.0 625.0 35.0 65.0
920.0 625.0 40.0 70.0
