55.0 315.0 50.0 20.0
55.0 315.0 50.0 20.0
55.0 315.0 50.0 20.0
55.0 315.0 50.0 20.0
55.0 315.0 50.0 20.0
55.0 315.0 50.0 20.0
55.0 315.0 50.0 20.0
55.0 315.0 50.0 20.0
55.0 315.0 50.0 20.0
55.0 315.0 50.0 20.0
55.0 315.0 50.0 20.0
55.0 315.0 50.0 20.0
55.0 315.0 50.0 20.0
55.0 315.0 50.0 20.0
55.0 315.0 50.0 20.0
55.0 315.0 50.0 20.0
55.0 315.0 50.0 20.0
55.0 315.0 50.0 20.0
55.0 315.0 50.0 20.0
55.0 315.0 50.0 20.0
55.0 315.0 50.0 20.0
55.0 315.0 50.0 20.0
55.0 315.0 50.0 20.0
55.0 315.0 50.0 20.0
55.0 315.0 50.0 20.0
55.0 315.0 50.0 20.0
55.0 315.0 50.0 20.0
55.0 315.0 50.0 20.0
55.0 315.0 50.0 20.0
55.0 315.0 50.0 20.0
55.0 315.0 50.0 20.0
55.0 315.0 50.0 20.0
55.0 315.0 50.0 20.0
55.0 315.0 50.0 20.0
55.0 315.0 50.0 20.0
55.0 315.0 50.0 20.0
55.0 315.0 50.0 20.0
55.0 315.0 50.0 20.0
55.0 315.0 50.0 20.0
55.0 315.0 50.0 20.0
55.0 315.0 50.0 20.0
55.0 315.0 50.0 20.0
55.0 315.0 50.0 20.0
55.0 315.0 50.0 20.0
55.0 315.0 50.0 20.0
55.0 315.0 50.0 20.0
55.0 315.0 50.0 20.0
55.0 315.0 50.0 20.0
55.0 315.0 50.0 20.0
55.0 315.0 50.0 20.0
55.0 315.0 50.0 20.0
55.0 315.0 50.0 20.0
55.0 315.0 50.0 20.0
55.0 315.0 50.0 20.0
55.0 315.0 50.0 20.0
55.0 315.0 50.0 20.0
55.0 315.0 50.0 20.0
55.0 315.0 50.0 20.0
55.0 315.0 50.0 20.0
55.0 315.0 50.0 20.0
55.0 315.0 50.0 20.0
55.0 315.0 50.0 20.0
55.0 315.0 50.0 20.0
55.0 315.0 50.0 20.0
55.0 315.0 50.0 20.0
55.0 315.0 50.0 20.0
55.0 315.0 50.0 20.0
55.0 315.0 50.0 20.0
55.0 315.0 50.0 20.0
55.0 315.0 50.0 20.0
55.0 315.0 50.0 20.0
55.0 315.0 50.0 20.0
55.0 315.0 50.0 20.0
55.0 315.0 50.0 20.0
55.0 315.0 50.0 20.0
55.0 315.0 50.0 20.0
55.0 315.0 50.0 20.0
55.0 315.0 50.0 20.0
55.0 315.0 50.0 20.0
55.0 315.0 50.0 20.0
55.0 315.0 50.0 20.0
55.0 315.0 50.0 20.0
55.0 315.0 50.0 20.0
55.0 315.0 50.0 20.0
55.0 315.0 50.0 20.0
55.0 315.0 50.0 20.0
55.0 315.0 50.0 20.0
55.0 315.0 50.0 20.0
55.0 315.0 50.0 20.0
55.0 315.0 50.0 20.0
55.0 315.0 50.0 20.0
55.0 315.0 50.0 20.0
55.0 315.0 50.0 20.0
55.0 315.0 50.0 20.0
55.0 315.0 50.0 20.0
