1480.0 535.0 130.0 65.0
1475.0 535.0 130.0 65.0
1470.0 535.0 130.0 65.0
1465.0 540.0 130.0 65.0
1460.0 540.0 130.0 65.0
1455.0 540.0 130.0 65.0
1450.0 540.0 130.0 65.0
1445.0 540.0 130.0 65.0
1445.0 540.0 130.0 65.0
1445.0 545.0 130.0 65.0
1445.0 545.0 130.0 65.0
1445.0 545.0 130.0 65.0
1450.0 550.0 130.0 65.0
1450.0 550.0 130.0 65.0
1450.0 550.0 130.0 65.0
1450.0 550.0 130.0 65.0
1450.0 550.0 130.0 65.0
1445.0 555.0 130.0 65.0
1440.0 560.0 130.0 65.0
1435.0 565.0 130.0 65.0
1410.0 595.0 130.0 65.0
1410.0 600.0 130.0 65.0
1405.0 605.0 130.0 65.0
1405.0 610.0 130.0 65.0
1405.0 615.0 130.0 65.0
1400.0 620.0 130.0 65.0
1400.0 625.0 130.0 65.0
1400.0 630.0 130.0 65.0
1400.0 635.0 130.0 65.0
1405.0 640.0 130.0 65.0
1410.0 645.0 130.0 65.0
1415.0 645.0 130.0 65.0
1420.0 645.0 130.0 65.0
1420.0 645.0 130.0 65.0
1425.0 645.0 130.0 65.0
1430.0 650.0 130.0 65.0
1435.0 655.0 130.0 65.0
1440.0 660.0 130.0 65.0
1445.0 660.0 130.0 65.0
1450.0 660.0 130.0 65.0
1450.0 660.0 130.0 65.0
1450.0 660.0 130.0 65.0
1450.0 660.0 130.0 65.0
1450.0 660.0 130.0 65.0
1450.0 660.0 130.0 65.0
1450.0 660.0 130.0 65.0
1450.0 660.0 130.0 65.0
1450.0 660.0 130.0 65.0
1450.0 660.0 130.0 65.0
1450.0 660.0 130.0 65.0
1450.0 660.0 130.0 65.0
1450.0 660.0 130.0 65.0
1450.0 660.0 130.0 65.0
1450.0 660.0 130.0 65.0
1450.0 660.0 130.0 65.0
1450.0 660.0 130.0 65.0
1450.0 660.0 130.0 65.0
1450.0 660.0 130.0 65.0
1450.0 660.0 130.0 65.0
1450.0 660.0 130.0 65.0
1450.0 660.0 130.0 65.0
1450.0 660.0 130.0 65.0
1450.0 660.0 130.0 65.0
1450.0 660.0 130.0 65.0
1450.0 660.0 130.0 65.0
1450.0 660.0 130.0 65.0
1450.0 660.0 130.0 65.0
1450.0 660.0 130.0 65.0
1450.0 660.0 130.0 65.0
1450.0 660.0 130.0 65.0
1450.0 660.0 130.0 65.0
1450.0 660.0 130.0 65.0
1450.0 660.0 130.0 65.0
1450.0 660.0 130.0 65.0
