1430.0 380.0 360.0 120.0
1385.0 380.0 360.0 120.0
1335.0 370.0 360.0 120.0
1305.0 370.0 360.0 120.0
1260.0 365.0 360.0 120.0
1200.0 375.0 360.0 120.0
1100.0 410.0 360.0 120.0
990.0 445.0 360.0 120.0
890.0 465.0 360.0 120.0
730.0 525.0 360.0 120.0
610.0 520.0 360.0 120.0
500.0 495.0 360.0 120.0
395.0 495.0 360.0 120.0
335.0 520.0 360.0 120.0
295.0 535.0 360.0 120.0
230.0 545.0 360.0 120.0
150.0 555.0 360.0 120.0
65.0 600.0 360.0 120.0
0.0 630.0 360.0 120.0
-60.0 665.0 360.0 120.0
-120.0 625.0 360.0 120.0
-170.0 625.0 360.0 120.0
-235.0 630.0 360.0 120.0
-290.0 610.0 360.0 120.0
-365.0 570.0 360.0 120.0
-455.0 540.0 360.0 120.0
-530.0 515.0 360.0 120.0
-605.0 565.0 360.0 120.0
-665.0 540.0 360.0 120.0
-740.0 555.0 360.0 120.0
-795.0 605.0 360.0 120.0
-840.0 635.0 360.0 120.0
-610.0 505.0 360.0 120.0
-385.0 460.0 360.0 120.0
-205.0 465.0 360.0 120.0
-395.0 525.0 360.0 120.0
-325.0 525.0 360.0 120.0
-160.0 525.0 360.0 120.0
-105.0 535.0 360.0 120.0
-20.0 540.0 360.0 120.0
-5.0 545.0 360.0 120.0
35.0 540.0 360.0 120.0
40.0 605.0 360.0 120.0
85.0 605.0 360.0 120.0
30.0 605.0 360.0 120.0
-30.0 600.0 360.0 120.0
-100.0 600.0 360.0 120.0
-170.0 600.0 360.0 120.0
-575.0 610.0 360.0 120.0
-570.0 680.0 360.0 120.0
-355.0 685.0 360.0 120.0
-390.0 685.0 360.0 120.0
-425.0 695.0 360.0 120.0
-470.0 700.0 360.0 120.0
-520.0 710.0 360.0 120.0
-575.0 715.0 360.0 120.0
-460.0 770.0 360.0 120.0
-675.0 730.0 360.0 120.0
-770.0 735.0 360.0 120.0
-775.0 710.0 360.0 120.0
-770.0 705.0 360.0 120.0
-755.0 705.0 360.0 120.0
-745.0 685.0 360.0 120.0
-740.0 650.0 360.0 120.0
-735.0 750.0 360.0 120.0
-740.0 670.0 360.0 120.0
-745.0 665.0 360.0 120.0
-760.0 660.0 360.0 120.0
-750.0 620.0 360.0 120.0
-745.0 685.0 360.0 120.0
-755.0 680.0 360.0 120.0
-760.0 680.0 360.0 120.0
-760.0 690.0 360.0 120.0
-760.0 680.0 360.0 120.0
-715.0 785.0 360.0 120.0
-805.0 720.0 360.0 120.0
-730.0 730.0 360.0 120.0
-730.0 625.0 360.0 120.0
-685.0 550.0 360.0 120.0
-745.0 720.0 360.0 120.0
-745.0 700.0 360.0 120.0
-740.0 515.0 360.0 120.0
-730.0 280.0 360.0 120.0
-735.0 290.0 360.0 120.0
-735.0 320.0 360.0 120.0
-735.0 345.0 360.0 120.0
-735.0 380.0 360.0 120.0
-730.0 190.0 360.0 120.0
-725.0 180.0 360.0 120.0
-720.0 180.0 360.0 120.0
-715.0 180.0 360.0 120.0
-715.0 170.0 360.0 120.0
-710.0 160.0 360.0 120.0
-710.0 165.0 360.0 120.0
-710.0 170.0 360.0 120.0
-710.0 170.0 360.0 120.0
-710.0 150.0 360.0 120.0
-710.0 145.0 360.0 120.0
-710.0 140.0 360.0 120.0
-710.0 90.0 360.0 120.0
-710.0 80.0 360.0 120.0
-710.0 70.0 360.0 120.0
-705.0 75.0 360.0 120.0
-700.0 80.0 360.0 120.0
-705.0 80.0 360.0 120.0
-730.0 85.0 360.0 120.0
-680.0 -25.0 360.0 120.0
-715.0 -30.0 360.0 120.0
-755.0 -30.0 360.0 120.0
-790.0 -95.0 360.0 120.0
-780.0 -215.0 360.0 120.0
-780.0 -215.0 360.0 120.0
-785.0 -220.0 360.0 120.0
-780.0 -215.0 360.0 120.0
-790.0 -205.0 360.0 120.0
-770.0 -165.0 360.0 120.0
-780.0 -160.0 360.0 120.0
-785.0 -175.0 360.0 120.0
