1275.0 380.0 150.0 50.0
1275.0 380.0 150.0 50.0
1280.0 380.0 150.0 50.0
1285.0 380.0 150.0 50.0
1315.0 385.0 150.0 50.0
1315.0 385.0 150.0 50.0
1320.0 390.0 150.0 50.0
1320.0 390.0 150.0 50.0
1320.0 390.0 150.0 50.0
1320.0 390.0 150.0 50.0
1320.0 390.0 150.0 50.0
1320.0 390.0 150.0 50.0
1320.0 390.0 150.0 50.0
1320.0 390.0 150.0 50.0
1320.0 390.0 150.0 50.0
1320.0 390.0 150.0 50.0
1320.0 390.0 150.0 50.0
1320.0 390.0 150.0 50.0
1320.0 390.0 150.0 50.0
1320.0 390.0 150.0 50.0
1320.0 390.0 150.0 50.0
1320.0 390.0 150.0 50.0
1320.0 390.0 150.0 50.0
1320.0 390.0 150.0 50.0
1320.0 390.0 150.0 50.0
1320.0 390.0 150.0 50.0
1320.0 390.0 150.0 50.0
1320.0 390.0 150.0 50.0
1320.0 390.0 150.0 50.0
1320.0 390.0 150.0 50.0
1320.0 390.0 150.0 50.0
1320.0 390.0 150.0 50.0
1320.0 390.0 150.0 50.0
1320.0 390.0 150.0 50.0
1320.0 390.0 150.0 50.0
1320.0 390.0 150.0 50.0
1320.0 390.0 150.0 50.0
1320.0 390.0 150.0 50.0
1320.0 390.0 150.0 50.0
1320.0 390.0 150.0 50.0
1320.0 390.0 150.0 50.0
1320.0 390.0 150.0 50.0
1320.0 390.0 150.0 50.0
1320.0 390.0 150.0 50.0
1320.0 390.0 150.0 50.0
1320.0 390.0 150.0 50.0
1320.0 390.0 150.0 50.0
1320.0 390.0 150.0 50.0
1320.0 390.0 150.0 50.0
1320.0 390.0 150.0 50.0
1320.0 390.0 150.0 50.0
1320.0 390.0 150.0 50.0
1320.0 390.0 150.0 50.0
1320.0 390.0 150.0 50.0
1320.0 390.0 150.0 50.0
1320.0 390.0 150.0 50.0
