1110.0 350.0 75.0 215.0
1110.0 345.0 75.0 215.0
1110.0 335.0 75.0 215.0
1110.0 405.0 75.0 215.0
1100.0 330.0 75.0 215.0
1095.0 330.0 75.0 215.0
1090.0 330.0 75.0 215.0
1085.0 335.0 75.0 215.0
1075.0 365.0 75.0 215.0
1075.0 365.0 75.0 215.0
1065.0 400.0 75.0 215.0
1060.0 405.0 75.0 215.0
1050.0 400.0 75.0 215.0
1045.0 400.0 75.0 215.0
1045.0 400.0 75.0 215.0
1045.0 405.0 75.0 215.0
1050.0 410.0 75.0 215.0
1055.0 415.0 75.0 215.0
1060.0 420.0 75.0 215.0
1070.0 425.0 75.0 215.0
1075.0 425.0 75.0 215.0
1075.0 425.0 75.0 215.0
1075.0 435.0 75.0 215.0
1070.0 470.0 75.0 215.0
1060.0 465.0 75.0 215.0
1050.0 465.0 75.0 215.0
1035.0 460.0 75.0 215.0
1010.0 460.0 75.0 215.0
985.0 480.0 75.0 215.0
960.0 485.0 75.0 215.0
960.0 485.0 75.0 215.0
960.0 485.0 75.0 215.0
965.0 485.0 75.0 215.0
965.0 480.0 75.0 215.0
975.0 480.0 75.0 215.0
980.0 480.0 75.0 215.0
985.0 480.0 75.0 215.0
985.0 480.0 75.0 215.0
990.0 480.0 75.0 215.0
995.0 480.0 75.0 215.0
1000.0 485.0 75.0 215.0
1005.0 490.0 75.0 215.0
1010.0 495.0 75.0 215.0
1010.0 500.0 75.0 215.0
1010.0 505.0 75.0 215.0
1010.0 510.0 75.0 215.0
1005.0 510.0 75.0 215.0
1000.0 510.0 75.0 215.0
995.0 510.0 75.0 215.0
955.0 505.0 75.0 215.0
955.0 505.0 75.0 215.0
955.0 505.0 75.0 215.0
955.0 505.0 75.0 215.0
955.0 505.0 75.0 215.0
960.0 505.0 75.0 215.0
960.0 505.0 75.0 215.0
960.0 505.0 75.0 215.0
960.0 505.0 75.0 215.0
965.0 505.0 75.0 215.0
970.0 505.0 75.0 215.0
970.0 505.0 75.0 215.0
975.0 505.0 75.0 215.0
975.0 510.0 75.0 215.0
975.0 515.0 75.0 215.0
975.0 520.0 75.0 215.0
980.0 525.0 75.0 215.0
965.0 725.0 75.0 215.0
880.0 745.0 75.0 215.0
875.0 470.0 75.0 215.0
880.0 475.0 75.0 215.0
885.0 480.0 75.0 215.0
890.0 485.0 75.0 215.0
895.0 490.0 75.0 215.0
895.0 495.0 75.0 215.0
895.0 500.0 75.0 215.0
895.0 510.0 75.0 215.0
900.0 540.0 75.0 215.0
905.0 555.0 75.0 215.0
910.0 565.0 75.0 215.0
910.0 570.0 75.0 215.0
910.0 580.0 75.0 215.0
910.0 585.0 75.0 215.0
910.0 590.0 75.0 215.0
910.0 595.0 75.0 215.0
915.0 605.0 75.0 215.0
915.0 615.0 75.0 215.0
915.0 620.0 75.0 215.0
920.0 625.0 75.0 215.0
920.0 630.0 75.0 215.0
920.0 635.0 75.0 215.0
925.0 660.0 75.0 215.0
930.0 680.0 75.0 215.0
935.0 690.0 75.0 215.0
935.0 695.0 75.0 215.0
935.0 700.0 75.0 215.0
935.0 700.0 75.0 215.0
935.0 700.0 75.0 215.0
935.0 705.0 75.0 215.0
935.0 710.0 75.0 215.0
