250.0 600.0 60.0 40.0
250.0 600.0 60.0 40.0
250.0 600.0 60.0 40.0
250.0 600.0 60.0 40.0
250.0 600.0 60.0 40.0
250.0 600.0 60.0 40.0
250.0 600.0 60.0 40.0
250.0 600.0 60.0 40.0
250.0 600.0 60.0 40.0
250.0 600.0 60.0 40.0
250.0 600.0 60.0 40.0
250.0 600.0 60.0 40.0
250.0 600.0 60.0 40.0
250.0 600.0 60.0 40.0
250.0 600.0 60.0 40.0
250.0 600.0 60.0 40.0
250.0 600.0 60.0 40.0
250.0 600.0 60.0 40.0
250.0 600.0 60.0 40.0
250.0 600.0 60.0 40.0
250.0 600.0 60.0 40.0
250.0 600.0 60.0 40.0
250.0 600.0 60.0 40.0
250.0 600.0 60.0 40.0
250.0 600.0 60.0 40.0
250.0 600.0 60.0 40.0
250.0 600.0 60.0 40.0
250.0 600.0 60.0 40.0
250.0 600.0 60.0 40.0
250.0 600.0 60.0 40.0
250.0 600.0 60.0 40.0
250.0 600.0 60.0 40.0
250.0 600.0 60.0 40.0
250.0 600.0 60.0 40.0
250.0 600.0 60.0 40.0
250.0 600.0 60.0 40.0
250.0 600.0 60.0 40.0
250.0 600.0 60.0 40.0
250.0 600.0 60.0 40.0
250.0 600.0 60.0 40.0
250.0 600.0 60.0 40.0
250.0 600.0 60.0 40.0
250.0 600.0 60.0 40.0
250.0 600.0 60.0 40.0
250.0 600.0 60.0 40.0
250.0 600.0 60.0 40.0
250.0 600.0 60.0 40.0
250.0 600.0 60.0 40.0
250.0 600.0 60.0 40.0
250.0 600.0 60.0 40.0
250.0 600.0 60.0 40.0
250.0 600.0 60.0 40.0
250.0 600.0 60.0 40.0
250.0 600.0 60.0 40.0
250.0 600.0 60.0 40.0
250.0 600.0 60.0 40.0
250.0 600.0 60.0 40.0
250.0 600.0 60.0 40.0
250.0 600.0 60.0 40.0
250.0 600.0 60.0 40.0
250.0 600.0 60.0 40.0
250.0 600.0 60.0 40.0
250.0 600.0 60.0 40.0
250.0 600.0 60.0 40.0
250.0 600.0 60.0 40.0
250.0 600.0 60.0 40.0
250.0 600.0 60.0 40.0
250.0 600.0 60.0 40.0
250.0 600.0 60.0 40.0
250.0 600.0 60.0 40.0
250.0 600.0 60.0 40.0
