585.0 440.0 25.0 30.0
585.0 440.0 25.0 30.0
585.0 440.0 25.0 30.0
585.0 440.0 25.0 30.0
585.0 440.0 25.0 30.0
585.0 440.0 25.0 30.0
585.0 440.0 25.0 30.0
585.0 440.0 25.0 30.0
585.0 440.0 25.0 30.0
585.0 440.0 25.0 30.0
585.0 440.0 25.0 30.0
585.0 440.0 25.0 30.0
585.0 440.0 25.0 30.0
585.0 440.0 25.0 30.0
585.0 440.0 25.0 30.0
585.0 440.0 25.0 30.0
585.0 440.0 25.0 30.0
585.0 440.0 25.0 30.0
585.0 440.0 25.0 30.0
585.0 440.0 25.0 30.0
585.0 440.0 25.0 30.0
585.0 440.0 25.0 30.0
585.0 440.0 25.0 30.0
585.0 440.0 25.0 30.0
585.0 440.0 25.0 30.0
585.0 440.0 25.0 30.0
585.0 440.0 25.0 30.0
585.0 440.0 25.0 30.0
585.0 440.0 25.0 30.0
585.0 440.0 25.0 30.0
585.0 440.0 25.0 30.0
585.0 440.0 25.0 30.0
585.0 440.0 25.0 30.0
585.0 440.0 25.0 30.0
585.0 440.0 25.0 30.0
585.0 440.0 25.0 30.0
585.0 440.0 25.0 30.0
585.0 440.0 25.0 30.0
585.0 440.0 25.0 30.0
585.0 440.0 25.0 30.0
585.0 440.0 25.0 30.0
585.0 440.0 25.0 30.0
585.0 440.0 25.0 30.0
585.0 440.0 25.0 30.0
585.0 440.0 25.0 30.0
585.0 440.0 25.0 30.0
585.0 440.0 25.0 30.0
585.0 440.0 25.0 30.0
585.0 440.0 25.0 30.0
585.0 440.0 25.0 30.0
585.0 440.0 25.0 30.0
585.0 440.0 25.0 30.0
585.0 440.0 25.0 30.0
585.0 440.0 25.0 30.0
585.0 440.0 25.0 30.0
585.0 440.0 25.0 30.0
585.0 440.0 25.0 30.0
585.0 440.0 25.0 30.0
585.0 440.0 25.0 30.0
585.0 440.0 25.0 30.0
585.0 440.0 25.0 30.0
585.0 440.0 25.0 30.0
585.0 440.0 25.0 30.0
585.0 440.0 25.0 30.0
585.0 440.0 25.0 30.0
585.0 440.0 25.0 30.0
585.0 440.0 25.0 30.0
585.0 440.0 25.0 30.0
585.0 440.0 25.0 30.0
585.0 440.0 25.0 30.0
