1215.0 160.0 145.0 170.0
1220.0 170.0 145.0 170.0
1225.0 185.0 145.0 170.0
1235.0 205.0 145.0 170.0
1240.0 220.0 145.0 170.0
1245.0 215.0 145.0 170.0
1250.0 220.0 145.0 170.0
1260.0 230.0 145.0 170.0
1265.0 240.0 145.0 170.0
1275.0 230.0 145.0 170.0
1285.0 250.0 145.0 170.0
1290.0 265.0 145.0 170.0
1285.0 290.0 145.0 170.0
1270.0 315.0 145.0 170.0
1250.0 345.0 145.0 170.0
1230.0 370.0 145.0 170.0
1220.0 390.0 145.0 170.0
1215.0 415.0 145.0 170.0
1200.0 430.0 145.0 170.0
1195.0 440.0 145.0 170.0
1195.0 450.0 145.0 170.0
1195.0 470.0 145.0 170.0
1200.0 465.0 145.0 170.0
1205.0 485.0 145.0 170.0
1210.0 510.0 145.0 170.0
1215.0 530.0 145.0 170.0
1220.0 540.0 145.0 170.0
1225.0 535.0 145.0 170.0
1225.0 525.0 145.0 170.0
1215.0 515.0 145.0 170.0
1205.0 495.0 145.0 170.0
1195.0 495.0 145.0 170.0
1185.0 495.0 145.0 170.0
1180.0 505.0 145.0 170.0
1165.0 475.0 145.0 170.0
1155.0 475.0 145.0 170.0
1140.0 455.0 145.0 170.0
1125.0 435.0 145.0 170.0
1115.0 455.0 145.0 170.0
1110.0 495.0 145.0 170.0
1105.0 525.0 145.0 170.0
1095.0 520.0 145.0 170.0
1075.0 515.0 145.0 170.0
1060.0 510.0 145.0 170.0
1055.0 530.0 145.0 170.0
1050.0 540.0 145.0 170.0
1045.0 605.0 145.0 170.0
1035.0 585.0 145.0 170.0
1020.0 545.0 145.0 170.0
1020.0 550.0 145.0 170.0
1020.0 600.0 145.0 170.0
1025.0 600.0 145.0 170.0
1050.0 580.0 145.0 170.0
1075.0 580.0 145.0 170.0
1130.0 620.0 145.0 170.0
1220.0 630.0 145.0 170.0
1335.0 705.0 145.0 170.0
1465.0 620.0 145.0 170.0
1570.0 525.0 145.0 170.0
1575.0 610.0 145.0 170.0
1665.0 730.0 145.0 170.0
1730.0 830.0 145.0 170.0
1725.0 875.0 145.0 170.0
1725.0 880.0 145.0 170.0
1725.0 875.0 145.0 170.0
