960.0 245.0 230.0 240.0
970.0 295.0 230.0 240.0
980.0 350.0 230.0 240.0
985.0 400.0 230.0 240.0
1000.0 470.0 230.0 240.0
1010.0 515.0 230.0 240.0
1020.0 565.0 230.0 240.0
1030.0 615.0 230.0 240.0
1035.0 655.0 230.0 240.0
1040.0 695.0 230.0 240.0
1045.0 735.0 230.0 240.0
1050.0 765.0 230.0 240.0
1050.0 795.0 230.0 240.0
1050.0 840.0 230.0 240.0
1050.0 900.0 230.0 240.0
1050.0 935.0 230.0 240.0
1050.0 995.0 230.0 240.0
1075.0 1045.0 230.0 240.0
1085.0 1080.0 230.0 240.0
1090.0 1115.0 230.0 240.0
1100.0 1175.0 230.0 240.0
1110.0 1230.0 230.0 240.0
1130.0 1300.0 230.0 240.0
1135.0 1325.0 230.0 240.0
880.0 965.0 230.0 240.0
760.0 765.0 230.0 240.0
760.0 760.0 230.0 240.0
760.0 765.0 230.0 240.0
760.0 765.0 230.0 240.0
770.0 770.0 230.0 240.0
780.0 850.0 230.0 240.0
780.0 860.0 230.0 240.0
780.0 870.0 230.0 240.0
785.0 890.0 230.0 240.0
785.0 905.0 230.0 240.0
790.0 960.0 230.0 240.0
795.0 985.0 230.0 240.0
795.0 1000.0 230.0 240.0
795.0 1040.0 230.0 240.0
795.0 1075.0 230.0 240.0
795.0 1105.0 230.0 240.0
795.0 1120.0 230.0 240.0
795.0 1130.0 230.0 240.0
790.0 1145.0 230.0 240.0
790.0 1165.0 230.0 240.0
785.0 1185.0 230.0 240.0
785.0 1200.0 230.0 240.0
785.0 1215.0 230.0 240.0
785.0 1230.0 230.0 240.0
785.0 1245.0 230.0 240.0
785.0 1265.0 230.0 240.0
785.0 1285.0 230.0 240.0
805.0 1135.0 230.0 240.0
710.0 1135.0 230.0 240.0
840.0 1150.0 230.0 240.0
825.0 1160.0 230.0 240.0
820.0 1170.0 230.0 240.0
815.0 1175.0 230.0 240.0
810.0 1185.0 230.0 240.0
820.0 1205.0 230.0 240.0
815.0 1215.0 230.0 240.0
805.0 1230.0 230.0 240.0
800.0 1245.0 230.0 240.0
800.0 1255.0 230.0 240.0
790.0 1265.0 230.0 240.0
795.0 1270.0 230.0 240.0
790.0 1275.0 230.0 240.0
785.0 1275.0 230.0 240.0
780.0 1275.0 230.0 240.0
770.0 1275.0 230.0 240.0
775.0 1280.0 230.0 240.0
780.0 1290.0 230.0 240.0
775.0 1295.0 230.0 240.0
770.0 1295.0 230.0 240.0
770.0 1300.0 230.0 240.0
765.0 1305.0 230.0 240.0
750.0 1305.0 230.0 240.0
745.0 1305.0 230.0 240.0
740.0 1310.0 230.0 240.0
730.0 1315.0 230.0 240.0
730.0 1320.0 230.0 240.0
735.0 1320.0 230.0 240.0
840.0 1315.0 230.0 240.0
820.0 1310.0 230.0 240.0
835.0 1305.0 230.0 240.0
830.0 1305.0 230.0 240.0
810.0 1310.0 230.0 240.0
805.0 1310.0 230.0 240.0
800.0 1315.0 230.0 240.0
795.0 1320.0 230.0 240.0
865.0 1305.0 230.0 240.0
855.0 1305.0 230.0 240.0
855.0 1310.0 230.0 240.0
855.0 1315.0 230.0 240.0
855.0 1320.0 230.0 240.0
850.0 1325.0 230.0 240.0
860.0 1340.0 230.0 240.0
865.0 1350.0 230.0 240.0
870.0 1360.0 230.0 240.0
925.0 1355.0 230.0 240.0
925.0 1355.0 230.0 240.0
930.0 1355.0 230.0 240.0
1015.0 1355.0 230.0 240.0
1005.0 1355.0 230.0 240.0
990.0 1360.0 230.0 240.0
990.0 1360.0 230.0 240.0
990.0 1365.0 230.0 240.0
975.0 1365.0 230.0 240.0
970.0 1370.0 230.0 240.0
970.0 1375.0 230.0 240.0
970.0 1385.0 230.0 240.0
845.0 1390.0 230.0 240.0
