1265.0 505.0 35.0 65.0
1265.0 505.0 35.0 65.0
1265.0 505.0 35.0 65.0
1265.0 505.0 35.0 65.0
1265.0 505.0 35.0 65.0
1265.0 505.0 35.0 65.0
1265.0 505.0 35.0 65.0
1265.0 510.0 35.0 65.0
1265.0 510.0 35.0 65.0
1265.0 510.0 35.0 65.0
1265.0 510.0 35.0 65.0
1265.0 515.0 35.0 65.0
1265.0 515.0 35.0 65.0
1265.0 515.0 35.0 65.0
1265.0 515.0 35.0 65.0
1265.0 515.0 35.0 65.0
1265.0 515.0 35.0 65.0
1265.0 515.0 35.0 65.0
1265.0 515.0 35.0 65.0
1265.0 515.0 35.0 65.0
1265.0 515.0 35.0 65.0
1265.0 515.0 35.0 65.0
1265.0 515.0 35.0 65.0
1265.0 515.0 35.0 65.0
1265.0 515.0 35.0 65.0
1265.0 515.0 35.0 65.0
1265.0 515.0 35.0 65.0
1265.0 515.0 35.0 65.0
1265.0 515.0 35.0 65.0
1265.0 515.0 35.0 65.0
1265.0 515.0 35.0 65.0
1265.0 515.0 35.0 65.0
1265.0 515.0 35.0 65.0
1265.0 515.0 35.0 65.0
1265.0 515.0 35.0 65.0
1265.0 515.0 35.0 65.0
1265.0 515.0 35.0 65.0
1265.0 515.0 35.0 65.0
1265.0 515.0 35.0 65.0
1265.0 515.0 35.0 65.0
1265.0 515.0 35.0 65.0
1265.0 515.0 35.0 65.0
1265.0 515.0 35.0 65.0
1265.0 515.0 35.0 65.0
1265.0 515.0 35.0 65.0
1265.0 515.0 35.0 65.0
1265.0 515.0 35.0 65.0
1265.0 515.0 35.0 65.0
1265.0 515.0 35.0 65.0
1265.0 515.0 35.0 65.0
1265.0 515.0 35.0 65.0
1265.0 515.0 35.0 65.0
1265.0 515.0 35.0 65.0
1265.0 515.0 35.0 65.0
1265.0 515.0 35.0 65.0
1265.0 515.0 35.0 65.0
1265.0 515.0 35.0 65.0
1265.0 515.0 35.0 65.0
1265.0 515.0 35.0 65.0
1265.0 515.0 35.0 65.0
1265.0 515.0 35.0 65.0
1265.0 515.0 35.0 65.0
1265.0 515.0 35.0 65.0
1265.0 515.0 35.0 65.0
1265.0 515.0 35.0 65.0
1265.0 515.0 35.0 65.0
1265.0 515.0 35.0 65.0
1265.0 515.0 35.0 65.0
1265.0 515.0 35.0 65.0
1265.0 515.0 35.0 65.0
1265.0 515.0 35.0 65.0
1265.0 515.0 35.0 65.0
1265.0 515.0 35.0 65.0
1265.0 515.0 35.0 65.0
1265.0 515.0 35.0 65.0
1265.0 515.0 35.0 65.0
1265.0 515.0 35.0 65.0
1265.0 515.0 35.0 65.0
1265.0 515.0 35.0 65.0
1265.0 515.0 35.0 65.0
1265.0 515.0 35.0 65.0
1265.0 515.0 35.0 65.0
1265.0 515.0 35.0 65.0
1265.0 515.0 35.0 65.0
1265.0 515.0 35.0 65.0
1265.0 515.0 35.0 65.0
1265.0 515.0 35.0 65.0
1265.0 515.0 35.0 65.0
1265.0 515.0 35.0 65.0
1265.0 515.0 35.0 65.0
1265.0 515.0 35.0 65.0
1265.0 515.0 35.0 65.0
1265.0 515.0 35.0 65.0
1265.0 515.0 35.0 65.0
1265.0 515.0 35.0 65.0
1265.0 515.0 35.0 65.0
1265.0 515.0 35.0 65.0
1265.0 515.0 35.0 65.0
1265.0 515.0 35.0 65.0
1265.0 515.0 35.0 65.0
1265.0 515.0 35.0 65.0
1265.0 515.0 35.0 65.0
1265.0 515.0 35.0 65.0
1265.0 515.0 35.0 65.0
1265.0 515.0 35.0 65.0
1265.0 515.0 35.0 65.0
1265.0 515.0 35.0 65.0
1265.0 515.0 35.0 65.0
1265.0 515.0 35.0 65.0
1265.0 515.0 35.0 65.0
1265.0 515.0 35.0 65.0
1265.0 515.0 35.0 65.0
1265.0 515.0 35.0 65.0
1265.0 515.0 35.0 65.0
1265.0 515.0 35.0 65.0
1265.0 515.0 35.0 65.0
1265.0 515.0 35.0 65.0
1265.0 515.0 35.0 65.0
1265.0 515.0 35.0 65.0
1265.0 515.0 35.0 65.0
1265.0 515.0 35.0 65.0
1265.0 515.0 35.0 65.0
1265.0 515.0 35.0 65.0
1265.0 515.0 35.0 65.0
1265.0 515.0 35.0 65.0
1265.0 515.0 35.0 65.0
1265.0 515.0 35.0 65.0
1265.0 515.0 35.0 65.0
1265.0 515.0 35.0 65.0
1265.0 515.0 35.0 65.0
1265.0 515.0 35.0 65.0
1265.0 515.0 35.0 65.0
1265.0 515.0 35.0 65.0
1265.0 515.0 35.0 65.0
1265.0 515.0 35.0 65.0
1265.0 515.0 35.0 65.0
1265.0 515.0 35.0 65.0
1265.0 515.0 35.0 65.0
1265.0 515.0 35.0 65.0
1265.0 515.0 35.0 65.0
1265.0 515.0 35.0 65.0
1265.0 515.0 35.0 65.0
1265.0 515.0 35.0 65.0
1265.0 515.0 35.0 65.0
1265.0 515.0 35.0 65.0
1265.0 515.0 35.0 65.0
1265.0 515.0 35.0 65.0
1265.0 515.0 35.0 65.0
1265.0 515.0 35.0 65.0
1265.0 515.0 35.0 65.0
1265.0 515.0 35.0 65.0
1265.0 515.0 35.0 65.0
1265.0 515.0 35.0 65.0
1265.0 515.0 35.0 65.0
1265.0 515.0 35.0 65.0
1265.0 515.0 35.0 65.0
1265.0 515.0 35.0 65.0
1265.0 515.0 35.0 65.0
1265.0 515.0 35.0 65.0
1265.0 515.0 35.0 65.0
1265.0 515.0 35.0 65.0
1265.0 515.0 35.0 65.0
1265.0 515.0 35.0 65.0
1265.0 515.0 35.0 65.0
1265.0 515.0 35.0 65.0
1265.0 515.0 35.0 65.0
1265.0 515.0 35.0 65.0
1265.0 515.0 35.0 65.0
1265.0 515.0 35.0 65.0
1265.0 515.0 35.0 65.0
1265.0 515.0 35.0 65.0
1265.0 515.0 35.0 65.0
1265.0 515.0 35.0 65.0
1265.0 515.0 35.0 65.0
1265.0 515.0 35.0 65.0
1265.0 515.0 35.0 65.0
1265.0 515.0 35.0 65.0
1265.0 515.0 35.0 65.0
1265.0 515.0 35.0 65.0
1265.0 515.0 35.0 65.0
1265.0 515.0 35.0 65.0
1265.0 515.0 35.0 65.0
1265.0 515.0 35.0 65.0
1265.0 515.0 35.0 65.0
1265.0 515.0 35.0 65.0
1265.0 515.0 35.0 65.0
1265.0 515.0 35.0 65.0
1265.0 520.0 35.0 65.0
1265.0 520.0 35.0 65.0
1265.0 520.0 35.0 65.0
1265.0 520.0 35.0 65.0
1265.0 520.0 35.0 65.0
1265.0 520.0 35.0 65.0
1265.0 520.0 35.0 65.0
1265.0 520.0 35.0 65.0
1265.0 520.0 35.0 65.0
1265.0 520.0 35.0 65.0
1265.0 520.0 35.0 65.0
1265.0 520.0 35.0 65.0
1265.0 520.0 35.0 65.0
1265.0 520.0 35.0 65.0
1265.0 520.0 35.0 65.0
1265.0 520.0 35.0 65.0
1265.0 520.0 35.0 65.0
1265.0 520.0 35.0 65.0
1265.0 520.0 35.0 65.0
1265.0 520.0 35.0 65.0
1265.0 520.0 35.0 65.0
1265.0 520.0 35.0 65.0
1265.0 520.0 35.0 65.0
1265.0 520.0 35.0 65.0
1265.0 520.0 35.0 65.0
1265.0 520.0 35.0 65.0
1265.0 525.0 35.0 65.0
1265.0 530.0 35.0 65.0
1265.0 565.0 35.0 65.0
1265.0 570.0 35.0 65.0
1265.0 570.0 35.0 65.0
1265.0 590.0 35.0 65.0
1265.0 590.0 35.0 65.0
1265.0 620.0 35.0 65.0
1265.0 645.0 35.0 65.0
1265.0 645.0 35.0 65.0
1265.0 650.0 35.0 65.0
1265.0 650.0 35.0 65.0
1265.0 650.0 35.0 65.0
1265.0 650.0 35.0 65.0
1265.0 650.0 35.0 65.0
1265.0 650.0 35.0 65.0
1265.0 650.0 35.0 65.0
1265.0 650.0 35.0 65.0
1265.0 650.0 35.0 65.0
1265.0 650.0 35.0 65.0
1265.0 650.0 35.0 65.0
1265.0 650.0 35.0 65.0
1265.0 650.0 35.0 65.0
1265.0 650.0 35.0 65.0
1265.0 650.0 35.0 65.0
1265.0 650.0 35.0 65.0
1265.0 650.0 35.0 65.0
1265.0 650.0 35.0 65.0
1265.0 650.0 35.0 65.0
1265.0 650.0 35.0 65.0
1265.0 650.0 35.0 65.0
1265.0 650.0 35.0 65.0
1265.0 650.0 35.0 65.0
1265.0 650.0 35.0 65.0
1265.0 650.0 35.0 65.0
1265.0 650.0 35.0 65.0
1265.0 650.0 35.0 65.0
1265.0 650.0 35.0 65.0
1265.0 650.0 35.0 65.0
1265.0 650.0 35.0 65.0
1265.0 650.0 35.0 65.0
1265.0 650.0 35.0 65.0
1265.0 650.0 35.0 65.0
1265.0 650.0 35.0 65.0
1265.0 650.0 35.0 65.0
1265.0 650.0 35.0 65.0
1265.0 650.0 35.0 65.0
1265.0 650.0 35.0 65.0
1265.0 650.0 35.0 65.0
1265.0 650.0 35.0 65.0
1265.0 650.0 35.0 65.0
1265.0 650.0 35.0 65.0
1265.0 650.0 35.0 65.0
1265.0 650.0 35.0 65.0
1265.0 650.0 35.0 65.0
1265.0 650.0 35.0 65.0
1265.0 650.0 35.0 65.0
1265.0 645.0 35.0 65.0
1265.0 645.0 35.0 65.0
1265.0 645.0 35.0 65.0
1265.0 645.0 35.0 65.0
1265.0 645.0 35.0 65.0
1265.0 645.0 35.0 65.0
1265.0 645.0 35.0 65.0
1265.0 645.0 35.0 65.0
1265.0 645.0 35.0 65.0
1265.0 645.0 35.0 65.0
1265.0 645.0 35.0 65.0
1265.0 645.0 35.0 65.0
1265.0 645.0 35.0 65.0
1265.0 645.0 35.0 65.0
1265.0 645.0 35.0 65.0
1265.0 645.0 35.0 65.0
1265.0 645.0 35.0 65.0
1265.0 645.0 35.0 65.0
1265.0 645.0 35.0 65.0
1265.0 645.0 35.0 65.0
1265.0 645.0 35.0 65.0
1265.0 645.0 35.0 65.0
1265.0 645.0 35.0 65.0
1265.0 645.0 35.0 65.0
1265.0 645.0 35.0 65.0
1265.0 645.0 35.0 65.0
1265.0 645.0 35.0 65.0
1265.0 645.0 35.0 65.0
1265.0 645.0 35.0 65.0
1265.0 645.0 35.0 65.0
1265.0 645.0 35.0 65.0
1265.0 645.0 35.0 65.0
1265.0 645.0 35.0 65.0
1265.0 645.0 35.0 65.0
1265.0 645.0 35.0 65.0
1265.0 645.0 35.0 65.0
1265.0 645.0 35.0 65.0
1265.0 645.0 35.0 65.0
1265.0 645.0 35.0 65.0
1265.0 645.0 35.0 65.0
1265.0 680.0 35.0 65.0
1265.0 680.0 35.0 65.0
1265.0 680.0 35.0 65.0
1265.0 680.0 35.0 65.0
1265.0 680.0 35.0 65.0
1265.0 715.0 35.0 65.0
1265.0 715.0 35.0 65.0
1265.0 715.0 35.0 65.0
1265.0 715.0 35.0 65.0
1265.0 715.0 35.0 65.0
1265.0 715.0 35.0 65.0
1265.0 715.0 35.0 65.0
1265.0 715.0 35.0 65.0
1265.0 715.0 35.0 65.0
1265.0 715.0 35.0 65.0
1265.0 715.0 35.0 65.0
1265.0 715.0 35.0 65.0
1265.0 715.0 35.0 65.0
1265.0 715.0 35.0 65.0
1265.0 715.0 35.0 65.0
1265.0 715.0 35.0 65.0
1265.0 715.0 35.0 65.0
1265.0 715.0 35.0 65.0
1265.0 715.0 35.0 65.0
1265.0 715.0 35.0 65.0
1265.0 715.0 35.0 65.0
1265.0 715.0 35.0 65.0
1265.0 715.0 35.0 65.0
1270.0 715.0 35.0 65.0
1275.0 715.0 35.0 65.0
1275.0 715.0 35.0 65.0
1280.0 720.0 35.0 65.0
1285.0 725.0 35.0 65.0
1290.0 730.0 35.0 65.0
1295.0 735.0 35.0 65.0
1295.0 735.0 35.0 65.0
1300.0 740.0 35.0 65.0
1305.0 745.0 35.0 65.0
1310.0 750.0 35.0 65.0
1310.0 755.0 35.0 65.0
1310.0 755.0 35.0 65.0
1310.0 755.0 35.0 65.0
1310.0 755.0 35.0 65.0
1310.0 755.0 35.0 65.0
1310.0 755.0 35.0 65.0
1310.0 755.0 35.0 65.0
1310.0 755.0 35.0 65.0
1310.0 755.0 35.0 65.0
1310.0 755.0 35.0 65.0
1310.0 755.0 35.0 65.0
1310.0 755.0 35.0 65.0
1310.0 755.0 35.0 65.0
1310.0 755.0 35.0 65.0
1310.0 755.0 35.0 65.0
1310.0 755.0 35.0 65.0
1310.0 755.0 35.0 65.0
1310.0 755.0 35.0 65.0
1310.0 755.0 35.0 65.0
1310.0 755.0 35.0 65.0
1310.0 755.0 35.0 65.0
1310.0 755.0 35.0 65.0
1310.0 755.0 35.0 65.0
1310.0 755.0 35.0 65.0
1310.0 760.0 35.0 65.0
1310.0 765.0 35.0 65.0
1310.0 770.0 35.0 65.0
1310.0 775.0 35.0 65.0
1310.0 780.0 35.0 65.0
1310.0 780.0 35.0 65.0
1310.0 780.0 35.0 65.0
1310.0 785.0 35.0 65.0
1310.0 785.0 35.0 65.0
1310.0 785.0 35.0 65.0
1310.0 785.0 35.0 65.0
1310.0 785.0 35.0 65.0
1310.0 785.0 35.0 65.0
1310.0 785.0 35.0 65.0
1310.0 785.0 35.0 65.0
1310.0 785.0 35.0 65.0
1310.0 785.0 35.0 65.0
1310.0 785.0 35.0 65.0
1310.0 785.0 35.0 65.0
1310.0 785.0 35.0 65.0
1310.0 785.0 35.0 65.0
1310.0 785.0 35.0 65.0
1310.0 785.0 35.0 65.0
1310.0 785.0 35.0 65.0
1310.0 785.0 35.0 65.0
1310.0 785.0 35.0 65.0
1310.0 785.0 35.0 65.0
1310.0 785.0 35.0 65.0
1310.0 785.0 35.0 65.0
1310.0 785.0 35.0 65.0
1310.0 785.0 35.0 65.0
1310.0 785.0 35.0 65.0
1310.0 785.0 35.0 65.0
1310.0 785.0 35.0 65.0
1310.0 785.0 35.0 65.0
1310.0 785.0 35.0 65.0
1310.0 785.0 35.0 65.0
1310.0 785.0 35.0 65.0
1310.0 785.0 35.0 65.0
1310.0 785.0 35.0 65.0
1310.0 785.0 35.0 65.0
1310.0 785.0 35.0 65.0
1310.0 785.0 35.0 65.0
1310.0 820.0 35.0 65.0
1310.0 820.0 35.0 65.0
1310.0 820.0 35.0 65.0
1310.0 820.0 35.0 65.0
1310.0 820.0 35.0 65.0
1310.0 820.0 35.0 65.0
1310.0 820.0 35.0 65.0
1310.0 820.0 35.0 65.0
1310.0 820.0 35.0 65.0
1310.0 820.0 35.0 65.0
1310.0 820.0 35.0 65.0
1310.0 820.0 35.0 65.0
1310.0 820.0 35.0 65.0
1310.0 820.0 35.0 65.0
1310.0 820.0 35.0 65.0
1310.0 820.0 35.0 65.0
1310.0 820.0 35.0 65.0
1310.0 820.0 35.0 65.0
1310.0 820.0 35.0 65.0
1310.0 820.0 35.0 65.0
1310.0 820.0 35.0 65.0
1310.0 820.0 35.0 65.0
1310.0 820.0 35.0 65.0
1310.0 820.0 35.0 65.0
1310.0 820.0 35.0 65.0
1310.0 820.0 35.0 65.0
1310.0 820.0 35.0 65.0
1310.0 820.0 35.0 65.0
1310.0 820.0 35.0 65.0
1310.0 820.0 35.0 65.0
1310.0 820.0 35.0 65.0
1310.0 820.0 35.0 65.0
1310.0 820.0 35.0 65.0
1310.0 820.0 35.0 65.0
1310.0 820.0 35.0 65.0
1310.0 820.0 35.0 65.0
1310.0 820.0 35.0 65.0
1310.0 820.0 35.0 65.0
1310.0 820.0 35.0 65.0
1310.0 820.0 35.0 65.0
1310.0 820.0 35.0 65.0
1310.0 820.0 35.0 65.0
1310.0 820.0 35.0 65.0
1310.0 820.0 35.0 65.0
1310.0 820.0 35.0 65.0
1310.0 820.0 35.0 65.0
1310.0 825.0 35.0 65.0
1310.0 830.0 35.0 65.0
1310.0 830.0 35.0 65.0
1310.0 830.0 35.0 65.0
1310.0 830.0 35.0 65.0
1310.0 830.0 35.0 65.0
1310.0 835.0 35.0 65.0
1310.0 835.0 35.0 65.0
1310.0 835.0 35.0 65.0
1310.0 835.0 35.0 65.0
1310.0 835.0 35.0 65.0
