865.0 480.0 175.0 155.0
865.0 480.0 175.0 155.0
860.0 475.0 175.0 155.0
855.0 465.0 175.0 155.0
850.0 460.0 175.0 155.0
845.0 455.0 175.0 155.0
840.0 450.0 175.0 155.0
840.0 445.0 175.0 155.0
835.0 440.0 175.0 155.0
830.0 435.0 175.0 155.0
825.0 430.0 175.0 155.0
820.0 425.0 175.0 155.0
815.0 425.0 175.0 155.0
810.0 420.0 175.0 155.0
810.0 415.0 175.0 155.0
810.0 415.0 175.0 155.0
810.0 415.0 175.0 155.0
810.0 415.0 175.0 155.0
810.0 415.0 175.0 155.0
805.0 415.0 175.0 155.0
800.0 415.0 175.0 155.0
800.0 420.0 175.0 155.0
800.0 425.0 175.0 155.0
800.0 425.0 175.0 155.0
805.0 430.0 175.0 155.0
805.0 435.0 175.0 155.0
805.0 440.0 175.0 155.0
805.0 450.0 175.0 155.0
805.0 455.0 175.0 155.0
805.0 460.0 175.0 155.0
805.0 455.0 175.0 155.0
800.0 455.0 175.0 155.0
800.0 455.0 175.0 155.0
800.0 455.0 175.0 155.0
800.0 455.0 175.0 155.0
800.0 460.0 175.0 155.0
800.0 460.0 175.0 155.0
795.0 455.0 175.0 155.0
790.0 450.0 175.0 155.0
790.0 445.0 175.0 155.0
790.0 445.0 175.0 155.0
790.0 450.0 175.0 155.0
795.0 455.0 175.0 155.0
795.0 460.0 175.0 155.0
795.0 460.0 175.0 155.0
795.0 460.0 175.0 155.0
795.0 460.0 175.0 155.0
795.0 460.0 175.0 155.0
795.0 460.0 175.0 155.0
795.0 460.0 175.0 155.0
795.0 460.0 175.0 155.0
795.0 460.0 175.0 155.0
795.0 460.0 175.0 155.0
795.0 460.0 175.0 155.0
790.0 455.0 175.0 155.0
790.0 455.0 175.0 155.0
790.0 455.0 175.0 155.0
795.0 460.0 175.0 155.0
805.0 475.0 175.0 155.0
805.0 480.0 175.0 155.0
805.0 485.0 175.0 155.0
805.0 485.0 175.0 155.0
805.0 485.0 175.0 155.0
805.0 485.0 175.0 155.0
805.0 485.0 175.0 155.0
805.0 485.0 175.0 155.0
805.0 485.0 175.0 155.0
805.0 490.0 175.0 155.0
805.0 495.0 175.0 155.0
805.0 500.0 175.0 155.0
805.0 505.0 175.0 155.0
805.0 510.0 175.0 155.0
810.0 520.0 175.0 155.0
815.0 530.0 175.0 155.0
815.0 535.0 175.0 155.0
815.0 535.0 175.0 155.0
815.0 540.0 175.0 155.0
815.0 540.0 175.0 155.0
810.0 540.0 175.0 155.0
805.0 540.0 175.0 155.0
805.0 540.0 175.0 155.0
805.0 540.0 175.0 155.0
800.0 540.0 175.0 155.0
800.0 540.0 175.0 155.0
800.0 540.0 175.0 155.0
800.0 540.0 175.0 155.0
800.0 540.0 175.0 155.0
800.0 540.0 175.0 155.0
800.0 545.0 175.0 155.0
800.0 550.0 175.0 155.0
800.0 550.0 175.0 155.0
800.0 550.0 175.0 155.0
800.0 555.0 175.0 155.0
805.0 560.0 175.0 155.0
810.0 565.0 175.0 155.0
815.0 570.0 175.0 155.0
820.0 580.0 175.0 155.0
825.0 585.0 175.0 155.0
830.0 590.0 175.0 155.0
835.0 595.0 175.0 155.0
