815.0 555.0 100.0 95.0
810.0 550.0 100.0 95.0
800.0 545.0 100.0 95.0
795.0 545.0 100.0 95.0
785.0 545.0 100.0 95.0
775.0 545.0 100.0 95.0
765.0 545.0 100.0 95.0
760.0 550.0 100.0 95.0
750.0 550.0 100.0 95.0
740.0 545.0 100.0 95.0
730.0 540.0 100.0 95.0
725.0 550.0 100.0 95.0
715.0 550.0 100.0 95.0
710.0 545.0 100.0 95.0
700.0 540.0 100.0 95.0
695.0 540.0 100.0 95.0
685.0 530.0 100.0 95.0
675.0 520.0 100.0 95.0
670.0 515.0 100.0 95.0
660.0 505.0 100.0 95.0
655.0 500.0 100.0 95.0
650.0 500.0 100.0 95.0
640.0 500.0 100.0 95.0
635.0 505.0 100.0 95.0
630.0 505.0 100.0 95.0
625.0 510.0 100.0 95.0
620.0 510.0 100.0 95.0
615.0 505.0 100.0 95.0
605.0 495.0 100.0 95.0
600.0 485.0 100.0 95.0
590.0 480.0 100.0 95.0
585.0 470.0 100.0 95.0
580.0 465.0 100.0 95.0
575.0 460.0 100.0 95.0
570.0 455.0 100.0 95.0
565.0 455.0 100.0 95.0
565.0 460.0 100.0 95.0
565.0 465.0 100.0 95.0
560.0 470.0 100.0 95.0
555.0 470.0 100.0 95.0
550.0 470.0 100.0 95.0
545.0 465.0 100.0 95.0
540.0 460.0 100.0 95.0
535.0 455.0 100.0 95.0
525.0 450.0 100.0 95.0
520.0 445.0 100.0 95.0
515.0 440.0 100.0 95.0
510.0 435.0 100.0 95.0
510.0 440.0 100.0 95.0
510.0 440.0 100.0 95.0
505.0 435.0 100.0 95.0
500.0 435.0 100.0 95.0
495.0 435.0 100.0 95.0
495.0 440.0 100.0 95.0
495.0 450.0 100.0 95.0
495.0 450.0 100.0 95.0
490.0 450.0 100.0 95.0
485.0 450.0 100.0 95.0
480.0 450.0 100.0 95.0
475.0 450.0 100.0 95.0
470.0 445.0 100.0 95.0
465.0 440.0 100.0 95.0
465.0 440.0 100.0 95.0
460.0 440.0 100.0 95.0
460.0 445.0 100.0 95.0
455.0 440.0 100.0 95.0
450.0 435.0 100.0 95.0
445.0 435.0 100.0 95.0
445.0 435.0 100.0 95.0
445.0 430.0 100.0 95.0
450.0 430.0 100.0 95.0
450.0 430.0 100.0 95.0
450.0 425.0 100.0 95.0
445.0 425.0 100.0 95.0
445.0 425.0 100.0 95.0
440.0 425.0 100.0 95.0
445.0 430.0 100.0 95.0
440.0 430.0 100.0 95.0
440.0 430.0 100.0 95.0
435.0 430.0 100.0 95.0
430.0 425.0 100.0 95.0
420.0 420.0 100.0 95.0
420.0 415.0 100.0 95.0
415.0 415.0 100.0 95.0
410.0 415.0 100.0 95.0
405.0 425.0 100.0 95.0
405.0 420.0 100.0 95.0
400.0 420.0 100.0 95.0
395.0 415.0 100.0 95.0
390.0 415.0 100.0 95.0
385.0 415.0 100.0 95.0
375.0 410.0 100.0 95.0
370.0 410.0 100.0 95.0
365.0 405.0 100.0 95.0
360.0 405.0 100.0 95.0
355.0 405.0 100.0 95.0
355.0 405.0 100.0 95.0
355.0 410.0 100.0 95.0
355.0 415.0 100.0 95.0
355.0 420.0 100.0 95.0
355.0 425.0 100.0 95.0
355.0 430.0 100.0 95.0
355.0 440.0 100.0 95.0
355.0 450.0 100.0 95.0
355.0 455.0 100.0 95.0
355.0 460.0 100.0 95.0
355.0 465.0 100.0 95.0
355.0 470.0 100.0 95.0
355.0 470.0 100.0 95.0
350.0 470.0 100.0 95.0
350.0 470.0 100.0 95.0
350.0 470.0 100.0 95.0
350.0 465.0 100.0 95.0
350.0 465.0 100.0 95.0
355.0 465.0 100.0 95.0
355.0 465.0 100.0 95.0
355.0 465.0 100.0 95.0
355.0 465.0 100.0 95.0
355.0 475.0 100.0 95.0
355.0 475.0 100.0 95.0
360.0 480.0 100.0 95.0
365.0 480.0 100.0 95.0
365.0 480.0 100.0 95.0
365.0 480.0 100.0 95.0
360.0 485.0 100.0 95.0
360.0 490.0 100.0 95.0
360.0 500.0 100.0 95.0
360.0 500.0 100.0 95.0
355.0 505.0 100.0 95.0
355.0 515.0 100.0 95.0
355.0 520.0 100.0 95.0
355.0 530.0 100.0 95.0
350.0 535.0 100.0 95.0
350.0 540.0 100.0 95.0
345.0 545.0 100.0 95.0
340.0 545.0 100.0 95.0
335.0 545.0 100.0 95.0
330.0 545.0 100.0 95.0
325.0 545.0 100.0 95.0
320.0 545.0 100.0 95.0
320.0 550.0 100.0 95.0
320.0 550.0 100.0 95.0
325.0 560.0 100.0 95.0
330.0 575.0 100.0 95.0
335.0 580.0 100.0 95.0
335.0 585.0 100.0 95.0
340.0 590.0 100.0 95.0
345.0 595.0 100.0 95.0
345.0 595.0 100.0 95.0
345.0 600.0 100.0 95.0
345.0 600.0 100.0 95.0
345.0 600.0 100.0 95.0
