805.0 560.0 25.0 85.0
805.0 560.0 25.0 85.0
805.0 560.0 25.0 85.0
805.0 560.0 25.0 85.0
805.0 560.0 25.0 85.0
805.0 560.0 25.0 85.0
805.0 560.0 25.0 85.0
805.0 560.0 25.0 85.0
805.0 560.0 25.0 85.0
805.0 560.0 25.0 85.0
805.0 560.0 25.0 85.0
805.0 560.0 25.0 85.0
805.0 560.0 25.0 85.0
805.0 560.0 25.0 85.0
805.0 560.0 25.0 85.0
805.0 560.0 25.0 85.0
805.0 560.0 25.0 85.0
805.0 560.0 25.0 85.0
805.0 560.0 25.0 85.0
805.0 560.0 25.0 85.0
805.0 560.0 25.0 85.0
805.0 560.0 25.0 85.0
805.0 560.0 25.0 85.0
805.0 560.0 25.0 85.0
805.0 560.0 25.0 85.0
805.0 560.0 25.0 85.0
805.0 560.0 25.0 85.0
805.0 560.0 25.0 85.0
805.0 560.0 25.0 85.0
805.0 560.0 25.0 85.0
805.0 560.0 25.0 85.0
805.0 560.0 25.0 85.0
805.0 560.0 25.0 85.0
805.0 560.0 25.0 85.0
805.0 560.0 25.0 85.0
805.0 560.0 25.0 85.0
805.0 560.0 25.0 85.0
805.0 560.0 25.0 85.0
805.0 560.0 25.0 85.0
805.0 560.0 25.0 85.0
805.0 560.0 25.0 85.0
805.0 560.0 25.0 85.0
805.0 560.0 25.0 85.0
805.0 560.0 25.0 85.0
805.0 560.0 25.0 85.0
805.0 560.0 25.0 85.0
805.0 560.0 25.0 85.0
805.0 560.0 25.0 85.0
805.0 560.0 25.0 85.0
805.0 560.0 25.0 85.0
805.0 560.0 25.0 85.0
805.0 560.0 25.0 85.0
805.0 560.0 25.0 85.0
805.0 560.0 25.0 85.0
805.0 560.0 25.0 85.0
805.0 560.0 25.0 85.0
805.0 560.0 25.0 85.0
805.0 560.0 25.0 85.0
805.0 560.0 25.0 85.0
805.0 560.0 25.0 85.0
805.0 560.0 25.0 85.0
805.0 560.0 25.0 85.0
805.0 560.0 25.0 85.0
805.0 560.0 25.0 85.0
805.0 560.0 25.0 85.0
805.0 560.0 25.0 85.0
805.0 560.0 25.0 85.0
805.0 560.0 25.0 85.0
805.0 560.0 25.0 85.0
805.0 560.0 25.0 85.0
805.0 560.0 25.0 85.0
805.0 560.0 25.0 85.0
805.0 560.0 25.0 85.0
805.0 560.0 25.0 85.0
805.0 560.0 25.0 85.0
805.0 560.0 25.0 85.0
805.0 560.0 25.0 85.0
805.0 560.0 25.0 85.0
805.0 560.0 25.0 85.0
805.0 560.0 25.0 85.0
