980.0 405.0 80.0 100.0
980.0 405.0 80.0 100.0
985.0 400.0 80.0 100.0
985.0 390.0 80.0 100.0
985.0 385.0 80.0 100.0
985.0 375.0 80.0 100.0
985.0 365.0 80.0 100.0
990.0 360.0 80.0 100.0
995.0 360.0 80.0 100.0
995.0 355.0 80.0 100.0
995.0 345.0 80.0 100.0
995.0 340.0 80.0 100.0
1000.0 335.0 80.0 100.0
1005.0 330.0 80.0 100.0
1005.0 320.0 80.0 100.0
1005.0 315.0 80.0 100.0
1005.0 310.0 80.0 100.0
1005.0 305.0 80.0 100.0
1005.0 300.0 80.0 100.0
1000.0 285.0 80.0 100.0
990.0 260.0 80.0 100.0
990.0 255.0 80.0 100.0
990.0 250.0 80.0 100.0
990.0 240.0 80.0 100.0
990.0 235.0 80.0 100.0
990.0 235.0 80.0 100.0
990.0 230.0 80.0 100.0
990.0 230.0 80.0 100.0
990.0 230.0 80.0 100.0
990.0 230.0 80.0 100.0
990.0 235.0 80.0 100.0
990.0 230.0 80.0 100.0
985.0 195.0 80.0 100.0
985.0 200.0 80.0 100.0
990.0 205.0 80.0 100.0
995.0 215.0 80.0 100.0
995.0 220.0 80.0 100.0
1000.0 230.0 80.0 100.0
1000.0 235.0 80.0 100.0
1000.0 240.0 80.0 100.0
1000.0 245.0 80.0 100.0
1005.0 255.0 80.0 100.0
1010.0 265.0 80.0 100.0
1010.0 270.0 80.0 100.0
1015.0 280.0 80.0 100.0
1015.0 285.0 80.0 100.0
1015.0 285.0 80.0 100.0
1015.0 285.0 80.0 100.0
1020.0 290.0 80.0 100.0
1020.0 295.0 80.0 100.0
1025.0 290.0 80.0 100.0
1025.0 285.0 80.0 100.0
1025.0 285.0 80.0 100.0
1025.0 290.0 80.0 100.0
1025.0 295.0 80.0 100.0
1025.0 300.0 80.0 100.0
1025.0 305.0 80.0 100.0
1025.0 305.0 80.0 100.0
1025.0 310.0 80.0 100.0
1025.0 315.0 80.0 100.0
1025.0 320.0 80.0 100.0
1025.0 320.0 80.0 100.0
1025.0 320.0 80.0 100.0
1025.0 320.0 80.0 100.0
1025.0 320.0 80.0 100.0
1025.0 325.0 80.0 100.0
1025.0 330.0 80.0 100.0
1025.0 335.0 80.0 100.0
1025.0 340.0 80.0 100.0
1025.0 345.0 80.0 100.0
1025.0 350.0 80.0 100.0
1025.0 355.0 80.0 100.0
1025.0 360.0 80.0 100.0
1025.0 360.0 80.0 100.0
1025.0 360.0 80.0 100.0
1045.0 385.0 80.0 100.0
1045.0 385.0 80.0 100.0
1045.0 385.0 80.0 100.0
1045.0 390.0 80.0 100.0
1050.0 395.0 80.0 100.0
1050.0 400.0 80.0 100.0
1050.0 405.0 80.0 100.0
1050.0 405.0 80.0 100.0
1050.0 400.0 80.0 100.0
1050.0 395.0 80.0 100.0
1050.0 390.0 80.0 100.0
1050.0 390.0 80.0 100.0
1050.0 390.0 80.0 100.0
1050.0 390.0 80.0 100.0
1050.0 390.0 80.0 100.0
1050.0 390.0 80.0 100.0
1050.0 390.0 80.0 100.0
1055.0 390.0 80.0 100.0
1055.0 390.0 80.0 100.0
1055.0 385.0 80.0 100.0
1055.0 380.0 80.0 100.0
1055.0 375.0 80.0 100.0
1055.0 365.0 80.0 100.0
1055.0 360.0 80.0 100.0
1055.0 350.0 80.0 100.0
1050.0 310.0 80.0 100.0
1050.0 305.0 80.0 100.0
1050.0 300.0 80.0 100.0
1050.0 295.0 80.0 100.0
1050.0 290.0 80.0 100.0
1050.0 285.0 80.0 100.0
1050.0 280.0 80.0 100.0
1050.0 280.0 80.0 100.0
1050.0 280.0 80.0 100.0
1050.0 275.0 80.0 100.0
1050.0 270.0 80.0 100.0
1050.0 270.0 80.0 100.0
1050.0 265.0 80.0 100.0
1050.0 265.0 80.0 100.0
1050.0 265.0 80.0 100.0
1050.0 265.0 80.0 100.0
1050.0 265.0 80.0 100.0
1050.0 265.0 80.0 100.0
1050.0 265.0 80.0 100.0
1050.0 260.0 80.0 100.0
1050.0 210.0 80.0 100.0
1050.0 205.0 80.0 100.0
1050.0 200.0 80.0 100.0
1050.0 200.0 80.0 100.0
1050.0 200.0 80.0 100.0
1050.0 200.0 80.0 100.0
1050.0 200.0 80.0 100.0
1050.0 200.0 80.0 100.0
1050.0 200.0 80.0 100.0
1050.0 200.0 80.0 100.0
1050.0 200.0 80.0 100.0
1050.0 195.0 80.0 100.0
1050.0 190.0 80.0 100.0
1050.0 185.0 80.0 100.0
1050.0 185.0 80.0 100.0
1055.0 185.0 80.0 100.0
1055.0 185.0 80.0 100.0
1055.0 185.0 80.0 100.0
1055.0 180.0 80.0 100.0
1060.0 180.0 80.0 100.0
1060.0 180.0 80.0 100.0
1060.0 175.0 80.0 100.0
1060.0 170.0 80.0 100.0
1155.0 170.0 80.0 100.0
1155.0 170.0 80.0 100.0
1155.0 170.0 80.0 100.0
1155.0 170.0 80.0 100.0
1155.0 170.0 80.0 100.0
1155.0 170.0 80.0 100.0
1155.0 165.0 80.0 100.0
1155.0 160.0 80.0 100.0
1155.0 155.0 80.0 100.0
1155.0 155.0 80.0 100.0
1155.0 155.0 80.0 100.0
1155.0 150.0 80.0 100.0
1155.0 150.0 80.0 100.0
1155.0 150.0 80.0 100.0
1155.0 150.0 80.0 100.0
1160.0 150.0 80.0 100.0
1220.0 145.0 80.0 100.0
1310.0 145.0 80.0 100.0
1315.0 145.0 80.0 100.0
1320.0 150.0 80.0 100.0
1320.0 155.0 80.0 100.0
1320.0 160.0 80.0 100.0
1320.0 160.0 80.0 100.0
1320.0 160.0 80.0 100.0
1325.0 160.0 80.0 100.0
1395.0 155.0 80.0 100.0
1395.0 155.0 80.0 100.0
1395.0 155.0 80.0 100.0
1395.0 155.0 80.0 100.0
1400.0 155.0 80.0 100.0
1400.0 155.0 80.0 100.0
1400.0 155.0 80.0 100.0
1395.0 65.0 80.0 100.0
1395.0 65.0 80.0 100.0
1390.0 -15.0 80.0 100.0
1510.0 -15.0 80.0 100.0
1510.0 -15.0 80.0 100.0
1510.0 -15.0 80.0 100.0
1510.0 -15.0 80.0 100.0
1510.0 -15.0 80.0 100.0
1510.0 -15.0 80.0 100.0
1510.0 -15.0 80.0 100.0
1510.0 -15.0 80.0 100.0
1510.0 -15.0 80.0 100.0
1510.0 -15.0 80.0 100.0
1510.0 -15.0 80.0 100.0
1510.0 -15.0 80.0 100.0
1510.0 -15.0 80.0 100.0
1510.0 -15.0 80.0 100.0
1510.0 -15.0 80.0 100.0
1510.0 -15.0 80.0 100.0
1510.0 -15.0 80.0 100.0
1510.0 -15.0 80.0 100.0
1510.0 -15.0 80.0 100.0
1510.0 -15.0 80.0 100.0
