900.0 325.0 290.0 395.0
905.0 325.0 290.0 395.0
905.0 325.0 290.0 395.0
910.0 325.0 290.0 395.0
910.0 325.0 290.0 395.0
915.0 325.0 290.0 395.0
930.0 325.0 290.0 395.0
945.0 330.0 290.0 395.0
960.0 335.0 290.0 395.0
960.0 335.0 290.0 395.0
955.0 330.0 290.0 395.0
930.0 325.0 290.0 395.0
895.0 325.0 290.0 395.0
865.0 330.0 290.0 395.0
855.0 330.0 290.0 395.0
885.0 340.0 290.0 395.0
945.0 340.0 290.0 395.0
985.0 335.0 290.0 395.0
990.0 340.0 290.0 395.0
950.0 330.0 290.0 395.0
925.0 320.0 290.0 395.0
925.0 315.0 290.0 395.0
965.0 305.0 290.0 395.0
995.0 300.0 290.0 395.0
1010.0 300.0 290.0 395.0
1000.0 300.0 290.0 395.0
995.0 300.0 290.0 395.0
1015.0 300.0 290.0 395.0
1095.0 305.0 290.0 395.0
1240.0 325.0 290.0 395.0
1380.0 335.0 290.0 395.0
1445.0 335.0 290.0 395.0
1465.0 335.0 290.0 395.0
1470.0 340.0 290.0 395.0
1490.0 345.0 290.0 395.0
1510.0 345.0 290.0 395.0
1490.0 345.0 290.0 395.0
1450.0 340.0 290.0 395.0
1255.0 340.0 290.0 395.0
1060.0 330.0 290.0 395.0
895.0 320.0 290.0 395.0
740.0 315.0 290.0 395.0
650.0 310.0 290.0 395.0
665.0 315.0 290.0 395.0
285.0 275.0 290.0 395.0
210.0 265.0 290.0 395.0
205.0 260.0 290.0 395.0
265.0 265.0 290.0 395.0
415.0 275.0 290.0 395.0
550.0 275.0 290.0 395.0
615.0 280.0 290.0 395.0
610.0 280.0 290.0 395.0
590.0 280.0 290.0 395.0
595.0 280.0 290.0 395.0
610.0 285.0 290.0 395.0
635.0 290.0 290.0 395.0
800.0 285.0 290.0 395.0
895.0 290.0 290.0 395.0
910.0 290.0 290.0 395.0
890.0 290.0 290.0 395.0
910.0 305.0 290.0 395.0
940.0 310.0 290.0 395.0
950.0 320.0 290.0 395.0
920.0 335.0 290.0 395.0
830.0 335.0 290.0 395.0
805.0 335.0 290.0 395.0
800.0 345.0 290.0 395.0
840.0 345.0 290.0 395.0
850.0 340.0 290.0 395.0
835.0 340.0 290.0 395.0
780.0 325.0 290.0 395.0
755.0 325.0 290.0 395.0
765.0 335.0 290.0 395.0
770.0 335.0 290.0 395.0
760.0 340.0 290.0 395.0
745.0 345.0 290.0 395.0
765.0 345.0 290.0 395.0
805.0 350.0 290.0 395.0
865.0 350.0 290.0 395.0
900.0 345.0 290.0 395.0
905.0 350.0 290.0 395.0
860.0 345.0 290.0 395.0
810.0 325.0 290.0 395.0
790.0 310.0 290.0 395.0
810.0 305.0 290.0 395.0
815.0 300.0 290.0 395.0
795.0 290.0 290.0 395.0
750.0 285.0 290.0 395.0
690.0 285.0 290.0 395.0
660.0 290.0 290.0 395.0
645.0 290.0 290.0 395.0
665.0 295.0 290.0 395.0
715.0 310.0 290.0 395.0
780.0 315.0 290.0 395.0
815.0 310.0 290.0 395.0
830.0 305.0 290.0 395.0
800.0 305.0 290.0 395.0
725.0 310.0 290.0 395.0
655.0 305.0 290.0 395.0
630.0 305.0 290.0 395.0
865.0 320.0 290.0 395.0
955.0 325.0 290.0 395.0
985.0 320.0 290.0 395.0
965.0 325.0 290.0 395.0
860.0 320.0 290.0 395.0
740.0 305.0 290.0 395.0
650.0 295.0 290.0 395.0
585.0 295.0 290.0 395.0
505.0 285.0 290.0 395.0
390.0 280.0 290.0 395.0
295.0 270.0 290.0 395.0
265.0 270.0 290.0 395.0
290.0 275.0 290.0 395.0
380.0 295.0 290.0 395.0
480.0 300.0 290.0 395.0
530.0 300.0 290.0 395.0
540.0 300.0 290.0 395.0
515.0 300.0 290.0 395.0
500.0 300.0 290.0 395.0
530.0 300.0 290.0 395.0
605.0 305.0 290.0 395.0
650.0 305.0 290.0 395.0
640.0 310.0 290.0 395.0
595.0 305.0 290.0 395.0
575.0 305.0 290.0 395.0
555.0 315.0 290.0 395.0
585.0 315.0 290.0 395.0
635.0 295.0 290.0 395.0
605.0 275.0 290.0 395.0
615.0 280.0 290.0 395.0
645.0 290.0 290.0 395.0
705.0 295.0 290.0 395.0
720.0 300.0 290.0 395.0
705.0 310.0 290.0 395.0
655.0 315.0 290.0 395.0
640.0 305.0 290.0 395.0
645.0 310.0 290.0 395.0
690.0 315.0 290.0 395.0
735.0 320.0 290.0 395.0
735.0 320.0 290.0 395.0
695.0 325.0 290.0 395.0
645.0 325.0 290.0 395.0
620.0 320.0 290.0 395.0
625.0 325.0 290.0 395.0
630.0 325.0 290.0 395.0
625.0 320.0 290.0 395.0
590.0 320.0 290.0 395.0
550.0 320.0 290.0 395.0
550.0 315.0 290.0 395.0
590.0 320.0 290.0 395.0
685.0 330.0 290.0 395.0
750.0 340.0 290.0 395.0
815.0 340.0 290.0 395.0
920.0 350.0 290.0 395.0
1045.0 360.0 290.0 395.0
1165.0 360.0 290.0 395.0
1255.0 355.0 290.0 395.0
1310.0 355.0 290.0 395.0
1340.0 355.0 290.0 395.0
1360.0 360.0 290.0 395.0
1400.0 360.0 290.0 395.0
1465.0 365.0 290.0 395.0
1475.0 360.0 290.0 395.0
1415.0 365.0 290.0 395.0
1245.0 365.0 290.0 395.0
1045.0 340.0 290.0 395.0
905.0 325.0 290.0 395.0
840.0 325.0 290.0 395.0
830.0 325.0 290.0 395.0
800.0 315.0 290.0 395.0
730.0 310.0 290.0 395.0
650.0 305.0 290.0 395.0
625.0 295.0 290.0 395.0
660.0 305.0 290.0 395.0
765.0 325.0 290.0 395.0
840.0 320.0 290.0 395.0
860.0 325.0 290.0 395.0
810.0 330.0 290.0 395.0
705.0 330.0 290.0 395.0
610.0 320.0 290.0 395.0
510.0 320.0 290.0 395.0
415.0 330.0 290.0 395.0
320.0 330.0 290.0 395.0
220.0 315.0 290.0 395.0
150.0 300.0 290.0 395.0
120.0 285.0 290.0 395.0
170.0 280.0 290.0 395.0
295.0 285.0 290.0 395.0
450.0 295.0 290.0 395.0
580.0 300.0 290.0 395.0
675.0 305.0 290.0 395.0
735.0 305.0 290.0 395.0
770.0 295.0 290.0 395.0
825.0 295.0 290.0 395.0
890.0 300.0 290.0 395.0
975.0 315.0 290.0 395.0
1045.0 320.0 290.0 395.0
1075.0 320.0 290.0 395.0
1070.0 320.0 290.0 395.0
1030.0 320.0 290.0 395.0
895.0 325.0 290.0 395.0
965.0 340.0 290.0 395.0
980.0 340.0 290.0 395.0
965.0 335.0 290.0 395.0
915.0 335.0 290.0 395.0
885.0 330.0 290.0 395.0
890.0 330.0 290.0 395.0
945.0 335.0 290.0 395.0
1015.0 340.0 290.0 395.0
1050.0 345.0 290.0 395.0
1045.0 345.0 290.0 395.0
1000.0 345.0 290.0 395.0
940.0 345.0 290.0 395.0
890.0 335.0 290.0 395.0
860.0 350.0 290.0 395.0
860.0 350.0 290.0 395.0
850.0 335.0 290.0 395.0
825.0 320.0 290.0 395.0
805.0 310.0 290.0 395.0
765.0 305.0 290.0 395.0
750.0 305.0 290.0 395.0
760.0 310.0 290.0 395.0
780.0 310.0 290.0 395.0
805.0 310.0 290.0 395.0
800.0 310.0 290.0 395.0
720.0 310.0 290.0 395.0
555.0 315.0 290.0 395.0
410.0 300.0 290.0 395.0
340.0 295.0 290.0 395.0
335.0 295.0 290.0 395.0
430.0 320.0 290.0 395.0
565.0 325.0 290.0 395.0
635.0 325.0 290.0 395.0
620.0 330.0 290.0 395.0
570.0 330.0 290.0 395.0
555.0 330.0 290.0 395.0
550.0 330.0 290.0 395.0
545.0 325.0 290.0 395.0
535.0 315.0 290.0 395.0
525.0 315.0 290.0 395.0
530.0 320.0 290.0 395.0
560.0 325.0 290.0 395.0
630.0 330.0 290.0 395.0
750.0 335.0 290.0 395.0
860.0 340.0 290.0 395.0
920.0 340.0 290.0 395.0
945.0 335.0 290.0 395.0
940.0 335.0 290.0 395.0
935.0 335.0 290.0 395.0
935.0 335.0 290.0 395.0
945.0 335.0 290.0 395.0
950.0 335.0 290.0 395.0
955.0 335.0 290.0 395.0
930.0 335.0 290.0 395.0
850.0 335.0 290.0 395.0
685.0 335.0 290.0 395.0
475.0 325.0 290.0 395.0
325.0 305.0 290.0 395.0
230.0 300.0 290.0 395.0
210.0 295.0 290.0 395.0
205.0 295.0 290.0 395.0
195.0 290.0 290.0 395.0
180.0 285.0 290.0 395.0
180.0 280.0 290.0 395.0
205.0 285.0 290.0 395.0
225.0 280.0 290.0 395.0
345.0 305.0 290.0 395.0
455.0 310.0 290.0 395.0
505.0 310.0 290.0 395.0
530.0 310.0 290.0 395.0
570.0 310.0 290.0 395.0
640.0 315.0 290.0 395.0
710.0 320.0 290.0 395.0
735.0 330.0 290.0 395.0
730.0 335.0 290.0 395.0
735.0 335.0 290.0 395.0
740.0 340.0 290.0 395.0
775.0 350.0 290.0 395.0
800.0 365.0 290.0 395.0
810.0 370.0 290.0 395.0
805.0 370.0 290.0 395.0
795.0 365.0 290.0 395.0
790.0 365.0 290.0 395.0
795.0 360.0 290.0 395.0
805.0 335.0 290.0 395.0
810.0 315.0 290.0 395.0
820.0 310.0 290.0 395.0
825.0 310.0 290.0 395.0
835.0 315.0 290.0 395.0
840.0 315.0 290.0 395.0
835.0 320.0 290.0 395.0
835.0 325.0 290.0 395.0
845.0 330.0 290.0 395.0
860.0 330.0 290.0 395.0
865.0 325.0 290.0 395.0
850.0 320.0 290.0 395.0
795.0 320.0 290.0 395.0
695.0 320.0 290.0 395.0
610.0 320.0 290.0 395.0
570.0 315.0 290.0 395.0
