1580.0 200.0 65.0 210.0
1580.0 200.0 65.0 210.0
1580.0 200.0 65.0 210.0
1580.0 200.0 65.0 210.0
1580.0 200.0 65.0 210.0
1580.0 200.0 65.0 210.0
1580.0 200.0 65.0 210.0
1580.0 200.0 65.0 210.0
1580.0 200.0 65.0 210.0
1580.0 200.0 65.0 210.0
1580.0 200.0 65.0 210.0
1580.0 200.0 65.0 210.0
1580.0 200.0 65.0 210.0
1580.0 200.0 65.0 210.0
1580.0 200.0 65.0 210.0
1580.0 200.0 65.0 210.0
1580.0 200.0 65.0 210.0
1580.0 200.0 65.0 210.0
1580.0 200.0 65.0 210.0
1580.0 200.0 65.0 210.0
1580.0 200.0 65.0 210.0
1580.0 200.0 65.0 210.0
1580.0 200.0 65.0 210.0
1580.0 200.0 65.0 210.0
1580.0 200.0 65.0 210.0
1580.0 200.0 65.0 210.0
1580.0 200.0 65.0 210.0
1580.0 200.0 65.0 210.0
1580.0 200.0 65.0 210.0
1580.0 200.0 65.0 210.0
1580.0 200.0 65.0 210.0
1580.0 200.0 65.0 210.0
1580.0 200.0 65.0 210.0
1580.0 200.0 65.0 210.0
1580.0 200.0 65.0 210.0
1580.0 200.0 65.0 210.0
1580.0 200.0 65.0 210.0
1580.0 200.0 65.0 210.0
1585.0 200.0 65.0 210.0
1590.0 200.0 65.0 210.0
1595.0 200.0 65.0 210.0
1600.0 200.0 65.0 210.0
1610.0 200.0 65.0 210.0
1645.0 200.0 65.0 210.0
1655.0 200.0 65.0 210.0
1675.0 200.0 65.0 210.0
1685.0 200.0 65.0 210.0
1700.0 200.0 65.0 210.0
1725.0 200.0 65.0 210.0
1735.0 200.0 65.0 210.0
1745.0 200.0 65.0 210.0
1775.0 200.0 65.0 210.0
1785.0 200.0 65.0 210.0
1810.0 205.0 65.0 210.0
1820.0 205.0 65.0 210.0
1830.0 205.0 65.0 210.0
1845.0 205.0 65.0 210.0
1855.0 205.0 65.0 210.0
1870.0 205.0 65.0 210.0
1880.0 205.0 65.0 210.0
1900.0 205.0 65.0 210.0
1915.0 205.0 65.0 210.0
1945.0 210.0 65.0 210.0
1955.0 210.0 65.0 210.0
1980.0 210.0 65.0 210.0
1985.0 210.0 65.0 210.0
2020.0 210.0 65.0 210.0
2015.0 315.0 65.0 210.0
2015.0 315.0 65.0 210.0
2015.0 320.0 65.0 210.0
2015.0 320.0 65.0 210.0
2020.0 320.0 65.0 210.0
2025.0 320.0 65.0 210.0
2030.0 325.0 65.0 210.0
2025.0 235.0 65.0 210.0
2025.0 235.0 65.0 210.0
2025.0 235.0 65.0 210.0
2025.0 235.0 65.0 210.0
2025.0 325.0 65.0 210.0
2025.0 325.0 65.0 210.0
2020.0 320.0 65.0 210.0
2015.0 320.0 65.0 210.0
2015.0 320.0 65.0 210.0
2015.0 315.0 65.0 210.0
2015.0 310.0 65.0 210.0
2015.0 310.0 65.0 210.0
2015.0 310.0 65.0 210.0
2015.0 310.0 65.0 210.0
2015.0 310.0 65.0 210.0
2015.0 310.0 65.0 210.0
2015.0 310.0 65.0 210.0
2015.0 310.0 65.0 210.0
2015.0 310.0 65.0 210.0
2015.0 310.0 65.0 210.0
2015.0 315.0 65.0 210.0
2015.0 315.0 65.0 210.0
2015.0 310.0 65.0 210.0
2015.0 310.0 65.0 210.0
2020.0 315.0 65.0 210.0
2020.0 315.0 65.0 210.0
2020.0 320.0 65.0 210.0
2020.0 230.0 65.0 210.0
2020.0 315.0 65.0 210.0
2020.0 315.0 65.0 210.0
2025.0 310.0 65.0 210.0
2030.0 310.0 65.0 210.0
2030.0 310.0 65.0 210.0
2030.0 315.0 65.0 210.0
2030.0 315.0 65.0 210.0
2030.0 315.0 65.0 210.0
2040.0 315.0 65.0 210.0
2070.0 305.0 65.0 210.0
2065.0 365.0 65.0 210.0
2070.0 380.0 65.0 210.0
2075.0 390.0 65.0 210.0
