1125.0 675.0 120.0 205.0
1125.0 675.0 120.0 205.0
1125.0 670.0 120.0 205.0
1125.0 665.0 120.0 205.0
1125.0 660.0 120.0 205.0
1120.0 640.0 120.0 205.0
1115.0 625.0 120.0 205.0
1110.0 610.0 120.0 205.0
1110.0 600.0 120.0 205.0
1110.0 590.0 120.0 205.0
1110.0 580.0 120.0 205.0
1105.0 560.0 120.0 205.0
1100.0 510.0 120.0 205.0
1095.0 430.0 120.0 205.0
1095.0 430.0 120.0 205.0
1095.0 440.0 120.0 205.0
1095.0 470.0 120.0 205.0
1095.0 485.0 120.0 205.0
1095.0 485.0 120.0 205.0
1095.0 470.0 120.0 205.0
1095.0 455.0 120.0 205.0
1095.0 440.0 120.0 205.0
1095.0 435.0 120.0 205.0
1095.0 430.0 120.0 205.0
1095.0 415.0 120.0 205.0
1095.0 395.0 120.0 205.0
1095.0 385.0 120.0 205.0
1095.0 375.0 120.0 205.0
1090.0 360.0 120.0 205.0
1085.0 355.0 120.0 205.0
1080.0 350.0 120.0 205.0
1075.0 345.0 120.0 205.0
1070.0 335.0 120.0 205.0
1065.0 325.0 120.0 205.0
1065.0 320.0 120.0 205.0
1060.0 310.0 120.0 205.0
1055.0 305.0 120.0 205.0
1050.0 300.0 120.0 205.0
1045.0 295.0 120.0 205.0
1045.0 285.0 120.0 205.0
1040.0 280.0 120.0 205.0
1035.0 270.0 120.0 205.0
1030.0 255.0 120.0 205.0
1025.0 255.0 120.0 205.0
1020.0 255.0 120.0 205.0
1020.0 250.0 120.0 205.0
1020.0 245.0 120.0 205.0
1015.0 250.0 120.0 205.0
1010.0 250.0 120.0 205.0
1005.0 250.0 120.0 205.0
1005.0 250.0 120.0 205.0
1005.0 240.0 120.0 205.0
1005.0 235.0 120.0 205.0
1005.0 235.0 120.0 205.0
1000.0 235.0 120.0 205.0
995.0 235.0 120.0 205.0
990.0 225.0 120.0 205.0
990.0 205.0 120.0 205.0
985.0 195.0 120.0 205.0
975.0 190.0 120.0 205.0
970.0 190.0 120.0 205.0
965.0 190.0 120.0 205.0
960.0 190.0 120.0 205.0
955.0 190.0 120.0 205.0
950.0 190.0 120.0 205.0
945.0 190.0 120.0 205.0
940.0 190.0 120.0 205.0
935.0 185.0 120.0 205.0
930.0 180.0 120.0 205.0
925.0 175.0 120.0 205.0
925.0 170.0 120.0 205.0
925.0 165.0 120.0 205.0
925.0 160.0 120.0 205.0
920.0 155.0 120.0 205.0
915.0 155.0 120.0 205.0
915.0 155.0 120.0 205.0
915.0 155.0 120.0 205.0
915.0 150.0 120.0 205.0
915.0 145.0 120.0 205.0
915.0 140.0 120.0 205.0
915.0 135.0 120.0 205.0
915.0 125.0 120.0 205.0
915.0 115.0 120.0 205.0
915.0 105.0 120.0 205.0
910.0 95.0 120.0 205.0
910.0 85.0 120.0 205.0
905.0 75.0 120.0 205.0
905.0 65.0 120.0 205.0
905.0 55.0 120.0 205.0
905.0 50.0 120.0 205.0
905.0 50.0 120.0 205.0
905.0 50.0 120.0 205.0
905.0 50.0 120.0 205.0
905.0 50.0 120.0 205.0
910.0 55.0 120.0 205.0
910.0 60.0 120.0 205.0
910.0 60.0 120.0 205.0
910.0 60.0 120.0 205.0
910.0 60.0 120.0 205.0
910.0 60.0 120.0 205.0
910.0 60.0 120.0 205.0
910.0 60.0 120.0 205.0
910.0 60.0 120.0 205.0
910.0 60.0 120.0 205.0
910.0 60.0 120.0 205.0
910.0 60.0 120.0 205.0
910.0 60.0 120.0 205.0
910.0 60.0 120.0 205.0
910.0 60.0 120.0 205.0
910.0 55.0 120.0 205.0
910.0 50.0 120.0 205.0
905.0 45.0 120.0 205.0
905.0 40.0 120.0 205.0
905.0 35.0 120.0 205.0
905.0 25.0 120.0 205.0
905.0 20.0 120.0 205.0
900.0 10.0 120.0 205.0
895.0 5.0 120.0 205.0
890.0 0.0 120.0 205.0
885.0 0.0 120.0 205.0
885.0 -5.0 120.0 205.0
885.0 -10.0 120.0 205.0
885.0 -15.0 120.0 205.0
885.0 -20.0 120.0 205.0
885.0 -25.0 120.0 205.0
885.0 -30.0 120.0 205.0
885.0 -35.0 120.0 205.0
885.0 -40.0 120.0 205.0
885.0 -40.0 120.0 205.0
885.0 -40.0 120.0 205.0
885.0 -40.0 120.0 205.0
885.0 -40.0 120.0 205.0
885.0 -40.0 120.0 205.0
885.0 -40.0 120.0 205.0
885.0 -40.0 120.0 205.0
885.0 -40.0 120.0 205.0
885.0 -40.0 120.0 205.0
885.0 -40.0 120.0 205.0
885.0 -40.0 120.0 205.0
885.0 -40.0 120.0 205.0
885.0 -40.0 120.0 205.0
890.0 -45.0 120.0 205.0
890.0 -50.0 120.0 205.0
890.0 -55.0 120.0 205.0
890.0 -55.0 120.0 205.0
890.0 -60.0 120.0 205.0
