740.0 460.0 70.0 215.0
740.0 460.0 70.0 215.0
740.0 460.0 70.0 215.0
740.0 460.0 70.0 215.0
740.0 460.0 70.0 215.0
740.0 460.0 70.0 215.0
740.0 460.0 70.0 215.0
740.0 460.0 70.0 215.0
740.0 460.0 70.0 215.0
740.0 460.0 70.0 215.0
740.0 460.0 70.0 215.0
740.0 460.0 70.0 215.0
740.0 460.0 70.0 215.0
740.0 460.0 70.0 215.0
740.0 460.0 70.0 215.0
740.0 460.0 70.0 215.0
740.0 460.0 70.0 215.0
740.0 460.0 70.0 215.0
740.0 460.0 70.0 215.0
740.0 460.0 70.0 215.0
740.0 460.0 70.0 215.0
740.0 460.0 70.0 215.0
740.0 460.0 70.0 215.0
740.0 460.0 70.0 215.0
740.0 460.0 70.0 215.0
740.0 460.0 70.0 215.0
740.0 460.0 70.0 215.0
740.0 460.0 70.0 215.0
740.0 460.0 70.0 215.0
745.0 460.0 70.0 215.0
750.0 460.0 70.0 215.0
750.0 460.0 70.0 215.0
755.0 460.0 70.0 215.0
760.0 460.0 70.0 215.0
760.0 460.0 70.0 215.0
760.0 460.0 70.0 215.0
760.0 460.0 70.0 215.0
760.0 460.0 70.0 215.0
760.0 460.0 70.0 215.0
760.0 460.0 70.0 215.0
760.0 460.0 70.0 215.0
760.0 460.0 70.0 215.0
760.0 460.0 70.0 215.0
760.0 460.0 70.0 215.0
760.0 460.0 70.0 215.0
760.0 455.0 70.0 215.0
760.0 450.0 70.0 215.0
760.0 445.0 70.0 215.0
760.0 445.0 70.0 215.0
760.0 440.0 70.0 215.0
760.0 435.0 70.0 215.0
760.0 430.0 70.0 215.0
760.0 425.0 70.0 215.0
760.0 420.0 70.0 215.0
760.0 420.0 70.0 215.0
760.0 420.0 70.0 215.0
760.0 420.0 70.0 215.0
765.0 415.0 70.0 215.0
765.0 415.0 70.0 215.0
770.0 415.0 70.0 215.0
770.0 415.0 70.0 215.0
775.0 410.0 70.0 215.0
780.0 405.0 70.0 215.0
785.0 400.0 70.0 215.0
790.0 395.0 70.0 215.0
790.0 390.0 70.0 215.0
790.0 385.0 70.0 215.0
790.0 380.0 70.0 215.0
795.0 375.0 70.0 215.0
800.0 365.0 70.0 215.0
805.0 355.0 70.0 215.0
810.0 345.0 70.0 215.0
810.0 340.0 70.0 215.0
810.0 335.0 70.0 215.0
810.0 330.0 70.0 215.0
815.0 325.0 70.0 215.0
820.0 320.0 70.0 215.0
825.0 320.0 70.0 215.0
830.0 320.0 70.0 215.0
835.0 315.0 70.0 215.0
840.0 315.0 70.0 215.0
845.0 315.0 70.0 215.0
850.0 315.0 70.0 215.0
855.0 315.0 70.0 215.0
860.0 315.0 70.0 215.0
865.0 310.0 70.0 215.0
870.0 310.0 70.0 215.0
875.0 305.0 70.0 215.0
880.0 300.0 70.0 215.0
880.0 300.0 70.0 215.0
880.0 295.0 70.0 215.0
880.0 295.0 70.0 215.0
880.0 290.0 70.0 215.0
880.0 285.0 70.0 215.0
880.0 285.0 70.0 215.0
880.0 280.0 70.0 215.0
880.0 280.0 70.0 215.0
880.0 275.0 70.0 215.0
880.0 270.0 70.0 215.0
880.0 265.0 70.0 215.0
880.0 260.0 70.0 215.0
880.0 255.0 70.0 215.0
880.0 250.0 70.0 215.0
880.0 245.0 70.0 215.0
880.0 235.0 70.0 215.0
880.0 230.0 70.0 215.0
880.0 220.0 70.0 215.0
880.0 210.0 70.0 215.0
880.0 205.0 70.0 215.0
