1255.0 825.0 40.0 70.0
1255.0 825.0 40.0 70.0
1255.0 825.0 40.0 70.0
1255.0 825.0 40.0 70.0
1255.0 825.0 40.0 70.0
1255.0 825.0 40.0 70.0
1255.0 825.0 40.0 70.0
1255.0 825.0 40.0 70.0
1255.0 825.0 40.0 70.0
1255.0 825.0 40.0 70.0
1255.0 825.0 40.0 70.0
1255.0 820.0 40.0 70.0
1255.0 820.0 40.0 70.0
1255.0 820.0 40.0 70.0
1255.0 820.0 40.0 70.0
1255.0 820.0 40.0 70.0
1255.0 820.0 40.0 70.0
1255.0 820.0 40.0 70.0
1255.0 820.0 40.0 70.0
1255.0 820.0 40.0 70.0
1255.0 820.0 40.0 70.0
1255.0 820.0 40.0 70.0
1255.0 820.0 40.0 70.0
1255.0 820.0 40.0 70.0
1255.0 820.0 40.0 70.0
1255.0 820.0 40.0 70.0
1255.0 820.0 40.0 70.0
1255.0 820.0 40.0 70.0
1255.0 820.0 40.0 70.0
1255.0 820.0 40.0 70.0
1255.0 820.0 40.0 70.0
1255.0 820.0 40.0 70.0
1255.0 820.0 40.0 70.0
1255.0 820.0 40.0 70.0
1255.0 820.0 40.0 70.0
1255.0 820.0 40.0 70.0
1255.0 820.0 40.0 70.0
1255.0 820.0 40.0 70.0
1255.0 820.0 40.0 70.0
1255.0 820.0 40.0 70.0
1255.0 820.0 40.0 70.0
1255.0 820.0 40.0 70.0
1255.0 820.0 40.0 70.0
1255.0 820.0 40.0 70.0
1255.0 820.0 40.0 70.0
1255.0 820.0 40.0 70.0
1255.0 820.0 40.0 70.0
1255.0 820.0 40.0 70.0
1255.0 820.0 40.0 70.0
1255.0 820.0 40.0 70.0
1255.0 820.0 40.0 70.0
1255.0 820.0 40.0 70.0
1255.0 820.0 40.0 70.0
1255.0 820.0 40.0 70.0
1255.0 820.0 40.0 70.0
1255.0 820.0 40.0 70.0
1255.0 820.0 40.0 70.0
1255.0 820.0 40.0 70.0
1255.0 820.0 40.0 70.0
1255.0 820.0 40.0 70.0
1255.0 820.0 40.0 70.0
1255.0 820.0 40.0 70.0
1255.0 820.0 40.0 70.0
1255.0 820.0 40.0 70.0
1255.0 820.0 40.0 70.0
1255.0 820.0 40.0 70.0
1255.0 820.0 40.0 70.0
1255.0 820.0 40.0 70.0
1255.0 820.0 40.0 70.0
1255.0 820.0 40.0 70.0
1255.0 820.0 40.0 70.0
1255.0 820.0 40.0 70.0
1255.0 820.0 40.0 70.0
1255.0 820.0 40.0 70.0
1255.0 820.0 40.0 70.0
1255.0 820.0 40.0 70.0
1255.0 820.0 40.0 70.0
