930.0 180.0 110.0 145.0
930.0 180.0 110.0 145.0
930.0 180.0 110.0 145.0
930.0 180.0 110.0 145.0
930.0 180.0 110.0 145.0
930.0 180.0 110.0 145.0
955.0 185.0 110.0 145.0
955.0 185.0 110.0 145.0
955.0 185.0 110.0 145.0
955.0 190.0 110.0 145.0
955.0 190.0 110.0 145.0
955.0 190.0 110.0 145.0
955.0 190.0 110.0 145.0
950.0 190.0 110.0 145.0
950.0 190.0 110.0 145.0
950.0 190.0 110.0 145.0
950.0 195.0 110.0 145.0
945.0 195.0 110.0 145.0
945.0 195.0 110.0 145.0
945.0 195.0 110.0 145.0
945.0 195.0 110.0 145.0
945.0 195.0 110.0 145.0
945.0 195.0 110.0 145.0
945.0 195.0 110.0 145.0
945.0 195.0 110.0 145.0
945.0 195.0 110.0 145.0
945.0 195.0 110.0 145.0
945.0 195.0 110.0 145.0
945.0 195.0 110.0 145.0
945.0 195.0 110.0 145.0
945.0 195.0 110.0 145.0
945.0 195.0 110.0 145.0
945.0 195.0 110.0 145.0
945.0 195.0 110.0 145.0
945.0 195.0 110.0 145.0
945.0 195.0 110.0 145.0
945.0 195.0 110.0 145.0
945.0 195.0 110.0 145.0
945.0 195.0 110.0 145.0
945.0 195.0 110.0 145.0
945.0 195.0 110.0 145.0
945.0 195.0 110.0 145.0
945.0 195.0 110.0 145.0
945.0 195.0 110.0 145.0
945.0 195.0 110.0 145.0
945.0 195.0 110.0 145.0
935.0 185.0 110.0 145.0
860.0 155.0 110.0 145.0
845.0 165.0 110.0 145.0
840.0 165.0 110.0 145.0
840.0 165.0 110.0 145.0
845.0 165.0 110.0 145.0
845.0 165.0 110.0 145.0
840.0 165.0 110.0 145.0
840.0 165.0 110.0 145.0
735.0 200.0 110.0 145.0
660.0 295.0 110.0 145.0
565.0 295.0 110.0 145.0
475.0 295.0 110.0 145.0
465.0 295.0 110.0 145.0
455.0 295.0 110.0 145.0
450.0 295.0 110.0 145.0
450.0 295.0 110.0 145.0
450.0 295.0 110.0 145.0
445.0 295.0 110.0 145.0
430.0 295.0 110.0 145.0
415.0 295.0 110.0 145.0
410.0 295.0 110.0 145.0
405.0 295.0 110.0 145.0
400.0 295.0 110.0 145.0
400.0 295.0 110.0 145.0
400.0 295.0 110.0 145.0
400.0 295.0 110.0 145.0
395.0 295.0 110.0 145.0
390.0 295.0 110.0 145.0
390.0 295.0 110.0 145.0
390.0 295.0 110.0 145.0
390.0 295.0 110.0 145.0
385.0 295.0 110.0 145.0
380.0 295.0 110.0 145.0
315.0 300.0 110.0 145.0
235.0 300.0 110.0 145.0
165.0 305.0 110.0 145.0
110.0 305.0 110.0 145.0
90.0 305.0 110.0 145.0
40.0 305.0 110.0 145.0
-45.0 305.0 110.0 145.0
-155.0 305.0 110.0 145.0
-250.0 305.0 110.0 145.0
-245.0 320.0 110.0 145.0
-245.0 380.0 110.0 145.0
-240.0 385.0 110.0 145.0
-255.0 510.0 110.0 145.0
-395.0 485.0 110.0 145.0
-390.0 485.0 110.0 145.0
-385.0 485.0 110.0 145.0
-380.0 485.0 110.0 145.0
-375.0 485.0 110.0 145.0
-370.0 475.0 110.0 145.0
-365.0 355.0 110.0 145.0
