1310.0 165.0 155.0 190.0
1300.0 170.0 155.0 190.0
1285.0 170.0 155.0 190.0
1280.0 170.0 155.0 190.0
1275.0 170.0 155.0 190.0
1255.0 170.0 155.0 190.0
1200.0 170.0 155.0 190.0
1160.0 170.0 155.0 190.0
1145.0 170.0 155.0 190.0
1135.0 170.0 155.0 190.0
1255.0 160.0 155.0 190.0
1440.0 460.0 155.0 190.0
1565.0 455.0 155.0 190.0
1615.0 455.0 155.0 190.0
1625.0 455.0 155.0 190.0
1640.0 455.0 155.0 190.0
1650.0 455.0 155.0 190.0
1680.0 455.0 155.0 190.0
1910.0 455.0 155.0 190.0
2000.0 450.0 155.0 190.0
2030.0 450.0 155.0 190.0
2040.0 450.0 155.0 190.0
2045.0 450.0 155.0 190.0
2050.0 450.0 155.0 190.0
2055.0 450.0 155.0 190.0
2065.0 450.0 155.0 190.0
2080.0 450.0 155.0 190.0
2095.0 445.0 155.0 190.0
2110.0 445.0 155.0 190.0
2120.0 440.0 155.0 190.0
2130.0 440.0 155.0 190.0
2135.0 440.0 155.0 190.0
2145.0 440.0 155.0 190.0
2190.0 435.0 155.0 190.0
2460.0 425.0 155.0 190.0
2455.0 390.0 155.0 190.0
2455.0 330.0 155.0 190.0
2455.0 395.0 155.0 190.0
2455.0 295.0 155.0 190.0
2450.0 0.0 155.0 190.0
2450.0 -5.0 155.0 190.0
2450.0 -10.0 155.0 190.0
2450.0 -10.0 155.0 190.0
2450.0 -5.0 155.0 190.0
2450.0 -5.0 155.0 190.0
2450.0 -5.0 155.0 190.0
2450.0 -5.0 155.0 190.0
2450.0 -5.0 155.0 190.0
2450.0 -5.0 155.0 190.0
2450.0 -5.0 155.0 190.0
2450.0 0.0 155.0 190.0
2450.0 0.0 155.0 190.0
2450.0 0.0 155.0 190.0
2450.0 0.0 155.0 190.0
2450.0 0.0 155.0 190.0
2450.0 -5.0 155.0 190.0
2450.0 -5.0 155.0 190.0
2450.0 -5.0 155.0 190.0
2450.0 -5.0 155.0 190.0
2450.0 -5.0 155.0 190.0
2450.0 -5.0 155.0 190.0
2450.0 -5.0 155.0 190.0
2450.0 -5.0 155.0 190.0
2450.0 -5.0 155.0 190.0
2450.0 -5.0 155.0 190.0
2450.0 -5.0 155.0 190.0
2450.0 -5.0 155.0 190.0
2450.0 -5.0 155.0 190.0
2450.0 -5.0 155.0 190.0
2450.0 -5.0 155.0 190.0
2450.0 -5.0 155.0 190.0
2450.0 -5.0 155.0 190.0
2450.0 -5.0 155.0 190.0
2450.0 -5.0 155.0 190.0
2450.0 -5.0 155.0 190.0
2450.0 -5.0 155.0 190.0
2450.0 -5.0 155.0 190.0
2450.0 -5.0 155.0 190.0
2450.0 -5.0 155.0 190.0
2450.0 -5.0 155.0 190.0
2450.0 -5.0 155.0 190.0
2450.0 -5.0 155.0 190.0
2450.0 -5.0 155.0 190.0
2450.0 -5.0 155.0 190.0
2450.0 -5.0 155.0 190.0
2450.0 -5.0 155.0 190.0
2450.0 -5.0 155.0 190.0
2450.0 -5.0 155.0 190.0
2450.0 -5.0 155.0 190.0
2450.0 -5.0 155.0 190.0
2450.0 -5.0 155.0 190.0
2450.0 -5.0 155.0 190.0
2450.0 -5.0 155.0 190.0
2450.0 -5.0 155.0 190.0
2450.0 -5.0 155.0 190.0
2450.0 -5.0 155.0 190.0
2450.0 -5.0 155.0 190.0
2450.0 -5.0 155.0 190.0
2450.0 -5.0 155.0 190.0
2450.0 -5.0 155.0 190.0
2450.0 -5.0 155.0 190.0
2450.0 -10.0 155.0 190.0
2450.0 -20.0 155.0 190.0
2450.0 -10.0 155.0 190.0
2450.0 -10.0 155.0 190.0
2450.0 330.0 155.0 190.0
2450.0 495.0 155.0 190.0
2450.0 825.0 155.0 190.0
2450.0 820.0 155.0 190.0
2450.0 470.0 155.0 190.0
2450.0 800.0 155.0 190.0
2450.0 800.0 155.0 190.0
2450.0 705.0 155.0 190.0
2450.0 800.0 155.0 190.0
2450.0 1020.0 155.0 190.0
2450.0 1020.0 155.0 190.0
2450.0 1020.0 155.0 190.0
2450.0 1025.0 155.0 190.0
2450.0 1025.0 155.0 190.0
2450.0 1025.0 155.0 190.0
2450.0 1025.0 155.0 190.0
2450.0 1025.0 155.0 190.0
2450.0 1025.0 155.0 190.0
2450.0 1025.0 155.0 190.0
2450.0 1025.0 155.0 190.0
2450.0 1025.0 155.0 190.0
2450.0 1025.0 155.0 190.0
2450.0 1025.0 155.0 190.0
2450.0 1025.0 155.0 190.0
2450.0 1025.0 155.0 190.0
2450.0 1025.0 155.0 190.0
2450.0 1025.0 155.0 190.0
2450.0 1025.0 155.0 190.0
2450.0 1025.0 155.0 190.0
2450.0 1025.0 155.0 190.0
2450.0 1025.0 155.0 190.0
2450.0 1025.0 155.0 190.0
2450.0 1025.0 155.0 190.0
2450.0 1020.0 155.0 190.0
2450.0 1035.0 155.0 190.0
2450.0 1045.0 155.0 190.0
2450.0 1050.0 155.0 190.0
2450.0 1060.0 155.0 190.0
2450.0 1060.0 155.0 190.0
2450.0 1075.0 155.0 190.0
2450.0 1085.0 155.0 190.0
2450.0 1085.0 155.0 190.0
2450.0 1105.0 155.0 190.0
2450.0 1110.0 155.0 190.0
2450.0 1115.0 155.0 190.0
2450.0 1125.0 155.0 190.0
2450.0 1120.0 155.0 190.0
2450.0 1125.0 155.0 190.0
2450.0 1130.0 155.0 190.0
2450.0 1130.0 155.0 190.0
2450.0 1125.0 155.0 190.0
2450.0 1135.0 155.0 190.0
2450.0 1050.0 155.0 190.0
2450.0 1050.0 155.0 190.0
2450.0 1035.0 155.0 190.0
2450.0 1025.0 155.0 190.0
2450.0 1095.0 155.0 190.0
2450.0 1130.0 155.0 190.0
2450.0 1125.0 155.0 190.0
2450.0 925.0 155.0 190.0
2450.0 740.0 155.0 190.0
2450.0 970.0 155.0 190.0
2450.0 1000.0 155.0 190.0
2450.0 1005.0 155.0 190.0
2450.0 1010.0 155.0 190.0
2450.0 1015.0 155.0 190.0
2450.0 1015.0 155.0 190.0
2450.0 1020.0 155.0 190.0
2450.0 1020.0 155.0 190.0
2450.0 1035.0 155.0 190.0
2450.0 1065.0 155.0 190.0
2450.0 1060.0 155.0 190.0
2450.0 1110.0 155.0 190.0
2450.0 1095.0 155.0 190.0
2450.0 1090.0 155.0 190.0
2450.0 1090.0 155.0 190.0
2450.0 1080.0 155.0 190.0
2450.0 1080.0 155.0 190.0
2450.0 1080.0 155.0 190.0
2450.0 1080.0 155.0 190.0
2450.0 1085.0 155.0 190.0
2450.0 1085.0 155.0 190.0
2450.0 1085.0 155.0 190.0
2450.0 1090.0 155.0 190.0
2450.0 1090.0 155.0 190.0
2450.0 1090.0 155.0 190.0
2450.0 1070.0 155.0 190.0
2450.0 1060.0 155.0 190.0
2450.0 1050.0 155.0 190.0
2450.0 1040.0 155.0 190.0
2450.0 1030.0 155.0 190.0
2450.0 1020.0 155.0 190.0
2450.0 1010.0 155.0 190.0
2450.0 1000.0 155.0 190.0
2450.0 995.0 155.0 190.0
2450.0 990.0 155.0 190.0
2450.0 985.0 155.0 190.0
2450.0 980.0 155.0 190.0
2450.0 975.0 155.0 190.0
2450.0 970.0 155.0 190.0
2450.0 1335.0 155.0 190.0
2450.0 1345.0 155.0 190.0
2450.0 1360.0 155.0 190.0
2450.0 1375.0 155.0 190.0
2450.0 1395.0 155.0 190.0
2450.0 1415.0 155.0 190.0
2450.0 1430.0 155.0 190.0
2450.0 1445.0 155.0 190.0
2450.0 1460.0 155.0 190.0
2450.0 1475.0 155.0 190.0
2450.0 1490.0 155.0 190.0
2450.0 1505.0 155.0 190.0
2450.0 1515.0 155.0 190.0
2450.0 1525.0 155.0 190.0
2450.0 1535.0 155.0 190.0
2450.0 1545.0 155.0 190.0
2450.0 1555.0 155.0 190.0
2450.0 1565.0 155.0 190.0
2450.0 1575.0 155.0 190.0
2450.0 1580.0 155.0 190.0
2450.0 1585.0 155.0 190.0
2450.0 1590.0 155.0 190.0
2450.0 1595.0 155.0 190.0
2450.0 1600.0 155.0 190.0
2450.0 1605.0 155.0 190.0
2450.0 1610.0 155.0 190.0
2450.0 1615.0 155.0 190.0
2450.0 1620.0 155.0 190.0
2450.0 1625.0 155.0 190.0
2450.0 1630.0 155.0 190.0
2450.0 1635.0 155.0 190.0
2450.0 1640.0 155.0 190.0
2450.0 1645.0 155.0 190.0
2450.0 1650.0 155.0 190.0
2450.0 1655.0 155.0 190.0
2450.0 1660.0 155.0 190.0
2450.0 1665.0 155.0 190.0
2450.0 1670.0 155.0 190.0
2450.0 1675.0 155.0 190.0
2450.0 1680.0 155.0 190.0
2450.0 1685.0 155.0 190.0
2450.0 1685.0 155.0 190.0
2450.0 1685.0 155.0 190.0
2450.0 1685.0 155.0 190.0
2450.0 1685.0 155.0 190.0
2450.0 1685.0 155.0 190.0
2450.0 1685.0 155.0 190.0
2450.0 1685.0 155.0 190.0
2450.0 1685.0 155.0 190.0
2450.0 1685.0 155.0 190.0
2450.0 1685.0 155.0 190.0
2450.0 1685.0 155.0 190.0
2450.0 1685.0 155.0 190.0
2450.0 1685.0 155.0 190.0
2450.0 1685.0 155.0 190.0
2450.0 1685.0 155.0 190.0
2450.0 1685.0 155.0 190.0
2450.0 1685.0 155.0 190.0
2450.0 1685.0 155.0 190.0
2450.0 1685.0 155.0 190.0
2450.0 1685.0 155.0 190.0
2450.0 1685.0 155.0 190.0
2450.0 1685.0 155.0 190.0
2450.0 1685.0 155.0 190.0
2450.0 1685.0 155.0 190.0
2450.0 1685.0 155.0 190.0
2450.0 1685.0 155.0 190.0
2450.0 1685.0 155.0 190.0
2450.0 1685.0 155.0 190.0
2450.0 1685.0 155.0 190.0
2450.0 1685.0 155.0 190.0
2450.0 1685.0 155.0 190.0
2450.0 1685.0 155.0 190.0
2450.0 1685.0 155.0 190.0
2450.0 1685.0 155.0 190.0
2450.0 1685.0 155.0 190.0
2450.0 1685.0 155.0 190.0
2450.0 1685.0 155.0 190.0
2450.0 1685.0 155.0 190.0
2450.0 1685.0 155.0 190.0
2450.0 1685.0 155.0 190.0
2450.0 1685.0 155.0 190.0
2450.0 1685.0 155.0 190.0
2450.0 1685.0 155.0 190.0
2450.0 1685.0 155.0 190.0
2450.0 1685.0 155.0 190.0
2450.0 1685.0 155.0 190.0
2450.0 1685.0 155.0 190.0
2450.0 1685.0 155.0 190.0
2450.0 1685.0 155.0 190.0
2450.0 1685.0 155.0 190.0
2450.0 1685.0 155.0 190.0
2450.0 1685.0 155.0 190.0
2450.0 1685.0 155.0 190.0
2450.0 1685.0 155.0 190.0
2450.0 1685.0 155.0 190.0
2450.0 1685.0 155.0 190.0
2450.0 1685.0 155.0 190.0
2450.0 1685.0 155.0 190.0
2450.0 1685.0 155.0 190.0
2450.0 1685.0 155.0 190.0
2450.0 1685.0 155.0 190.0
2450.0 1685.0 155.0 190.0
2450.0 1685.0 155.0 190.0
2450.0 1685.0 155.0 190.0
2450.0 1685.0 155.0 190.0
2450.0 1685.0 155.0 190.0
2450.0 1685.0 155.0 190.0
2450.0 1685.0 155.0 190.0
2450.0 1685.0 155.0 190.0
2450.0 1685.0 155.0 190.0
2450.0 1685.0 155.0 190.0
2450.0 1685.0 155.0 190.0
2450.0 1685.0 155.0 190.0
2450.0 1685.0 155.0 190.0
2450.0 1685.0 155.0 190.0
2450.0 1685.0 155.0 190.0
2450.0 1685.0 155.0 190.0
2450.0 1685.0 155.0 190.0
