1990.0 810.0 30.0 25.0
1990.0 810.0 30.0 25.0
1990.0 810.0 30.0 25.0
1990.0 810.0 30.0 25.0
1990.0 810.0 30.0 25.0
1990.0 810.0 30.0 25.0
1990.0 810.0 30.0 25.0
1990.0 810.0 30.0 25.0
1990.0 810.0 30.0 25.0
1990.0 810.0 30.0 25.0
1990.0 810.0 30.0 25.0
1990.0 810.0 30.0 25.0
1990.0 810.0 30.0 25.0
1990.0 810.0 30.0 25.0
1990.0 810.0 30.0 25.0
1990.0 810.0 30.0 25.0
1990.0 810.0 30.0 25.0
1990.0 810.0 30.0 25.0
1990.0 810.0 30.0 25.0
1990.0 810.0 30.0 25.0
1990.0 810.0 30.0 25.0
1990.0 810.0 30.0 25.0
1990.0 810.0 30.0 25.0
1990.0 810.0 30.0 25.0
1990.0 810.0 30.0 25.0
1990.0 810.0 30.0 25.0
1990.0 810.0 30.0 25.0
1990.0 810.0 30.0 25.0
1990.0 810.0 30.0 25.0
1990.0 810.0 30.0 25.0
1990.0 810.0 30.0 25.0
1990.0 810.0 30.0 25.0
1990.0 810.0 30.0 25.0
1990.0 810.0 30.0 25.0
1990.0 810.0 30.0 25.0
1990.0 810.0 30.0 25.0
1990.0 810.0 30.0 25.0
1990.0 810.0 30.0 25.0
1990.0 810.0 30.0 25.0
1990.0 810.0 30.0 25.0
1990.0 810.0 30.0 25.0
1990.0 810.0 30.0 25.0
1990.0 810.0 30.0 25.0
1990.0 810.0 30.0 25.0
1990.0 810.0 30.0 25.0
1990.0 810.0 30.0 25.0
1990.0 810.0 30.0 25.0
1990.0 810.0 30.0 25.0
1990.0 810.0 30.0 25.0
1990.0 810.0 30.0 25.0
1990.0 810.0 30.0 25.0
1990.0 810.0 30.0 25.0
1990.0 810.0 30.0 25.0
1990.0 810.0 30.0 25.0
1990.0 810.0 30.0 25.0
1990.0 810.0 30.0 25.0
1990.0 810.0 30.0 25.0
1990.0 810.0 30.0 25.0
1990.0 810.0 30.0 25.0
1990.0 810.0 30.0 25.0
1990.0 810.0 30.0 25.0
1990.0 810.0 30.0 25.0
1990.0 810.0 30.0 25.0
1990.0 810.0 30.0 25.0
1990.0 810.0 30.0 25.0
1990.0 810.0 30.0 25.0
1990.0 810.0 30.0 25.0
1990.0 810.0 30.0 25.0
1990.0 810.0 30.0 25.0
1990.0 810.0 30.0 25.0
1990.0 810.0 30.0 25.0
1990.0 810.0 30.0 25.0
1990.0 810.0 30.0 25.0
1990.0 810.0 30.0 25.0
1990.0 810.0 30.0 25.0
1990.0 810.0 30.0 25.0
1990.0 810.0 30.0 25.0
1990.0 810.0 30.0 25.0
1990.0 810.0 30.0 25.0
1990.0 810.0 30.0 25.0
1990.0 810.0 30.0 25.0
1990.0 810.0 30.0 25.0
1990.0 810.0 30.0 25.0
1990.0 810.0 30.0 25.0
1990.0 810.0 30.0 25.0
1990.0 810.0 30.0 25.0
1990.0 810.0 30.0 25.0
1990.0 810.0 30.0 25.0
1990.0 810.0 30.0 25.0
1990.0 810.0 30.0 25.0
1990.0 810.0 30.0 25.0
1990.0 810.0 30.0 25.0
1990.0 810.0 30.0 25.0
1990.0 810.0 30.0 25.0
1990.0 810.0 30.0 25.0
1990.0 810.0 30.0 25.0
1990.0 810.0 30.0 25.0
1990.0 810.0 30.0 25.0
