775.0 635.0 30.0 60.0
775.0 635.0 30.0 60.0
775.0 635.0 30.0 60.0
775.0 635.0 30.0 60.0
775.0 635.0 30.0 60.0
775.0 635.0 30.0 60.0
775.0 635.0 30.0 60.0
775.0 635.0 30.0 60.0
775.0 635.0 30.0 60.0
775.0 635.0 30.0 60.0
775.0 635.0 30.0 60.0
775.0 635.0 30.0 60.0
775.0 635.0 30.0 60.0
775.0 635.0 30.0 60.0
775.0 635.0 30.0 60.0
775.0 635.0 30.0 60.0
775.0 635.0 30.0 60.0
775.0 635.0 30.0 60.0
775.0 635.0 30.0 60.0
775.0 635.0 30.0 60.0
775.0 635.0 30.0 60.0
775.0 635.0 30.0 60.0
775.0 635.0 30.0 60.0
775.0 635.0 30.0 60.0
775.0 635.0 30.0 60.0
775.0 635.0 30.0 60.0
775.0 635.0 30.0 60.0
775.0 635.0 30.0 60.0
775.0 635.0 30.0 60.0
775.0 635.0 30.0 60.0
775.0 635.0 30.0 60.0
775.0 635.0 30.0 60.0
775.0 635.0 30.0 60.0
775.0 635.0 30.0 60.0
775.0 635.0 30.0 60.0
775.0 635.0 30.0 60.0
775.0 635.0 30.0 60.0
775.0 635.0 30.0 60.0
775.0 635.0 30.0 60.0
775.0 635.0 30.0 60.0
775.0 635.0 30.0 60.0
775.0 635.0 30.0 60.0
775.0 635.0 30.0 60.0
775.0 635.0 30.0 60.0
775.0 635.0 30.0 60.0
775.0 635.0 30.0 60.0
775.0 635.0 30.0 60.0
775.0 635.0 30.0 60.0
775.0 635.0 30.0 60.0
775.0 635.0 30.0 60.0
