344.0	138.0	49.0	40.0	
354.57305908	149.76043701	47.05128098	38.40921021	
357.53094482	161.20126343	47.95431519	39.14637756	
360.80612183	167.47398376	47.66659164	38.91150665	
385.42507935	166.90249634	47.70718384	38.94464111	
394.86636353	169.71818542	45.81919479	37.40343094	
394.08270264	167.30795288	46.77130127	38.18065643	
396.29281616	167.42318726	47.079216	38.43201447	
392.73205566	168.48733521	47.03682327	38.39741135	
388.73126221	177.77474976	47.06254196	38.41840744	
390.87368774	176.63085938	45.80203247	37.38941956	
389.01556396	176.34179688	46.28664398	37.78502274	
369.06234741	156.44387817	46.26841354	37.7701416	
355.7718811	156.61051941	45.89393997	37.46445084	
350.49716187	154.80944824	46.37563324	37.85767365	
361.1418457	167.62809753	47.40076447	38.69451904	
375.58041382	190.54559326	47.95520782	39.14712524	
367.67340088	208.55380249	48.57210159	39.65071487	
375.4911499	204.70751953	49.43678284	40.35657883	
346.40878296	222.34860229	49.08316803	40.06791306	
341.64929199	220.90022278	50.00037384	40.81665039	
343.11834717	219.96655273	50.44741058	41.18157578	
335.98394775	197.78236389	52.06704712	42.50373077	
320.8046875	195.02468872	53.23274612	43.45532227	
343.31582642	203.35952759	52.05843353	42.49669647	
351.62799072	214.73820496	52.67532349	43.00028229	
328.86782837	210.93566895	53.52827835	43.69657135	
348.08618164	202.40037537	55.30843353	45.1497612	
327.84472656	177.72317505	56.2238884	45.89707184	
322.58294678	172.39492798	57.44242477	46.89179611	
328.39080811	188.49993896	57.95137787	47.30727005	
358.63299561	183.01473999	56.83110428	46.39276123	
374.76959229	175.22402954	57.62380981	47.0398674	
372.96820068	172.35421753	58.03738403	47.37747955	
389.49798584	180.93925476	56.97240448	46.50811005	
387.41473389	177.93559265	57.15556717	46.65762329	
389.63848877	192.63137817	58.31125641	47.6010437	
407.08148193	184.71188354	56.69921875	46.28509903	
420.13192749	173.89953613	55.53935623	45.33827209	
432.32928467	173.91403198	56.35863113	46.00707245	
422.04766846	167.85569763	57.43837357	46.88849258	
422.55184937	168.62533569	58.58089066	47.82115936	
387.71450806	195.83700562	60.02931976	49.0035553	
320.46240234	200.74884033	59.95427322	48.94228363	
321.34960938	215.47615051	58.93135834	48.10725021	
347.54489136	169.35922241	59.66567993	48.70669556	
338.48931885	149.93986511	59.5369873	48.60164261	
348.92071533	146.54196167	56.65139008	46.2460556	
334.25177002	145.18563843	59.35001755	48.44901657	
313.65643311	168.95986938	59.15721893	48.29163361	
289.91268921	179.57061768	61.04876709	49.83575821	
280.01922607	171.40190125	61.5416069	50.23807907	
268.93719482	180.55827332	63.92533112	52.18397141	
278.52807617	166.8939209	64.52687073	52.67502594	
279.20562744	168.53701782	66.1157074	53.97203445	
277.08465576	174.17556763	64.70289612	52.81871796	
275.31097412	170.63153076	64.84065247	52.93117523	
284.42736816	148.64027405	64.85654449	52.9441452	
287.93862915	152.15919495	63.99265289	52.23892212	
316.79623413	172.26727295	64.55377197	52.69697189	
274.64279175	169.97120667	66.0604248	53.92689896	
263.37332153	171.94750977	66.13316345	53.98627853	
227.04309082	166.79225159	67.32420349	54.95855713	
230.38143921	165.57392883	66.9052887	54.61658478	
281.96490479	143.2961731	68.87715149	56.22626877	
278.18621826	140.63096619	69.67988586	56.88155365	
238.21357727	139.70062256	70.60317993	57.63526154	
236.91752625	145.09162903	70.40940857	57.47707367	
223.93704224	131.00448608	71.66658783	58.50334549	
243.61491394	147.48764038	72.79190826	59.42197418	
240.75540161	150.44155884	73.15838623	59.72114182	
271.39459229	138.5617981	75.07937622	61.28929901	
241.10221863	172.81010437	73.1259613	59.69468307	
211.37185669	174.55557251	75.10829926	61.31291962	
193.77186584	163.50480652	74.17622375	60.5520401	
196.04125977	150.71670532	76.33705902	62.31599045	
200.05227661	146.77436829	79.13246155	64.59794617	
216.49227905	137.74299622	80.56022644	65.76346588	
216.60171509	93.12992096	81.34413147	66.40338135	
224.98799133	92.7101593	82.85004425	67.63270569	
228.1199646	126.80015564	84.09236908	68.64685059	
205.18232727	116.19358826	84.82852173	69.24778748	
195.21716309	83.52255249	87.00720215	71.02629089	
192.77264404	145.09545898	87.88166809	71.74013519	
155.38418579	152.59936523	90.01070404	73.47813416	
180.40634155	120.49085999	90.62852478	73.98246765	
231.36791992	114.78837585	92.08525085	75.17163086	
220.41984558	122.78938293	91.64826965	74.81489563	
244.66854858	105.58986664	91.52424622	74.71365356	
297.98788452	146.03848267	95.33976746	77.82836914	
281.20489502	151.38078308	96.9775238	79.16530609	
304.27236938	150.34509277	97.600914	79.67419434	
279.84851074	115.24275208	98.78336334	80.63945007	
252.57243347	119.63996887	100.15925598	81.76262665	
251.00280762	117.11376953	102.19877625	83.42753601	
232.38552856	143.13687134	102.8968277	83.99737549	
243.96488953	144.13240051	103.41984558	84.42433167	
238.29745483	147.17744446	106.1871109	86.68332672	
243.32568359	150.12051392	102.97235107	84.05903625	
253.13093567	139.20039368	100.63420868	82.15034485	
275.39263916	127.58570862	102.46700287	83.64650726	
290.81933594	136.62010193	101.75556946	83.06575012	
278.69891357	138.73075867	101.1807251	82.59648132	
167.88137817	149.91952515	101.18653107	82.60121918	
105.00495911	151.50733948	101.89952087	83.18325043	
49.89995575	65.32991791	100.3513031	81.91941071	
29.16592979	91.58896637	102.34283447	83.54515076	
14.66863823	83.68878937	103.53431702	84.51778412	
14.20166302	91.94511414	102.4146347	83.6037674	
23.35089874	57.39270782	100.93566895	82.3964386	
24.13502121	70.16400146	100.47685242	82.02188873	
45.66164398	34.80913544	100.77007294	82.26124573	
41.07683563	52.90970612	99.8184967	81.48444366	
37.05736542	112.33708191	98.60302734	80.49223328	
31.03556824	125.52199554	97.02324677	79.20262146	
35.78419876	129.64401245	99.48339844	81.21091461	
55.72316742	131.5891571	101.38999176	82.7673111	
64.69032288	146.90829468	100.71981049	82.2202301	
82.16394043	179.65325928	101.06861115	82.50495911	
96.42005157	174.36886597	102.86964417	83.97518158	
206.46611023	152.12973022	102.11891174	83.36234283	
254.52485657	156.48912048	103.13415527	84.19110107	
275.17352295	141.72097778	105.86325836	86.41894531	
283.21539307	127.82502747	105.8322525	86.39363098	
285.19525146	129.96942139	102.66230774	83.80591583	
275.98455811	115.54780579	105.2596283	85.92618561	
222.76452637	111.23052979	107.27561951	87.57188416	
217.11972046	112.45214844	109.37890625	89.28885651	
229.89811707	105.8614502	114.04473877	93.09770203	
256.00115967	112.77064514	116.52148438	95.11953735	
232.77505493	128.20198059	118.76285553	96.94923401	
231.00068665	134.65231323	118.82845306	97.00278473	
223.93412781	133.56484985	121.12437439	98.87701416	
285.56661987	125.09895325	120.02020264	97.97564697	
282.06011963	123.66943359	119.1000824	97.22453308	
301.46051025	127.54399109	121.36134338	99.07047272	
308.54653931	123.19177246	120.8916626	98.6870575	
304.24606323	116.72355652	119.75136566	97.75621033	
289.57492065	103.49489594	121.21098328	98.94773865	
307.87814331	43.86977005	120.57828522	98.43123627	
293.40460205	86.68778229	123.17720795	100.55281067	
282.53631592	63.62098312	126.29860687	103.10089111	
249.90609741	66.2447052	127.3719635	103.97709656	
274.02838135	61.7658577	130.3039856	106.37058258	
251.77392578	58.21555328	130.16775513	106.25937653	
249.19828796	49.79166412	130.9214325	106.87463379	
243.19262695	39.68742752	133.96188354	109.35664368	
217.61056519	37.36698151	134.05935669	109.43619537	
217.87234497	26.38772202	134.40748596	109.72037506	
240.04257202	34.04963303	135.6083374	110.70066833	
221.66630554	25.69437027	138.15206909	112.77718353	
237.58566284	32.75934219	139.40933228	113.80351257	
229.14395142	45.87129593	141.72325134	115.69242859	
257.34185791	10.88453197	142.02249146	115.93669128	
231.03433228	5.12399006	143.06333923	116.78635406	
225.6602478	10.58988285	141.02737427	115.12432861	
181.60128784	13.20142365	141.77059937	115.73105621	
182.92956543	10.61490059	146.06459045	119.23635101	
194.22740173	17.67012978	144.36584473	117.84960938	
215.90991211	22.30976105	146.7744751	119.81583405	
217.98022461	17.02117157	147.44477844	120.36301422	
234.42590332	19.36668396	149.52325439	122.05971527	
204.20739746	12.92676544	152.65849304	124.61909485	
180.41645813	20.17786026	155.56210327	126.98939514	
179.87756348	7.77250385	156.08712769	127.41799164	
199.07336426	7.74837637	155.03335571	126.55776215	
200.28770447	21.42946243	151.42324829	123.61074066	
197.3515625	14.46844673	156.73808289	127.94937897	
171.96505737	23.58239746	162.37931824	132.55447388	
181.30961609	26.89925575	163.07516479	133.12252808	
145.815979	14.32565308	166.59806824	135.99836731	
166.84329224	23.45346451	165.74284363	135.30024719	
181.42312622	13.60073566	164.86979675	134.58755493	
148.60202026	16.16950417	167.66427612	136.86875916	
145.77159119	15.27673626	172.37382507	140.71328735	
136.49372864	7.8403182	182.7674408	149.19789124	
133.05966187	16.58923149	184.15585327	150.33128357	
171.81292725	15.49515533	186.47697449	152.22605896	
124.11790466	-2.40257859	189.64579773	154.81283569	
127.97851562	4.09143448	195.19140625	159.33987427	
59.10663605	10.53342152	193.17828369	157.69650269	
13.71296978	24.90831375	195.01742554	159.19784546	
76.88629913	13.43143177	198.05825806	161.68014526	
126.11775208	7.2226615	199.65060425	162.98002625	
163.08071899	-5.7495985	199.5050354	162.86117554	
152.89802551	15.55020142	206.42410278	168.5093689	
155.79092407	-0.47500649	207.30708313	169.23019409	
128.43814087	1.17057061	213.68783569	174.43899536	
172.47874451	19.19418907	223.22367859	182.2233429	
129.2194519	16.13054276	223.09268188	182.1164093	
108.19545746	-8.43236351	230.17855835	187.90078735	
59.21619797	6.06837368	232.40344238	189.7170105	
16.66690063	-5.85596132	240.15063477	196.04125977	
53.88635254	-7.95234919	242.75727844	198.16911316	
88.69198608	-7.22245502	237.90629578	194.2091217	
104.166702	0.180862814	242.446609	197.915482	
67.66971588	22.98192215	245.22445679	200.18313599	
60.88736725	23.53437614	246.27871704	201.04376221	
74.50622559	24.81128311	243.32446289	198.63212585	
61.04652786	22.26795006	247.75723267	202.2507019	
90.39567566	-8.61810875	241.89611816	197.46611023	
130.10835266	-1.88197935	240.43791199	196.27575684	
97.27903748	-10.61720657	242.45703125	197.92402649	
69.69587708	-10.0472002	242.32595825	197.81703186	
34.50092697	30.10220909	246.5675354	201.27952576	
17.62816429	29.75092697	250.02384949	204.10101318	
14.3860321	29.82565689	248.01005554	202.45710754	
2.22259259	49.78151703	246.18025208	200.96337891	
35.82923889	84.59043884	251.82868958	205.57437134	
79.95062256	53.83989334	259.79000854	212.07341003	
116.04917145	13.50567818	257.07250977	209.85501099	
154.15763855	-7.2404542	257.2300415	209.98361206	
153.86499023	-0.79035342	253.33322144	206.80253601	
138.88485718	-13.65776348	255.26826477	208.38212585	
113.18818665	5.0970006	251.07177734	204.9564209	
113.47727966	-13.88937855	245.80603027	200.65783691	
94.37112427	80.01882172	247.42739868	201.98138428	
93.39699554	106.83000183	248.28251648	202.67944336	
140.762146	-2.92256856	244.26412964	199.3991394	
135.87393188	2.16323161	245.87797546	200.71658325	
148.37582397	-0.42246705	239.94062805	195.86975098	
121.06455994	28.04844666	239.56221008	195.56082153	
138.53024292	51.8519516	242.32492065	197.81608582	
125.82965088	5.99812984	239.16946411	195.2401886	
143.65148926	1.7177124	235.26754761	192.05496216	
166.03308105	-17.58052444	237.01313782	193.47993469	
150.2147522	-12.59174347	239.93595886	195.86593628	
149.69975281	-0.64691049	240.32144165	196.18058777	
124.15090179	-11.36428928	239.17886353	195.24787903	
155.36672974	11.81768227	245.11235046	200.09152222	
147.75942993	-8.9751358	243.59628296	198.85391235	
149.32936096	-7.41063404	248.38618469	202.76402283	
159.92146301	-15.64635944	238.37722778	194.59346008	
177.40086365	-19.88039017	240.40988159	196.2527771	
147.63705444	-3.36250806	241.49816895	197.14115906	
136.70787048	22.35155106	245.67822266	200.55343628	
138.39529419	5.38446379	252.13378906	205.82327271	
147.0005188	12.75070763	247.45722961	202.00569153	
193.00164795	-2.71727514	248.61685181	202.95231628	
98.17184448	35.7778244	251.04882812	204.93757629	
90.59449768	-14.30692005	255.1607666	208.29428101	
102.11637115	-12.33998203	260.78048706	212.88175964	
123.640892	-0.181628421	261.341431	213.339676	
78.73665619	48.97776413	259.66046143	211.967453	
10.81149292	97.3110733	260.74691772	212.8543396	
60.05794525	71.53688049	254.83227539	208.02607727	
70.47463989	52.89349365	248.91445923	203.19520569	
115.55989838	49.50131989	248.11752319	202.54464722	
18.34472847	3.35801554	247.35359192	201.92103577	
-15.68505573	-3.23319364	245.28775024	200.23461914	
