5.5,166.5,16,19
5.003948225520517,167.04532576342217,16.138422193244168,18.851220712268542
5.375806511300839,167.1536018440217,16.218938378775047,18.701175197643007
6.289246385862143,167.32576482618856,16.331128377577244,18.51179682711743
6.420512485526,166.88682239976475,16.407209688381364,18.544959945441313
6.4596575717194575,166.9729197716447,16.61772938170757,18.43636102562501
7.106211131612854,166.00878244905456,16.580350029865112,18.371772492552132
6.434782684271902,166.98466007544536,16.843981503595174,18.279953357896407
6.160460416352251,167.5441414318542,17.05151533310513,18.308204938558646
6.143251443686069,166.9089124219913,17.242056886788248,18.09956511511433
6.220484399317222,167.04805719216085,17.49157877064046,17.99680682799388
6.629105947178985,167.34574811404778,17.716225819265077,17.811679671290843
7.219528271574326,167.44641108091997,17.808880420886382,17.891810863687063
6.17551132380337,166.9975638791147,17.99620909811317,17.745945954477193
6.216679801666581,167.60066149862078,18.279339184117628,17.840482016772704
6.859145043530319,166.96481821656852,18.34351227037459,17.836546570646206
6.794947997974411,166.94301462902033,18.555789758767574,17.856709536494744
6.856656181746626,166.873430206228,18.777357803416443,17.88625477855661
6.611939945779014,167.2464491139264,18.968954388873243,17.99791361557227
6.242738908295923,166.73575145280222,19.155512999464882,18.027219308647314
6.740792581439342,166.52341955699518,19.33490378111536,18.05674263118713
7.369969761623135,166.22358659734905,19.568937788400667,18.110103549697385
6.996894851076561,166.4623198149178,19.709586911404216,18.30293330672905
7.361391021340324,166.58651446788264,19.969060833694073,18.386166750366463
7.361979929188548,166.61163483558138,20.188733783702734,18.45216410238465
7.373765334467709,166.68960827618702,20.327206514814257,18.571678716096002
7.3115203848772765,166.6272344525851,20.554149981082773,18.64291768298601
7.014384723043673,166.55183420994385,20.68844153218223,18.777822034190002
8.155487453047499,166.12804081025598,20.892149348846942,18.835461860241963
7.828262055858069,166.53281567511843,21.07395611217798,18.995506668728872
7.866265992961544,165.7704022369343,21.340732434109412,19.084073321708452
7.582689867932283,166.19827830671323,21.56617185171707,19.26150928678007
7.914108796277466,166.16094349229405,21.792575571221466,19.33850190513443
7.810411429639435,165.58029072521282,21.971285962217497,19.41122313544097
8.302944031875652,165.9176843355645,22.20621625640229,19.477780783874408
8.412071340775139,166.31402627645306,22.268572289381133,19.55327121659622
9.361995561428747,165.39356231533563,22.359293439596133,19.641892081450425
9.19493674377819,165.55976507170783,22.533916183134515,19.730383337275946
9.72768099667055,166.00155733064824,22.739152450756777,19.7803315342389
9.79915652441861,165.26765072931084,22.905697678791846,19.889137974409095
9.838794540007079,165.4658463058394,22.967664062327813,20.013829699464786
10.540177555994191,165.59974010939393,23.09557236869435,20.105268676790196
10.851791993019026,165.01187802672732,23.260860731354274,20.135947442457624
11.537634364645893,165.52701645833181,23.412821508310806,20.273164399439032
11.082600977056316,165.1980802873808,23.642137436627166,20.43382737120483
12.416597257042131,165.01025879975967,23.761642397102314,20.65255874979124
11.728318436235165,165.70429074608626,24.260528677746702,20.67120428974001
12.756766212981837,164.76320451405263,24.39082771005353,20.822423894882398
12.696528474814428,164.9549332711828,24.412425868184897,21.126653241183426
13.248371642805873,164.3820631614507,24.447117556303265,21.37272458829119
13.636776386629585,164.0873368288457,24.53663779821288,21.59317398740506
13.426153289895032,164.37251200703088,24.896491587542943,21.578033625350816
14.065238866412859,164.81753528936682,25.19838747304336,21.685016782415854
14.622493117375225,164.4800129735423,25.50030002691239,21.91766650182201
15.39241977003964,165.12383320577308,25.846375710040288,22.19677835192802
15.327587125828408,164.07277182650284,26.007312865916802,22.452330261049866
16.533434837930677,164.9342347824814,26.254949478684306,22.675881047014457
16.72410967561324,164.08563204733093,26.48518643366358,22.90851218030977
16.8723974040442,163.64542209101302,26.858757799731038,23.06160403088811
17.179663115279332,163.79146544404787,27.145133297693818,23.28171648825533
17.735772149426513,164.6621804010691,27.678869599898114,23.4739654396456
18.362804695403785,164.315533040322,28.26198655292648,23.627502134539878
19.857837821557645,163.53468359621496,28.674005366460438,23.99397757209327
20.502195229560215,163.21240511719165,29.008264111742225,24.36221374485588
21.489804533976262,163.78504245855942,29.482414695033544,24.59790393734161
20.932126642267498,163.12528560617133,29.89307888957244,24.992865797520885
22.349425406575527,163.03847239290477,30.32626094965572,25.138370296300955
22.22321490827135,163.08405004206,30.631565861867237,25.515222979767646
23.174478886472905,162.6316034804212,30.92401733470912,25.672783828131482
24.356916804914086,162.63814341872748,30.902441125130835,26.061790835302247
25.703915405458012,162.8333723538401,30.641689821336076,26.53616584318978
26.134124072319935,162.3800592738012,30.588376061888198,26.94669324647743
27.404195656771737,161.83903866076128,30.483684162134374,27.37711372689839
28.136968797523096,161.57553219682802,30.57478017456171,27.732078115841688
29.529957968631397,161.89412760410596,30.63964240088759,28.08753149207403
30.346567797878443,161.3208852501251,30.754788979080207,28.499360223740304
30.23302712276672,160.46598744913942,30.999284455848834,28.866711048222975
31.839438535747206,161.20367252505184,31.301180877705864,29.24583880594398
32.51575458569873,161.5833999221047,31.550395949586264,29.42149458083853
33.521476281608166,161.05675610826623,31.892091719830983,29.594763616634673
35.09259054756445,160.95277325177054,32.36542109693026,29.73411863909193
35.699445863208915,160.94590482342275,32.73390431711228,29.778098002202167
36.905023323511166,160.61885692186277,32.98046614760641,30.039371629104103
37.50627604684141,160.2814921670587,33.56494311805255,30.08195466101298
38.149255860675694,158.90450328124592,33.70996846429145,30.276236473547335
39.796461157154305,160.3003779892478,34.02560878800598,30.576726437426355
41.94500991604105,160.9535886509779,34.49976628655939,30.815851168806237
42.995984467759165,161.15000575569607,34.88618569432312,31.031408303917225
43.96244112986798,160.46920036074968,35.3178072249944,31.465281202135927
45.44525774254042,158.882110981417,35.703587249619005,31.79681789193844
46.68052325168306,159.99221192135246,36.34769956667613,32.08736439845052
47.74257566990863,159.744385473766,37.00144583496132,32.421140495947355
48.683759822361324,159.55057654527553,37.956178989559106,32.702060234778045
50.341945601893045,160.45350098282645,38.70273658393805,32.887034390148
52.132173833155505,160.1582295369285,39.098558903303996,33.413242755285836
53.957355780274874,158.92256224131444,39.26780131323396,34.0119595057471
55.49077972506416,158.87136297400602,39.65698784557617,34.469723018677385
58.28578389483583,159.0373475557151,40.064230539815775,34.86857075598939
59.56061208043791,158.19810244371118,40.47331011145219,35.53065492073205
61.554737295590925,158.40376805859142,41.01082271596673,35.894643982490706
63.63319800722046,158.0989944505548,41.735722925092915,36.25068108103309
65.78162015620259,157.84693424463376,42.367015452690154,36.67193379599392
67.64496034116735,158.19396311042922,42.91317796682439,37.140109178645545
70.29445984977609,156.93960375138226,43.51889687181758,37.645534382487796
71.943908462674,157.48409637977556,44.25027642138187,38.24634855368734
73.69260588814223,157.44215809593106,44.92304758607043,38.53320444762446
76.49080957962397,155.93356342119003,45.5546017433291,38.83861706370812
79.72601114871544,157.9135958441817,46.08164752634978,39.29586293244643
81.480756778804,156.18771272309925,46.74346239944292,39.84693528117876
84.44762944520687,155.04430334017712,47.44551218306174,40.26873508320918
86.32798170549735,155.94487226030185,48.30817306470245,40.81531190551165
89.71897831924677,154.80504519926853,49.010187195754646,41.44697115167036
93.05447845968735,153.39767960267727,49.71861863942185,42.13231687350889
95.76920444745242,155.47666559981545,50.81174776435554,42.70708909615147
98.4104011125716,155.05992287187613,51.609879832371576,43.43709609797675
102.39329445901939,153.19343447318235,52.52980767042083,43.942481619195476
105.57920516103073,153.97531322311713,53.15181647040815,44.445306322237265
109.3631847067941,151.8725051128589,54.01173766605184,44.687719350996545
113.34646002400183,153.81413059064516,54.79901508034242,45.021864654731885
117.91710267600067,151.91286911673748,55.62376466556594,45.3306057975088
118.18468590157944,153.5039670817511,56.130611621161925,45.53102257271226
119.41982870781862,153.13827333837347,56.37920046318187,46.02645833779927
127.07024720513999,152.84976205193766,56.768050243746636,46.43040608407275
135.7094765088036,152.8639369996144,57.27403263068216,46.836346240179516
141.0559989935278,152.90764150050413,57.47025749003009,47.064714599793014
147.00191510071483,149.90199282920779,58.04060255226736,47.19298724985031
154.71390718259943,151.77158380963323,58.54716896375453,47.543829283445255
156.71481097245893,150.1396626075166,58.73865733969349,47.727612159327634
158.61242155893305,149.82035278749456,59.002089044552875,47.95182094002537
167.7810454094567,147.52343685152272,59.281441380126644,48.03795952125861
166.38355989854992,148.30142836221253,59.30649014547051,48.22478210004528
169.560940957059,148.30952484711474,59.295146149790256,48.312667139965484
170.180823732381,149.38535215843626,59.047668771391294,48.65877352844609
176.00002695298605,148.9482701540635,58.80783429825976,48.96572126006914
182.68918288098044,148.7614222550514,58.658981251169884,49.20915893004631
188.71292866404806,153.00012445658643,58.42960968778123,49.6416704510485
196.09833163511655,150.60811036380187,58.31203345908422,49.91120326384543
208.80697780559208,148.7849732010825,58.21533781307943,50.18189894739271
215.60195760308025,154.37500489126526,58.17741736452642,50.31151936677081
224.4836011600595,151.15079551319553,58.14561943208651,50.429122807663724
236.87300371108813,160.76257154934595,58.206152632641526,50.4331460374869
246.82211052667952,165.69232387804507,58.23005242003787,50.41786917092117
260.38006045750063,172.15707457162915,58.31013072306853,50.3255765316168
272.66842861669505,171.35205618948638,58.44014145973333,50.24405040489588
285.1286564001767,177.5288159521119,58.594160227486945,50.08479624524538
293.5550947127472,175.87590372763663,58.64056224309297,49.981600985562544
302.5788443318398,173.87994550538548,58.49275744765683,50.013352883098236
309.89561839479063,178.76608863036273,58.350675843971885,50.032350240626656
317.971799544599,181.9396221126222,58.32914430912566,50.020187946823064
332.7327219990302,183.75158323812767,58.294327522211404,49.975489567043226
