19.5,169.5,23,19
20.01288711082944,169.75487198073674,22.793078202962704,18.72003337464713
22.117357633665335,170.28089432080296,22.582218364566305,18.351247645225012
21.998778480534533,170.0790553460194,22.305212699880645,18.345003889069304
22.98946604740977,169.52183288388335,22.00230352854014,17.94832551374273
25.203837746785624,169.98822318081326,21.669313799527202,17.729552059088807
25.21992313276452,169.82684060014876,21.484548267509094,17.65198837563212
26.079201766583644,169.9331200954428,21.288063911133364,17.300622714139877
26.572884378551674,170.56650712303914,21.219414879442787,17.216937080768766
27.650899226869534,171.43079348965506,21.096261674353702,17.076392182429238
29.051182935276216,171.26194835741305,20.729436780733693,16.963754692892575
29.211031862454767,172.2414654914256,20.20391386577059,17.023151849962076
31.03685959298986,171.5520058450302,19.62683049103463,17.24711039121936
31.835754531052224,171.66824613462958,19.219819585628283,17.48046979405337
33.56128532300876,172.50420688315808,18.81299084702161,17.650084818908024
34.20810245320825,173.56095084315098,18.654576160597248,17.817313079723597
34.23314353100014,174.02423399829146,18.76037529068089,17.70055585814959
34.692769978166794,174.45637837579656,19.023668654320293,17.34550540584709
36.00143189792763,175.73639504710042,19.478319807550687,16.720718650038982
36.18222782703609,175.65915450545555,19.611628503752335,16.37215679700362
38.656580617157104,176.4498668150717,19.373561923449273,16.202891501463675
40.40917729694438,175.78176817243678,19.09896296046592,16.185789168966124
40.82196464294211,176.35420150199127,18.736926259517347,16.12823318166354
41.49844249386082,176.16440227158014,18.341748057832522,16.132452258921766
41.74494357174843,176.7281203064517,18.253708709951052,16.003137510379986
42.27852402647164,176.36291317778608,18.255840465032517,15.850098756198449
46.36265771330811,177.11502024876702,18.06189064201877,15.607422046907201
46.97233536935363,177.39048411394683,17.49932665931157,15.63863279530351
48.325306177391056,177.20062559552187,16.925957455727577,15.769977441287168
51.10994627847623,177.50348682776192,16.296599109483743,15.85094000249906
54.22571785410037,179.3189602956265,16.544038883650508,15.527900648099196
53.515097568808336,178.3866705819172,16.520076745990238,15.355160176912458
55.08312105736103,177.9457493376963,16.533771895349687,15.345346743418238
58.56746163898713,177.95832589523798,16.779312686443188,15.174483264350785
61.37842089311617,178.82749055770978,16.909940965447085,14.951858452003298
77.08374226558978,171.7318896745007,16.97950566373718,14.87052870902202
80.18000024664039,169.98844623768417,17.05196238840353,14.792124654768132
82.38615210588803,170.29647927324726,17.030113915879923,14.790804319764124
83.43122371562698,170.5878959249744,17.05732413573307,14.75794474258242
99.68042891514779,178.65108487345918,16.428714304318408,15.277238690095272
102.07752147773594,177.65250459129865,15.96432501654444,15.584751460646489
103.73735296445798,177.48788446316922,15.845163723474524,15.480524745984777
105.18898512260422,177.34920474296814,15.89817010191471,15.38740427482114
107.591637995758,177.0946684470691,16.026405653519742,15.30660754622666
108.8493749030953,177.0655113271375,16.238410581444633,15.227152727743093
110.62042049566062,177.05967612268427,16.445575053510016,15.32578235711857
112.4301410585613,176.80038452214322,16.859105309849788,15.302313408427988
113.68188618926686,175.26296708903817,17.54127564910089,15.453283910014102
115.42595884594756,175.06459698070876,18.469272799423585,15.506949804926077
116.75292804747427,174.96007540695638,19.3455024528582,15.752690448159592
117.87326579640305,174.53582468780036,20.310276297728294,15.86420364003073
118.831955616507,174.10347071213664,21.39949274592982,15.946484459228513
119.72730111901409,175.44811625358005,22.034391779215216,16.244120408812357
120.65879754775685,174.45315888859403,22.454150958778037,16.472474698720944
123.4365228127778,175.50500097185216,22.716442776453427,16.674982930275945
124.29787062835953,174.664427779003,22.98956421052891,16.894364265086203
127.3954443569094,174.68685781925933,23.313113061565154,17.163068693726956
130.12685348020017,173.93333800418094,23.675561176220178,17.098928457092946
131.56551125008693,172.3137255878938,24.536467520220445,16.724989103189557
132.0315096248371,172.33233410566382,24.806359570387492,16.74268502221838
135.37871861030277,172.09776189299413,25.1551516290582,16.8870831964515
136.35370089292806,172.03481779599952,25.438045244807352,17.056100152834908
140.91641677624537,171.44188248273116,25.948114386070696,17.034603120756543
145.0161959862854,171.68024332914374,26.788759060473087,16.674516713249268
145.88608826931974,171.71083423555598,27.1882712645002,16.54379811762363
151.5272054186047,171.8927124925916,27.855322473132432,16.29530671964787
159.09795108182809,172.0216237133308,28.535183151690525,16.187823285547157
155.91006522805728,172.00183580844254,28.864810373758555,16.028127923038607
162.7511593756426,171.83392399916067,29.524733666112297,15.923103131472788
170.78255508744988,172.14101827118205,30.447389172429403,15.714632586173096
171.56386057629155,171.90657813213116,31.138198070844698,15.629684088392121
178.16154441773693,171.9959066244389,32.01543647468487,15.521797009820633
183.1019094094529,172.57719207926147,32.94023513200001,15.37918900701298
188.0203840854738,172.78920122161804,33.906989088063646,15.277541489893242
193.82631874015772,173.28234683758959,34.63216735560012,15.231577544670431
191.84544037215394,171.79839514920428,35.27353100612793,15.015671879464074
196.61981172711123,172.61383101227733,35.89213811158204,14.923611717763476
202.614446941396,172.01120797153894,36.092050918180945,14.973057099052607
208.2155153936327,172.6690443057344,36.340012051427244,14.975090181127063
212.53775727498896,171.70066627261627,36.71859290205701,14.86423429553529
218.89232015952308,170.65005572125077,37.100687988701665,14.733964786236298
224.18757612597778,171.6777594046668,37.38411843097536,14.770483040436948
229.68810439066834,170.56800577502767,37.43873263981449,14.906862085832755
231.80500662110902,169.37788309486027,37.181712885048846,15.139236428711529
242.36481286281696,171.4911453200191,37.42256831239956,15.121763110596032
241.08431855079033,172.56135490576403,37.598996113012305,15.189538910190702
235.50103630991487,176.75725398235372,37.382072893347164,15.765235721610965
241.16971334619404,175.36454938800927,37.3360338995242,16.12139991518266
250.29066795298306,176.60699714097004,37.21437348050184,16.569592235036268
273.2989276828355,172.6496528083331,37.56112001200786,16.76366694385878
285.3941343650581,172.14989094086803,37.93074235312903,16.894073478414256
287.8876901761337,173.00206685553286,38.059769666066984,17.07209414759688
296.8899783007158,172.10418010633106,38.17094659073083,17.263241824886908
313.345274285931,171.64992385583034,38.45057449945094,17.41489281799571
323.5533685172468,173.0444473326558,38.98588216108687,17.66351170830839
323.62757611396086,174.0797308563373,39.26137487347581,17.858040133281214
325.6313600502989,175.53250740144648,39.621313981695714,17.997335485140507
335.8463225550929,176.5226529598333,40.40505398065261,18.30510050354448
348.416921085763,174.87461054028435,41.074192078614104,18.43151166138324
361.9369114779051,175.6084701914098,41.38148225990623,18.508345639009043
372.0870931359092,176.22668294417247,41.74805581828763,18.502394724738902
380.6783478412136,174.94127557737335,41.84116400716607,18.497631960854836
