28.5,169.5,19,15
28.950018083671694,170.06181806177938,18.924136806289425,15.00822818575216
29.35730946965316,170.80243258611046,19.187031489465653,14.750937602208403
29.978198551582537,169.85773207992736,19.273103190566616,14.62499280273075
29.83105375308171,170.54390656139972,19.53893817462772,14.514000312755073
30.395562777905802,171.06456636722694,19.610202102633043,14.512091053807497
30.520382147732352,171.07388524583072,19.77501767411237,14.43219979736026
31.06669522386108,170.71758918874772,20.051357266827146,14.423274408264714
31.452694715502286,170.95063159571757,20.195766405130577,14.46913913350962
31.484408935501914,171.24030047377886,20.235576912820854,14.49647223386286
32.08480740726095,171.4398039960304,20.399227086154575,14.450818421505053
32.29791111894203,171.12355592812082,20.54463363021109,14.39448990369875
32.634368924765454,170.68356226367115,20.685534804376637,14.447047818802641
33.53695612937065,171.22499587020883,20.870190412256083,14.414559524375019
33.49546902070033,171.3908078731861,20.908891502726327,14.406990325845037
33.74729203563638,170.70551436009526,21.009069253867715,14.471372556189305
34.4401831646595,170.64956574715973,21.206513557367792,14.481777824157446
34.80872405800923,170.46087797964947,21.350752604828187,14.50810041928615
34.84727638251874,171.0994797753143,21.337296738479672,14.466277119895253
35.33325789973564,170.54268883395366,21.526811985066992,14.500221832778616
35.50408351838387,171.233683217134,21.572738847736577,14.506393414356483
36.132653478782856,170.49876586814753,21.69243737260205,14.585532063592815
36.980572230618264,171.2606584468742,21.833546237148706,14.525128315784585
37.177966524404816,170.61515550578625,21.877999178086657,14.517662151108361
37.53270547766277,170.8154524891352,21.942157731875003,14.588733298574832
37.6909829031469,170.90315942239715,22.11325273890464,14.572628834159097
38.548677557671255,170.84349921881844,22.176718276810277,14.5844619949224
38.86139321120815,170.9431918042689,22.348002229288486,14.557539421510818
39.55565050867829,170.54970861690305,22.484490471529295,14.602009603787211
40.76689317175143,171.1665208322593,22.62415419323459,14.561490036241553
40.88504973108901,170.69848978687423,22.74594712147448,14.652249902852414
42.261652962667256,170.8196089600835,22.802812841926993,14.678976711320097
42.7339207195935,171.1937525028565,22.935635097086955,14.67069410565919
43.46944411176794,171.02257703960547,23.016861705415387,14.717957515853445
44.51822789029312,171.2838694164161,23.026624947467816,14.739271821527817
45.13523086877079,170.7412383207748,23.074159384341804,14.866235866085743
45.67098213817949,170.61283633503132,23.117083458378417,14.93933492491021
46.31190083234493,170.48219902389528,23.129998071809922,14.945063931032418
47.7462938488236,171.30170169214372,23.18613474354924,14.990115472625423
47.81979685700378,171.51188926120915,23.298799908629235,15.028175393088311
48.99824040655625,170.9167439517247,23.42421642890906,15.058844892558007
49.06400258830508,171.40982068250298,23.487709462815122,15.194724550203084
49.86257358336774,170.81753651231665,23.654612234347507,15.14026932432972
50.66203204031394,171.6537985510374,23.856915260640662,15.104941668511445
51.92899266541483,170.63700533864693,23.96586014508243,15.27103005309313
53.281497106538694,170.43545177781021,23.97427046182457,15.363632797878278
53.91035868159997,171.30841682660702,24.20365542308354,15.331687189725558
54.86608317869668,170.9361415846582,24.268192671184455,15.435104246003297
55.8281055941907,170.70788293325506,24.427054563218867,15.518775452055475
56.64640679081767,171.09095024279728,24.533342885563986,15.62797509581897
57.81057090409312,171.31967410040835,24.823783827866844,15.780403417240814
59.04781669617418,171.28649874968644,25.10894104360096,15.827787486720768
59.96825312388326,170.95868180941568,25.42032396172712,15.819939952944198
61.23563830445891,171.19548827817295,25.57770467021693,15.932901689082327
62.22097747783154,171.44625117386948,25.749030336533192,15.920538372559893
63.75879510440996,171.76915730849933,25.99098555845875,15.89691496943868
64.38822192635246,170.91704349057005,26.457977847534263,15.945617755405555
65.92073360202961,171.87992257455926,26.771210340296165,16.049251591440253
66.745704692027,171.5959020545042,27.105659611183345,16.131225694103744
67.65705008133794,171.55442131947026,27.48463542611311,16.275173347755334
68.6954680622482,171.1247638644538,27.791362982816754,16.474188718222262
69.91287070730219,171.3231631523555,28.2553006069086,16.68960697267242
72.00810954081234,171.85588606037527,28.649996546760857,16.908698591210864
72.67530486436517,172.01552672369093,29.07636549171148,17.122189984439643
72.9631275374015,172.01751649323597,29.41854405635199,17.38431076258931
74.26980063757766,171.3882224382339,29.783528229763732,17.63528855154852
74.75234913305039,171.3485083356942,30.19944463222039,17.93952182857791
77.29470359491071,171.78989470923133,30.570940122867388,18.092396592985825
78.08188720570872,171.55095049122684,30.71854918148378,18.40476558286027
79.83819465603574,172.2439252386132,30.9202892727426,18.569443081266833
81.41879894572911,171.2879133404202,31.0493543597377,18.93421732206508
82.52256971461091,171.90005075322216,31.48942277108604,19.278802431267998
83.55492637612554,170.82743612448942,31.75037778301772,19.521536662145046
84.24230029280486,171.37972320130544,32.17304866322871,19.71708167011885
85.6839136065353,171.678252529821,32.45281141374329,19.878272415133868
87.78173271079457,171.615932657374,32.65846028408216,20.067797008920614
88.7642613829552,170.7343338830353,32.92282550903582,20.348622631290333
89.74172109889676,172.18930192291862,33.12777169490475,20.255620183420685
90.68416402507356,171.53127669353188,33.26742602847953,20.347023597058623
93.75604151401373,171.32078619928657,33.69203996234232,20.46704449181258
94.93074697200188,171.94501499472705,34.12035045139531,20.50319097350244
96.48350852246145,171.9792497307996,34.48006091485304,20.605186225659594
98.51685403336879,171.5928920026769,34.76228976150759,20.800085433964945
99.28676896379011,171.6387825580607,35.18080602912869,20.90226798498727
100.14769568996554,171.0138411546462,35.79271712984789,21.19573948972657
102.93949389752632,171.2502507944946,36.15063759094703,21.439531118538046
103.86119565313624,171.37092287442684,36.71881106604009,21.80253776395619
104.88220554008814,171.6962813601198,37.39185438722903,22.19807638110177
108.01224079852415,171.7051054506711,37.78407516826964,22.50942622923116
110.70861716237775,172.2231964665131,38.11149627631683,22.74282491940238
111.3937956529924,171.08622937775226,38.64979958771295,22.95254200631732
113.30765052861256,171.56240943271274,38.99390046345626,23.131843669124333
115.48668740553401,171.46178628493846,39.33327257905914,23.40581351725759
117.06927694216921,171.97282950594655,39.47595697968099,23.5955083385928
118.55756075750617,172.85444611275284,40.0666655884022,24.011820050669947
118.86274893481448,171.62674811388993,40.94885426960559,24.198885951197276
123.02489231508164,171.55278609649537,41.607028484718214,24.446275691440764
125.42440795871971,171.9465583927106,42.04982516222479,24.707073684573896
126.75853704998681,171.62235133832144,42.67952320794684,24.89118829336372
128.01017925609878,170.69474463907207,43.022194405998185,25.139076972433454
129.04122068104903,170.84238790294174,43.57298439507166,25.389369818530593
133.3710087373953,171.18878539963106,44.25312233267212,25.726095217569863
133.11095733545966,171.32603979283232,45.06400836303341,26.082197672031135
134.48626069568263,170.7118468815084,45.94649857595235,26.351116024033104
136.69273164061516,172.18471768919588,46.85662864272177,26.843427539761652
137.41923345616777,169.60138693723135,47.32600247877201,27.0957495013018
139.31532461539783,169.62532227893644,47.90689278451843,27.384870545243736
141.00418769632688,169.68468468103063,48.15858547260543,27.675686483691116
144.81620857937594,169.47451263103557,48.77375097426853,27.467724194826257
149.49033672676242,169.33328514790088,49.18969965843841,27.396840800309178
154.68293656937598,169.26288062873567,49.43823944464684,27.420483155561765
155.5390742512138,169.88866102172403,49.94555307595107,27.622490112886446
161.44636131431253,170.16146217469785,49.91979158708275,27.685748955296223
166.75004686830584,170.06530577128615,50.11508046749938,27.79874957170612
167.97070935038508,170.05601359257133,50.090378618880514,27.779677588387713
167.61918271817018,170.00306463817037,50.88523216322565,28.013823190370687
173.72660558558832,170.03093090181034,50.91001617387274,28.034066617623335
175.26262350100254,170.4893883929583,51.568939520061534,28.321769731679044
174.5919175768759,170.85059640242758,52.219651790983285,28.941821616831362
174.6578514078491,169.53880321159102,52.84786261881727,29.0303990911864
179.2632868819127,170.0371955207968,53.230472734532825,29.5957992834132
182.9280132343372,169.86206430917088,53.47984693398074,30.2296365262299
186.70976242698754,170.3419732586127,53.681018443852196,30.82961460303135
190.42619754076475,168.60736460579267,54.37141825108781,30.733199803797817
198.3359294259494,169.35081127297053,55.131654950689196,30.96836178541345
200.7672813614033,170.30117162332044,55.44773926490101,31.42569023899521
203.0825817390395,167.77234542951587,55.92841227519257,31.520865419420527
209.6002808521929,168.9787926594844,56.551884745907294,31.61035538369305
219.15536323093417,169.7802505326967,57.23320482118839,31.734763884628713
215.74540732919712,167.7220790767887,57.83633310110293,31.9159864522827
222.5523447372546,168.79947212125288,58.481842440261374,32.363168890194586
228.79832161329523,169.47631412438807,58.967896958443795,32.793205138822245
231.4241026102632,170.32211487744235,59.49685683416734,33.43894494130748
235.97863736420163,169.7756360768376,60.6482596239589,33.634208431646584
244.17184926061304,170.30405817662984,61.19574429366048,34.10437073898194
246.83887876173375,170.88873970643291,61.65497352231504,34.43580626240653
252.84854595573808,170.4987063782112,62.628572407621846,34.743552213197674
258.982044624767,169.90456072487052,63.37732595457371,34.92909991808004
259.3535390235502,174.95137875171332,61.73552039265268,36.49138866145256
267.3993699340529,173.02628534430892,60.87742485582688,37.17977890643715
276.8350144539849,172.37748934578175,60.23567187248143,37.797605261802154
285.22960779054665,171.6114201748735,59.845321335222295,38.05564163103871
291.6388849267353,171.2171070265884,59.770621585550046,37.924855135879994
299.6856756413272,173.9920987479275,59.578523692132904,38.014199219294284
309.6656131663427,172.7801615770759,59.97456561903046,37.85637871961261
318.54784583210085,171.49165205424515,60.72654163272904,37.31087922584537
331.10007128526513,173.2826355208336,61.18489780953037,37.25553792590826
341.2381509825666,171.63869814243094,62.666795055552456,36.599875685872135
352.49248663337835,173.09726934465436,64.08590771999343,36.1782071431196
363.0330102727517,171.3061636477417,66.16583112911295,35.668121459765985
373.4399960299818,173.91650019635222,67.610953852934,36.0188647405662
