113.5,174.5,18,15
113.02633543912698,175.0875370227608,18.385345297969792,14.4226824594909
113.26233687303846,175.7319200825884,18.906647696050292,13.82964660879096
114.4924143845425,176.23597826213114,19.07093048203271,13.44868293105618
114.69091096128959,176.45210457286933,19.231814094266532,13.107358074353176
115.8843560146603,176.94083263978922,19.15172411455452,12.935820276427968
115.93934437617762,176.97429400790676,19.146582462189542,12.825802782248552
116.40656360896463,176.73282599346038,19.26183758105765,12.671710057383832
116.32063234682148,176.43542070492182,19.339882826601155,12.572354450989307
117.50419672490403,177.23926100759428,19.426770279084735,12.52567395436326
117.64574792589138,176.88493752302222,19.52711099425177,12.554745361030257
117.98254571674457,176.47197702428502,19.791403677201448,12.632351679835649
118.48815858307336,176.7637521374256,20.016841166856803,12.584893854105335
119.46166040751721,176.92282252024935,20.321451850168195,12.618143241627479
119.3583216919684,176.72835045932362,20.613953182263458,12.58445314931609
119.95815470312282,176.44019246887527,20.72389585784586,12.678034420234736
120.80694271811277,176.93863372891306,20.84838291628303,12.72352710710649
121.15632780113269,177.3867917932243,20.950020577143647,12.77583421847808
121.34242888873823,177.19639100889765,21.016960182070605,12.840702380778346
121.9787758271214,176.80497246505254,21.122916374541006,12.958654424370657
122.7063980379524,176.8996403726924,21.272268448507365,13.08935734495747
123.6966754161729,177.35409641378791,21.387997604725065,13.217844435549361
124.32216262431311,176.83138400078158,21.49852488217021,13.368893758498807
124.02865326652078,177.0040619475484,21.63395857315961,13.326042464059595
125.24877002667499,176.86945000242596,21.73365944959496,13.510114890557427
125.31645282770916,176.9543107670368,21.864401108707504,13.657539185768146
126.63161927472206,176.54055910621753,21.847573816564644,13.77330368256232
126.86807569634922,177.13272164271586,21.842380558013755,13.887891015533345
127.67250539119053,176.74648816830924,21.920133297542566,14.04287250072738
128.5803216389568,176.89665944975314,22.06586745545238,14.119465032434505
129.54990727877478,177.1279621595259,22.10045260834972,14.262542999214828
129.63726260326266,177.0966207482079,22.08526757733109,14.278605490146235
130.44495109224917,176.89054324343385,22.198849563705902,14.334669775226052
131.0087528379884,177.1147654275256,22.452492996627758,14.478921179690392
131.47598153703143,176.59612699308533,22.764502235199426,14.49353052137216
132.78026089060629,176.91896962579685,22.93367709242651,14.646622836210375
133.4533272819076,176.70669109282164,23.102424609392074,14.77237141689126
133.41919936705725,176.0607492620343,23.206035444506085,14.833197196156958
134.2259857503198,176.62302588377804,23.38147439482362,14.99547366267619
135.51280554106154,176.88851815755817,23.601859280808437,15.051290048000165
136.46667269622316,177.3485531661446,23.896096978236624,15.00928055052257
136.80051914925974,177.16950541108906,24.311857012150647,15.051867754607224
137.73278138832035,177.067944175292,24.642984303667514,15.176593890957122
138.4549611257591,176.4484833930651,24.96534309718448,15.236533078358688
139.23207626050043,176.30397275485768,25.166153950138302,15.328293885575254
139.6084870080465,176.71660640854245,25.330155067331795,15.473922822254782
140.67468925484434,177.12367412892885,25.625022178274072,15.631688679051253
141.40526327891865,177.05859031366725,25.804892282362374,15.791704195987812
142.393585169079,176.97303241368382,26.209171057965168,15.992923370227246
143.05649299174274,176.98443332754914,26.39713123813818,16.204474950714012
144.0738167511965,176.91923368479954,26.7277192863236,16.285937094317944
144.8854380051012,176.52899505400268,26.823720304972895,16.34822797743267
145.54365609766202,176.81162423018336,27.035232976205016,16.440621407107145
146.4799350253925,176.69407327879378,27.312012889298714,16.591175201606575
147.5967512271956,176.7221453073244,27.713436742940473,16.692830403373506
148.94203976607886,176.63026009226573,28.02258286120362,16.753462375954136
149.44980702349855,176.8915874353283,28.49331984695167,16.8471193591787
150.63079970090723,176.71421449452706,28.872431942390687,17.010576084105807
151.63802391888063,176.96468232108094,29.107239163639903,17.207952296327786
152.1443632630341,176.8335058125823,29.36653849600097,17.34694526807081
153.34551658180368,176.5940285294438,29.628015647142902,17.491273785544557
154.16377034591898,176.55690413547705,29.923656456276504,17.701623357422108
155.34541419163554,177.13863723747576,30.305324304546712,17.84254817992161
156.37699970236235,176.34468541155942,30.549005146954197,17.964684686597426
157.26774316750692,176.96470123659086,30.803108865316165,18.136686236798546
158.51503523621864,176.86942757693643,31.06739318377958,18.22790099252832
159.42743936572813,177.21393067561584,31.446322898927466,18.363734148730884
160.77831732696822,177.3589734206932,31.8446255320503,18.50339898187179
162.62119513527614,177.15869939292634,32.25855129284537,18.58286969060373
163.21161437354405,177.30320380356727,32.36577920348605,18.739549593839662
164.67293167210036,177.0956505153049,32.67684225919023,18.860734848733934
166.13816412550943,176.83395870166777,33.09326494087307,19.11197779426459
167.60048124607502,176.81724749022834,33.42916331731084,19.27360472675933
168.35652421364458,177.3378798328025,33.85789449986275,19.489724341842916
169.86440491208188,176.30273700285383,34.2825267892827,19.756964609703836
171.16143871933426,176.71500976770207,34.596142785694084,19.908237058389464
173.59423440993677,177.35648917543992,34.87369172049857,20.108859070626828
174.9783914698253,177.6934484725235,35.224433587125915,20.268472690624353
176.44278131765446,177.70081994885376,35.67145140161471,20.40590902384773
177.0890647870605,177.69073228969535,36.12106564471033,20.66706908003765
178.62717687404646,177.09071859616188,36.700638952275256,20.807722253885906
180.37648300464443,177.2151951591247,37.11149200403707,21.157685181732216
181.89462121830948,177.41094413904833,37.54760265213114,21.4058308910134
182.60944666648828,177.33893815575,38.03361785913661,21.5407293754105
184.51350342236537,176.74883012310508,38.66914410263142,21.777328335216268
185.63178850716338,177.1829971554882,39.047613281637716,21.86884809840334
188.737182339017,176.97472436373803,39.66957498469068,21.91718509473407
191.5806032852716,177.2274854210816,40.58246358381976,22.080718739953657
193.7501567671776,176.96054549046914,41.51211634748573,22.3765031686587
193.77191672745505,177.10799880225315,42.075621454205915,22.626769832482335
196.5153703576516,177.2208342108431,42.699497293941015,23.104234386510637
196.8970585282497,177.1652003675525,43.179383482118006,23.514181156677573
200.08182395039665,177.54869433565077,43.74483016925715,23.931224110945845
202.41720421139343,177.1483535953883,44.43604484028732,24.270048153383314
202.85678423199937,177.01733203789482,45.128736887049946,24.278725423882126
205.81706026375255,177.58138087766076,45.626710042507206,24.467766535434517
206.82831242298622,177.3527520537734,46.16845547799193,24.584389092142874
210.57766687849008,178.40401582294396,46.753480125638966,24.909469090117668
214.03850402653603,178.54245538015792,47.014284734271214,25.186882058476332
215.83798539005042,178.2946948279688,47.34799784571288,25.336074427502986
219.36952742191923,178.9364346002117,47.766909841393,25.699587685637134
222.27865281767245,178.50630025770096,48.16559420766242,25.902250186176044
224.78851300715579,179.28153244535457,48.76275138454294,26.256951363961797
227.62955440395513,178.92949313763222,49.471244476716976,26.510323795496085
230.64532270124545,178.85871757718496,50.117651588648755,26.985548870400635
233.01748145064983,179.38290229019083,51.019365469539714,27.40151679332689
237.19964561054954,178.4036578493287,51.584700807882356,27.97362309524764
241.5751808992237,177.93794463120682,52.21057667981383,28.332537798913172
243.8511479287735,178.1622477026927,53.154344887407305,28.82612587934534
247.75143295781584,177.57845938005966,53.892043872291424,29.227825933405843
252.14984366692022,178.93824626289305,54.44438837052556,29.876671814955852
255.15925990855362,177.79050585222916,55.3428608799345,30.40637171053288
259.7013206436861,179.22403557237652,56.27883428119063,31.19508519466138
262.6906906051342,178.76868673093327,57.26258777794155,31.767285447461752
266.4122939206148,178.29776154820746,58.33430615003216,32.33022112885611
271.4151940340544,178.54296070334468,59.119143893123606,32.821592320744614
276.0462913347392,178.5703692952992,59.69763704352405,33.31067252720116
280.81191092693035,179.09425371789055,60.690255929515295,34.09056841495151
285.44710255587813,178.66850383523953,61.79694691325794,34.61299877445943
292.8270878946734,179.9980278946366,62.32548751191242,35.08616400977597
296.5120437012653,179.08384558729895,63.738003686509416,35.692045466339714
305.4827327447984,180.6553523230665,64.42245148140124,36.13070680902885
311.5353642284724,179.48190744297588,65.15252806025683,36.66694800868613
316.0502271592169,179.94319116204153,65.9571499236825,37.22316119780548
322.2689480473782,179.61407875110322,66.75175713570201,37.63902284989278
327.33050644536644,179.95570004267063,67.29660908972565,38.013627766605374
335.0403960928836,179.7322575867791,67.98117511634658,38.495198636565334
346.4400045851959,179.30454280415933,68.44866078369955,38.903760229192486
348.74113005779805,179.17433216618446,68.8009896686649,39.20148108973958
363.00557296391673,178.74677761448015,69.11406285606131,39.40530573689512
370.6196176757589,178.4575592256604,69.25567481787509,39.48996255724019
368.00335075230106,175.4664071640948,69.37561978234443,39.4423532549258
375.5760437609321,172.90677217811162,69.69103298230637,39.20437015224617
378.02417789672734,173.81910469610224,70.10822601442696,39.06785194587001
392.8176606144841,172.04914729973055,70.39540608672591,38.758710971554066
400.24079501014864,174.56171368245558,70.5665504347401,38.65992546181081
410.0233156936513,174.68281242179665,70.7670272562114,38.595464697610936
410.8611936842281,175.7024834075352,71.05938779689298,38.52065855853898
