112.5,174.5,23,18
113.38230037878435,174.10911409792647,22.848150726348535,17.893148186557596
114.05427005012875,174.6735393336361,22.771866875488648,17.83218549818882
115.58718013448281,174.54129223870754,22.71326506768143,17.816983998367803
114.913574651582,175.65968929662947,22.927508084569467,17.633711754090733
117.12055480855898,175.73689563222706,22.916375987168234,17.63267621352317
117.01910128773778,174.71919251464385,22.884333574145458,17.624707910267926
119.04711788713183,174.57849124612812,22.87626113356656,17.650548082244338
119.8385723814864,175.72425589093248,22.877948778768573,17.793089856630974
119.60027322605269,175.6865040868888,23.064383572637706,17.795150342510205
120.52320533069938,175.4679090586227,23.16873696798146,17.8853479659713
121.49202969965577,175.26987317362816,23.28080303376437,18.04190228562772
122.63014415857343,175.72048675316825,23.501367862877284,18.132601438994158
124.17169938456145,175.21163141702618,23.679364617245863,18.223098859687525
124.36002768563684,175.38594086190616,23.749503359447797,18.39053424257921
125.3639575421928,175.77082994617192,23.92850659189253,18.580985113239915
126.73680971067935,175.82474184607557,24.28522210812987,18.724545601505234
128.04434955156123,175.81682507999955,24.61423493849685,18.72741834579469
129.23892171344608,176.2159298984367,24.795310369899905,18.804806364693537
130.07386764022624,175.54983179397016,24.8971552574055,18.949118600505013
131.70179623842074,175.26430534096394,24.81555629313325,19.082408262603792
132.4222740567457,175.83232885895362,24.700218327496227,19.22196332890411
134.09049737981442,175.76969857871057,24.92262697654003,19.275058303335847
134.95526051353556,176.4166855177216,25.054179925101177,19.33650239215647
137.2269282875189,175.99188888610274,25.334594873045177,19.409395814371692
139.1168983786914,176.0780625497626,25.972999188380808,19.418617959007314
139.75761062412593,176.0583831160198,26.428032522218757,19.40011846742427
140.44382694883868,176.73724567679182,26.570721213544896,19.58231749062511
141.6577004049211,176.25549802543784,26.635113879245715,19.757700629789326
142.72381352163708,176.42681576661417,26.922625938507785,19.8004455347429
144.29288491328282,176.30371732660583,27.074222048725215,20.032165562268048
146.18378845393565,176.16031157708116,27.333315674664444,20.21859248320861
147.1093146874151,176.92567050642717,27.668321013720547,20.356962988164057
149.17786378435457,176.68430130097224,28.184031962908037,20.405872896180497
150.38583761619537,176.7118042626718,28.708980571885707,20.648784785844036
151.37597189676296,176.53989388678895,28.883140254387634,21.02201068072167
153.74239606099212,176.13806500984848,29.140222555659555,21.35138763020695
155.57267672461182,176.64400121695877,29.297788383724065,21.652189976804845
156.89613067169657,176.7609907443351,29.4937795736458,22.001245199014498
158.8204219847975,176.78568845065877,29.796514067042338,22.11697731706114
160.13326691730376,176.7619037579356,29.937276991336454,22.338603083494597
162.45417568346235,176.57237608506622,30.123306939793157,22.528539790598703
163.64016466608746,176.99499306142278,30.41660669404063,22.72616658426924
167.00877353682299,177.1660302687468,30.692115259484876,22.87256945929792
168.91899301540275,176.9172738489235,31.011361933123688,23.01021272940451
170.81943474761104,177.24156980710524,31.55635039406112,23.200440197615887
173.10998904713537,177.6944455248701,32.29873765988058,23.385318935769284
175.25472450644688,177.86064462047887,32.89245451210108,23.70530472768698
176.79065332853406,177.17679155445484,33.48009174478828,24.128991482503487
179.28854859884413,178.1138615925149,33.81896984049018,24.495295351314404
182.58447718269855,177.95295972666415,34.10370101735535,24.8777500165498
184.6366802097088,177.0233103064714,34.63893386409168,25.252076022348177
187.53740990824141,177.78350836860923,35.130743624436086,25.547427159119867
189.84905431295357,176.82318882790472,35.63896030436112,25.830461050251817
191.73962490957808,177.3227195843279,36.16776087975836,26.11832080014653
194.27731687263957,178.00105456516835,36.898843056235464,26.476513065905504
197.331411334138,177.90564529273695,37.44801421014289,26.820737739055623
199.8556230728039,178.34303936951292,38.35833192086044,27.1179489207927
203.52812615906498,177.85245641422418,38.644656715287724,27.35608785955317
205.9352857004529,177.5658393484489,39.345455754612736,27.73298703302728
209.17557350459185,177.2134063860329,40.05850988800351,28.069178292169816
211.72886606032952,177.56809233275948,40.749088263008915,28.497519115772906
215.41444919640097,178.15235236983213,41.334014825338656,28.93061387450567
218.7785717355917,177.43279766214346,41.84420406168502,29.141388863003133
223.35423200835402,177.70563613014858,42.34823515495431,29.496074239786665
226.327974660858,177.72456314521554,43.21179835763675,29.94572850661927
230.82177877936067,177.965466854233,43.81211030953524,30.40388431013432
234.73611831934403,177.07752873515872,44.67846430299381,30.794525596309935
239.2971980879194,178.75192539038153,45.39349539389481,31.229173352606264
245.6530606526636,178.6892704936248,45.795262276430336,31.675457913327826
252.07772383386575,178.87146879311612,45.91349286745623,31.953944138289295
256.4215682377116,178.91177005404617,46.4731423547474,32.42702829483873
260.54256190603513,178.0195372548337,46.7288404505345,32.55489437162673
263.1357421958641,178.31674146013472,47.813989041408746,32.8074041863131
270.57812427757057,177.33367287196862,48.88136663977563,32.83010581290925
274.01263024135983,177.6734237378164,50.17647634000466,33.21958203321721
282.00627242459393,178.06581871145457,51.20793739589972,33.66574279909852
291.72913198372885,180.83013692887303,51.67339877384571,34.50540870953745
299.9081576323293,179.59560763198587,52.20296077315368,35.27360513404602
305.28324409967274,178.72101807032348,53.239279232509716,35.84056510968862
309.7158569177176,176.748017323126,54.29630529777502,36.028573621219195
325.0424656625582,181.6591782403672,54.97272152086233,36.84277598717627
332.79581800019173,180.99315441253825,55.969728546034766,37.42866611586426
336.3253957143829,179.43242576203704,57.175218694129434,37.84724160381731
345.87739244745137,178.85417407086965,58.600092949550145,37.96500840434979
350.7808540551097,177.84660798819934,60.06932711338375,37.95915496635784
362.82055900650556,180.17621077827056,60.71259253407843,38.27683375129718
373.6629997637923,178.31437596484784,62.57361708639949,37.782450037230774
382.57420619665515,176.21220373419746,64.14953872384758,37.197555091945844
385.3547701909651,178.6743549953866,63.9809755087873,36.83411224974334
395.89583972541715,175.823368332819,64.55909568670941,36.06951662804014
407.38181832253065,178.31132599413294,64.3371480292256,35.530796606468186
430.8643199625078,180.8438893872816,63.64445691357792,36.41968030677364
