92.5,134.5,15,12
93.79952429628429,134.60109552243648,15.23158576297648,11.735881576949396
94.34129811800656,135.0765989632958,15.325401396013545,11.641198235441498
94.08355112034938,135.7630760567238,15.399556226355601,11.493747254838539
95.67786070451594,135.49658105197057,15.36318210273074,11.342871121118401
96.21541745093259,135.97814305927707,15.464342790309715,11.250237895918838
96.33009240009048,135.71370258302503,15.661358088698819,11.154349697212146
96.2246339569005,135.7781940881881,15.6641106407816,11.071405422543933
96.64865116444169,136.2819966287046,15.791001028479377,11.038983947658673
97.52340951060263,136.64084779910453,16.000503997107195,11.034293765729519
97.5962001422419,135.90338862962625,16.175319604203345,10.910618273623735
98.02374165335723,136.54084891392623,16.255721825769967,10.856416446440708
97.77575073444369,137.3400424027022,16.488607450256296,10.857074983949166
98.84501410805139,136.39603972512475,16.619535897514172,10.797873841911713
99.56655979097044,136.00271814868015,16.564279915091287,10.72588526472127
99.9508344518566,136.04069829073967,16.55574804794314,10.662656269161964
100.4232999461892,136.40377977229593,16.537103995084212,10.643717019447422
101.29266204532337,137.30003971563764,16.64821245081522,10.673055300412331
100.9012700283724,136.93678408365247,16.789385266264702,10.592965934099285
102.51487966210269,136.9679440955878,16.776829027521146,10.537363715979303
102.7773195989594,136.23953829957682,16.898960731890796,10.63535391594197
103.02493980426661,135.96239532853863,16.965154888251,10.624548784505293
102.22427113715418,136.95007313961656,17.14709832541928,10.629702324298577
103.26778336756895,137.12743432127226,17.33955336822132,10.684385043451435
105.15941247284927,136.98123785576195,17.332608462561808,10.742808032736786
105.08069573883105,136.59839059559926,17.568166468662252,10.817440519885727
105.06890810702697,136.59720455885744,17.5987428556615,10.84033934524522
105.6744505449089,136.95466168815398,17.6720939673702,10.88248013082634
105.83339379910187,137.1227783066193,17.89020675707993,10.982651181710823
107.6434533113104,136.91909912908713,17.823916210522373,11.028747334512271
107.8306780369333,136.645007817293,17.874647909712976,11.078674228425278
108.70175474287186,136.31483486789833,18.020242143213977,11.11657090798773
109.56943673000985,137.37031123954858,18.0098672255252,11.118281195311631
110.08960438978966,137.10089947048,18.069901240186482,11.129569592934468
110.78195050500287,137.04520234050162,17.90736899148766,11.11830572683498
111.70504226816854,136.6901040326125,18.027485118209583,11.236136898906713
112.20585802405374,136.54394840666654,18.227585169053647,11.237560347959336
112.6171233761006,137.09297761453524,18.44854296746237,11.361022713738953
112.77119682921214,136.41077599206344,18.768249454793967,11.482698202182357
112.72819180136835,136.27503813774427,19.0000599817874,11.568125984275548
114.53643434458002,136.8152460031973,19.051116160851738,11.612840310704396
115.39459993157274,136.33220016101382,19.23200643290356,11.634686358608153
115.40186767795214,136.6584262262706,19.474108364375365,11.76461975618223
116.40550525323997,136.69076139941959,19.595518926614034,11.837146353048112
117.37418725162986,136.34953011685923,19.777337039667003,11.950860742070951
118.49799470504006,136.9912135683424,19.959485449954773,12.082338709671927
118.7770129004962,136.4708082672273,20.087742899450788,12.085408842923236
120.13976955533653,137.06570281336857,20.161750559161007,12.09910702767169
120.78031764421098,136.76607962510607,20.19798629154546,12.193258518370538
121.64389703781244,136.81120918518295,20.332888051217573,12.273022273287367
122.30045989088924,136.92216284404842,20.406619854676993,12.250493460905577
123.27154662594582,137.00696129725176,20.45392354215662,12.40261909177806
124.70545292443308,137.4465709091582,20.59813367887044,12.446101942016075
124.82561978280998,137.32629501616847,20.73631678517001,12.552245790468818
125.6355783606484,137.25105632777823,21.083397729773928,12.656658395537459
127.21333351110312,136.5921328596287,21.302310455903054,12.833751824222444
128.72071969028403,136.60947122329566,21.35747699562778,12.942786484999626
128.47678209337917,136.73536916555904,21.596261845723724,13.072760585433391
129.64538298437088,137.48621583601937,21.742646851917787,13.163548142416197
130.80751607312177,137.0279414664899,21.893773492866973,13.297017912950173
132.02519133366786,137.66923005393002,22.175369573642442,13.308051191675615
133.1351813994698,137.750051029894,22.354834737372475,13.294779654719944
133.73848751669794,137.9857154163019,22.64495438024313,13.422783452933821
133.96404630447242,137.52980399624383,22.881558474368116,13.531469169465211
135.1107634207991,137.82515663268623,23.193188872223157,13.624992316837957
136.34267870320613,136.97628453765236,23.382746092366993,13.795811062302725
137.01041948920167,137.5444471356115,23.659456912725155,13.875558425741133
138.0899866937585,137.4514548172117,23.85147849993411,13.959005773278928
139.25894911582145,137.6344255265711,24.053926265900397,14.049741463563164
140.40518407959252,137.20565049786018,24.290497390222853,14.09147529736365
142.1101527180393,136.63915904803292,24.426061107057944,14.184702256580866
143.48133069768542,136.96577607401278,24.53320961859088,14.281991831425476
144.82499497027163,137.4499327095954,24.674160091820553,14.415468511584729
146.2590664731858,137.59289381249008,24.770941659890532,14.501225611825667
147.4675811922503,137.6814941329686,24.86411439117991,14.517966906765455
149.05647033941247,137.9263833579837,24.870825108620092,14.655823339662236
150.4287802613559,137.40906000999126,25.01782160918508,14.639009292696665
151.10447027286563,137.05785840760734,25.236622479110014,14.813772273961396
152.35751026188876,137.5828083911048,25.42081983909167,15.047854941510842
154.0388503078811,137.19622695272932,25.503961509191956,15.045763747502974
154.93233944339315,137.3686215078588,25.748618045754537,15.349565917227528
156.69753001847334,137.0501165584864,25.956336232218277,15.442534361180309
158.5788262045905,137.93150639025552,26.18679252789168,15.45405169661972
159.3487788575977,137.5937423110612,26.358118572776053,15.667099071545886
160.9266498710027,137.51382072687977,26.45890444666186,15.834135310745083
162.12175047619058,137.57499561960913,26.677199425403487,15.960181921923306
164.19691507828512,137.44132492404822,26.751128644066004,16.173635722279194
165.5203975159551,137.95414689146014,26.990710380511924,16.154133211634406
166.52164902240077,137.48822099147878,27.391135243139374,16.262013144035777
168.7115967817943,137.83647962875796,27.639439778521037,16.375522634347117
169.6885062145966,137.64942942154687,28.002126345045344,16.567789796458527
171.43353709224624,137.99464238200744,28.11000265050654,16.746803179412368
173.1214523326714,138.5226197671771,28.278391186685056,16.852923213379093
174.03666080713128,138.74210728356215,28.543350729311918,16.93278157942798
176.55052992500748,138.48617485020563,28.70535505871452,17.11871707263827
177.63911892322523,138.47657264988158,28.9949388897479,17.365654742620247
179.513768397136,137.78228336076867,29.412196300263744,17.586733540191123
181.36333185538118,138.2677481072876,29.767695371780015,17.85630151705535
183.62993885599354,138.2610146835383,30.186265504466416,18.107598720317355
185.41162252597738,137.7407949219664,30.668670716988984,18.15559527795366
186.69828644287153,137.5341123607586,30.995250948996564,18.29612288072355
188.6533440327073,137.91564747255535,31.187753033118966,18.411923442366415
191.1130145571655,138.34290514781793,31.35925423121184,18.529932913599517
192.80863040039586,138.09544243082755,32.00190802372452,18.833872265622468
195.58000533086883,137.78841087739556,32.7159149453103,19.00323799242049
197.71217089795255,138.19527705959524,33.25318760524081,19.213695457847535
199.6283316688573,138.5593266400389,33.53419547398424,19.510663030320462
202.2690103136652,138.4359410150082,34.031740715038595,19.9301194118125
203.94325172072283,137.60559080064326,34.38608750030388,19.93806255351692
206.59725815483625,138.42905736911015,35.10770576992492,20.40060645973498
208.1883834188458,138.53043438660336,35.32654538701687,20.745073608525427
211.0885979829367,138.98253202004818,36.0409697363131,21.034605596503372
214.2313981914306,139.21328309804687,36.43789161623083,21.453588855964675
217.68188467755147,139.03934762233007,37.01787090686754,21.892877596857485
219.8035159985125,138.99972881061692,37.53015435793252,22.319669754957463
221.6674750962908,138.83991657448172,38.04571064586593,22.744489391908335
224.4314642761221,138.7020594476403,38.5097600457553,23.177947114471884
228.18322884032804,138.63349635096128,39.04104575193817,23.4560432101069
231.4984306985116,138.97669490593447,39.648803122607134,23.778722099420452
234.83385712291047,138.7121475282615,40.21165293341637,24.345659683546792
237.78579083150962,138.22398561993273,40.599771981672156,24.943226708851093
241.65666714067174,138.25291326778446,41.5087561721248,25.43817260495442
244.6296511920101,138.17999985812372,42.344893992147064,25.718056126532154
247.45895995922106,137.91707067393284,43.20760395330006,26.141013840836358
250.8107828353793,138.73053352281067,44.319573378138095,26.134389747351623
255.8064151242857,138.85582707399973,45.37308094845764,26.60777347541405
259.0315200444805,138.86044187857814,46.32760381223071,27.073103173355626
262.23717901630675,138.85504728922857,46.88378846257223,27.710284835766018
267.0638027059073,139.14392340271817,47.4887312384005,28.22005058554767
271.3716113078455,139.63093289378696,48.07182256876474,28.77211781461462
276.3679526680913,139.13903200313678,49.145287652533554,28.99903472300163
280.50830830550586,139.5247144302134,50.15149692518967,29.389155064008293
286.5480265670958,139.5400380800978,50.931749160859965,29.92432768334884
291.02648032613735,139.08720562683243,51.910770941177695,30.343903360295837
296.3928920168491,139.53150555473448,53.08265070001299,30.733470990682527
300.69293799718105,140.12183641612805,53.85716964022802,31.217862516300816
305.94054959154676,139.76700864317513,54.60228954536865,31.713988087984465
311.6835738559647,140.17825791448,55.53179601683796,32.24548224595148
316.2189940195257,137.63300139601907,57.0777312024112,32.03193530057358
324.43682606853093,138.80513056647197,57.43424049002095,32.558088117275844
328.3992360795332,139.4862661153967,57.78131683032107,33.02557518669322
338.8494878482428,140.04071998803803,58.19299285833151,33.60374150661899
342.602653799334,136.88985242147712,59.83906860232829,33.10942799853598
351.81767149223424,139.26686035834913,60.717510618261215,33.23893129746039
364.8322912740252,140.61622146210868,61.21060801451828,33.73086932820728
376.75172510085025,142.04120867351716,61.61102296890031,34.25358176833591
382.90865754265343,141.67869661393593,62.11272414822123,34.81213479360531
385.830920699528,137.8749802165628,62.95303660629208,34.53145313598954
395.673182953091,138.6341125708291,63.14247640885857,34.62345356322197
407.250043210103,138.38008030745902,63.49927492254453,34.52835842390075
417.2251768050269,138.2967565488454,63.70611985427881,34.51909581098483
427.70713978504716,138.65478684105685,63.76535482868642,34.58885183642138
441.5524545583919,140.63498824315434,63.5968676922753,34.92757374993877
449.0970502111951,142.50648898186682,62.535051607921275,35.809689574454765
452.6678051325874,137.86538056800765,61.87729544631964,36.10960182911404
