4.5,169.5,9,13
4.063507556915283,168.567967765871,10,12.512821687572568
4.2577626379582725,168.23470605592271,10.158817177563222,12.250416076573938
4.930877080831129,169.14704328253458,10.421189861946903,11.920852135129973
3.5686851644399127,169.7354613598984,10.414431650661953,11.786563921610206
3.518798812351151,168.97395563942123,10.427982041494998,11.612580223442517
3.3080450837930053,169.43030366764077,10.395703006263572,11.461466958808726
3.654086892808582,170.24183041570615,10.548365143428036,11.260968074837725
3.803173883570455,171.23359612670004,10.606877217564538,11.167119541834621
3.9585458102560693,171.05123063650788,10.803446913711895,10.994944160639022
3.8358646886240937,171.22985871795765,10.898552165589432,10.906425909917534
3.3889028803163166,171.6872952777609,10.926859937478424,10.86172123780551
4.158523059498343,170.73874447602418,10.917018497266227,10.873680753342581
5.019206363915412,170.96536710264496,11.040267586292806,10.784428876594458
4.311273948886956,171.34836906564007,11.101477269750903,10.80599447346192
4.614219189355656,171.75986764862827,11.212191379229457,10.825341531938502
6.744192173661394,171.10035123553817,11.264259990390931,10.892974245012914
8.899179329585888,171.48570671320724,11.361548957503123,11.09915540336037
9.091306997882077,171.19214369417884,11.447036932315928,11.149290322032396
10.285578686753139,170.78641569883644,11.353995501976758,11.315909946540637
11.333357186412991,171.48839890229047,11.464745437013743,11.389691099179993
10.661665061595855,170.6414363518531,11.472323793703678,11.39257496889934
11.935706108625482,171.2664456863255,11.528036274381973,11.388095488339493
11.931621301677147,171.6074897760077,11.641635068245096,11.292075164333271
12.829363832672179,170.94248495684147,11.798611248930813,11.263276404418946
13.261613480967334,171.50735690847847,11.835381745850936,11.37838909713796
13.399423908212768,171.04767392386873,11.83003889815214,11.32452071090778
13.721382911487252,171.31957634395425,11.868956112893759,11.366782474397327
15.316848303021633,171.38033674667957,11.865628088232588,11.34421700217956
16.23284346590894,171.2327817581474,11.89012551346506,11.346708168113357
16.24961110863273,170.79262913658226,11.93855287307134,11.298034550865394
16.73995564548523,171.3576524068336,11.949033013614995,11.21891314597519
17.203277741459388,171.54863867562295,11.90364397150799,11.276828191652296
17.79423875700866,171.75484412888258,11.909560852419638,11.331723481822648
18.025705345491705,172.31364642753752,11.908806948820478,11.495119379469704
18.328694558072904,171.34657231430356,11.994823250315948,11.452890118754993
19.29926957416734,171.54281805384707,12.011925886507807,11.361981035698419
19.430478750880333,171.2362538153583,12.055909918316654,11.40224933134433
19.80478078829865,170.3664034645347,12.092671246178538,11.37786831645406
20.165220148702574,170.60444723104712,12.065101176817992,11.388618528142073
21.517576820656508,170.74787675352147,11.933530123025474,11.410334666346511
23.14568713512936,171.58358360420206,11.769941549362365,11.670336284428043
23.173863097042123,171.1648752421729,11.646589974045197,11.887114161135313
23.73161639730947,174.336433026277,11.56960072942939,11.82974755151475
23.746970040780596,171.7308426091926,11.557854877671016,11.966583273836662
25.41261286584992,173.30436252763545,11.425044349984157,11.899412945694205
26.677674884375666,172.8916608023893,11.444693052343064,11.893587007472647
28.607449576879674,179.5588419374993,11.126898389930265,12.149103773202425
29.288460209698602,179.87996168952938,10.8519703583546,12.401440639858317
29.740465337140876,180.66824649181075,10.650665367561546,12.61147543974505
31.0233882675466,181.46754295871506,10.477241705999365,12.843825136704266
31.742627181416005,180.35107704202994,10.369371292506155,12.946921126034578
32.26316466979973,180.4990644578661,10.31605411774829,13.032246445710383
33.78499820352988,182.05490209356165,10.256215833323264,13.21539458244607
34.084603220755056,180.65491849942262,10.354305815752948,13.23569916162384
35.33570502346127,180.075360057255,10.292304446516061,13.303878669936719
36.82574777790974,183.38253733553057,10.13074234460154,13.281359612195383
37.348066077819695,184.1399028796735,10.022482614460138,13.141834398352557
38.44363937433809,184.69170522718895,10,13.068946360960249
39.39920798595995,184.21207496492178,10,12.89022463623463
40.43915799912065,184.79222730284334,10,12.815644791018933
41.41510186251253,184.85621406166933,10,12.707114865423609
42.312623894773424,185.11356528876547,10,12.551804934996854
43.52476004417986,185.6134083304908,10,12.442292882803844
43.639308406971395,185.49189918580217,10,12.428819600516317
44.84606652071466,185.49968339575736,10.005489404913988,12.400651399450357
46.011675618673316,185.92220079854255,10.029273612255949,12.357613957447288
47.218380585894145,186.362335323928,10.007069942310139,12.32207009826961
48.424388402346096,185.76917565818025,10.020292918720198,12.324352101998663
49.52041718971417,186.26394462727174,10.0669631519827,12.24956950820653
49.66174537872403,186.83377802903385,10.097198644700072,12.214976275887445
50.94215079279945,186.3095054588436,10.07398785698501,12.25790439375362
52.20728412177414,187.08354575505064,10,12.3323337576994
53.48467779341722,186.8170096636226,10.018509918905607,12.296432637714283
54.56554362271379,186.55492572433684,10.052046176038175,12.325784719672146
54.92422126521061,186.81566724755876,10.092695973651802,12.384022289568925
56.23685437553152,187.25751882938863,10.199596520130346,12.419635179299704
57.60821333387258,187.84580344143973,10.308663786401114,12.457484247243107
58.6787615850992,187.73906585326083,10.423153192837635,12.47894042295143
59.41923225542609,187.08969643871097,10.46181832324557,12.47789685668827
60.572408847868715,187.38375277527612,10.47141386310701,12.563397016581053
61.61903374789768,187.99033569632314,10.537817249847178,12.627293590563653
62.454970468237775,187.10571498023614,10.588342567101563,12.712921841623471
62.886145489275606,187.9003571749119,10.56797852556378,12.801708712724254
64.50088800375559,187.8109274476138,10.563787132925839,12.897457715622098
65.20211212370285,187.39408159510174,10.539669481372075,13.053589091208988
67.08360043222669,187.08364294326896,10.593564030553642,13.100942277404796
67.49444018828862,188.29003893006163,10.587693231865885,13.25819839761523
69.1731087712087,188.2443086036197,10.651459781922346,13.333639313151119
70.05619807409286,188.01053994842633,10.662434072081465,13.363058135941346
71.16526574625703,189.07299864550126,10.752190096619081,13.4071728386543
72.40968606509101,189.86098628477097,10.943007871884486,13.455986559672358
73.67210028928478,190.41774341045092,11.081775338337614,13.518089287911426
75.00926757664575,190.57699433727163,11.16053996672542,13.74416002605164
75.92770528155772,189.61044838758514,11.166897665422008,13.838840355829277
77.33079440270424,189.5336469371693,11.21973512633024,13.926637627765198
79.05367872980916,188.77549599186864,11.257620017500036,13.887869356547077
80.28199437796304,189.7486415085299,11.242748784363664,14.053171569684535
81.3693704163918,190.24693836610757,11.284813609666811,14.165261798277665
83.0330350338121,191.36051195102553,11.342659126107959,14.32052610839165
84.15752144495481,190.56248937974237,11.422330579487815,14.337510815662856
85.97413902299498,191.72364364040436,11.609869978613771,14.285283099163715
87.22076722871493,192.2452612120397,11.687890708744895,14.333747675322066
88.41400393012209,191.4697115813829,11.773666336997476,14.387386094503093
90.07433827775691,192.09930778763948,11.762980179951107,14.452448671613954
92.04327685733736,193.0106392582403,11.803063607338068,14.590927197506735
93.52195159386801,193.3896708103021,11.84008387953128,14.67461215217905
95.83596487507656,193.0452890456698,11.820067609167415,14.69433190207055
97.2690419561147,196.01485714731004,12.086354729363435,14.914081654600567
98.5510677941924,194.66622393510187,12.10903281814641,15.095720456412549
100.52555922613882,194.06343084786585,12.244008103209865,14.973259355341407
102.49906243729146,194.98395729140836,12.310681662136282,15.12387695756758
104.46079313746765,195.5002168110389,12.428919194431625,15.325980516000872
107.01923992188902,195.9237851209765,12.49861820447679,15.55043443891898
108.57534635082858,196.4494122975897,12.547949192728048,15.56454170468823
111.46022533928313,196.79260809404678,12.54628957015857,15.653849548438648
113.47585192504897,197.24268933275872,12.734309488989435,15.690048801113523
115.97503340615498,197.93454123058913,12.867423405897288,15.718774099767227
118.7335772187935,198.39443515880743,13.0167352595326,15.69369654568357
120.21387283634346,197.50508053790634,13.076739574969793,15.515015479105639
123.28856725866284,199.82309573880218,13.213092059524142,15.354725986890362
126.06294652823883,200.28686912240252,13.470662293870689,15.267852010693833
129.21124215619187,200.8894495734583,13.540174210266883,15.10685624301223
132.02123568099248,203.16390389137007,13.675405189687861,15.022149534373733
135.071519406286,201.7306156551949,13.70576482497728,14.947431098200509
139.62542172229294,202.26125287433442,13.863759715363328,14.746100407441956
142.54043095350573,202.7817918887917,14.109840171852504,14.526293917261775
145.76975374606442,204.5753621041501,14.074291243534425,14.587417894656594
150.6413939800879,204.9782504885408,14.182715372960642,14.463804304795904
153.6309442800777,205.20341701868887,14.282818378632882,14.407722740099503
158.49803100943996,207.15980011648864,14.323827643907386,14.42177706108629
163.30973596001442,207.6296550287804,14.409461245566117,14.430291781027897
168.19043997254715,208.14817392860945,14.410236409892747,14.475050627487954
171.3574571052626,208.4036566897935,14.511872997122945,14.501917603670291
178.09384269660077,209.05257190573244,14.73476812761802,14.372357521294996
183.1972408113153,210.59859010891225,14.789341603389138,14.464878552832086
188.30511506323862,210.98003610445966,14.8336505488833,14.501392196140499
193.22792034073936,212.78700919228336,15.004663490891094,14.631212566742464
200.4938824899907,213.13963429493714,15.1551389421443,14.662898751834865
205.8259600411199,214.81640423932626,15.147979613201315,14.818543461979361
212.72978448421594,216.3406050158705,15.249928123859842,14.996625015504055
220.30121153213247,216.61516347633028,15.515884643566329,14.89961039808941
227.82927917238746,218.42281071496134,15.84284701167697,14.819704390523338
235.52795057971662,219.50183028842054,16.07146359338097,14.699486536482134
243.10715211595323,221.369010307297,16.132384632846218,14.682668670207452
250.168047455894,221.98284094759515,16.258955540489072,14.733966425484592
257.6897914887928,223.83533912054813,16.211984656087928,14.741273002781167
268.87088475407023,225.14291853561352,16.282054824141476,14.619848770810174
275.8633355520624,226.82457063267847,16.463348143928705,14.550720916783378
285.51433130559286,228.3504571427905,16.514614769802307,14.556608476240752
296.44359584444715,230.98269045030938,16.639562330887617,14.618151611569205
303.77944121835776,233.27491076333862,16.847040093503395,14.72722056421552
315.6844796922237,234.87452079040787,17.047346751728625,14.746173298697059
327.2551887995248,237.17284326223256,17.297408029313956,14.717390865728825
340.9018488354867,240.9968272160468,17.758114370353955,14.773557422364261
347.1582122869478,242.58382715954312,17.97322979836442,14.744607584199727
352.4775444244878,242.06512048348395,17.610823991912323,15.039202878781024
356.2749840475332,229.05814608162294,17.28676011828847,14.858459070808683
353.336713161414,229.917614302885,17.251147215996845,14.901027397609798
346.66109224192746,218.88256679473312,16.960256295875794,15.266528755466313
355.4056850459296,206.10936765407735,16.093846719365644,15.826125889316899
369.71316478029723,206.3937145519128,15.387132337300306,16.296442976023634
384.1084417295828,208.28927103399886,14.721845467537769,16.77217428446505
399.53671726632086,208.79648019707685,14.260380682513741,17.02038093732827
416.10212034946426,212.4310890831194,14.09947655480115,16.983745257528327
