86.5,125.5,11,18
86.77676652339815,124.19827557211221,11.412111551210899,17.61137579669355
86.81770969505337,124.28439753415095,11.832067587470473,17.26524034317518
87.74387440147316,125.30910199855145,12.191507040216196,16.96134497276194
87.8883913183103,125.54661104613702,12.444881136439252,16.75150114726701
88.52042423617168,125.62738091226238,12.443470797313788,16.73818573900425
89.79612426012885,126.09461625677011,12.387209632990128,16.647237360245764
89.42614179177257,125.10483355627849,12.347655846214838,16.709598381193594
90.52168687573948,125.3605788955022,12.322781336468887,16.56125564695813
89.99372440038681,125.23400147756371,12.359933685092935,16.547475342940636
90.5311376505599,125.1708555306862,12.435095597603812,16.475183142052053
91.89671730294542,125.36177217922004,12.437404348557852,16.458350837997745
91.76940829419337,125.3827902552477,12.490420190230177,16.422808471360998
92.61083050339258,125.82205220310823,12.407820532345065,16.28132485693571
92.0377991036847,125.72418378698757,12.452815431103156,16.422643430808087
93.64424653949568,125.78401395705667,12.533862772539656,16.361030411363604
94.04003698846998,126.24154262299918,12.568251630240628,16.377308111464817
94.19360749622457,126.04464768926597,12.65181977648987,16.624573430400652
94.67773252526239,126.03847657908216,12.749409128242421,16.84011299590589
96.55037984776222,125.54629276485568,12.833305452709947,16.89460566775102
96.77541899450917,126.51047429413282,12.928879310323813,17.129355964833348
97.38755347165655,125.22133015368817,12.92798746460297,17.082865975001205
97.39646517967756,126.46354230739384,13.074490939863992,17.17742735866042
98.24626847134999,125.55568844526917,13.058879961034233,17.28926717061729
97.88985177923269,126.20425838077534,13.166787772396686,17.499407768545662
98.45549364266455,125.59700012365793,13.338430585907705,17.61523091196139
99.52462314624451,125.61861932636509,13.422482837063832,17.735336710972877
100.29003613911512,125.85128917030244,13.448879336864907,17.831503830902314
100.78137277695866,125.48465442514087,13.463106917672715,17.93391758210877
101.64880963897374,126.29431712387394,13.44359419274992,17.865650000194393
102.69815421539386,126.36781970573512,13.4348489257129,17.791081131921764
103.34608904682844,126.6308731369957,13.445344991222038,17.80004629803754
102.57765305032915,125.9618436778078,13.544577628561141,17.848097625165764
103.89257263585947,125.96474475317343,13.478720467388188,17.91393628629506
103.32354417476805,126.23212208317356,13.605307906195481,17.8501203684556
105.3462969096953,126.74056209258183,13.594909095276535,18.010599453795564
106.34956036982608,126.06620970683916,13.674544742153653,18.161720311477804
106.15983151612876,126.16340126250496,13.723959133660829,18.20228170762587
106.83701793695337,126.12422020800588,13.852915826542237,18.26633393816298
108.15227817391002,126.09359511233984,13.893908671644448,18.299051237029445
108.53102685166382,126.38013113471006,13.905518657903208,18.42030672553411
109.5567206103817,125.7803597106531,14.028993048426441,18.591622602021744
110.54658881330968,126.76293576347824,14.080798943748444,18.754736354067994
112.31284978936907,126.23601724363917,14.03215560414799,18.68930795662
113.2977490232548,126.58708931375286,14.018626996644175,18.6699214324357
113.86491278232363,126.18230689499275,14.058334431623887,18.732326133256237
114.90183267995137,126.74370056946287,14.14289493353331,18.771769752791325
115.48234441012515,126.63582757142402,14.126647936694354,18.905373321305387
116.42932398322566,126.52769585177141,14.235808259182292,18.99310572184945
117.71870985392306,126.74882942684425,14.158902858424707,19.15259818426403
118.66554192599334,126.78668967402392,14.209474158353052,19.13595121259167
119.26541760309541,126.58849499176287,14.268295859416247,19.282994261253002
119.93307673935907,126.93397255129703,14.512663036489169,19.505407486491624
118.64609480499603,126.81253418096689,14.596204417956326,19.70569934224013
120.18595389317956,126.59102510536071,14.717743232022004,19.740180254616206
121.52484604455547,126.6828627836684,14.725994800775918,19.728439145017752
122.54910327003805,126.20565552054798,14.736478934558066,19.810617836660047
123.31046270934247,127.09439857521905,14.770617641856193,19.947490581611742
123.94595587950268,126.58008728617713,14.823568598403163,19.932703335324234
127.31852619380896,127.3992164682394,14.841312586642392,20.114502124901463
128.50320903761187,126.75875545638158,14.809173289875238,20.207745692310652
129.0656802905419,126.68870547018449,14.804735878543331,20.23608647146325
129.7399396075922,126.6809529728881,14.867685869511416,20.32732342152469
128.22613925251025,127.57192798852614,14.993431587762469,20.414869020512874
131.14324278310886,127.56198016898044,14.972274796645808,20.50995179136678
132.06443653183192,127.28984617598715,15.149436192174582,20.69172304368789
133.00477061307149,127.27017116417353,15.358905034547728,20.866938308604254
134.0744637341027,127.8680470978304,15.335659158085889,20.990712636816653
134.55502762779423,127.20091988126353,15.399947744909342,21.371473832454978
137.87875187997685,126.7392290211525,15.518905776646438,21.46833314276111
136.251762404489,127.2221313960128,15.57627689948188,21.556553089390594
137.10927493025713,126.90150798504098,15.530123012267481,21.637872865035252
139.88412994786907,127.20809291168527,15.672420518700118,21.798740909333514
140.54083416212768,127.26639899006291,15.712493859744626,22.06165506969782
141.31742146741678,126.6579002545324,15.794960347188946,22.329302779749632
144.95352429141667,127.48886405582321,15.791739016968702,22.50609824063692
148.34886349271227,126.54254030136842,15.870193609982945,22.675814483715516
148.95848778194645,127.59542853851934,16.044619166722725,22.909789253004995
149.81653674376236,127.37722510868012,16.296722761149706,23.04358127479852
150.78520437663312,127.49881836517284,16.465530493149863,23.07736559535305
151.4525336098619,127.27325728968646,16.513814941655085,23.424221639243463
154.51417310214072,127.54314535468068,16.686696178197273,23.695935866177177
155.50383420626605,128.44175339853922,16.765387885962234,23.8190351633249
158.88538140469504,126.99053172349122,16.85397186053372,24.054063609780137
162.5717168038957,125.83537000162183,16.754230253721765,24.296696442633298
163.73788590299185,127.08853683978067,16.76299727823146,24.64672463231292
167.1913695741928,126.33446715734783,16.754927583687195,24.804054661470005
169.8016934173488,127.44897370031822,16.74958665625589,24.77383284101687
171.68043203208646,127.58959519142749,16.752365717216293,24.899408665923428
172.26509715146136,126.80642742307688,16.670502433651478,25.062823360453944
172.94017807171363,126.83720698067047,16.716353733825326,25.46387973522647
173.38408786760755,127.55892823282463,16.952297584076987,25.82323764786458
173.70752737272107,128.11232868172124,17.27496155404401,25.981457001345454
176.89268235083708,126.63398218649144,17.311520532443332,26.38777071552943
177.34365913226705,126.47520994448314,17.389125139425186,26.68084364091555
180.2989315806307,127.01565613281392,17.595581299369016,26.797914025179296
180.6259888563279,127.75781053911403,17.725132405018087,26.913278841386134
184.39440294443705,126.62098951480174,17.633970065134008,27.100507744945425
187.39300512136097,125.73699016650029,17.649371855237558,27.235972295239396
187.78564281658936,126.6595009075152,17.72026264872933,27.515515699302735
191.43675741229836,125.70787264350072,17.764198637517595,27.549174196287687
192.19115441987398,126.69506647998237,17.806605012228424,27.70057115886821
196.09410200890733,125.59364704972342,17.81824857241246,27.66573339890272
196.52332641543381,127.34044987216795,17.819214396448263,27.765475065033545
200.38728145095254,127.3570415452755,17.749767326662052,28.070717802144795
204.2641546448413,127.99615734003433,17.84911837769676,28.356218598262487
205.04969633307078,128.26104123115928,17.909500913103024,28.632839551783757
208.75155254553718,126.72286502939151,17.887301606914132,28.82875243543712
211.7688283404118,127.23682093345113,17.88302869987362,28.8928620926194
215.19952745350383,125.31916002973637,17.87971753652527,28.818375264337252
216.1235737271144,126.00632968905182,18.035878138336724,28.793588696293796
219.26710120745216,127.1610631137322,18.306667816485692,28.80214314438788
223.1765238592247,127.71218197959917,18.261675338105448,29.096822875002896
224.44800725122815,128.00933045263574,18.310146132299792,29.136504295781542
227.74341948924044,127.60301088133761,18.284730362940238,29.478457270899227
231.33818338295222,128.00230252516127,18.50827277739048,29.333094994413713
234.31695500747188,125.77866533963386,18.649183526916808,29.524611556783242
237.61801238641047,127.11792393048212,18.74842279583408,29.63277316613286
241.2452282162801,128.04135238672356,18.7123568053453,29.9028481689332
242.46011256731833,128.38719420740446,18.546946862195217,30.252757006323545
246.26127324625614,129.03000277549478,18.844449169938535,30.00284996650214
250.4089277301113,129.61931293762976,18.872711407367362,29.879795595486858
254.01007994673495,129.92301148439392,18.895527995390815,30.013532191838895
257.381369920793,129.92866350679665,19.075729514712442,29.89103735858561
261.16488686488003,130.2469026576691,19.32903435258206,29.78183813580112
264.8212608714767,131.0387800802951,19.253932919131234,29.86921192118725
268.4240676766621,130.58301156848844,19.1026634860065,30.127289217036452
272.45080178935467,131.27099820892127,19.050437898255645,29.869358285986127
276.1399575324254,131.4312815021276,19.08441269369982,29.907874368593202
279.65229542702855,131.81838904988282,19.090718445173533,29.879199713165267
283.5452236667709,131.27677967215715,18.93461221745889,29.995096715114776
287.1851947136844,130.95387539981678,19.017082099492438,29.987508712954842
291.46104726700156,129.848015306788,19.031588693297543,30.157863990794027
297.70315591444813,129.2352433948488,19.090034018948792,29.949902041128126
301.3671562205885,129.03031971375935,18.81684297698054,29.985894944974895
304.31272194755564,125.51676188014218,18.747255693425927,30.033168426235143
307.7314590962931,124.97756217680949,18.64218229011604,29.907041289283292
314.32691461816535,127.22833797309724,18.75861282199407,29.954170955863052
320.12209968557124,127.32018782233386,18.78386616130347,30.184607547940033
326.6694036119013,125.36238739454424,18.652989120715986,30.393364312103884
333.03758343275916,126.33372057096679,18.72311274773818,30.20266193230411
336.1203363386644,126.38730013108292,18.726045370528524,30.261596712871597
346.0675495311726,124.92708967268453,18.530591687538454,30.4119148903343
349.2718395241482,125.18819093775349,18.46687368584014,30.436312701993245
355.4898341967253,125.5300343794808,18.354666307848987,30.62222378997799
361.7466631659609,125.67154215111644,18.363645736626395,30.435628087757813
368.1152846904513,129.54771953278313,18.15730268917147,30.209574708396598
374.5747226019077,130.04553334044573,18.07210415812885,30.109348153652583
380.9110964392084,131.40019393520004,18.064046501227597,29.90996544261384
387.14066354351627,127.70681270487657,18.157890808236907,29.763835676087922
397.47275688331763,128.1411734632779,17.93636732138321,29.71852419346493
404.10650529107465,128.4101401023709,17.99924236255857,29.348654764489687
411.0028227411475,129.27755532303604,17.94480860377035,28.94730539653892
420.90789596046943,130.1524803862384,17.74623633810011,28.72876725896476
427.7601693001652,130.77647505769406,17.629055762834486,28.405658063033762
437.6522235516632,128.88902789011075,17.219441812450768,28.689738189216
447.295306878659,130.45453332626477,17.123544628674047,28.47594552522096
453.4004734529769,128.6695033720228,17.11574329461343,28.26898521771673
466.34487747994103,130.98607301725897,16.96227154439611,28.059740332609337
472.80538314321194,130.50029074169842,16.812078928181464,28.067459690344354
