40.5,145.5,66,102
50.55834320898305,150.66661729458644,67.36683218249777,100.99152584783883
62.21592722033387,149.59452561153694,67.49993686487426,100.00482933494003
74.46050051398629,150.10874521970024,67.73715250596295,99.56662582875748
88.70144332929712,149.2446563308045,67.03183051975049,99.22891567853993
93.92307512984493,148.85488482093118,67.02467169312996,98.18702169705823
107.59237670757636,149.980055123061,65.73713970465928,97.57824844223252
111.84854715322378,150.93032119249384,65.09799064686055,96.4174285416786
125.23105014854892,153.03738759264297,63.339954108114554,95.17765286952363
135.9321152562632,154.5898691462156,61.61284411058155,93.53386448886458
144.76500952964673,156.0144688498596,59.45597814071876,92.00556826360629
152.96581609148075,155.18138281886013,57.32760606014154,90.72754958501993
156.29091608158018,155.174436002408,56.788700826341625,90.1781100045949
166.21997770268638,157.54158585927456,55.13428814015949,88.4021952815539
174.37517832442006,159.59607235786973,53.395115877710154,86.53097138409498
182.05218471880164,159.63837974057577,52.014225685687755,84.97463914183811
188.31505363259677,158.89656554794175,50.50299133710136,83.53528078127181
193.2367630497503,159.0185418987407,49.43908204716691,81.59317279574599
199.04163751396672,159.220048741823,48.12025719099969,79.79819360112035
204.7846164842597,160.3225899394555,46.73803517418081,77.51630021260122
210.00445601844933,159.9243119623734,45.59474473190015,75.8827516726706
215.78845944660617,160.7685882713683,44.26209420645807,74.23327714502065
216.7395497196311,159.45892707060526,43.39303262364981,73.48372571193676
222.88383645413745,161.38902385113312,42.2543614983871,72.01018271316741
227.96244878584358,163.19536588194075,40.982456544752644,70.34586469750403
231.94128980380347,162.9719020013465,39.519231753705924,68.80934884087172
237.46778888810002,163.5383123239888,38.271738384002006,67.31860704228015
241.67379545471954,164.1636606758304,37.15993524984745,65.85209755118336
245.1956084406287,164.79999750534762,35.96766626121392,64.4680161874976
248.49222424511245,164.35155098196662,34.78155821792026,63.418547930930096
251.73052889272304,165.43531118594865,33.729867097442735,62.165657101556434
255.92993525565922,165.8990155679507,32.786701840137255,60.762718189999845
259.1538360079187,164.2974666844251,31.725570448228183,60.13066929147793
262.5801523307043,164.96106297314043,30.808337811812166,59.14472185865291
266.9637336112635,166.20415197057358,29.940571193381814,57.9387777238025
270.342162513003,165.2437099985156,29.162599994211803,57.05289158162997
272.54385453849494,166.09105807397026,28.601996294866822,56.16587037512146
275.4891526908863,165.5548977374708,28.11058374023657,55.25003985545526
275.35518344847657,166.16641268054389,27.798057444725497,54.89217567975834
279.29210119030284,166.8247947344351,27.354833571485536,53.905843986984465
282.1473945536353,166.42066640190163,26.778132705263662,53.0555749467139
284.22514468647495,166.9832827095462,26.266921217889514,52.13321122516729
286.83592904330897,166.3450462339894,25.58258013483671,51.82176434500495
286.0981779999439,167.5751800284632,25.349725960313425,51.519788811187354
289.61408713499316,165.84664941804732,24.9431394330738,51.080135344671675
292.39211350071366,166.53573457547708,24.54645903134474,50.15323185501133
295.1362002375863,167.14496397535842,23.937189423413674,49.41060504072224
297.02407145403606,167.53432246661046,23.507205667043092,48.48604027572556
298.5685684021664,168.28030921972334,23.102517677078115,47.55516701402188
299.56328157221503,167.58297515683148,22.70711694885837,46.78628786235502
301.1454110172318,168.673866962589,22.370234186067837,46.09226145680316
303.656460472554,167.73025974174038,22.05797128158802,45.34233347868531
305.1057617922693,169.40819376409848,21.836470492667157,44.4510719574829
306.97042025171146,169.56315879965823,21.481649080069385,43.64087986434497
308.4484737005056,170.23873173143446,21.191651505982655,42.85028182946682
310.39257075195064,169.59623198950334,20.91793193808096,42.18244026985679
311.4296889990019,169.8444161469691,20.561719101777275,41.733069539327815
313.19933748173315,169.82580800744861,20.322838129051597,41.080444130689486
314.62308354224655,170.3808382056541,19.980728069029357,40.434866995386926
315.7849497723281,170.58989405665938,19.667690351068984,39.7828160033297
316.98369757310104,170.32801456311654,19.381608228374432,39.27271478381135
318.69612539657953,171.11901265613426,19.16368846398587,38.78767377794409
319.992756094185,171.02498716034535,18.899021038120004,38.197248233247954
320.9918699690426,170.94474599701726,18.67918584173426,37.74103312929341
321.5894087990477,170.92425006410394,18.437281580695597,37.32218091252614
323.2748106300004,171.9797474324734,18.193760299847987,36.68018162771444
324.03673377298014,172.7934270999429,17.834578282382104,36.02704376074722
324.88458373701513,172.66506459318202,17.567368993045047,35.294644654987195
326.13609996326943,172.7196350620152,17.369863989190698,34.86791431512213
327.24043175012935,172.78837841430936,17.116966974117958,34.377246725218825
328.7497315832967,172.80841706219968,16.868470762373086,34.00999825276621
329.61469499855764,172.21232734249998,16.656861750492958,33.71437196802164
330.67668850355346,172.24704145480982,16.42705706491077,33.40501996820586
331.64635064231487,172.34471154322057,16.346588511722594,33.166038175725376
332.7949454037605,173.12431083976074,16.1694835129861,33.04549960824163
333.02547000460976,171.34281221995482,16.205547866957346,32.978646698698796
333.70373398439375,172.28934563785273,16.186909697924293,32.93855010540331
333.76636969568676,172.60688448311464,16.336411247206815,32.542058125404964
335.04861260819666,173.09011020886263,16.324190827841917,32.1904670893677
335.48876609105315,172.39767127190385,16.361725713840244,31.936711473676503
336.59957147989746,173.2641801310385,16.336032304086707,31.69659031226144
336.68664488127877,173.5537818963656,16.22618635880852,31.42046629730281
337.80495718335936,174.2612016800686,16.08598561901192,31.30620377438381
339.56261818322406,174.4878123286751,15.89879601025845,30.83256997063516
339.7247542358548,174.2911782717746,15.65755047805896,30.361597974515632
340.5050278432948,174.46368247048184,15.545181912127648,29.960514525674263
341.6014750162159,173.2305653570003,15.34444907866036,29.96887421612311
342.36484375488743,174.03394186630783,15.191729197561997,29.618127319143447
342.9086243823324,174.37213095335434,15.06468290534527,29.329073418636707
344.0101254932271,174.22382203174118,15.000586924019151,29.03484609422614
344.35548219013253,173.98765860127406,14.895744392215473,28.73043669569992
345.44621165012654,174.8021347477225,14.868428805662457,28.54743240752568
346.22194954634483,173.50767244691383,14.799238989635795,28.351448476046706
346.88358973513203,173.71674985603295,14.701932933426722,28.35676543643967
347.48499285584074,173.93598015390657,14.557094474029906,27.995015005239374
348.7026577564385,174.77373654704917,14.504467023450788,27.88592992662629
348.72713191728354,174.00898434089203,14.475932543812998,27.78753981818101
348.8700300824097,175.2558567780572,14.406334121485358,27.53298862175288
348.9346031793309,175.031219726728,14.348278938809461,27.449450009834536
350.8222102507296,174.5328219198764,14.320220939200528,27.437847567507482
351.2532130823819,175.38412933726912,14.456754127633944,27.063547513911043
351.5708883867927,175.40609594449433,14.336068407194274,26.865190421863772
352.39770883302583,175.12035376347768,14.269246329005705,26.49930865592919
352.55776215524946,175.19713449437631,14.232607066751012,26.195552444895842
353.1582658736777,175.97692611486843,14.08618162967334,25.946988862953983
353.6635483238463,175.27791544076072,13.97275812633546,25.80877618998255
354.23200026721804,175.00826605172037,13.924203224310357,25.602910156452076
354.4545479009366,175.38910139404084,13.768143277155225,25.409597952741464
354.70340866690594,174.94227225389199,13.665059836542243,25.26990826875237
354.8806106750108,174.89033166138643,13.679545777998936,25.19326738442849
355.5166500351786,175.15565464770896,13.619081308800117,24.91244052658773
356.6035635410797,174.26686381459007,13.418855876663981,24.819949351181197
356.83977506180685,174.8258887370938,13.298930174458421,24.561982251725816
357.5308901930782,175.0722662466886,13.269652273022539,24.223701401552066
357.3939396111338,174.42931135991822,13.124907309925787,24.086823627981353
358.1988092506635,174.68186210424494,12.987549265035478,23.92880779406346
357.5409001155276,174.46245728688996,12.930769840910184,23.704983473294778
358.39056372857283,175.37447230047945,12.942849203374221,23.500465288843404
359.04883073092293,174.7680380550536,12.916204057469127,23.353366071107487
359.18338694845005,174.84927441412736,12.848187725010277,23.188050422348713
358.4546246574631,175.5816126029747,12.994926655777139,22.852215802428407
359.4427970744607,175.39585301540998,13.024856045109534,22.65694654257558
359.9958620966343,174.76187356241604,13.0719918346171,22.331099777825205
359.5173023329974,175.9111335845391,13.150717115789515,22.312606169431174
360.5043023325641,175.3362351827583,13.277658774676043,22.163067612465756
359.99410563780475,176.2532250392881,13.29980197775144,22.130808399398468
360.8290062924924,175.58854532008178,13.44595571121522,21.991095019055013
360.56219704394096,174.67384606258767,13.489492301999517,21.778890922501482
361.81587021890067,175.4912553585604,13.53731434235407,21.844933903775335
362.1195317036648,175.86402498292148,13.534637042286137,21.6733389852686
363.2658275543164,175.1315883357821,13.520879683939492,21.798849896658574
362.4246681250613,174.89222892667522,13.558034648749969,21.690038161531422
363.0529033955118,175.66334819591688,13.530519495918123,21.574888956582367
363.56601922471503,175.33629176126428,13.409485219484967,21.45389503820597
362.1974939569609,175.08158183819918,13.399424672916199,21.219335966737464
362.72996607515427,175.00015089237695,13.311472387995126,21.105718345928846
364.1589541788474,174.86262793910979,13.273017130926153,21.124980724373636
364.0667266966742,175.9537095960852,13.185366133234512,21.153780659629373
364.7166612549824,175.10169863794917,13.096916598985118,21.17383260138357
364.46244180162694,175.2373241706039,12.948153738728251,21.099523060818196
364.9315421720364,175.6577972968745,12.89915070508549,21.027827797237247
364.73395112580056,174.45415669794076,12.744649763137177,20.951080417300144
364.9031622754163,175.1808941569068,12.639728421394674,21.02356666002788
365.5499094344308,174.3016762984212,12.875230213328274,20.752567219223177
365.24415520291393,174.07076651809916,12.852387184433828,20.768489468895037
364.86048485927404,174.8219095678757,12.883535704908402,20.682355131350636
365.69542941027635,174.77463103771072,13.00252921608579,20.647495338491105
365.99406854776237,173.7553522539393,13.238718245820372,20.69194589805361
365.77289848206743,173.99590373477187,13.21783760208281,20.56930538927694
366.2524115535055,174.7043081071789,13.20161567654518,20.733804532493927
365.60547525641823,174.43293015247178,13.235877856214783,20.684915499147678
364.62105704843106,175.11528751837056,13.290691111254665,20.61199435217374
365.70611237361885,174.0377663341048,13.379181411120115,20.54421262402558
365.5903573530342,174.2784189930932,13.44201075460993,20.389447090718644
366.15206687547,174.2498356706759,13.515355940466515,20.27013394891876
366.1522745861842,175.04555064518846,13.570214707556612,20.105912304298883
366.3758232971737,174.30171426541168,13.661766308156757,19.91526692096153
366.47926251729234,175.34783581055103,13.667571664802157,19.77505890014848
367.49684483281305,175.86216244668935,13.797264421303499,19.64790734305506
366.90307732947076,174.92125727505083,13.733130855562242,19.571834924376844
366.44597684891244,175.15765398243101,13.681430441862004,19.388490694749443
366.01330350318347,175.0137102746494,13.666150037620634,19.283782610558738
367.1479116695976,176.07978311280317,13.726724535404493,18.942397570580866
366.5498782152194,175.37176989636544,13.709889136650503,18.81623369011708
367.9264102764829,175.35718136722403,13.581549879083253,18.90706026089949
367.6567495333387,175.76992062384903,13.530372798744118,18.974832272647163
369.43974018482095,176.05689897548908,13.615043189123762,19.031327367806135
367.095237459881,174.63686199529272,13.599468808834025,18.979757088773162
368.29460702994163,175.7125754322448,13.62800246534357,18.947113212000374
367.7656153681526,176.1430603814721,13.590820059398897,18.91478717197849
369.11785321406546,176.45039476882678,13.504444295475453,18.96155459741105
368.9263609742605,176.30924518365163,13.434947266830314,19.107152645835082
368.40989613070354,174.66357516631416,13.588175995215432,19.160132990797504
368.04115286949065,175.4011573982365,13.610882008169343,19.034248049848575
368.22275730912435,175.17849801925544,13.510606323539223,19.01533069736189
368.41260312815626,174.6590141772677,13.681217310177875,18.9278200669377
368.94466617600403,175.9177498616248,13.81428626758294,18.721144720638637
369.2219540151847,175.6860294793271,13.701678463987001,18.791728172077935
369.2150588494856,175.83037490999178,13.76295877003294,18.59125097802208
369.7833189824805,176.31669703796754,13.798873906913295,18.357424235059575
369.97594995972594,175.93677427376448,13.629933674095446,18.394653269763758
371.47118492569325,176.43242978769655,13.565357287311592,18.329599554197458
369.9825772185689,176.70690692258842,13.36031314192899,18.238084379195577
370.21623462619806,175.75130597853152,13.28000228489593,18.04513144209883
