1416.0 471.0 157.0 56.0
1445.0 455.0 155.0 55.0
1475.0 450.0 150.0 55.0
1515.0 430.0 145.0 55.0
1550.0 425.0 145.0 50.0
1580.0 425.0 140.0 50.0
1620.0 405.0 140.0 50.0
1655.0 395.0 135.0 50.0
1680.0 395.0 135.0 50.0
1695.0 395.0 135.0 50.0
1715.0 390.0 140.0 50.0
1725.0 390.0 140.0 50.0
1725.0 350.0 140.0 50.0
1725.0 345.0 140.0 50.0
1700.0 325.0 140.0 50.0
1670.0 300.0 140.0 50.0
1655.0 280.0 140.0 50.0
1655.0 270.0 140.0 50.0
1655.0 285.0 140.0 50.0
1650.0 345.0 140.0 50.0
1660.0 345.0 140.0 50.0
1670.0 350.0 140.0 50.0
1670.0 360.0 140.0 50.0
1665.0 380.0 140.0 50.0
1665.0 395.0 140.0 50.0
1675.0 390.0 140.0 50.0
1675.0 405.0 140.0 50.0
1685.0 405.0 140.0 50.0
1690.0 395.0 135.0 50.0
1700.0 385.0 135.0 50.0
1705.0 375.0 135.0 50.0
1720.0 365.0 135.0 50.0
1725.0 355.0 135.0 50.0
1725.0 350.0 135.0 50.0
1705.0 350.0 135.0 50.0
1695.0 340.0 135.0 50.0
1690.0 330.0 130.0 50.0
1675.0 310.0 130.0 50.0
1665.0 300.0 130.0 50.0
1685.0 300.0 130.0 50.0
1740.0 315.0 130.0 50.0
1765.0 310.0 125.0 50.0
1775.0 300.0 125.0 50.0
1785.0 290.0 125.0 50.0
1795.0 280.0 125.0 50.0
1800.0 275.0 125.0 50.0
1810.0 270.0 125.0 50.0
1815.0 265.0 125.0 50.0
1805.0 260.0 120.0 50.0
1790.0 270.0 120.0 50.0
1785.0 270.0 120.0 50.0
1785.0 270.0 120.0 50.0
1775.0 255.0 115.0 50.0
1770.0 245.0 115.0 50.0
1765.0 240.0 115.0 50.0
1755.0 230.0 115.0 50.0
1755.0 225.0 115.0 50.0
1750.0 225.0 115.0 50.0
1750.0 220.0 115.0 50.0
1745.0 215.0 115.0 50.0
1740.0 215.0 115.0 50.0
1695.0 235.0 115.0 50.0
1635.0 250.0 115.0 50.0
1565.0 240.0 115.0 50.0
1470.0 205.0 110.0 50.0
1400.0 160.0 110.0 50.0
1390.0 160.0 110.0 50.0
1395.0 160.0 110.0 50.0
1405.0 160.0 110.0 50.0
1415.0 160.0 110.0 50.0
1425.0 160.0 110.0 50.0
1430.0 165.0 105.0 50.0
1445.0 170.0 105.0 50.0
1455.0 175.0 105.0 50.0
1470.0 185.0 105.0 50.0
1475.0 210.0 105.0 50.0
1470.0 230.0 100.0 50.0
1465.0 250.0 100.0 50.0
1455.0 270.0 100.0 50.0
1460.0 275.0 100.0 50.0
1460.0 275.0 100.0 50.0
1465.0 285.0 100.0 50.0
1480.0 300.0 100.0 50.0
1495.0 305.0 100.0 50.0
