1064.0 378.0 26.0 16.0
1035.0 355.0 50.0 50.0
1020.0 355.0 50.0 50.0
1010.0 350.0 50.0 50.0
995.0 355.0 50.0 50.0
990.0 350.0 50.0 50.0
985.0 350.0 50.0 50.0
990.0 345.0 50.0 55.0
995.0 345.0 50.0 55.0
995.0 345.0 50.0 55.0
1000.0 345.0 50.0 55.0
995.0 350.0 50.0 55.0
995.0 345.0 50.0 55.0
990.0 345.0 50.0 60.0
985.0 350.0 50.0 60.0
980.0 350.0 50.0 55.0
980.0 350.0 50.0 60.0
985.0 350.0 50.0 60.0
975.0 345.0 50.0 65.0
975.0 350.0 50.0 60.0
970.0 355.0 50.0 60.0
960.0 355.0 50.0 60.0
955.0 355.0 50.0 60.0
955.0 360.0 50.0 60.0
950.0 365.0 50.0 60.0
940.0 370.0 50.0 60.0
940.0 375.0 50.0 60.0
940.0 385.0 50.0 60.0
945.0 395.0 50.0 65.0
945.0 405.0 50.0 65.0
950.0 420.0 50.0 65.0
950.0 425.0 50.0 70.0
940.0 430.0 50.0 70.0
935.0 430.0 50.0 70.0
925.0 430.0 50.0 65.0
920.0 430.0 50.0 65.0
915.0 430.0 50.0 65.0
900.0 425.0 50.0 65.0
890.0 430.0 50.0 65.0
880.0 425.0 50.0 65.0
870.0 430.0 50.0 65.0
865.0 430.0 50.0 60.0
855.0 435.0 50.0 60.0
845.0 430.0 50.0 60.0
835.0 435.0 50.0 60.0
825.0 435.0 50.0 60.0
825.0 440.0 50.0 60.0
820.0 440.0 50.0 60.0
820.0 445.0 50.0 60.0
805.0 445.0 50.0 60.0
805.0 445.0 50.0 65.0
810.0 455.0 50.0 65.0
810.0 460.0 50.0 65.0
810.0 465.0 50.0 65.0
815.0 470.0 50.0 70.0
810.0 480.0 50.0 70.0
810.0 485.0 50.0 70.0
810.0 490.0 50.0 70.0
800.0 490.0 50.0 70.0
790.0 495.0 50.0 70.0
785.0 495.0 50.0 70.0
775.0 500.0 50.0 70.0
775.0 500.0 50.0 70.0
765.0 510.0 50.0 70.0
765.0 515.0 50.0 65.0
765.0 520.0 50.0 65.0
765.0 520.0 50.0 70.0
755.0 525.0 50.0 65.0
750.0 530.0 50.0 65.0
745.0 530.0 50.0 65.0
740.0 530.0 50.0 65.0
740.0 530.0 50.0 65.0
735.0 530.0 50.0 60.0
730.0 535.0 50.0 60.0
725.0 535.0 50.0 60.0
715.0 530.0 50.0 60.0
710.0 540.0 50.0 55.0
710.0 535.0 50.0 55.0
705.0 535.0 50.0 55.0
695.0 540.0 50.0 55.0
685.0 535.0 50.0 55.0
685.0 535.0 50.0 55.0
685.0 540.0 50.0 50.0
680.0 540.0 50.0 50.0
680.0 535.0 50.0 55.0
680.0 540.0 50.0 55.0
685.0 540.0 50.0 55.0
685.0 540.0 50.0 55.0
675.0 535.0 50.0 50.0
675.0 535.0 50.0 50.0
670.0 535.0 50.0 50.0
665.0 535.0 50.0 50.0
650.0 535.0 50.0 50.0
645.0 540.0 50.0 50.0
645.0 540.0 50.0 55.0
645.0 540.0 50.0 55.0
655.0 540.0 50.0 55.0
660.0 535.0 50.0 60.0
650.0 540.0 50.0 60.0
645.0 540.0 50.0 60.0
645.0 540.0 50.0 60.0
640.0 540.0 50.0 60.0
645.0 540.0 50.0 60.0
650.0 545.0 50.0 60.0
655.0 545.0 50.0 60.0
660.0 545.0 50.0 60.0
660.0 550.0 50.0 60.0
660.0 550.0 50.0 60.0
660.0 550.0 50.0 65.0
660.0 555.0 50.0 65.0
655.0 555.0 50.0 60.0
650.0 555.0 50.0 60.0
645.0 560.0 50.0 60.0
640.0 560.0 50.0 55.0
620.0 555.0 50.0 60.0
605.0 555.0 50.0 60.0
600.0 555.0 50.0 60.0
590.0 560.0 50.0 60.0
585.0 555.0 50.0 60.0
575.0 560.0 50.0 60.0
575.0 560.0 50.0 60.0
565.0 560.0 50.0 55.0
555.0 560.0 50.0 55.0
545.0 560.0 50.0 55.0
535.0 560.0 50.0 55.0
530.0 560.0 50.0 55.0
530.0 560.0 50.0 55.0
535.0 555.0 50.0 55.0
540.0 555.0 50.0 60.0
540.0 550.0 50.0 60.0
540.0 555.0 50.0 60.0
535.0 555.0 50.0 60.0
535.0 560.0 50.0 60.0
530.0 555.0 50.0 60.0
530.0 555.0 50.0 60.0
530.0 560.0 50.0 60.0
530.0 560.0 50.0 60.0
530.0 555.0 50.0 65.0
530.0 560.0 50.0 65.0
530.0 560.0 50.0 65.0
530.0 560.0 50.0 60.0
530.0 560.0 50.0 60.0
530.0 565.0 50.0 60.0
530.0 560.0 50.0 55.0
520.0 555.0 50.0 55.0
520.0 555.0 50.0 55.0
530.0 550.0 50.0 55.0
540.0 550.0 50.0 55.0
540.0 545.0 50.0 55.0
545.0 550.0 50.0 55.0
545.0 550.0 50.0 55.0
535.0 550.0 50.0 55.0
535.0 550.0 50.0 55.0
535.0 550.0 50.0 55.0
535.0 550.0 50.0 50.0
530.0 550.0 50.0 50.0
535.0 555.0 50.0 50.0
530.0 555.0 50.0 50.0
535.0 560.0 50.0 50.0
545.0 565.0 50.0 50.0
555.0 565.0 50.0 55.0
570.0 555.0 50.0 55.0
590.0 545.0 50.0 55.0
600.0 540.0 50.0 55.0
600.0 525.0 50.0 55.0
595.0 525.0 50.0 55.0
595.0 515.0 50.0 55.0
595.0 520.0 50.0 55.0
585.0 515.0 50.0 55.0
575.0 515.0 50.0 55.0
565.0 515.0 50.0 55.0
560.0 520.0 50.0 55.0
555.0 515.0 50.0 50.0
545.0 520.0 50.0 50.0
545.0 520.0 50.0 50.0
535.0 520.0 50.0 50.0
535.0 525.0 50.0 55.0
535.0 520.0 50.0 55.0
535.0 525.0 50.0 55.0
530.0 525.0 50.0 55.0
525.0 530.0 50.0 55.0
525.0 530.0 50.0 55.0
525.0 535.0 50.0 60.0
520.0 540.0 50.0 55.0
520.0 545.0 50.0 55.0
525.0 545.0 50.0 60.0
530.0 550.0 50.0 60.0
540.0 555.0 50.0 60.0
540.0 555.0 50.0 60.0
545.0 565.0 50.0 60.0
545.0 565.0 50.0 60.0
540.0 570.0 50.0 60.0
530.0 570.0 50.0 60.0
530.0 570.0 50.0 60.0
520.0 565.0 50.0 60.0
520.0 570.0 50.0 60.0
520.0 575.0 50.0 60.0
515.0 575.0 50.0 60.0
515.0 575.0 50.0 60.0
520.0 575.0 50.0 65.0
515.0 580.0 50.0 65.0
510.0 580.0 50.0 65.0
500.0 580.0 50.0 65.0
500.0 585.0 50.0 65.0
490.0 585.0 50.0 65.0
480.0 590.0 50.0 65.0
475.0 585.0 50.0 65.0
470.0 590.0 50.0 65.0
465.0 595.0 50.0 65.0
455.0 595.0 50.0 65.0
450.0 600.0 50.0 65.0
440.0 600.0 50.0 65.0
435.0 600.0 50.0 65.0
435.0 605.0 50.0 65.0
430.0 600.0 50.0 65.0
420.0 605.0 50.0 65.0
415.0 600.0 50.0 65.0
400.0 610.0 50.0 65.0
395.0 605.0 50.0 60.0
390.0 610.0 50.0 60.0
380.0 615.0 50.0 60.0
375.0 615.0 50.0 60.0
365.0 615.0 50.0 60.0
365.0 620.0 50.0 60.0
365.0 625.0 50.0 55.0
360.0 630.0 50.0 55.0
350.0 630.0 50.0 55.0
350.0 635.0 50.0 55.0
340.0 630.0 50.0 55.0
330.0 630.0 50.0 55.0
325.0 630.0 50.0 55.0
330.0 635.0 50.0 50.0
325.0 635.0 50.0 50.0
310.0 635.0 50.0 50.0
305.0 635.0 50.0 50.0
300.0 630.0 50.0 50.0
290.0 640.0 50.0 50.0
280.0 640.0 50.0 50.0
275.0 640.0 50.0 50.0
270.0 645.0 50.0 50.0
