1276.0 375.0 256.0 100.0
1275.0 375.0 255.0 100.0
1295.0 385.0 250.0 95.0
1315.0 375.0 245.0 95.0
1330.0 370.0 245.0 95.0
1345.0 370.0 240.0 95.0
1365.0 375.0 235.0 95.0
1380.0 375.0 235.0 90.0
1395.0 380.0 235.0 90.0
1415.0 360.0 230.0 90.0
1420.0 325.0 230.0 90.0
1400.0 280.0 225.0 90.0
1405.0 250.0 225.0 90.0
1410.0 240.0 220.0 85.0
1410.0 215.0 215.0 85.0
1405.0 210.0 220.0 85.0
1400.0 210.0 220.0 85.0
1405.0 215.0 220.0 85.0
1405.0 225.0 220.0 85.0
1410.0 250.0 215.0 85.0
1410.0 255.0 215.0 85.0
1410.0 270.0 220.0 85.0
1405.0 275.0 220.0 85.0
1410.0 285.0 215.0 85.0
1415.0 280.0 215.0 85.0
1420.0 275.0 210.0 85.0
1430.0 290.0 210.0 85.0
1440.0 310.0 210.0 85.0
1445.0 315.0 210.0 85.0
1440.0 315.0 210.0 85.0
1455.0 300.0 205.0 85.0
1460.0 305.0 205.0 85.0
1470.0 310.0 205.0 85.0
1475.0 305.0 200.0 80.0
1480.0 295.0 200.0 80.0
1485.0 285.0 195.0 80.0
1480.0 290.0 200.0 80.0
1480.0 295.0 200.0 80.0
1480.0 310.0 200.0 80.0
1475.0 310.0 200.0 80.0
1485.0 300.0 195.0 80.0
1490.0 300.0 195.0 80.0
1490.0 320.0 195.0 80.0
1495.0 320.0 190.0 80.0
1510.0 335.0 190.0 75.0
1515.0 345.0 190.0 80.0
1525.0 360.0 185.0 75.0
1530.0 365.0 185.0 75.0
1530.0 380.0 185.0 75.0
1535.0 385.0 185.0 75.0
1535.0 390.0 185.0 75.0
1535.0 405.0 185.0 75.0
1540.0 400.0 185.0 75.0
1550.0 385.0 180.0 75.0
1560.0 400.0 180.0 75.0
1575.0 410.0 175.0 75.0
1585.0 420.0 175.0 75.0
1600.0 440.0 175.0 75.0
1605.0 460.0 175.0 75.0
1605.0 485.0 175.0 75.0
1605.0 490.0 175.0 75.0
1600.0 475.0 175.0 75.0
1605.0 465.0 170.0 75.0
1605.0 440.0 170.0 75.0
1595.0 425.0 165.0 70.0
1580.0 395.0 165.0 70.0
1565.0 370.0 165.0 70.0
1550.0 355.0 160.0 70.0
1535.0 345.0 160.0 70.0
1515.0 335.0 160.0 70.0
1495.0 330.0 160.0 70.0
1475.0 325.0 160.0 70.0
1465.0 325.0 160.0 70.0
1455.0 325.0 160.0 70.0
1455.0 325.0 160.0 70.0
1455.0 335.0 160.0 70.0
1450.0 335.0 155.0 70.0
1455.0 340.0 155.0 70.0
1450.0 345.0 155.0 70.0
1445.0 345.0 155.0 70.0
1435.0 335.0 155.0 70.0
1425.0 325.0 150.0 70.0
1425.0 325.0 150.0 70.0
1430.0 325.0 150.0 70.0
1430.0 330.0 150.0 70.0
1435.0 330.0 150.0 70.0
1435.0 330.0 150.0 70.0
1435.0 330.0 150.0 70.0
1445.0 330.0 150.0 70.0
1445.0 330.0 145.0 70.0
1445.0 330.0 145.0 70.0
1445.0 330.0 145.0 70.0
1450.0 330.0 145.0 70.0
1455.0 330.0 140.0 70.0
1455.0 330.0 140.0 70.0
1460.0 335.0 135.0 70.0
1460.0 330.0 135.0 70.0
1460.0 330.0 135.0 70.0
1460.0 325.0 135.0 70.0
1465.0 335.0 135.0 65.0
1465.0 340.0 135.0 65.0
1465.0 335.0 135.0 70.0
1465.0 330.0 130.0 65.0
1460.0 330.0 125.0 65.0
1455.0 325.0 125.0 65.0
1460.0 325.0 125.0 65.0
1460.0 325.0 120.0 65.0
1460.0 320.0 120.0 65.0
1455.0 320.0 120.0 65.0
1450.0 320.0 120.0 65.0
1455.0 320.0 120.0 65.0
1455.0 325.0 115.0 65.0
1455.0 330.0 115.0 65.0
1455.0 335.0 115.0 60.0
1455.0 340.0 115.0 60.0
1460.0 340.0 115.0 60.0
1455.0 350.0 110.0 60.0
1450.0 350.0 110.0 60.0
1450.0 350.0 110.0 60.0
1450.0 355.0 110.0 60.0
1445.0 355.0 110.0 60.0
1445.0 355.0 110.0 60.0
1440.0 360.0 110.0 60.0
1445.0 360.0 110.0 60.0
1445.0 360.0 110.0 60.0
1450.0 365.0 110.0 60.0
1450.0 365.0 110.0 60.0
1445.0 365.0 110.0 55.0
1445.0 365.0 110.0 55.0
1435.0 355.0 110.0 55.0
1430.0 355.0 110.0 55.0
1420.0 350.0 105.0 55.0
1415.0 355.0 105.0 55.0
1410.0 350.0 105.0 55.0
1415.0 355.0 105.0 55.0
1405.0 355.0 105.0 55.0
1390.0 360.0 105.0 50.0
1380.0 365.0 105.0 50.0
1380.0 360.0 105.0 50.0
1380.0 360.0 105.0 50.0
1375.0 360.0 110.0 50.0
1365.0 355.0 110.0 50.0
1355.0 350.0 110.0 50.0
1340.0 350.0 110.0 50.0
1330.0 335.0 110.0 50.0
1320.0 335.0 110.0 50.0
1320.0 330.0 110.0 50.0
1310.0 330.0 110.0 50.0
1310.0 330.0 115.0 50.0
1300.0 330.0 115.0 50.0
1295.0 330.0 115.0 50.0
1290.0 330.0 110.0 50.0
1295.0 335.0 110.0 50.0
1290.0 345.0 110.0 50.0
1305.0 345.0 110.0 50.0
1305.0 350.0 110.0 50.0
1310.0 355.0 110.0 50.0
1315.0 360.0 110.0 50.0
1315.0 365.0 110.0 50.0
1320.0 360.0 110.0 50.0
1320.0 360.0 110.0 50.0
1335.0 360.0 110.0 50.0
1330.0 360.0 110.0 50.0
1335.0 365.0 110.0 50.0
1340.0 365.0 110.0 50.0
1345.0 370.0 105.0 50.0
1355.0 375.0 105.0 50.0
1365.0 380.0 105.0 50.0
1365.0 385.0 105.0 50.0
1365.0 385.0 105.0 50.0
1370.0 390.0 105.0 50.0
1365.0 390.0 105.0 50.0
1365.0 395.0 105.0 50.0
1365.0 400.0 105.0 50.0
1365.0 400.0 105.0 50.0
1365.0 400.0 105.0 50.0
1365.0 400.0 105.0 50.0
1365.0 400.0 105.0 50.0
1365.0 405.0 105.0 50.0
1365.0 410.0 105.0 50.0
1370.0 415.0 105.0 50.0
1365.0 410.0 105.0 50.0
1365.0 410.0 105.0 50.0
1365.0 410.0 105.0 50.0
1365.0 415.0 105.0 50.0
1370.0 420.0 100.0 50.0
1370.0 415.0 100.0 50.0
1375.0 420.0 100.0 50.0
1375.0 420.0 100.0 50.0
1370.0 420.0 100.0 50.0
1365.0 415.0 100.0 50.0
1365.0 415.0 100.0 50.0
1365.0 415.0 100.0 50.0
1355.0 410.0 100.0 50.0
1355.0 405.0 100.0 50.0
1350.0 405.0 100.0 50.0
1350.0 400.0 100.0 50.0
1345.0 395.0 100.0 50.0
1340.0 395.0 95.0 50.0
1335.0 395.0 95.0 50.0
1330.0 390.0 95.0 50.0
1325.0 390.0 95.0 50.0
1320.0 390.0 95.0 50.0
1320.0 385.0 95.0 50.0
1315.0 390.0 95.0 50.0
1310.0 385.0 95.0 50.0
1300.0 385.0 95.0 50.0
1300.0 380.0 95.0 50.0
1305.0 385.0 95.0 50.0
1305.0 380.0 95.0 50.0
1310.0 380.0 95.0 50.0
1310.0 380.0 95.0 50.0
1305.0 380.0 95.0 50.0
1305.0 380.0 95.0 50.0
1310.0 380.0 95.0 50.0
1305.0 380.0 95.0 50.0
