273.0 372.0 42.0 25.0
285.0 355.0 50.0 50.0
295.0 350.0 50.0 50.0
310.0 350.0 50.0 50.0
325.0 345.0 50.0 50.0
340.0 345.0 50.0 50.0
355.0 345.0 50.0 50.0
365.0 340.0 50.0 50.0
380.0 335.0 50.0 50.0
395.0 335.0 50.0 50.0
405.0 330.0 50.0 50.0
420.0 330.0 50.0 50.0
435.0 330.0 50.0 50.0
445.0 325.0 50.0 50.0
455.0 325.0 50.0 50.0
470.0 325.0 50.0 50.0
480.0 320.0 55.0 50.0
500.0 315.0 50.0 50.0
510.0 315.0 50.0 50.0
525.0 315.0 50.0 50.0
535.0 310.0 50.0 50.0
550.0 305.0 50.0 50.0
560.0 305.0 50.0 50.0
575.0 300.0 50.0 50.0
585.0 305.0 50.0 50.0
595.0 300.0 50.0 50.0
610.0 295.0 50.0 50.0
625.0 295.0 50.0 50.0
635.0 290.0 50.0 50.0
645.0 290.0 50.0 50.0
660.0 285.0 50.0 50.0
670.0 285.0 50.0 50.0
685.0 280.0 55.0 50.0
695.0 275.0 55.0 50.0
710.0 275.0 55.0 50.0
720.0 270.0 55.0 50.0
735.0 270.0 55.0 50.0
745.0 265.0 55.0 50.0
760.0 265.0 55.0 50.0
770.0 260.0 55.0 50.0
780.0 255.0 55.0 50.0
795.0 255.0 55.0 50.0
810.0 250.0 55.0 50.0
815.0 250.0 55.0 50.0
830.0 245.0 55.0 50.0
845.0 240.0 55.0 50.0
855.0 240.0 55.0 50.0
870.0 235.0 55.0 50.0
880.0 235.0 55.0 50.0
890.0 225.0 55.0 50.0
905.0 225.0 55.0 50.0
915.0 225.0 55.0 50.0
925.0 220.0 55.0 50.0
940.0 220.0 55.0 50.0
955.0 215.0 55.0 50.0
965.0 210.0 55.0 50.0
975.0 205.0 55.0 50.0
985.0 205.0 55.0 50.0
1000.0 200.0 55.0 50.0
1015.0 195.0 55.0 50.0
1025.0 195.0 55.0 50.0
1035.0 190.0 55.0 50.0
1050.0 185.0 60.0 50.0
1065.0 185.0 60.0 50.0
1075.0 180.0 55.0 50.0
1090.0 175.0 60.0 50.0
1095.0 175.0 60.0 50.0
1110.0 170.0 60.0 50.0
1125.0 165.0 60.0 50.0
1140.0 165.0 55.0 50.0
1150.0 155.0 60.0 50.0
1155.0 150.0 60.0 50.0
1165.0 150.0 60.0 50.0
1175.0 145.0 60.0 50.0
1185.0 140.0 60.0 50.0
1185.0 140.0 60.0 50.0
1185.0 140.0 60.0 50.0
1180.0 135.0 60.0 50.0
1175.0 130.0 60.0 50.0
1170.0 125.0 60.0 50.0
1155.0 125.0 60.0 50.0
1140.0 120.0 55.0 50.0
1120.0 115.0 55.0 50.0
1100.0 115.0 55.0 50.0
1075.0 110.0 55.0 50.0
1050.0 105.0 60.0 50.0
1030.0 105.0 60.0 50.0
1010.0 100.0 60.0 50.0
995.0 95.0 60.0 50.0
980.0 90.0 60.0 50.0
970.0 90.0 60.0 50.0
960.0 85.0 60.0 50.0
955.0 80.0 60.0 50.0
955.0 75.0 60.0 50.0
960.0 70.0 60.0 50.0
960.0 70.0 60.0 50.0
965.0 65.0 60.0 50.0
965.0 60.0 55.0 50.0
970.0 60.0 55.0 50.0
975.0 50.0 55.0 50.0
980.0 50.0 55.0 50.0
990.0 45.0 55.0 50.0
995.0 40.0 55.0 50.0
1000.0 35.0 55.0 50.0
1005.0 30.0 55.0 50.0
1015.0 30.0 55.0 50.0
1040.0 25.0 60.0 50.0
1065.0 20.0 60.0 50.0
1080.0 20.0 60.0 50.0
1095.0 10.0 60.0 50.0
1110.0 10.0 65.0 50.0
1130.0 5.0 60.0 50.0
1145.0 -0.0 65.0 50.0
1160.0 -5.0 65.0 50.0
1175.0 -10.0 70.0 50.0
1185.0 -15.0 70.0 50.0
1200.0 -15.0 80.0 50.0
1205.0 -20.0 85.0 50.0
1205.0 -20.0 90.0 50.0
1205.0 -20.0 90.0 50.0
