60.0 316.0 52.0 22.0
75.0 300.0 50.0 50.0
90.0 300.0 55.0 50.0
120.0 300.0 55.0 50.0
120.0 300.0 60.0 50.0
140.0 305.0 60.0 50.0
150.0 300.0 60.0 50.0
170.0 300.0 60.0 50.0
185.0 305.0 60.0 50.0
200.0 305.0 60.0 50.0
215.0 305.0 60.0 50.0
230.0 305.0 60.0 50.0
245.0 305.0 60.0 50.0
260.0 305.0 60.0 50.0
275.0 305.0 60.0 50.0
290.0 305.0 60.0 50.0
305.0 310.0 60.0 50.0
320.0 310.0 60.0 50.0
335.0 305.0 60.0 50.0
350.0 310.0 60.0 50.0
365.0 310.0 60.0 50.0
380.0 310.0 60.0 50.0
395.0 310.0 60.0 50.0
410.0 315.0 60.0 50.0
425.0 310.0 60.0 50.0
445.0 315.0 60.0 50.0
455.0 315.0 60.0 50.0
475.0 315.0 60.0 50.0
485.0 315.0 60.0 50.0
500.0 315.0 60.0 50.0
515.0 315.0 60.0 50.0
530.0 320.0 60.0 50.0
545.0 315.0 60.0 50.0
565.0 315.0 60.0 50.0
575.0 320.0 60.0 50.0
590.0 315.0 60.0 50.0
605.0 320.0 60.0 50.0
620.0 320.0 60.0 50.0
635.0 320.0 60.0 50.0
650.0 320.0 60.0 50.0
665.0 320.0 60.0 50.0
675.0 320.0 60.0 50.0
695.0 325.0 60.0 50.0
705.0 320.0 60.0 50.0
720.0 320.0 60.0 50.0
735.0 325.0 60.0 50.0
750.0 320.0 60.0 50.0
765.0 325.0 60.0 50.0
780.0 325.0 60.0 50.0
795.0 325.0 60.0 50.0
810.0 325.0 60.0 50.0
825.0 325.0 65.0 50.0
840.0 325.0 60.0 50.0
850.0 330.0 60.0 50.0
865.0 330.0 60.0 50.0
880.0 325.0 60.0 50.0
895.0 330.0 60.0 50.0
910.0 330.0 60.0 50.0
925.0 330.0 60.0 50.0
935.0 330.0 60.0 50.0
955.0 330.0 60.0 50.0
965.0 330.0 60.0 50.0
980.0 330.0 60.0 50.0
995.0 330.0 60.0 50.0
1005.0 330.0 60.0 50.0
1025.0 330.0 60.0 50.0
1040.0 335.0 60.0 50.0
1050.0 335.0 60.0 50.0
1065.0 330.0 60.0 50.0
1080.0 335.0 60.0 50.0
1090.0 335.0 60.0 50.0
1105.0 340.0 60.0 50.0
1120.0 340.0 60.0 50.0
1135.0 340.0 60.0 50.0
1150.0 340.0 60.0 50.0
1165.0 335.0 60.0 50.0
1175.0 340.0 60.0 50.0
1190.0 340.0 60.0 50.0
1205.0 340.0 60.0 50.0
1205.0 340.0 60.0 50.0
1230.0 340.0 60.0 50.0
1245.0 345.0 60.0 50.0
1260.0 340.0 60.0 50.0
1270.0 340.0 60.0 50.0
1285.0 340.0 60.0 50.0
1300.0 345.0 65.0 50.0
1315.0 345.0 60.0 50.0
1325.0 345.0 65.0 50.0
1340.0 345.0 65.0 50.0
1350.0 355.0 65.0 50.0
1360.0 365.0 65.0 50.0
1380.0 370.0 65.0 50.0
1390.0 375.0 60.0 50.0
1395.0 375.0 60.0 50.0
1415.0 430.0 65.0 50.0
