1435.0 384.0 362.0 124.0
1460.0 365.0 360.0 125.0
1490.0 340.0 365.0 125.0
1540.0 330.0 365.0 125.0
1575.0 305.0 365.0 125.0
1600.0 300.0 365.0 125.0
1575.0 325.0 365.0 125.0
1545.0 340.0 355.0 130.0
1510.0 350.0 340.0 125.0
1460.0 380.0 335.0 125.0
1385.0 385.0 330.0 120.0
1465.0 305.0 330.0 120.0
1415.0 300.0 315.0 120.0
1430.0 320.0 295.0 125.0
1460.0 320.0 285.0 120.0
1455.0 315.0 290.0 120.0
1450.0 310.0 290.0 120.0
1440.0 340.0 300.0 120.0
1445.0 365.0 300.0 120.0
1465.0 380.0 300.0 120.0
1480.0 330.0 295.0 120.0
1500.0 315.0 290.0 120.0
1520.0 305.0 295.0 115.0
1525.0 270.0 300.0 115.0
1540.0 215.0 295.0 115.0
1520.0 165.0 290.0 115.0
1525.0 130.0 290.0 115.0
1520.0 160.0 290.0 115.0
1530.0 125.0 290.0 115.0
1530.0 120.0 285.0 115.0
1550.0 145.0 290.0 115.0
1575.0 170.0 290.0 115.0
1610.0 170.0 290.0 115.0
1575.0 210.0 290.0 115.0
1580.0 230.0 290.0 115.0
1575.0 255.0 290.0 115.0
1560.0 270.0 290.0 115.0
1530.0 290.0 285.0 115.0
1495.0 325.0 285.0 115.0
1485.0 315.0 285.0 115.0
1475.0 325.0 285.0 115.0
1460.0 340.0 280.0 115.0
1460.0 340.0 275.0 110.0
1455.0 330.0 275.0 110.0
1440.0 330.0 265.0 110.0
1380.0 315.0 250.0 110.0
1350.0 310.0 240.0 110.0
1375.0 290.0 240.0 110.0
1405.0 280.0 235.0 105.0
1385.0 290.0 240.0 105.0
1400.0 305.0 240.0 100.0
1380.0 300.0 245.0 95.0
1410.0 300.0 245.0 95.0
1595.0 280.0 240.0 95.0
1585.0 300.0 240.0 90.0
1590.0 300.0 235.0 90.0
1605.0 290.0 235.0 90.0
1610.0 275.0 235.0 90.0
1585.0 285.0 230.0 90.0
1560.0 290.0 225.0 90.0
1550.0 280.0 225.0 90.0
1575.0 285.0 225.0 85.0
1615.0 265.0 230.0 85.0
1660.0 225.0 235.0 85.0
1675.0 175.0 235.0 85.0
1665.0 115.0 240.0 85.0
1720.0 105.0 240.0 85.0
1760.0 125.0 240.0 85.0
1780.0 155.0 240.0 85.0
1830.0 145.0 225.0 85.0
1840.0 155.0 220.0 85.0
1880.0 180.0 215.0 85.0
1845.0 175.0 210.0 85.0
1825.0 205.0 205.0 85.0
1845.0 265.0 200.0 85.0
1775.0 315.0 205.0 80.0
1770.0 305.0 205.0 80.0
1825.0 320.0 200.0 80.0
1840.0 320.0 200.0 80.0
1845.0 335.0 200.0 80.0
1830.0 305.0 200.0 80.0
1840.0 325.0 200.0 80.0
1835.0 315.0 200.0 80.0
1845.0 335.0 195.0 75.0
1850.0 325.0 195.0 75.0
1840.0 335.0 190.0 75.0
1850.0 350.0 190.0 75.0
1860.0 305.0 185.0 75.0
1870.0 310.0 185.0 75.0
1855.0 320.0 185.0 75.0
1865.0 295.0 180.0 75.0
1855.0 310.0 180.0 75.0
1855.0 280.0 180.0 75.0
1850.0 290.0 180.0 75.0
1865.0 255.0 180.0 75.0
1860.0 260.0 180.0 75.0
1845.0 255.0 175.0 75.0
1850.0 235.0 175.0 75.0
1860.0 220.0 175.0 75.0
1860.0 235.0 175.0 75.0
1855.0 220.0 180.0 75.0
1870.0 195.0 175.0 75.0
1865.0 185.0 175.0 75.0
1870.0 215.0 170.0 75.0
1865.0 245.0 170.0 75.0
1865.0 255.0 170.0 75.0
1860.0 250.0 170.0 75.0
1875.0 235.0 165.0 75.0
1875.0 235.0 165.0 75.0
1870.0 240.0 165.0 75.0
1880.0 265.0 160.0 75.0
1885.0 270.0 155.0 75.0
1880.0 295.0 155.0 70.0
1890.0 290.0 150.0 70.0
1895.0 255.0 150.0 70.0
1900.0 255.0 150.0 65.0
1865.0 235.0 150.0 65.0
1885.0 220.0 150.0 65.0
