1533.0 347.0 120.0 49.0
1530.0 345.0 120.0 50.0
1535.0 345.0 125.0 50.0
1510.0 360.0 120.0 50.0
1495.0 360.0 120.0 50.0
1505.0 360.0 120.0 50.0
1510.0 360.0 125.0 50.0
1520.0 360.0 125.0 50.0
1525.0 360.0 125.0 50.0
1530.0 360.0 125.0 50.0
1540.0 360.0 125.0 50.0
1555.0 355.0 125.0 50.0
1565.0 355.0 125.0 50.0
1575.0 355.0 125.0 50.0
1585.0 350.0 125.0 50.0
1590.0 355.0 125.0 50.0
1600.0 350.0 125.0 50.0
1605.0 350.0 125.0 50.0
1615.0 350.0 125.0 50.0
1625.0 350.0 125.0 50.0
1635.0 345.0 125.0 50.0
1645.0 345.0 125.0 50.0
1655.0 345.0 125.0 50.0
1660.0 345.0 125.0 50.0
1655.0 345.0 120.0 50.0
1655.0 345.0 120.0 50.0
1650.0 345.0 120.0 50.0
1635.0 350.0 115.0 50.0
1630.0 350.0 115.0 50.0
1625.0 350.0 115.0 50.0
1625.0 350.0 115.0 50.0
1620.0 345.0 115.0 50.0
1620.0 345.0 115.0 50.0
1615.0 345.0 115.0 50.0
1610.0 350.0 110.0 50.0
1610.0 345.0 110.0 50.0
1600.0 345.0 110.0 50.0
1590.0 345.0 105.0 50.0
1580.0 345.0 105.0 50.0
1570.0 345.0 100.0 50.0
1565.0 345.0 100.0 50.0
1560.0 345.0 100.0 50.0
1560.0 340.0 100.0 50.0
1565.0 340.0 100.0 50.0
1565.0 330.0 100.0 50.0
1570.0 330.0 105.0 50.0
1575.0 330.0 105.0 50.0
1585.0 330.0 105.0 50.0
1595.0 330.0 105.0 50.0
1595.0 335.0 105.0 50.0
1605.0 330.0 105.0 50.0
1605.0 330.0 105.0 50.0
1615.0 325.0 105.0 50.0
1615.0 325.0 105.0 50.0
1620.0 325.0 105.0 50.0
1630.0 325.0 105.0 50.0
1635.0 325.0 105.0 50.0
1640.0 325.0 105.0 50.0
1650.0 325.0 105.0 50.0
1655.0 320.0 105.0 50.0
1660.0 320.0 105.0 50.0
1670.0 320.0 105.0 50.0
1670.0 320.0 105.0 50.0
1680.0 315.0 100.0 50.0
1685.0 320.0 100.0 50.0
1685.0 320.0 100.0 50.0
1685.0 325.0 95.0 50.0
1685.0 320.0 95.0 50.0
1685.0 325.0 95.0 50.0
1685.0 330.0 95.0 50.0
