835.0 679.0 23.0 18.0
825.0 665.0 50.0 50.0
830.0 665.0 50.0 50.0
820.0 665.0 50.0 55.0
810.0 675.0 50.0 55.0
805.0 675.0 50.0 60.0
805.0 675.0 50.0 60.0
795.0 675.0 50.0 65.0
790.0 680.0 50.0 65.0
795.0 685.0 50.0 65.0
805.0 695.0 50.0 70.0
800.0 690.0 50.0 75.0
795.0 690.0 50.0 75.0
785.0 690.0 50.0 75.0
785.0 690.0 50.0 75.0
780.0 695.0 50.0 80.0
775.0 700.0 50.0 80.0
765.0 710.0 50.0 80.0
760.0 710.0 50.0 80.0
755.0 710.0 50.0 85.0
760.0 710.0 50.0 85.0
755.0 715.0 50.0 85.0
745.0 720.0 50.0 85.0
730.0 720.0 50.0 85.0
725.0 730.0 50.0 85.0
725.0 730.0 50.0 85.0
720.0 740.0 50.0 80.0
710.0 750.0 50.0 80.0
715.0 735.0 50.0 85.0
715.0 725.0 50.0 85.0
700.0 720.0 50.0 85.0
690.0 710.0 50.0 80.0
690.0 705.0 50.0 80.0
690.0 705.0 50.0 85.0
675.0 705.0 50.0 85.0
675.0 710.0 50.0 90.0
670.0 710.0 50.0 85.0
665.0 715.0 50.0 85.0
660.0 715.0 50.0 85.0
655.0 715.0 50.0 90.0
650.0 720.0 50.0 90.0
665.0 725.0 50.0 90.0
660.0 720.0 50.0 90.0
655.0 720.0 50.0 90.0
650.0 705.0 50.0 90.0
660.0 710.0 50.0 90.0
665.0 720.0 50.0 90.0
660.0 695.0 50.0 90.0
660.0 705.0 50.0 90.0
670.0 700.0 50.0 90.0
670.0 695.0 50.0 95.0
680.0 690.0 50.0 95.0
665.0 680.0 50.0 95.0
675.0 675.0 50.0 95.0
670.0 660.0 50.0 90.0
675.0 660.0 50.0 90.0
675.0 675.0 50.0 90.0
670.0 670.0 50.0 90.0
665.0 665.0 50.0 90.0
665.0 665.0 50.0 90.0
660.0 665.0 50.0 90.0
670.0 670.0 50.0 90.0
675.0 675.0 50.0 90.0
685.0 685.0 50.0 90.0
690.0 685.0 50.0 90.0
680.0 675.0 50.0 90.0
665.0 670.0 50.0 90.0
670.0 680.0 50.0 90.0
665.0 680.0 50.0 90.0
645.0 690.0 50.0 90.0
