1116.0 356.0 75.0 219.0
1115.0 345.0 75.0 215.0
1115.0 330.0 75.0 215.0
1110.0 330.0 75.0 210.0
1105.0 340.0 75.0 210.0
1100.0 340.0 75.0 210.0
1095.0 340.0 75.0 205.0
1085.0 340.0 75.0 205.0
1080.0 370.0 75.0 205.0
1070.0 400.0 75.0 200.0
1060.0 415.0 75.0 195.0
1055.0 420.0 75.0 195.0
1050.0 405.0 70.0 195.0
1045.0 415.0 75.0 195.0
1045.0 415.0 75.0 190.0
1045.0 425.0 70.0 185.0
1055.0 430.0 70.0 185.0
1065.0 430.0 70.0 185.0
1075.0 430.0 70.0 185.0
1080.0 445.0 70.0 185.0
1085.0 450.0 65.0 185.0
1085.0 450.0 65.0 180.0
1080.0 450.0 65.0 180.0
1075.0 470.0 65.0 180.0
1065.0 480.0 65.0 180.0
1050.0 480.0 65.0 180.0
1035.0 475.0 65.0 180.0
1010.0 475.0 65.0 180.0
985.0 500.0 65.0 180.0
960.0 505.0 65.0 180.0
945.0 525.0 65.0 175.0
950.0 550.0 70.0 175.0
950.0 555.0 70.0 180.0
945.0 555.0 70.0 180.0
960.0 555.0 65.0 180.0
960.0 555.0 65.0 180.0
960.0 555.0 65.0 180.0
970.0 555.0 65.0 180.0
975.0 565.0 65.0 180.0
990.0 585.0 65.0 175.0
1000.0 585.0 60.0 170.0
1005.0 585.0 60.0 170.0
1010.0 585.0 60.0 170.0
1010.0 590.0 60.0 165.0
1010.0 595.0 60.0 165.0
1000.0 600.0 55.0 165.0
985.0 600.0 55.0 165.0
975.0 600.0 55.0 165.0
960.0 590.0 55.0 165.0
945.0 585.0 55.0 170.0
920.0 575.0 55.0 170.0
900.0 575.0 55.0 170.0
875.0 570.0 60.0 165.0
850.0 570.0 60.0 160.0
830.0 565.0 60.0 160.0
805.0 565.0 60.0 160.0
790.0 550.0 55.0 155.0
765.0 545.0 55.0 155.0
755.0 540.0 55.0 155.0
745.0 545.0 55.0 155.0
740.0 540.0 55.0 150.0
730.0 535.0 55.0 150.0
745.0 545.0 55.0 150.0
745.0 555.0 55.0 150.0
755.0 560.0 55.0 150.0
760.0 565.0 55.0 145.0
760.0 565.0 55.0 145.0
760.0 560.0 55.0 145.0
770.0 565.0 55.0 145.0
775.0 570.0 50.0 140.0
780.0 570.0 50.0 135.0
785.0 570.0 50.0 135.0
785.0 575.0 50.0 135.0
790.0 575.0 50.0 135.0
790.0 585.0 50.0 130.0
800.0 590.0 50.0 130.0
810.0 610.0 50.0 130.0
815.0 620.0 50.0 130.0
820.0 625.0 50.0 130.0
825.0 625.0 50.0 125.0
835.0 625.0 50.0 125.0
835.0 625.0 50.0 125.0
840.0 620.0 50.0 125.0
845.0 620.0 50.0 125.0
850.0 620.0 50.0 120.0
855.0 620.0 50.0 120.0
855.0 615.0 50.0 120.0
860.0 615.0 50.0 125.0
860.0 610.0 50.0 120.0
865.0 610.0 50.0 120.0
870.0 625.0 50.0 120.0
880.0 640.0 50.0 120.0
880.0 645.0 50.0 120.0
885.0 640.0 50.0 120.0
885.0 635.0 50.0 120.0
890.0 630.0 50.0 120.0
895.0 630.0 50.0 115.0
895.0 625.0 50.0 115.0
895.0 620.0 50.0 120.0
