1759.0 927.0 83.0 153.0
1665.0 915.0 80.0 155.0
1630.0 880.0 80.0 165.0
1615.0 840.0 80.0 170.0
1595.0 820.0 80.0 175.0
1575.0 810.0 80.0 180.0
1540.0 795.0 80.0 180.0
1510.0 765.0 80.0 180.0
1485.0 745.0 80.0 180.0
1435.0 750.0 80.0 175.0
1385.0 770.0 80.0 170.0
1365.0 760.0 75.0 170.0
1345.0 745.0 75.0 170.0
1325.0 725.0 75.0 170.0
1305.0 710.0 75.0 170.0
1285.0 700.0 75.0 170.0
1265.0 690.0 75.0 170.0
1245.0 695.0 75.0 165.0
1215.0 695.0 75.0 165.0
1190.0 680.0 75.0 165.0
1165.0 670.0 75.0 165.0
1135.0 675.0 75.0 170.0
1110.0 675.0 75.0 165.0
1085.0 665.0 75.0 165.0
1065.0 665.0 75.0 165.0
1045.0 660.0 75.0 165.0
1025.0 665.0 75.0 165.0
1010.0 680.0 75.0 165.0
995.0 675.0 75.0 165.0
975.0 680.0 75.0 165.0
950.0 670.0 75.0 165.0
925.0 655.0 75.0 165.0
915.0 660.0 75.0 165.0
915.0 665.0 75.0 165.0
905.0 660.0 80.0 160.0
905.0 655.0 75.0 160.0
895.0 650.0 75.0 155.0
890.0 645.0 75.0 155.0
880.0 645.0 75.0 150.0
880.0 660.0 75.0 150.0
865.0 655.0 70.0 150.0
860.0 655.0 70.0 145.0
860.0 650.0 70.0 145.0
860.0 650.0 70.0 140.0
855.0 645.0 70.0 140.0
850.0 635.0 70.0 140.0
845.0 630.0 70.0 140.0
845.0 625.0 65.0 140.0
840.0 625.0 65.0 140.0
840.0 635.0 65.0 140.0
835.0 640.0 65.0 140.0
825.0 635.0 65.0 135.0
815.0 630.0 65.0 135.0
810.0 625.0 65.0 135.0
790.0 620.0 65.0 135.0
780.0 625.0 65.0 130.0
765.0 625.0 65.0 130.0
740.0 625.0 70.0 130.0
740.0 645.0 70.0 125.0
725.0 655.0 70.0 125.0
680.0 665.0 70.0 120.0
