1104.0 524.0 80.0 24.0
1105.0 510.0 80.0 50.0
1120.0 515.0 80.0 50.0
1120.0 515.0 80.0 50.0
1120.0 515.0 80.0 50.0
1120.0 515.0 80.0 50.0
1115.0 515.0 75.0 50.0
1130.0 515.0 75.0 50.0
1120.0 515.0 75.0 50.0
1125.0 515.0 75.0 50.0
1135.0 515.0 80.0 50.0
1130.0 510.0 80.0 50.0
1145.0 515.0 80.0 50.0
1150.0 510.0 80.0 50.0
1135.0 510.0 80.0 50.0
1150.0 515.0 80.0 50.0
1145.0 515.0 80.0 50.0
1160.0 510.0 80.0 50.0
1160.0 515.0 80.0 50.0
1165.0 515.0 80.0 50.0
1170.0 515.0 80.0 50.0
1165.0 515.0 80.0 50.0
1170.0 515.0 80.0 50.0
1175.0 510.0 80.0 50.0
1170.0 510.0 80.0 50.0
1180.0 515.0 80.0 50.0
1180.0 515.0 80.0 50.0
1185.0 515.0 80.0 50.0
1185.0 510.0 80.0 50.0
1180.0 515.0 80.0 50.0
1150.0 515.0 80.0 50.0
1135.0 515.0 80.0 50.0
1135.0 520.0 80.0 50.0
1130.0 520.0 80.0 50.0
1115.0 520.0 80.0 50.0
1110.0 520.0 80.0 50.0
1100.0 520.0 80.0 50.0
1095.0 520.0 80.0 50.0
1070.0 520.0 80.0 50.0
1070.0 515.0 80.0 50.0
1065.0 515.0 80.0 50.0
1055.0 515.0 80.0 50.0
1060.0 525.0 80.0 50.0
1065.0 515.0 80.0 50.0
1055.0 520.0 80.0 50.0
1055.0 520.0 80.0 50.0
1055.0 520.0 80.0 50.0
1045.0 520.0 85.0 50.0
1045.0 520.0 85.0 50.0
1030.0 525.0 85.0 50.0
1015.0 520.0 85.0 50.0
1005.0 520.0 85.0 50.0
990.0 520.0 85.0 50.0
980.0 525.0 85.0 50.0
985.0 520.0 85.0 50.0
965.0 525.0 85.0 50.0
950.0 525.0 85.0 50.0
955.0 520.0 85.0 50.0
945.0 520.0 85.0 50.0
945.0 525.0 85.0 50.0
940.0 525.0 85.0 50.0
935.0 520.0 85.0 50.0
920.0 520.0 85.0 50.0
915.0 525.0 85.0 50.0
910.0 525.0 85.0 50.0
920.0 525.0 85.0 50.0
920.0 525.0 80.0 50.0
920.0 530.0 85.0 50.0
910.0 525.0 85.0 50.0
890.0 530.0 85.0 50.0
890.0 525.0 85.0 50.0
885.0 530.0 80.0 50.0
875.0 530.0 80.0 50.0
870.0 530.0 80.0 50.0
860.0 530.0 85.0 50.0
855.0 530.0 85.0 50.0
840.0 530.0 85.0 50.0
845.0 530.0 85.0 50.0
805.0 530.0 85.0 50.0
770.0 535.0 85.0 50.0
760.0 530.0 85.0 50.0
745.0 530.0 85.0 50.0
750.0 535.0 85.0 50.0
745.0 535.0 85.0 50.0
745.0 535.0 85.0 50.0
750.0 530.0 85.0 50.0
755.0 530.0 85.0 50.0
770.0 525.0 85.0 50.0
770.0 530.0 85.0 50.0
765.0 530.0 80.0 50.0
780.0 530.0 80.0 50.0
780.0 530.0 80.0 50.0
780.0 525.0 80.0 50.0
785.0 530.0 80.0 50.0
790.0 525.0 80.0 50.0
790.0 530.0 80.0 50.0
790.0 530.0 80.0 50.0
790.0 530.0 80.0 50.0
800.0 530.0 75.0 50.0
805.0 525.0 80.0 50.0
810.0 530.0 80.0 50.0
830.0 525.0 80.0 50.0
825.0 525.0 80.0 50.0
825.0 525.0 80.0 50.0
830.0 530.0 80.0 50.0
840.0 525.0 75.0 50.0
840.0 525.0 75.0 50.0
840.0 530.0 70.0 55.0
850.0 530.0 70.0 55.0
855.0 525.0 65.0 55.0
855.0 530.0 65.0 55.0
855.0 545.0 65.0 55.0
860.0 530.0 60.0 55.0
855.0 545.0 60.0 55.0
855.0 545.0 60.0 55.0
855.0 545.0 60.0 55.0
860.0 545.0 60.0 55.0
855.0 545.0 60.0 55.0
860.0 545.0 60.0 55.0
865.0 545.0 60.0 55.0
865.0 550.0 60.0 55.0
855.0 550.0 60.0 55.0
845.0 545.0 60.0 55.0
845.0 550.0 60.0 55.0
850.0 550.0 60.0 55.0
850.0 550.0 60.0 55.0
850.0 555.0 60.0 55.0
855.0 550.0 60.0 55.0
860.0 555.0 60.0 55.0
855.0 555.0 60.0 55.0
850.0 555.0 55.0 55.0
855.0 550.0 55.0 55.0
850.0 550.0 60.0 55.0
855.0 550.0 60.0 55.0
855.0 555.0 60.0 55.0
855.0 550.0 60.0 55.0
855.0 550.0 60.0 55.0
860.0 550.0 60.0 55.0
850.0 545.0 60.0 55.0
850.0 550.0 60.0 55.0
850.0 545.0 60.0 55.0
850.0 545.0 60.0 55.0
850.0 545.0 60.0 55.0
850.0 545.0 60.0 55.0
855.0 550.0 60.0 55.0
855.0 545.0 60.0 55.0
860.0 550.0 60.0 55.0
860.0 550.0 60.0 55.0
855.0 555.0 60.0 55.0
855.0 555.0 60.0 55.0
845.0 550.0 60.0 55.0
855.0 550.0 60.0 55.0
855.0 555.0 55.0 55.0
855.0 550.0 55.0 55.0
870.0 550.0 60.0 55.0
875.0 555.0 60.0 55.0
855.0 550.0 60.0 55.0
855.0 555.0 60.0 55.0
850.0 555.0 60.0 55.0
855.0 555.0 60.0 55.0
860.0 550.0 60.0 55.0
855.0 555.0 60.0 55.0
850.0 550.0 60.0 55.0
845.0 555.0 60.0 55.0
845.0 550.0 60.0 55.0
850.0 550.0 60.0 55.0
855.0 555.0 60.0 55.0
860.0 555.0 60.0 55.0
855.0 550.0 60.0 55.0
850.0 550.0 60.0 55.0
855.0 550.0 60.0 55.0
855.0 550.0 60.0 55.0
835.0 550.0 60.0 55.0
860.0 550.0 60.0 55.0
870.0 555.0 60.0 55.0
875.0 555.0 60.0 55.0
850.0 550.0 60.0 55.0
845.0 545.0 60.0 55.0
850.0 550.0 60.0 55.0
845.0 550.0 60.0 55.0
855.0 555.0 60.0 55.0
855.0 550.0 60.0 55.0
860.0 550.0 60.0 55.0
860.0 550.0 60.0 55.0
860.0 550.0 60.0 55.0
850.0 550.0 60.0 55.0
860.0 555.0 55.0 55.0
865.0 555.0 55.0 55.0
865.0 555.0 55.0 55.0
855.0 555.0 60.0 50.0
860.0 560.0 60.0 50.0
860.0 555.0 60.0 50.0
855.0 555.0 55.0 50.0
860.0 560.0 55.0 50.0
865.0 555.0 55.0 50.0
860.0 555.0 55.0 50.0
860.0 555.0 55.0 50.0
865.0 555.0 55.0 50.0
875.0 555.0 55.0 50.0
875.0 560.0 60.0 50.0
870.0 555.0 65.0 50.0
860.0 555.0 70.0 50.0
850.0 560.0 65.0 50.0
875.0 555.0 65.0 50.0
875.0 555.0 70.0 50.0
875.0 560.0 70.0 50.0
875.0 555.0 75.0 50.0
870.0 555.0 75.0 50.0
875.0 555.0 80.0 50.0
870.0 555.0 80.0 50.0
870.0 555.0 80.0 50.0
865.0 555.0 85.0 50.0
840.0 555.0 80.0 50.0
840.0 555.0 80.0 55.0
850.0 550.0 80.0 55.0
850.0 550.0 80.0 55.0
865.0 550.0 75.0 55.0
865.0 550.0 75.0 55.0
865.0 550.0 80.0 55.0
870.0 555.0 80.0 50.0
865.0 555.0 85.0 50.0
885.0 550.0 90.0 50.0
910.0 545.0 85.0 50.0
915.0 550.0 85.0 50.0
915.0 545.0 85.0 50.0
910.0 555.0 90.0 50.0
915.0 545.0 90.0 50.0
920.0 545.0 85.0 50.0
920.0 545.0 85.0 50.0
925.0 545.0 90.0 50.0
925.0 545.0 90.0 50.0
925.0 550.0 90.0 50.0
920.0 550.0 95.0 50.0
920.0 545.0 95.0 50.0
910.0 555.0 95.0 50.0
915.0 545.0 95.0 50.0
915.0 550.0 100.0 50.0
910.0 555.0 100.0 50.0
920.0 545.0 100.0 50.0
925.0 545.0 100.0 50.0
925.0 545.0 100.0 50.0
920.0 545.0 100.0 50.0
915.0 550.0 100.0 50.0
920.0 545.0 100.0 50.0
920.0 545.0 95.0 50.0
915.0 545.0 100.0 50.0
910.0 550.0 95.0 50.0
905.0 550.0 95.0 50.0
920.0 545.0 95.0 50.0
910.0 545.0 95.0 55.0
905.0 550.0 95.0 55.0
915.0 550.0 95.0 55.0
915.0 545.0 95.0 50.0
910.0 550.0 95.0 50.0
915.0 550.0 95.0 50.0
920.0 545.0 95.0 50.0
910.0 550.0 95.0 50.0
910.0 555.0 95.0 50.0
915.0 545.0 95.0 50.0
910.0 555.0 95.0 50.0
910.0 555.0 95.0 55.0
915.0 545.0 90.0 60.0
925.0 540.0 90.0 60.0
925.0 540.0 90.0 60.0
920.0 545.0 90.0 55.0
920.0 540.0 90.0 55.0
920.0 545.0 90.0 55.0
935.0 540.0 90.0 60.0
920.0 540.0 90.0 55.0
910.0 545.0 90.0 55.0
915.0 545.0 90.0 55.0
930.0 540.0 95.0 55.0
925.0 540.0 95.0 55.0
920.0 540.0 95.0 55.0
925.0 550.0 95.0 55.0
915.0 545.0 95.0 50.0
920.0 540.0 95.0 50.0
910.0 545.0 95.0 50.0
920.0 540.0 95.0 50.0
920.0 545.0 95.0 50.0
915.0 540.0 95.0 50.0
925.0 545.0 95.0 50.0
935.0 545.0 95.0 50.0
925.0 540.0 95.0 50.0
915.0 545.0 95.0 50.0
915.0 540.0 95.0 50.0
920.0 540.0 95.0 50.0
925.0 540.0 95.0 50.0
925.0 545.0 95.0 50.0
925.0 545.0 95.0 50.0
925.0 545.0 95.0 50.0
930.0 545.0 90.0 55.0
930.0 545.0 90.0 55.0
920.0 540.0 90.0 50.0
935.0 545.0 90.0 55.0
925.0 545.0 90.0 55.0
925.0 545.0 95.0 55.0
925.0 540.0 90.0 55.0
925.0 545.0 90.0 60.0
925.0 540.0 85.0 65.0
935.0 540.0 85.0 65.0
940.0 540.0 85.0 60.0
930.0 540.0 90.0 60.0
935.0 545.0 85.0 60.0
935.0 545.0 85.0 55.0
935.0 545.0 90.0 55.0
940.0 540.0 90.0 55.0
925.0 545.0 90.0 55.0
930.0 545.0 90.0 55.0
925.0 540.0 95.0 50.0
925.0 545.0 95.0 50.0
920.0 550.0 95.0 50.0
930.0 540.0 90.0 55.0
915.0 540.0 95.0 55.0
915.0 545.0 90.0 60.0
920.0 545.0 90.0 60.0
925.0 540.0 90.0 65.0
915.0 545.0 90.0 60.0
915.0 545.0 90.0 65.0
915.0 540.0 95.0 60.0
915.0 545.0 95.0 60.0
915.0 540.0 95.0 60.0
915.0 545.0 90.0 60.0
915.0 545.0 95.0 60.0
910.0 540.0 95.0 55.0
925.0 540.0 95.0 60.0
925.0 535.0 90.0 65.0
920.0 540.0 95.0 60.0
935.0 540.0 90.0 65.0
930.0 535.0 90.0 65.0
935.0 535.0 85.0 65.0
930.0 540.0 85.0 65.0
925.0 545.0 85.0 65.0
940.0 535.0 85.0 65.0
935.0 535.0 85.0 70.0
930.0 535.0 85.0 70.0
945.0 530.0 85.0 70.0
935.0 530.0 85.0 65.0
945.0 525.0 85.0 65.0
945.0 530.0 90.0 65.0
940.0 540.0 90.0 60.0
930.0 535.0 90.0 65.0
920.0 545.0 90.0 60.0
930.0 545.0 90.0 60.0
935.0 545.0 90.0 60.0
930.0 535.0 85.0 60.0
915.0 545.0 90.0 60.0
915.0 540.0 90.0 60.0
910.0 545.0 95.0 55.0
915.0 545.0 95.0 55.0
910.0 545.0 95.0 55.0
910.0 545.0 95.0 55.0
910.0 545.0 95.0 55.0
915.0 545.0 95.0 55.0
920.0 550.0 95.0 55.0
915.0 550.0 95.0 55.0
920.0 550.0 90.0 60.0
925.0 545.0 95.0 55.0
930.0 545.0 95.0 55.0
930.0 545.0 90.0 60.0
925.0 545.0 90.0 60.0
940.0 550.0 85.0 60.0
935.0 545.0 85.0 65.0
940.0 540.0 85.0 65.0
935.0 545.0 80.0 65.0
940.0 545.0 85.0 65.0
940.0 545.0 85.0 65.0
935.0 545.0 85.0 65.0
940.0 540.0 80.0 65.0
935.0 545.0 80.0 65.0
945.0 540.0 80.0 65.0
940.0 540.0 85.0 65.0
935.0 540.0 85.0 60.0
935.0 540.0 85.0 60.0
930.0 545.0 85.0 55.0
925.0 545.0 85.0 60.0
935.0 545.0 90.0 60.0
925.0 550.0 90.0 55.0
920.0 550.0 90.0 55.0
920.0 545.0 95.0 55.0
915.0 550.0 95.0 55.0
920.0 550.0 95.0 55.0
915.0 550.0 95.0 55.0
905.0 550.0 95.0 55.0
905.0 550.0 100.0 55.0
905.0 550.0 100.0 55.0
920.0 550.0 100.0 55.0
915.0 550.0 100.0 55.0
890.0 550.0 100.0 55.0
845.0 550.0 100.0 55.0
800.0 550.0 95.0 60.0
745.0 555.0 100.0 60.0
725.0 550.0 95.0 65.0
695.0 550.0 95.0 60.0
675.0 550.0 95.0 65.0
645.0 550.0 95.0 60.0
625.0 550.0 90.0 65.0
600.0 555.0 85.0 65.0
575.0 555.0 90.0 60.0
565.0 555.0 90.0 65.0
