590.0 440.0 25.0 30.0
570.0 430.0 50.0 50.0
550.0 430.0 50.0 50.0
550.0 430.0 50.0 50.0
550.0 435.0 50.0 50.0
555.0 435.0 50.0 50.0
560.0 440.0 50.0 50.0
560.0 425.0 50.0 50.0
560.0 430.0 50.0 50.0
565.0 430.0 50.0 50.0
565.0 430.0 50.0 50.0
565.0 430.0 50.0 50.0
565.0 435.0 50.0 50.0
565.0 435.0 50.0 50.0
570.0 435.0 50.0 50.0
570.0 430.0 50.0 50.0
570.0 435.0 50.0 50.0
570.0 435.0 50.0 50.0
570.0 440.0 50.0 50.0
570.0 435.0 50.0 50.0
575.0 430.0 50.0 50.0
575.0 435.0 50.0 50.0
575.0 435.0 50.0 50.0
575.0 435.0 50.0 50.0
580.0 435.0 50.0 50.0
580.0 435.0 50.0 50.0
580.0 435.0 50.0 50.0
580.0 435.0 50.0 50.0
585.0 435.0 50.0 50.0
585.0 435.0 50.0 50.0
580.0 435.0 50.0 50.0
585.0 435.0 50.0 50.0
585.0 435.0 50.0 50.0
585.0 435.0 50.0 50.0
585.0 435.0 50.0 50.0
585.0 440.0 50.0 50.0
590.0 440.0 50.0 50.0
585.0 440.0 50.0 50.0
585.0 440.0 50.0 50.0
590.0 430.0 50.0 50.0
585.0 435.0 50.0 50.0
590.0 435.0 50.0 50.0
590.0 435.0 50.0 50.0
590.0 435.0 50.0 50.0
595.0 435.0 50.0 50.0
595.0 435.0 50.0 50.0
595.0 435.0 50.0 50.0
595.0 435.0 50.0 50.0
595.0 435.0 50.0 50.0
595.0 435.0 50.0 50.0
595.0 435.0 50.0 50.0
595.0 435.0 50.0 50.0
600.0 440.0 50.0 50.0
600.0 435.0 50.0 50.0
600.0 435.0 50.0 50.0
600.0 435.0 50.0 50.0
600.0 435.0 50.0 50.0
600.0 430.0 50.0 50.0
600.0 435.0 50.0 50.0
605.0 440.0 50.0 50.0
605.0 435.0 50.0 50.0
600.0 435.0 50.0 50.0
605.0 435.0 50.0 50.0
605.0 435.0 50.0 50.0
655.0 400.0 50.0 55.0
645.0 400.0 50.0 55.0
630.0 400.0 50.0 55.0
620.0 390.0 50.0 60.0
615.0 395.0 50.0 60.0
605.0 395.0 50.0 60.0
