440.0 370.0 212.0 338.0
435.0 370.0 215.0 340.0
440.0 370.0 215.0 340.0
440.0 365.0 215.0 340.0
435.0 370.0 220.0 340.0
435.0 370.0 220.0 340.0
440.0 375.0 220.0 345.0
440.0 370.0 220.0 345.0
440.0 370.0 220.0 345.0
485.0 360.0 220.0 345.0
530.0 345.0 225.0 345.0
580.0 325.0 235.0 345.0
645.0 315.0 245.0 335.0
710.0 310.0 250.0 330.0
760.0 295.0 250.0 325.0
820.0 285.0 240.0 325.0
865.0 255.0 235.0 330.0
910.0 220.0 225.0 330.0
940.0 180.0 225.0 330.0
965.0 125.0 220.0 340.0
975.0 55.0 220.0 350.0
1000.0 0.0 215.0 345.0
1000.0 -40.0 215.0 340.0
990.0 -70.0 225.0 325.0
970.0 -100.0 230.0 310.0
950.0 -110.0 230.0 300.0
945.0 -115.0 235.0 290.0
960.0 -95.0 235.0 280.0
985.0 -45.0 235.0 275.0
995.0 -20.0 230.0 280.0
1000.0 -0.0 220.0 290.0
1005.0 40.0 205.0 295.0
1005.0 75.0 205.0 295.0
1010.0 110.0 200.0 290.0
1005.0 170.0 195.0 280.0
1005.0 195.0 195.0 280.0
1000.0 220.0 200.0 275.0
1005.0 215.0 205.0 280.0
995.0 210.0 210.0 280.0
1000.0 210.0 215.0 275.0
1015.0 205.0 215.0 270.0
1030.0 200.0 215.0 265.0
1055.0 195.0 215.0 260.0
1100.0 180.0 210.0 250.0
1125.0 165.0 205.0 245.0
1160.0 165.0 200.0 235.0
1185.0 165.0 200.0 235.0
1220.0 175.0 195.0 230.0
1250.0 180.0 195.0 230.0
1275.0 170.0 190.0 230.0
1300.0 165.0 190.0 235.0
1335.0 170.0 190.0 235.0
1370.0 165.0 190.0 240.0
1400.0 150.0 190.0 245.0
1425.0 145.0 190.0 250.0
1440.0 145.0 190.0 255.0
1450.0 145.0 195.0 255.0
1480.0 150.0 195.0 255.0
1515.0 155.0 195.0 255.0
1535.0 160.0 200.0 250.0
1575.0 165.0 200.0 250.0
1605.0 160.0 190.0 255.0
1625.0 155.0 190.0 260.0
1640.0 140.0 190.0 260.0
1670.0 115.0 185.0 265.0
1700.0 105.0 185.0 270.0
1725.0 105.0 185.0 265.0
1725.0 80.0 190.0 265.0
1700.0 75.0 195.0 260.0
1685.0 95.0 185.0 270.0
1680.0 145.0 190.0 270.0
1690.0 185.0 190.0 280.0
1705.0 215.0 190.0 295.0
1710.0 255.0 185.0 295.0
1705.0 295.0 185.0 300.0
1690.0 320.0 190.0 300.0
1680.0 340.0 190.0 305.0
1655.0 355.0 195.0 295.0
1625.0 370.0 200.0 290.0
1600.0 380.0 200.0 280.0
1570.0 375.0 190.0 285.0
1545.0 375.0 190.0 290.0
1510.0 370.0 190.0 290.0
1460.0 355.0 190.0 295.0
1430.0 355.0 185.0 295.0
1375.0 355.0 185.0 295.0
1305.0 360.0 195.0 290.0
1245.0 360.0 190.0 295.0
1195.0 365.0 190.0 295.0
1145.0 350.0 190.0 300.0
1095.0 345.0 190.0 300.0
1065.0 340.0 190.0 305.0
1035.0 340.0 190.0 310.0
1010.0 355.0 190.0 310.0
980.0 360.0 190.0 310.0
945.0 360.0 195.0 315.0
920.0 360.0 195.0 320.0
890.0 360.0 190.0 320.0
855.0 355.0 195.0 320.0
810.0 355.0 195.0 320.0
740.0 350.0 210.0 305.0
675.0 355.0 220.0 300.0
610.0 355.0 225.0 295.0
545.0 345.0 225.0 295.0
495.0 335.0 225.0 300.0
455.0 315.0 225.0 305.0
435.0 270.0 230.0 315.0
420.0 225.0 225.0 325.0
410.0 185.0 225.0 330.0
395.0 145.0 225.0 335.0
375.0 105.0 225.0 340.0
360.0 80.0 225.0 340.0
335.0 45.0 220.0 345.0
330.0 25.0 225.0 345.0
335.0 15.0 220.0 345.0
340.0 0.0 225.0 345.0
345.0 -10.0 225.0 340.0
345.0 -20.0 225.0 335.0
340.0 -20.0 225.0 325.0
330.0 -20.0 220.0 320.0
305.0 -10.0 215.0 320.0
255.0 15.0 220.0 310.0
215.0 70.0 220.0 315.0
185.0 120.0 215.0 315.0
170.0 160.0 210.0 310.0
145.0 200.0 215.0 300.0
135.0 205.0 215.0 290.0
130.0 215.0 215.0 275.0
130.0 215.0 215.0 265.0
130.0 180.0 215.0 270.0
145.0 135.0 215.0 270.0
170.0 115.0 215.0 275.0
195.0 75.0 215.0 275.0
230.0 40.0 210.0 285.0
260.0 -0.0 205.0 290.0
285.0 -30.0 210.0 285.0
330.0 -40.0 215.0 275.0
370.0 -45.0 220.0 265.0
400.0 -50.0 220.0 260.0
440.0 -55.0 220.0 255.0
465.0 -60.0 215.0 250.0
505.0 -60.0 215.0 250.0
550.0 -65.0 220.0 255.0
600.0 -60.0 220.0 250.0
640.0 -60.0 220.0 250.0
685.0 -70.0 220.0 250.0
740.0 -70.0 220.0 245.0
780.0 -65.0 215.0 240.0
820.0 -65.0 215.0 235.0
880.0 -55.0 215.0 235.0
935.0 -35.0 215.0 235.0
995.0 -5.0 210.0 240.0
1045.0 30.0 200.0 260.0
1075.0 65.0 195.0 270.0
1085.0 85.0 190.0 275.0
1100.0 110.0 185.0 270.0
1100.0 135.0 185.0 260.0
1105.0 160.0 185.0 250.0
1115.0 190.0 185.0 235.0
1110.0 195.0 185.0 230.0
1115.0 205.0 185.0 225.0
1110.0 210.0 180.0 220.0
1105.0 215.0 180.0 210.0
1110.0 215.0 180.0 205.0
1115.0 200.0 175.0 200.0
1120.0 190.0 180.0 200.0
1140.0 175.0 180.0 200.0
1160.0 155.0 180.0 205.0
1190.0 140.0 185.0 215.0
1205.0 110.0 185.0 230.0
1220.0 65.0 185.0 240.0
1230.0 30.0 190.0 250.0
1240.0 25.0 195.0 255.0
1230.0 30.0 195.0 260.0
1185.0 65.0 190.0 275.0
1145.0 135.0 195.0 280.0
1100.0 205.0 200.0 285.0
1045.0 260.0 205.0 285.0
1000.0 305.0 200.0 295.0
985.0 335.0 200.0 305.0
965.0 360.0 200.0 310.0
950.0 365.0 200.0 305.0
945.0 360.0 200.0 310.0
940.0 360.0 195.0 310.0
910.0 375.0 200.0 310.0
850.0 380.0 210.0 300.0
795.0 385.0 215.0 295.0
755.0 380.0 215.0 295.0
735.0 365.0 220.0 295.0
735.0 335.0 220.0 305.0
730.0 270.0 220.0 315.0
725.0 210.0 220.0 320.0
725.0 180.0 220.0 330.0
705.0 120.0 220.0 340.0
695.0 55.0 215.0 345.0
685.0 10.0 215.0 350.0
685.0 -25.0 210.0 340.0
675.0 -55.0 215.0 325.0
650.0 -100.0 220.0 315.0
640.0 -95.0 220.0 300.0
