811.0 468.0 122.0 116.0
800.0 460.0 125.0 115.0
790.0 450.0 125.0 115.0
785.0 440.0 125.0 115.0
780.0 440.0 130.0 115.0
775.0 430.0 130.0 115.0
765.0 420.0 130.0 115.0
760.0 415.0 130.0 110.0
755.0 405.0 125.0 110.0
750.0 395.0 125.0 110.0
745.0 390.0 125.0 110.0
740.0 385.0 125.0 110.0
730.0 380.0 125.0 110.0
730.0 370.0 125.0 110.0
725.0 365.0 125.0 110.0
720.0 360.0 125.0 110.0
720.0 360.0 125.0 110.0
715.0 360.0 125.0 110.0
720.0 365.0 125.0 110.0
715.0 370.0 125.0 110.0
715.0 370.0 125.0 110.0
715.0 375.0 120.0 105.0
715.0 370.0 120.0 105.0
715.0 370.0 120.0 105.0
715.0 375.0 120.0 105.0
715.0 380.0 120.0 105.0
715.0 385.0 120.0 105.0
715.0 385.0 120.0 105.0
715.0 390.0 120.0 105.0
715.0 390.0 120.0 105.0
715.0 395.0 115.0 105.0
715.0 390.0 115.0 105.0
710.0 400.0 115.0 100.0
710.0 400.0 115.0 100.0
710.0 400.0 115.0 100.0
710.0 390.0 115.0 100.0
705.0 390.0 115.0 100.0
700.0 390.0 115.0 100.0
700.0 385.0 115.0 100.0
695.0 385.0 115.0 100.0
695.0 385.0 115.0 100.0
695.0 390.0 115.0 95.0
695.0 395.0 110.0 95.0
700.0 395.0 110.0 95.0
700.0 400.0 115.0 95.0
700.0 400.0 115.0 95.0
705.0 410.0 115.0 95.0
710.0 415.0 110.0 95.0
715.0 425.0 110.0 95.0
725.0 440.0 110.0 95.0
730.0 455.0 110.0 95.0
740.0 470.0 110.0 95.0
750.0 480.0 110.0 95.0
755.0 495.0 110.0 90.0
765.0 515.0 110.0 90.0
775.0 540.0 110.0 90.0
780.0 555.0 110.0 90.0
785.0 570.0 110.0 90.0
790.0 580.0 110.0 90.0
795.0 590.0 110.0 90.0
795.0 600.0 110.0 90.0
795.0 600.0 110.0 90.0
790.0 590.0 110.0 90.0
785.0 585.0 110.0 90.0
780.0 580.0 110.0 90.0
775.0 575.0 110.0 90.0
770.0 565.0 110.0 90.0
765.0 560.0 110.0 90.0
760.0 555.0 110.0 85.0
760.0 555.0 110.0 85.0
750.0 555.0 110.0 85.0
750.0 555.0 110.0 85.0
760.0 570.0 110.0 90.0
765.0 590.0 110.0 90.0
765.0 595.0 110.0 85.0
