1615.0 729.0 110.0 38.0
1605.0 725.0 110.0 50.0
1595.0 720.0 110.0 50.0
1595.0 720.0 110.0 50.0
1580.0 725.0 110.0 50.0
1580.0 720.0 110.0 50.0
1575.0 720.0 110.0 50.0
1560.0 720.0 115.0 50.0
1555.0 715.0 120.0 50.0
1575.0 715.0 120.0 50.0
1575.0 715.0 120.0 50.0
1570.0 715.0 120.0 50.0
1590.0 720.0 120.0 50.0
1590.0 720.0 120.0 50.0
1595.0 720.0 120.0 50.0
1585.0 720.0 120.0 50.0
1580.0 720.0 115.0 50.0
1570.0 725.0 115.0 50.0
1570.0 725.0 115.0 50.0
1565.0 720.0 110.0 50.0
1560.0 725.0 110.0 50.0
1580.0 720.0 105.0 50.0
1580.0 725.0 110.0 50.0
1575.0 725.0 110.0 50.0
1575.0 725.0 110.0 50.0
1570.0 720.0 115.0 50.0
1580.0 720.0 110.0 50.0
1590.0 720.0 115.0 50.0
1585.0 725.0 115.0 50.0
1580.0 725.0 120.0 50.0
1580.0 720.0 120.0 50.0
1565.0 720.0 125.0 50.0
1560.0 720.0 125.0 50.0
1580.0 725.0 125.0 50.0
1575.0 725.0 125.0 50.0
1570.0 725.0 125.0 50.0
1565.0 730.0 125.0 50.0
1560.0 730.0 125.0 50.0
1550.0 725.0 125.0 50.0
1545.0 720.0 125.0 50.0
1535.0 720.0 125.0 50.0
1520.0 720.0 125.0 50.0
1510.0 720.0 125.0 50.0
1530.0 725.0 125.0 50.0
1525.0 725.0 125.0 50.0
1520.0 725.0 125.0 50.0
1520.0 725.0 125.0 50.0
1510.0 730.0 125.0 50.0
1505.0 725.0 125.0 50.0
1510.0 725.0 120.0 50.0
1515.0 725.0 120.0 50.0
1515.0 730.0 115.0 50.0
1505.0 725.0 115.0 50.0
1505.0 725.0 115.0 50.0
1495.0 725.0 115.0 50.0
1485.0 725.0 115.0 50.0
1490.0 730.0 115.0 50.0
1475.0 730.0 110.0 50.0
1485.0 730.0 110.0 50.0
1485.0 730.0 110.0 50.0
1480.0 730.0 110.0 50.0
1475.0 730.0 110.0 50.0
1470.0 730.0 110.0 50.0
1475.0 730.0 110.0 50.0
1465.0 730.0 110.0 50.0
1475.0 730.0 110.0 50.0
1475.0 730.0 115.0 50.0
1475.0 730.0 115.0 50.0
1470.0 730.0 115.0 50.0
1465.0 725.0 120.0 50.0
1460.0 730.0 115.0 50.0
1455.0 730.0 115.0 50.0
1460.0 725.0 115.0 50.0
1460.0 730.0 120.0 50.0
1460.0 730.0 120.0 50.0
1450.0 730.0 120.0 50.0
1450.0 730.0 120.0 50.0
1440.0 730.0 120.0 50.0
1445.0 730.0 120.0 50.0
1445.0 730.0 120.0 50.0
1445.0 730.0 120.0 50.0
1440.0 730.0 120.0 50.0
1435.0 735.0 115.0 50.0
1440.0 725.0 120.0 50.0
1425.0 725.0 120.0 50.0
1420.0 725.0 120.0 50.0
1415.0 720.0 120.0 50.0
1405.0 720.0 120.0 50.0
1425.0 730.0 120.0 50.0
1425.0 730.0 120.0 50.0
1425.0 730.0 125.0 50.0
1415.0 730.0 125.0 50.0
1415.0 730.0 120.0 50.0
1405.0 730.0 120.0 50.0
1395.0 730.0 120.0 50.0
1415.0 735.0 120.0 50.0
1410.0 735.0 120.0 50.0
1410.0 735.0 120.0 50.0
1410.0 730.0 120.0 50.0
1400.0 735.0 120.0 50.0
