881.0 457.0 32.0 58.0
890.0 460.0 50.0 60.0
905.0 455.0 50.0 55.0
920.0 455.0 50.0 55.0
930.0 455.0 50.0 55.0
945.0 460.0 50.0 55.0
960.0 460.0 50.0 55.0
975.0 470.0 50.0 55.0
985.0 470.0 50.0 55.0
995.0 470.0 50.0 50.0
1000.0 480.0 50.0 50.0
1010.0 480.0 50.0 50.0
1020.0 485.0 50.0 50.0
1030.0 485.0 50.0 50.0
1035.0 490.0 50.0 50.0
1045.0 485.0 50.0 50.0
1050.0 485.0 50.0 50.0
1060.0 490.0 50.0 50.0
1070.0 490.0 50.0 50.0
1080.0 495.0 50.0 50.0
1090.0 490.0 50.0 50.0
1100.0 490.0 50.0 50.0
1105.0 485.0 50.0 50.0
1110.0 480.0 50.0 50.0
1125.0 490.0 50.0 50.0
1135.0 490.0 50.0 50.0
1135.0 490.0 50.0 50.0
1140.0 490.0 50.0 50.0
1145.0 495.0 50.0 50.0
1155.0 495.0 50.0 50.0
1160.0 500.0 50.0 50.0
1170.0 505.0 50.0 50.0
1180.0 505.0 50.0 50.0
1190.0 520.0 50.0 50.0
1200.0 525.0 50.0 50.0
1210.0 525.0 50.0 50.0
1220.0 530.0 50.0 50.0
1230.0 535.0 50.0 50.0
1235.0 545.0 50.0 50.0
1245.0 545.0 50.0 50.0
1255.0 545.0 50.0 50.0
1260.0 545.0 50.0 55.0
1270.0 550.0 50.0 55.0
1275.0 565.0 50.0 55.0
1285.0 565.0 50.0 55.0
1290.0 570.0 50.0 55.0
1295.0 575.0 50.0 60.0
1305.0 580.0 50.0 60.0
1310.0 585.0 50.0 60.0
1305.0 580.0 50.0 65.0
1315.0 585.0 50.0 65.0
1315.0 585.0 50.0 65.0
1320.0 590.0 50.0 65.0
1320.0 595.0 50.0 70.0
1320.0 595.0 50.0 70.0
1325.0 595.0 50.0 70.0
1330.0 600.0 50.0 65.0
1325.0 605.0 50.0 65.0
1320.0 600.0 50.0 70.0
1325.0 610.0 50.0 70.0
1325.0 615.0 50.0 65.0
1320.0 620.0 50.0 70.0
1320.0 625.0 50.0 70.0
1320.0 630.0 50.0 70.0
1315.0 635.0 50.0 75.0
1310.0 630.0 50.0 75.0
1310.0 635.0 50.0 80.0
1305.0 645.0 50.0 80.0
1300.0 635.0 50.0 85.0
1305.0 635.0 50.0 90.0
1300.0 665.0 50.0 95.0
1275.0 655.0 50.0 95.0
1265.0 660.0 50.0 95.0
1255.0 650.0 50.0 90.0
1250.0 655.0 50.0 90.0
1240.0 655.0 50.0 85.0
1235.0 660.0 50.0 85.0
1220.0 660.0 50.0 85.0
1215.0 660.0 50.0 80.0
1180.0 665.0 55.0 75.0
1180.0 665.0 50.0 80.0
1180.0 670.0 50.0 80.0
1175.0 680.0 50.0 75.0
1170.0 680.0 50.0 75.0
1165.0 685.0 50.0 75.0
1165.0 690.0 50.0 75.0
1155.0 700.0 50.0 75.0
1160.0 700.0 50.0 75.0
1155.0 700.0 50.0 75.0
1145.0 710.0 50.0 75.0
1145.0 720.0 50.0 75.0
1140.0 730.0 50.0 75.0
1130.0 730.0 50.0 75.0
1125.0 730.0 50.0 75.0
1125.0 735.0 50.0 75.0
1115.0 750.0 50.0 75.0
1110.0 745.0 50.0 75.0
1095.0 750.0 50.0 75.0
1080.0 770.0 50.0 75.0
1075.0 770.0 50.0 75.0
