980.0 408.0 80.0 100.0
980.0 410.0 80.0 100.0
985.0 405.0 80.0 100.0
980.0 395.0 85.0 100.0
980.0 385.0 85.0 100.0
980.0 380.0 85.0 100.0
985.0 365.0 90.0 100.0
990.0 360.0 90.0 100.0
990.0 360.0 90.0 100.0
990.0 360.0 90.0 105.0
990.0 350.0 90.0 105.0
990.0 335.0 90.0 100.0
995.0 335.0 90.0 105.0
1000.0 325.0 90.0 105.0
1000.0 320.0 90.0 105.0
995.0 315.0 90.0 105.0
995.0 310.0 90.0 105.0
995.0 305.0 90.0 105.0
995.0 295.0 90.0 105.0
990.0 285.0 95.0 105.0
980.0 255.0 95.0 105.0
975.0 250.0 95.0 105.0
980.0 240.0 95.0 105.0
980.0 230.0 95.0 110.0
980.0 225.0 95.0 110.0
980.0 230.0 95.0 110.0
975.0 220.0 95.0 110.0
975.0 220.0 95.0 110.0
975.0 220.0 95.0 110.0
980.0 225.0 95.0 110.0
985.0 225.0 95.0 110.0
980.0 210.0 95.0 110.0
975.0 185.0 95.0 110.0
975.0 195.0 95.0 110.0
980.0 200.0 95.0 115.0
980.0 210.0 95.0 115.0
985.0 215.0 95.0 115.0
985.0 225.0 95.0 115.0
990.0 225.0 95.0 115.0
990.0 230.0 95.0 115.0
990.0 240.0 95.0 115.0
995.0 250.0 95.0 115.0
1000.0 255.0 95.0 120.0
1000.0 265.0 100.0 120.0
1005.0 275.0 100.0 120.0
1005.0 275.0 100.0 120.0
1005.0 275.0 100.0 120.0
1005.0 275.0 100.0 120.0
1005.0 285.0 100.0 120.0
1010.0 285.0 100.0 120.0
1010.0 275.0 100.0 120.0
1010.0 270.0 100.0 120.0
1015.0 275.0 100.0 120.0
1020.0 285.0 100.0 125.0
1020.0 290.0 100.0 125.0
1020.0 290.0 100.0 125.0
1025.0 295.0 100.0 125.0
1025.0 300.0 100.0 125.0
1030.0 310.0 100.0 130.0
1035.0 315.0 100.0 130.0
1035.0 330.0 100.0 130.0
1040.0 325.0 100.0 130.0
1045.0 335.0 100.0 130.0
1045.0 340.0 100.0 130.0
1045.0 340.0 100.0 130.0
1040.0 340.0 100.0 130.0
1035.0 345.0 100.0 130.0
1040.0 360.0 100.0 135.0
1040.0 370.0 100.0 135.0
1040.0 375.0 100.0 135.0
1045.0 380.0 100.0 135.0
1045.0 385.0 100.0 135.0
1050.0 390.0 100.0 135.0
1050.0 395.0 100.0 135.0
1055.0 400.0 100.0 140.0
1060.0 410.0 100.0 140.0
1050.0 405.0 100.0 140.0
1060.0 410.0 100.0 140.0
1065.0 420.0 100.0 140.0
1065.0 430.0 105.0 135.0
1070.0 445.0 105.0 135.0
1070.0 440.0 105.0 130.0
1070.0 455.0 105.0 125.0
1070.0 450.0 105.0 125.0
1085.0 450.0 105.0 120.0
1110.0 460.0 105.0 120.0
1120.0 455.0 105.0 120.0
1115.0 445.0 105.0 120.0
1115.0 440.0 100.0 120.0
1105.0 430.0 100.0 120.0
1100.0 430.0 100.0 120.0
1100.0 415.0 100.0 120.0
1090.0 380.0 100.0 120.0
1105.0 370.0 100.0 120.0
1105.0 370.0 100.0 120.0
1110.0 365.0 95.0 120.0
1110.0 365.0 95.0 120.0
1105.0 345.0 95.0 120.0
1100.0 325.0 100.0 120.0
1105.0 325.0 95.0 120.0
1095.0 305.0 95.0 120.0
1085.0 295.0 100.0 120.0
1085.0 305.0 95.0 120.0
1060.0 315.0 95.0 120.0
1075.0 300.0 95.0 120.0
1080.0 290.0 90.0 115.0
1080.0 280.0 90.0 115.0
1070.0 320.0 90.0 115.0
1060.0 315.0 90.0 115.0
1055.0 305.0 90.0 115.0
1050.0 290.0 90.0 115.0
1040.0 270.0 85.0 115.0
1080.0 270.0 85.0 115.0
1090.0 280.0 85.0 110.0
1080.0 275.0 85.0 110.0
1085.0 290.0 85.0 110.0
1090.0 270.0 85.0 110.0
1085.0 255.0 85.0 110.0
1055.0 225.0 80.0 110.0
1075.0 270.0 75.0 110.0
1050.0 260.0 75.0 110.0
1045.0 225.0 75.0 115.0
1040.0 245.0 80.0 110.0
1035.0 205.0 80.0 110.0
1030.0 185.0 80.0 110.0
1015.0 150.0 80.0 110.0
1020.0 120.0 80.0 110.0
1020.0 105.0 80.0 105.0
1030.0 95.0 80.0 105.0
1020.0 70.0 80.0 105.0
990.0 75.0 80.0 105.0
985.0 110.0 85.0 105.0
995.0 110.0 85.0 105.0
995.0 100.0 80.0 110.0
985.0 130.0 80.0 110.0
975.0 120.0 80.0 105.0
965.0 125.0 80.0 105.0
955.0 130.0 90.0 100.0
965.0 120.0 90.0 100.0
970.0 145.0 85.0 95.0
985.0 170.0 95.0 95.0
1000.0 175.0 95.0 95.0
1005.0 140.0 90.0 100.0
995.0 155.0 90.0 100.0
990.0 135.0 85.0 100.0
1020.0 150.0 85.0 100.0
1025.0 150.0 85.0 95.0
995.0 145.0 90.0 90.0
1000.0 160.0 90.0 95.0
995.0 140.0 90.0 95.0
1015.0 135.0 90.0 95.0
1025.0 115.0 90.0 95.0
1035.0 90.0 90.0 100.0
1025.0 110.0 90.0 100.0
1005.0 100.0 90.0 100.0
1015.0 65.0 90.0 100.0
1010.0 30.0 90.0 100.0
995.0 15.0 90.0 100.0
985.0 50.0 90.0 95.0
1000.0 75.0 95.0 90.0
995.0 85.0 90.0 90.0
975.0 85.0 90.0 95.0
990.0 80.0 90.0 95.0
990.0 55.0 95.0 95.0
990.0 20.0 95.0 100.0
985.0 0.0 95.0 100.0
975.0 5.0 95.0 100.0
985.0 20.0 95.0 95.0
975.0 20.0 95.0 95.0
960.0 50.0 95.0 95.0
955.0 70.0 90.0 95.0
925.0 85.0 90.0 95.0
910.0 70.0 90.0 95.0
910.0 75.0 90.0 95.0
895.0 75.0 90.0 95.0
910.0 100.0 90.0 95.0
905.0 85.0 90.0 95.0
905.0 55.0 85.0 100.0
910.0 60.0 85.0 100.0
920.0 35.0 85.0 100.0
970.0 35.0 85.0 100.0
980.0 20.0 90.0 100.0
970.0 5.0 90.0 100.0
935.0 5.0 95.0 100.0
905.0 25.0 95.0 100.0
900.0 55.0 95.0 100.0
885.0 60.0 95.0 100.0
870.0 85.0 95.0 100.0
870.0 90.0 95.0 105.0
870.0 90.0 90.0 105.0
865.0 90.0 90.0 105.0
875.0 85.0 90.0 105.0
865.0 85.0 90.0 105.0
875.0 85.0 90.0 105.0
875.0 90.0 90.0 105.0
880.0 90.0 90.0 105.0
875.0 80.0 90.0 105.0
880.0 75.0 90.0 105.0
