690.0 374.0 117.0 346.0
665.0 370.0 115.0 350.0
645.0 360.0 115.0 350.0
630.0 360.0 115.0 350.0
630.0 390.0 115.0 345.0
630.0 400.0 120.0 340.0
635.0 395.0 115.0 335.0
635.0 370.0 120.0 330.0
630.0 360.0 115.0 325.0
640.0 365.0 115.0 320.0
655.0 370.0 115.0 310.0
670.0 385.0 110.0 305.0
685.0 385.0 110.0 300.0
705.0 400.0 110.0 295.0
715.0 395.0 110.0 295.0
735.0 410.0 110.0 290.0
745.0 440.0 110.0 285.0
760.0 465.0 105.0 285.0
755.0 480.0 105.0 280.0
760.0 500.0 105.0 275.0
760.0 555.0 100.0 270.0
765.0 580.0 100.0 265.0
775.0 600.0 100.0 265.0
770.0 580.0 95.0 260.0
770.0 560.0 95.0 255.0
770.0 565.0 95.0 255.0
780.0 570.0 95.0 255.0
780.0 560.0 90.0 250.0
775.0 565.0 90.0 245.0
775.0 555.0 90.0 240.0
775.0 545.0 85.0 235.0
780.0 555.0 85.0 235.0
785.0 555.0 85.0 230.0
785.0 545.0 85.0 230.0
795.0 550.0 85.0 225.0
800.0 545.0 85.0 225.0
810.0 555.0 80.0 220.0
820.0 565.0 80.0 220.0
825.0 580.0 75.0 215.0
835.0 585.0 75.0 210.0
835.0 590.0 75.0 210.0
835.0 585.0 75.0 205.0
835.0 595.0 75.0 205.0
840.0 600.0 75.0 205.0
845.0 600.0 75.0 200.0
850.0 595.0 70.0 200.0
855.0 600.0 70.0 195.0
855.0 600.0 70.0 190.0
860.0 610.0 70.0 190.0
860.0 610.0 70.0 190.0
855.0 605.0 70.0 190.0
850.0 610.0 70.0 190.0
845.0 615.0 65.0 190.0
845.0 615.0 65.0 190.0
840.0 610.0 65.0 185.0
835.0 625.0 65.0 185.0
830.0 635.0 65.0 185.0
820.0 630.0 65.0 185.0
815.0 625.0 65.0 180.0
805.0 630.0 65.0 180.0
800.0 625.0 65.0 180.0
795.0 625.0 65.0 180.0
790.0 630.0 65.0 180.0
790.0 655.0 60.0 175.0
780.0 665.0 60.0 175.0
770.0 665.0 60.0 170.0
765.0 655.0 60.0 170.0
760.0 640.0 60.0 170.0
755.0 640.0 60.0 170.0
750.0 635.0 60.0 170.0
745.0 630.0 60.0 170.0
740.0 620.0 60.0 165.0
735.0 620.0 60.0 165.0
730.0 620.0 60.0 165.0
725.0 615.0 60.0 165.0
720.0 605.0 60.0 165.0
715.0 600.0 60.0 165.0
710.0 595.0 60.0 165.0
705.0 595.0 60.0 165.0
700.0 585.0 60.0 160.0
695.0 585.0 60.0 160.0
700.0 585.0 60.0 160.0
700.0 580.0 55.0 160.0
700.0 585.0 55.0 160.0
700.0 585.0 55.0 155.0
720.0 595.0 55.0 155.0
730.0 590.0 55.0 150.0
745.0 590.0 55.0 150.0
760.0 595.0 55.0 150.0
775.0 605.0 55.0 150.0
780.0 610.0 55.0 150.0
775.0 600.0 50.0 150.0
775.0 595.0 50.0 150.0
785.0 600.0 50.0 150.0
795.0 595.0 50.0 150.0
800.0 595.0 50.0 145.0
805.0 600.0 50.0 145.0
810.0 595.0 50.0 145.0
825.0 605.0 50.0 145.0
820.0 600.0 50.0 145.0
830.0 610.0 50.0 150.0
835.0 600.0 50.0 150.0
835.0 595.0 50.0 145.0
835.0 600.0 50.0 145.0
835.0 595.0 50.0 145.0
835.0 590.0 50.0 145.0
840.0 590.0 50.0 145.0
840.0 590.0 50.0 145.0
860.0 600.0 50.0 145.0
855.0 600.0 50.0 145.0
860.0 590.0 50.0 145.0
865.0 595.0 50.0 145.0
865.0 595.0 50.0 145.0
860.0 595.0 50.0 145.0
860.0 590.0 50.0 145.0
855.0 585.0 50.0 140.0
855.0 580.0 50.0 140.0
850.0 580.0 50.0 140.0
845.0 580.0 50.0 135.0
840.0 580.0 50.0 135.0
835.0 580.0 50.0 135.0
830.0 580.0 50.0 135.0
825.0 575.0 50.0 130.0
820.0 570.0 50.0 125.0
810.0 565.0 50.0 125.0
805.0 570.0 50.0 125.0
800.0 575.0 50.0 125.0
800.0 580.0 50.0 125.0
795.0 585.0 50.0 125.0
790.0 580.0 50.0 125.0
790.0 585.0 50.0 125.0
790.0 580.0 50.0 120.0
790.0 585.0 50.0 120.0
790.0 585.0 50.0 120.0
785.0 585.0 50.0 120.0
785.0 585.0 50.0 115.0
785.0 585.0 50.0 115.0
780.0 590.0 50.0 110.0
775.0 585.0 50.0 110.0
775.0 585.0 50.0 110.0
775.0 585.0 50.0 115.0
775.0 590.0 50.0 115.0
775.0 595.0 50.0 115.0
795.0 600.0 50.0 115.0
805.0 605.0 50.0 115.0
805.0 610.0 50.0 110.0
810.0 610.0 50.0 110.0
805.0 605.0 50.0 110.0
795.0 600.0 50.0 115.0
795.0 605.0 50.0 110.0
795.0 610.0 50.0 105.0
790.0 605.0 50.0 105.0
785.0 605.0 50.0 105.0
790.0 615.0 50.0 105.0
785.0 620.0 50.0 105.0
785.0 630.0 50.0 105.0
780.0 630.0 50.0 105.0
775.0 635.0 50.0 105.0
775.0 635.0 50.0 105.0
780.0 635.0 50.0 105.0
775.0 635.0 50.0 105.0
775.0 640.0 50.0 105.0
765.0 630.0 50.0 105.0
770.0 635.0 50.0 105.0
855.0 640.0 50.0 105.0
840.0 635.0 50.0 105.0
835.0 630.0 50.0 105.0
825.0 635.0 55.0 110.0
840.0 625.0 55.0 110.0
855.0 630.0 55.0 110.0
855.0 640.0 55.0 115.0
870.0 645.0 55.0 115.0
885.0 660.0 60.0 115.0
890.0 670.0 60.0 115.0
900.0 680.0 60.0 115.0
900.0 685.0 60.0 115.0
910.0 695.0 60.0 115.0
915.0 705.0 60.0 120.0
920.0 710.0 60.0 120.0
940.0 720.0 60.0 120.0
920.0 675.0 60.0 125.0
940.0 665.0 60.0 135.0
955.0 690.0 60.0 140.0
970.0 690.0 60.0 145.0
970.0 670.0 60.0 155.0
1015.0 660.0 60.0 160.0
1040.0 650.0 65.0 170.0
1075.0 650.0 65.0 175.0
1105.0 640.0 70.0 175.0
1125.0 640.0 70.0 180.0
1155.0 625.0 70.0 185.0
1185.0 620.0 70.0 190.0
1195.0 615.0 75.0 190.0
1215.0 605.0 75.0 195.0
1235.0 600.0 75.0 195.0
1265.0 595.0 75.0 200.0
1285.0 590.0 80.0 195.0
1320.0 580.0 85.0 195.0
1370.0 580.0 80.0 200.0
1415.0 565.0 85.0 205.0
1440.0 565.0 80.0 200.0
1450.0 565.0 80.0 200.0
1450.0 565.0 80.0 205.0
1455.0 565.0 80.0 205.0
1455.0 565.0 85.0 200.0
1455.0 565.0 85.0 205.0
1455.0 565.0 85.0 200.0
