680.0 677.0 67.0 164.0
670.0 685.0 70.0 160.0
665.0 685.0 70.0 160.0
660.0 690.0 75.0 155.0
655.0 695.0 75.0 155.0
660.0 705.0 75.0 155.0
650.0 705.0 75.0 155.0
645.0 710.0 75.0 150.0
640.0 710.0 75.0 155.0
640.0 715.0 75.0 150.0
640.0 715.0 80.0 150.0
645.0 725.0 80.0 145.0
640.0 725.0 80.0 145.0
635.0 730.0 80.0 145.0
635.0 725.0 85.0 145.0
635.0 735.0 85.0 140.0
635.0 730.0 85.0 140.0
635.0 735.0 85.0 140.0
625.0 735.0 85.0 140.0
630.0 735.0 85.0 140.0
625.0 730.0 85.0 140.0
630.0 735.0 80.0 140.0
625.0 740.0 85.0 140.0
625.0 740.0 80.0 140.0
615.0 740.0 80.0 140.0
620.0 745.0 80.0 140.0
615.0 750.0 80.0 140.0
610.0 745.0 80.0 140.0
605.0 750.0 80.0 140.0
600.0 750.0 80.0 140.0
600.0 755.0 80.0 140.0
600.0 760.0 80.0 135.0
605.0 760.0 80.0 135.0
605.0 760.0 80.0 140.0
610.0 770.0 80.0 140.0
605.0 770.0 80.0 140.0
605.0 775.0 80.0 135.0
605.0 770.0 80.0 135.0
610.0 775.0 80.0 135.0
605.0 775.0 80.0 135.0
605.0 775.0 80.0 135.0
605.0 770.0 80.0 135.0
610.0 770.0 80.0 135.0
615.0 770.0 80.0 135.0
615.0 775.0 80.0 135.0
610.0 775.0 80.0 135.0
610.0 775.0 80.0 135.0
610.0 770.0 80.0 135.0
610.0 770.0 80.0 135.0
610.0 780.0 80.0 135.0
610.0 785.0 80.0 135.0
610.0 780.0 80.0 135.0
605.0 780.0 80.0 135.0
610.0 785.0 80.0 135.0
610.0 780.0 80.0 135.0
610.0 790.0 80.0 135.0
610.0 795.0 80.0 135.0
610.0 795.0 80.0 135.0
610.0 800.0 80.0 135.0
610.0 795.0 80.0 135.0
610.0 795.0 80.0 135.0
610.0 800.0 80.0 130.0
610.0 805.0 75.0 130.0
615.0 800.0 75.0 130.0
610.0 805.0 75.0 130.0
615.0 805.0 75.0 130.0
