1262.0 519.0 207.0 217.0
1250.0 500.0 205.0 220.0
1235.0 495.0 210.0 220.0
1230.0 500.0 210.0 220.0
1215.0 475.0 205.0 220.0
1190.0 460.0 205.0 215.0
1175.0 435.0 205.0 215.0
1160.0 415.0 205.0 215.0
1145.0 400.0 205.0 210.0
1135.0 390.0 205.0 210.0
1130.0 430.0 205.0 205.0
1125.0 440.0 205.0 200.0
1115.0 440.0 205.0 200.0
1100.0 430.0 200.0 200.0
1085.0 425.0 200.0 195.0
1070.0 410.0 200.0 195.0
1055.0 395.0 200.0 195.0
1040.0 395.0 195.0 190.0
1025.0 375.0 195.0 190.0
1010.0 360.0 195.0 190.0
995.0 345.0 195.0 190.0
985.0 345.0 195.0 185.0
975.0 330.0 190.0 185.0
960.0 315.0 190.0 180.0
945.0 305.0 190.0 180.0
935.0 295.0 190.0 180.0
925.0 295.0 185.0 175.0
910.0 290.0 185.0 175.0
910.0 305.0 185.0 170.0
900.0 320.0 185.0 170.0
900.0 325.0 185.0 165.0
895.0 315.0 180.0 165.0
880.0 320.0 180.0 165.0
870.0 305.0 180.0 165.0
860.0 290.0 175.0 165.0
850.0 285.0 175.0 165.0
845.0 285.0 175.0 160.0
840.0 280.0 170.0 160.0
835.0 275.0 170.0 155.0
830.0 285.0 165.0 155.0
825.0 290.0 165.0 155.0
815.0 285.0 160.0 150.0
810.0 280.0 155.0 150.0
810.0 285.0 150.0 150.0
815.0 305.0 150.0 150.0
815.0 305.0 150.0 150.0
810.0 300.0 145.0 150.0
810.0 290.0 145.0 150.0
815.0 285.0 145.0 150.0
815.0 275.0 140.0 145.0
820.0 270.0 140.0 145.0
830.0 275.0 135.0 145.0
840.0 305.0 140.0 145.0
850.0 315.0 135.0 140.0
860.0 325.0 135.0 140.0
875.0 345.0 135.0 140.0
875.0 345.0 135.0 135.0
875.0 340.0 130.0 135.0
885.0 350.0 130.0 135.0
895.0 355.0 130.0 135.0
895.0 355.0 130.0 135.0
895.0 355.0 130.0 130.0
900.0 350.0 130.0 130.0
910.0 365.0 130.0 130.0
930.0 375.0 130.0 125.0
925.0 365.0 125.0 125.0
925.0 355.0 125.0 125.0
935.0 360.0 130.0 125.0
935.0 355.0 130.0 125.0
930.0 350.0 130.0 125.0
935.0 350.0 130.0 125.0
935.0 350.0 130.0 120.0
935.0 345.0 125.0 120.0
930.0 355.0 125.0 120.0
935.0 370.0 125.0 115.0
930.0 375.0 125.0 115.0
925.0 380.0 125.0 115.0
920.0 380.0 125.0 115.0
915.0 385.0 130.0 115.0
915.0 385.0 125.0 115.0
905.0 380.0 125.0 115.0
900.0 380.0 125.0 110.0
895.0 370.0 125.0 110.0
895.0 370.0 120.0 110.0
895.0 390.0 120.0 110.0
895.0 385.0 125.0 110.0
885.0 380.0 120.0 110.0
890.0 390.0 125.0 110.0
885.0 380.0 125.0 110.0
880.0 370.0 125.0 110.0
875.0 375.0 125.0 110.0
880.0 380.0 125.0 105.0
880.0 375.0 125.0 105.0
875.0 370.0 120.0 105.0
870.0 360.0 120.0 105.0
870.0 355.0 120.0 105.0
870.0 355.0 120.0 105.0
