1308.0 655.0 43.0 41.0
1285.0 650.0 50.0 50.0
1275.0 650.0 50.0 50.0
1270.0 645.0 50.0 50.0
1265.0 645.0 50.0 50.0
1260.0 645.0 50.0 50.0
1255.0 640.0 50.0 50.0
1250.0 640.0 50.0 50.0
1250.0 635.0 50.0 50.0
1245.0 630.0 50.0 50.0
1235.0 630.0 50.0 50.0
1225.0 630.0 50.0 50.0
1220.0 635.0 50.0 50.0
1210.0 645.0 50.0 50.0
1205.0 645.0 50.0 50.0
1195.0 645.0 55.0 50.0
1180.0 635.0 55.0 50.0
1170.0 635.0 55.0 50.0
1165.0 640.0 60.0 55.0
1160.0 635.0 60.0 55.0
1155.0 640.0 60.0 55.0
1160.0 645.0 60.0 55.0
1160.0 640.0 60.0 55.0
1165.0 640.0 55.0 55.0
1160.0 645.0 55.0 55.0
1160.0 645.0 55.0 60.0
1160.0 645.0 55.0 60.0
1160.0 650.0 55.0 60.0
1165.0 655.0 55.0 60.0
1165.0 650.0 55.0 60.0
1165.0 655.0 55.0 60.0
1165.0 650.0 55.0 60.0
1165.0 650.0 55.0 60.0
1165.0 645.0 55.0 60.0
1165.0 645.0 55.0 60.0
1155.0 640.0 55.0 60.0
1155.0 635.0 55.0 60.0
1150.0 635.0 55.0 60.0
1150.0 635.0 55.0 60.0
1145.0 630.0 55.0 60.0
1145.0 630.0 55.0 60.0
1145.0 625.0 60.0 60.0
1145.0 620.0 60.0 60.0
1145.0 625.0 55.0 60.0
1145.0 625.0 60.0 60.0
1145.0 620.0 55.0 60.0
1145.0 615.0 55.0 60.0
1145.0 615.0 55.0 60.0
1145.0 620.0 55.0 60.0
1160.0 630.0 55.0 60.0
1160.0 630.0 55.0 60.0
1155.0 630.0 55.0 60.0
1145.0 640.0 55.0 60.0
1145.0 650.0 55.0 55.0
1135.0 660.0 55.0 55.0
1125.0 660.0 55.0 50.0
1120.0 665.0 50.0 50.0
1115.0 660.0 50.0 50.0
1110.0 660.0 50.0 50.0
1110.0 660.0 50.0 50.0
1105.0 655.0 50.0 50.0
1105.0 655.0 50.0 50.0
1100.0 655.0 50.0 50.0
1100.0 650.0 50.0 50.0
1095.0 650.0 50.0 50.0
1095.0 650.0 50.0 50.0
1095.0 645.0 50.0 50.0
1095.0 645.0 50.0 50.0
1095.0 640.0 50.0 50.0
1100.0 640.0 50.0 50.0
1090.0 635.0 50.0 50.0
1090.0 635.0 50.0 50.0
1090.0 635.0 50.0 50.0
1090.0 630.0 50.0 50.0
1090.0 635.0 50.0 50.0
1090.0 635.0 50.0 50.0
1090.0 645.0 50.0 50.0
1055.0 630.0 50.0 50.0
1060.0 650.0 50.0 50.0
1050.0 655.0 50.0 50.0
1050.0 660.0 50.0 50.0
1050.0 660.0 50.0 55.0
1050.0 660.0 50.0 55.0
1050.0 660.0 50.0 55.0
1050.0 655.0 50.0 55.0
1045.0 665.0 50.0 55.0
1050.0 665.0 50.0 55.0
1050.0 670.0 50.0 55.0
1050.0 670.0 50.0 55.0
1055.0 670.0 50.0 55.0
1050.0 675.0 50.0 55.0
1050.0 675.0 50.0 55.0
1055.0 670.0 50.0 55.0
1050.0 670.0 50.0 55.0
1045.0 670.0 50.0 55.0
1050.0 675.0 50.0 55.0
1050.0 675.0 50.0 55.0
1050.0 670.0 50.0 55.0
1045.0 670.0 50.0 55.0
1045.0 675.0 50.0 60.0
1050.0 675.0 50.0 60.0
1045.0 675.0 50.0 60.0
1045.0 670.0 50.0 60.0
1050.0 680.0 50.0 60.0
1050.0 680.0 50.0 60.0
1050.0 685.0 50.0 60.0
1050.0 680.0 50.0 60.0
1045.0 680.0 50.0 60.0
1045.0 680.0 55.0 60.0
1045.0 685.0 55.0 60.0
1045.0 680.0 55.0 60.0
1045.0 675.0 55.0 60.0
1050.0 680.0 50.0 60.0
1045.0 685.0 50.0 60.0
1045.0 685.0 50.0 60.0
1045.0 680.0 50.0 60.0
1045.0 675.0 55.0 60.0
1045.0 685.0 55.0 60.0
1045.0 685.0 50.0 60.0
1040.0 700.0 55.0 60.0
1035.0 685.0 55.0 60.0
1030.0 680.0 55.0 60.0
1030.0 685.0 55.0 60.0
1025.0 685.0 55.0 60.0
1025.0 685.0 50.0 60.0
1020.0 685.0 50.0 60.0
1020.0 690.0 50.0 60.0
1015.0 690.0 50.0 60.0
1015.0 690.0 55.0 60.0
1015.0 695.0 50.0 60.0
1010.0 695.0 55.0 60.0
1005.0 695.0 55.0 60.0
1010.0 695.0 50.0 60.0
1005.0 700.0 50.0 60.0
1000.0 705.0 50.0 60.0
1000.0 710.0 50.0 60.0
1000.0 710.0 50.0 60.0
1000.0 715.0 50.0 60.0
1000.0 720.0 50.0 60.0
995.0 720.0 55.0 60.0
1000.0 730.0 55.0 60.0
1000.0 730.0 55.0 60.0
1000.0 735.0 55.0 60.0
995.0 735.0 55.0 60.0
970.0 740.0 55.0 60.0
985.0 745.0 55.0 60.0
980.0 740.0 55.0 60.0
985.0 740.0 55.0 60.0
985.0 745.0 50.0 60.0
985.0 750.0 50.0 60.0
985.0 745.0 55.0 60.0
980.0 750.0 50.0 60.0
980.0 740.0 50.0 60.0
985.0 755.0 50.0 60.0
975.0 750.0 50.0 60.0
975.0 755.0 50.0 60.0
975.0 765.0 50.0 60.0
975.0 780.0 50.0 60.0
975.0 775.0 50.0 60.0
975.0 775.0 50.0 60.0
970.0 785.0 55.0 60.0
965.0 785.0 50.0 60.0
925.0 790.0 50.0 60.0
935.0 790.0 50.0 60.0
935.0 785.0 50.0 60.0
930.0 790.0 55.0 60.0
935.0 800.0 55.0 60.0
935.0 795.0 50.0 60.0
930.0 790.0 50.0 60.0
925.0 800.0 50.0 60.0
925.0 805.0 50.0 60.0
925.0 820.0 50.0 60.0
925.0 825.0 50.0 60.0
920.0 825.0 50.0 55.0
910.0 825.0 50.0 55.0
910.0 820.0 50.0 60.0
900.0 825.0 50.0 60.0
895.0 825.0 55.0 60.0
890.0 825.0 55.0 60.0
890.0 840.0 55.0 60.0
890.0 835.0 55.0 60.0
890.0 835.0 55.0 60.0
890.0 840.0 55.0 60.0
890.0 845.0 55.0 60.0
895.0 845.0 55.0 60.0
890.0 850.0 55.0 60.0
890.0 850.0 50.0 60.0
890.0 855.0 50.0 60.0
885.0 860.0 55.0 60.0
890.0 870.0 55.0 60.0
890.0 870.0 50.0 60.0
885.0 880.0 50.0 60.0
890.0 885.0 50.0 60.0
890.0 880.0 50.0 60.0
885.0 880.0 50.0 60.0
885.0 880.0 50.0 60.0
