1125.0 679.0 120.0 207.0
1135.0 685.0 120.0 200.0
1150.0 685.0 120.0 200.0
1155.0 690.0 120.0 200.0
1165.0 685.0 120.0 195.0
1155.0 675.0 120.0 190.0
1150.0 660.0 120.0 190.0
1170.0 655.0 115.0 190.0
1180.0 645.0 115.0 185.0
1190.0 645.0 115.0 190.0
1200.0 640.0 115.0 190.0
1180.0 620.0 115.0 185.0
1170.0 575.0 115.0 185.0
1115.0 525.0 120.0 180.0
1080.0 540.0 130.0 175.0
1060.0 575.0 130.0 165.0
1060.0 605.0 135.0 160.0
1070.0 635.0 140.0 160.0
1085.0 635.0 140.0 160.0
1090.0 625.0 140.0 160.0
1120.0 605.0 140.0 165.0
1135.0 595.0 140.0 165.0
1145.0 600.0 140.0 170.0
1155.0 600.0 140.0 170.0
1165.0 595.0 140.0 170.0
1175.0 585.0 140.0 170.0
1185.0 575.0 140.0 170.0
1195.0 570.0 140.0 170.0
1185.0 560.0 140.0 165.0
1170.0 555.0 140.0 165.0
1150.0 545.0 145.0 165.0
1145.0 535.0 140.0 165.0
1145.0 525.0 140.0 170.0
1150.0 520.0 140.0 170.0
1160.0 515.0 140.0 170.0
1155.0 505.0 140.0 170.0
1135.0 490.0 140.0 175.0
1130.0 485.0 145.0 170.0
1140.0 485.0 140.0 170.0
1145.0 475.0 140.0 170.0
1150.0 480.0 140.0 170.0
1145.0 470.0 145.0 170.0
1155.0 465.0 145.0 170.0
1150.0 470.0 145.0 165.0
1140.0 475.0 150.0 165.0
1150.0 460.0 150.0 165.0
1155.0 470.0 150.0 165.0
1160.0 475.0 145.0 160.0
1165.0 485.0 145.0 160.0
1165.0 500.0 140.0 160.0
1195.0 505.0 140.0 160.0
1205.0 500.0 140.0 160.0
1220.0 375.0 140.0 155.0
1215.0 385.0 140.0 150.0
1210.0 385.0 135.0 150.0
1205.0 380.0 135.0 150.0
1205.0 370.0 130.0 145.0
1205.0 355.0 130.0 145.0
1190.0 345.0 125.0 140.0
1170.0 340.0 120.0 135.0
1140.0 330.0 120.0 135.0
1120.0 325.0 115.0 135.0
1090.0 320.0 115.0 135.0
1075.0 310.0 110.0 130.0
1055.0 305.0 110.0 130.0
1040.0 305.0 105.0 130.0
1025.0 300.0 105.0 125.0
1015.0 285.0 105.0 125.0
1000.0 270.0 100.0 125.0
985.0 255.0 100.0 125.0
965.0 240.0 100.0 120.0
960.0 225.0 100.0 125.0
955.0 215.0 100.0 125.0
935.0 210.0 100.0 120.0
910.0 205.0 100.0 120.0
885.0 200.0 100.0 120.0
870.0 190.0 95.0 115.0
860.0 180.0 100.0 115.0
855.0 165.0 100.0 115.0
850.0 150.0 100.0 115.0
850.0 130.0 95.0 115.0
845.0 115.0 95.0 110.0
845.0 105.0 95.0 110.0
845.0 95.0 95.0 110.0
840.0 75.0 95.0 115.0
840.0 65.0 95.0 115.0
835.0 60.0 95.0 115.0
795.0 30.0 95.0 115.0
790.0 15.0 95.0 115.0
790.0 -0.0 95.0 115.0
745.0 -5.0 95.0 115.0
740.0 -10.0 95.0 110.0
725.0 -5.0 95.0 110.0
670.0 -10.0 95.0 105.0
605.0 -5.0 95.0 105.0
575.0 -5.0 95.0 100.0
570.0 -5.0 95.0 100.0
555.0 -5.0 105.0 90.0
500.0 -5.0 110.0 85.0
460.0 5.0 115.0 80.0
435.0 -0.0 120.0 75.0
410.0 0.0 120.0 75.0
400.0 5.0 125.0 75.0
400.0 5.0 120.0 75.0
405.0 5.0 120.0 80.0
445.0 0.0 120.0 75.0
475.0 0.0 115.0 80.0
475.0 10.0 110.0 85.0
460.0 5.0 110.0 90.0
445.0 0.0 105.0 90.0
440.0 -0.0 100.0 100.0
430.0 -5.0 100.0 100.0
430.0 -5.0 95.0 115.0
430.0 -10.0 90.0 120.0
430.0 -10.0 85.0 125.0
435.0 -15.0 80.0 135.0
430.0 -15.0 80.0 145.0
415.0 -15.0 85.0 140.0
395.0 -20.0 80.0 150.0
380.0 -20.0 80.0 150.0
330.0 -20.0 90.0 140.0
315.0 -15.0 90.0 140.0
300.0 -15.0 85.0 150.0
265.0 -15.0 95.0 145.0
200.0 -10.0 105.0 135.0
180.0 -10.0 100.0 150.0
130.0 -10.0 95.0 160.0
90.0 -20.0 95.0 165.0
15.0 -20.0 100.0 155.0
-10.0 -10.0 110.0 150.0
-25.0 -15.0 110.0 150.0
-15.0 -15.0 105.0 150.0
-15.0 -15.0 105.0 150.0
-20.0 -15.0 105.0 150.0
-20.0 -15.0 100.0 155.0
-25.0 -20.0 100.0 160.0
-15.0 -20.0 95.0 165.0
-15.0 -25.0 90.0 170.0
-20.0 -25.0 90.0 175.0
-20.0 -25.0 85.0 175.0
-25.0 -30.0 85.0 175.0
-10.0 -30.0 80.0 175.0
-15.0 -30.0 80.0 175.0
-20.0 -30.0 85.0 175.0
-20.0 -30.0 80.0 175.0
-15.0 -30.0 80.0 175.0
