1260.0 827.0 44.0 70.0
1260.0 825.0 50.0 70.0
1270.0 825.0 50.0 70.0
1280.0 825.0 50.0 75.0
1285.0 820.0 50.0 75.0
1295.0 820.0 50.0 75.0
1295.0 820.0 50.0 75.0
1305.0 815.0 50.0 75.0
1310.0 815.0 50.0 75.0
1320.0 810.0 50.0 75.0
1325.0 805.0 50.0 75.0
1335.0 805.0 50.0 75.0
1340.0 800.0 50.0 75.0
1345.0 800.0 50.0 75.0
1350.0 795.0 50.0 75.0
1350.0 790.0 50.0 75.0
1350.0 790.0 50.0 75.0
1350.0 790.0 55.0 70.0
1355.0 790.0 55.0 70.0
1360.0 790.0 55.0 70.0
1365.0 790.0 55.0 70.0
1375.0 790.0 55.0 70.0
1380.0 790.0 60.0 65.0
1380.0 790.0 60.0 70.0
1380.0 780.0 60.0 70.0
1385.0 770.0 60.0 70.0
1390.0 770.0 60.0 70.0
1395.0 770.0 60.0 70.0
1400.0 770.0 60.0 70.0
1410.0 770.0 60.0 70.0
1420.0 765.0 60.0 70.0
1420.0 760.0 60.0 70.0
1425.0 765.0 60.0 70.0
1425.0 765.0 60.0 70.0
1430.0 760.0 60.0 70.0
1440.0 755.0 60.0 70.0
1440.0 750.0 55.0 75.0
1445.0 750.0 55.0 75.0
1440.0 745.0 55.0 75.0
1445.0 740.0 55.0 75.0
1445.0 735.0 55.0 75.0
1450.0 735.0 55.0 75.0
1455.0 735.0 55.0 75.0
1450.0 720.0 55.0 75.0
1450.0 715.0 55.0 75.0
1450.0 710.0 55.0 75.0
1455.0 705.0 60.0 75.0
1460.0 700.0 55.0 75.0
1465.0 695.0 55.0 75.0
1475.0 690.0 55.0 75.0
1470.0 670.0 55.0 75.0
1475.0 670.0 55.0 80.0
1480.0 665.0 50.0 80.0
1495.0 665.0 50.0 80.0
1500.0 665.0 50.0 80.0
1510.0 670.0 55.0 75.0
1515.0 670.0 55.0 75.0
1520.0 675.0 55.0 75.0
1525.0 675.0 55.0 75.0
1530.0 670.0 60.0 75.0
1535.0 670.0 60.0 75.0
1550.0 670.0 60.0 75.0
1560.0 670.0 60.0 75.0
1565.0 670.0 60.0 75.0
1570.0 670.0 60.0 80.0
1580.0 665.0 55.0 80.0
1580.0 660.0 55.0 85.0
1585.0 655.0 55.0 85.0
1595.0 655.0 50.0 85.0
1595.0 650.0 50.0 85.0
1600.0 650.0 50.0 85.0
1605.0 650.0 55.0 85.0
1610.0 645.0 55.0 80.0
1615.0 635.0 55.0 80.0
1620.0 635.0 55.0 75.0
1630.0 640.0 55.0 75.0
1640.0 635.0 55.0 70.0
