722.0 719.0 29.0 74.0
710.0 715.0 50.0 75.0
720.0 720.0 50.0 70.0
720.0 715.0 50.0 75.0
725.0 715.0 50.0 80.0
730.0 720.0 50.0 80.0
730.0 720.0 50.0 80.0
740.0 715.0 50.0 80.0
745.0 715.0 50.0 80.0
745.0 715.0 50.0 80.0
750.0 715.0 50.0 80.0
755.0 715.0 50.0 80.0
755.0 715.0 50.0 80.0
760.0 715.0 50.0 80.0
765.0 715.0 50.0 80.0
770.0 715.0 50.0 80.0
770.0 715.0 50.0 80.0
780.0 715.0 50.0 80.0
785.0 720.0 50.0 80.0
785.0 715.0 50.0 80.0
790.0 715.0 50.0 80.0
795.0 720.0 50.0 75.0
795.0 715.0 50.0 75.0
800.0 715.0 50.0 75.0
805.0 715.0 50.0 75.0
810.0 715.0 50.0 80.0
810.0 720.0 50.0 80.0
815.0 715.0 50.0 80.0
820.0 715.0 50.0 80.0
825.0 715.0 50.0 80.0
830.0 720.0 50.0 80.0
835.0 720.0 50.0 75.0
835.0 715.0 50.0 75.0
845.0 715.0 50.0 75.0
850.0 715.0 50.0 75.0
850.0 720.0 50.0 75.0
855.0 715.0 50.0 75.0
855.0 715.0 50.0 75.0
860.0 720.0 50.0 75.0
865.0 720.0 50.0 75.0
870.0 720.0 50.0 75.0
875.0 720.0 50.0 75.0
875.0 715.0 50.0 75.0
880.0 720.0 50.0 75.0
880.0 715.0 50.0 75.0
885.0 715.0 50.0 75.0
890.0 715.0 50.0 75.0
895.0 720.0 50.0 75.0
900.0 715.0 50.0 75.0
900.0 715.0 50.0 75.0
905.0 715.0 50.0 80.0
910.0 715.0 50.0 80.0
910.0 720.0 50.0 80.0
915.0 715.0 50.0 80.0
920.0 715.0 50.0 80.0
925.0 715.0 50.0 80.0
925.0 715.0 50.0 80.0
935.0 710.0 50.0 80.0
935.0 715.0 50.0 80.0
940.0 715.0 50.0 80.0
945.0 715.0 50.0 80.0
950.0 710.0 50.0 80.0
950.0 715.0 50.0 80.0
955.0 715.0 50.0 80.0
955.0 715.0 50.0 80.0
965.0 715.0 50.0 80.0
965.0 715.0 50.0 80.0
970.0 715.0 50.0 80.0
975.0 715.0 50.0 80.0
980.0 715.0 50.0 80.0
980.0 715.0 50.0 80.0
985.0 715.0 50.0 80.0
990.0 715.0 50.0 80.0
990.0 715.0 50.0 80.0
995.0 715.0 50.0 80.0
1000.0 715.0 50.0 80.0
1005.0 710.0 50.0 85.0
1010.0 715.0 50.0 80.0
1010.0 715.0 50.0 80.0
1015.0 715.0 50.0 80.0
1020.0 715.0 50.0 80.0
1025.0 715.0 50.0 80.0
1030.0 720.0 50.0 80.0
1035.0 720.0 50.0 80.0
1035.0 715.0 50.0 80.0
1040.0 715.0 50.0 80.0
1045.0 715.0 50.0 80.0
1045.0 715.0 50.0 80.0
1050.0 715.0 50.0 80.0
1055.0 710.0 50.0 85.0
1060.0 715.0 50.0 85.0
1065.0 715.0 50.0 85.0
1070.0 715.0 50.0 80.0
1070.0 715.0 50.0 80.0
1075.0 720.0 50.0 80.0
1080.0 715.0 50.0 85.0
1080.0 720.0 50.0 80.0
1085.0 715.0 50.0 80.0
1090.0 715.0 50.0 85.0
1095.0 715.0 50.0 85.0
1100.0 720.0 50.0 80.0
1105.0 720.0 50.0 80.0
1110.0 715.0 50.0 85.0
1110.0 720.0 50.0 85.0
1115.0 715.0 50.0 85.0
1115.0 720.0 50.0 80.0
1120.0 715.0 50.0 80.0
1125.0 715.0 50.0 80.0
1130.0 720.0 50.0 80.0
1130.0 715.0 50.0 80.0
1135.0 715.0 50.0 85.0
1135.0 715.0 50.0 85.0
1145.0 715.0 50.0 85.0
1145.0 715.0 50.0 85.0
1150.0 715.0 50.0 85.0
1155.0 715.0 50.0 85.0
1160.0 715.0 50.0 85.0
1160.0 715.0 50.0 85.0
1165.0 715.0 50.0 85.0
1165.0 715.0 50.0 85.0
1175.0 715.0 50.0 85.0
1175.0 715.0 50.0 85.0
1180.0 715.0 50.0 85.0
1185.0 715.0 50.0 85.0
1190.0 715.0 50.0 85.0
1195.0 715.0 50.0 85.0
1195.0 710.0 50.0 85.0
1195.0 715.0 50.0 85.0
1205.0 710.0 50.0 85.0
1205.0 715.0 50.0 85.0
1210.0 715.0 50.0 85.0
1215.0 715.0 50.0 80.0
1220.0 715.0 50.0 80.0
1225.0 715.0 50.0 80.0
1230.0 715.0 50.0 80.0
1230.0 710.0 50.0 80.0
1235.0 715.0 50.0 80.0
1240.0 715.0 50.0 80.0
1245.0 710.0 50.0 80.0
1245.0 710.0 50.0 75.0
1245.0 710.0 50.0 80.0
1255.0 710.0 50.0 80.0
1255.0 710.0 50.0 80.0
1265.0 710.0 50.0 75.0
1265.0 710.0 50.0 75.0
1270.0 710.0 50.0 75.0
1270.0 715.0 50.0 75.0
1275.0 715.0 50.0 75.0
1280.0 715.0 50.0 75.0
1285.0 710.0 50.0 75.0
1285.0 715.0 50.0 75.0
1290.0 715.0 50.0 75.0
1295.0 715.0 50.0 75.0
1300.0 715.0 50.0 75.0
1305.0 715.0 50.0 75.0
1305.0 715.0 50.0 75.0
1310.0 715.0 50.0 75.0
1310.0 715.0 50.0 75.0
1315.0 715.0 50.0 75.0
1320.0 715.0 50.0 75.0
1320.0 710.0 50.0 75.0
1325.0 715.0 50.0 75.0
1330.0 715.0 50.0 75.0
1330.0 715.0 50.0 75.0
1340.0 715.0 50.0 75.0
1340.0 715.0 50.0 75.0
1350.0 710.0 50.0 75.0
1350.0 710.0 50.0 75.0
1350.0 715.0 50.0 75.0
1355.0 715.0 50.0 75.0
1360.0 715.0 50.0 75.0
1365.0 710.0 50.0 75.0
1370.0 715.0 50.0 75.0
1370.0 720.0 50.0 75.0
1380.0 720.0 50.0 75.0
1380.0 715.0 50.0 75.0
1385.0 720.0 50.0 75.0
1390.0 715.0 50.0 75.0
1390.0 720.0 50.0 75.0
1395.0 715.0 50.0 75.0
1400.0 715.0 50.0 75.0
1400.0 715.0 50.0 75.0
1405.0 720.0 50.0 75.0
1410.0 715.0 50.0 75.0
1410.0 720.0 50.0 75.0
1415.0 720.0 50.0 75.0
1425.0 720.0 50.0 75.0
1425.0 715.0 50.0 75.0
1430.0 720.0 50.0 75.0
1435.0 720.0 50.0 75.0
1435.0 715.0 50.0 75.0
1440.0 715.0 50.0 75.0
1440.0 715.0 50.0 75.0
1450.0 720.0 50.0 75.0
1450.0 715.0 50.0 75.0
1455.0 720.0 50.0 75.0
1460.0 720.0 50.0 75.0
1465.0 725.0 50.0 75.0
1465.0 720.0 50.0 75.0
1465.0 715.0 50.0 80.0
