995.0 274.0 374.0 482.0
1000.0 270.0 375.0 485.0
1010.0 275.0 375.0 485.0
1015.0 270.0 375.0 490.0
1010.0 270.0 380.0 490.0
1000.0 270.0 380.0 490.0
990.0 260.0 380.0 490.0
915.0 120.0 385.0 495.0
880.0 95.0 380.0 495.0
860.0 100.0 380.0 490.0
845.0 95.0 380.0 490.0
835.0 95.0 380.0 490.0
835.0 95.0 380.0 490.0
830.0 95.0 380.0 485.0
820.0 95.0 380.0 485.0
815.0 90.0 380.0 485.0
810.0 90.0 380.0 480.0
800.0 95.0 375.0 480.0
800.0 90.0 375.0 480.0
790.0 90.0 375.0 480.0
775.0 90.0 375.0 475.0
765.0 85.0 375.0 475.0
755.0 85.0 375.0 475.0
750.0 85.0 375.0 480.0
745.0 85.0 375.0 480.0
730.0 80.0 375.0 480.0
710.0 85.0 375.0 475.0
685.0 75.0 375.0 475.0
670.0 75.0 375.0 475.0
675.0 70.0 380.0 475.0
705.0 75.0 385.0 480.0
770.0 85.0 385.0 475.0
835.0 95.0 385.0 475.0
870.0 100.0 380.0 475.0
910.0 105.0 380.0 475.0
950.0 100.0 380.0 480.0
1015.0 110.0 385.0 480.0
1080.0 115.0 390.0 485.0
1155.0 120.0 395.0 490.0
1220.0 125.0 395.0 490.0
1215.0 125.0 405.0 480.0
910.0 70.0 410.0 475.0
750.0 55.0 415.0 470.0
600.0 40.0 420.0 460.0
500.0 30.0 420.0 455.0
415.0 20.0 420.0 455.0
350.0 10.0 415.0 450.0
375.0 30.0 410.0 445.0
505.0 55.0 410.0 445.0
630.0 90.0 400.0 445.0
665.0 115.0 400.0 450.0
720.0 130.0 395.0 455.0
770.0 130.0 390.0 465.0
805.0 130.0 390.0 475.0
820.0 130.0 385.0 480.0
835.0 130.0 385.0 485.0
860.0 115.0 380.0 485.0
870.0 100.0 375.0 485.0
870.0 110.0 375.0 485.0
860.0 115.0 375.0 485.0
820.0 120.0 375.0 480.0
770.0 125.0 380.0 475.0
705.0 125.0 380.0 475.0
690.0 40.0 385.0 485.0
695.0 -40.0 390.0 480.0
735.0 -40.0 410.0 455.0
