713.0 133.0 159.0 209.0
705.0 130.0 160.0 210.0
700.0 135.0 160.0 215.0
690.0 135.0 160.0 215.0
685.0 135.0 155.0 215.0
680.0 130.0 160.0 220.0
680.0 130.0 160.0 215.0
675.0 135.0 160.0 215.0
675.0 130.0 160.0 220.0
660.0 135.0 160.0 220.0
645.0 135.0 165.0 220.0
630.0 130.0 165.0 220.0
605.0 120.0 165.0 220.0
550.0 125.0 165.0 220.0
490.0 120.0 165.0 220.0
440.0 120.0 170.0 215.0
375.0 115.0 170.0 215.0
345.0 115.0 170.0 210.0
275.0 120.0 175.0 215.0
215.0 125.0 175.0 215.0
215.0 125.0 175.0 210.0
225.0 125.0 175.0 210.0
260.0 115.0 170.0 210.0
450.0 30.0 170.0 210.0
470.0 65.0 170.0 205.0
440.0 65.0 170.0 205.0
435.0 65.0 170.0 200.0
420.0 70.0 170.0 200.0
420.0 55.0 165.0 205.0
395.0 20.0 160.0 205.0
390.0 -5.0 160.0 205.0
385.0 -20.0 155.0 205.0
380.0 5.0 160.0 205.0
390.0 -5.0 160.0 200.0
240.0 225.0 160.0 200.0
230.0 225.0 165.0 200.0
230.0 195.0 160.0 200.0
270.0 150.0 160.0 200.0
305.0 125.0 155.0 200.0
325.0 135.0 155.0 205.0
350.0 150.0 155.0 205.0
360.0 140.0 155.0 200.0
370.0 145.0 155.0 205.0
420.0 240.0 160.0 205.0
445.0 260.0 160.0 200.0
465.0 260.0 160.0 200.0
460.0 275.0 160.0 205.0
450.0 400.0 160.0 205.0
440.0 405.0 160.0 205.0
450.0 430.0 155.0 205.0
385.0 470.0 155.0 215.0
430.0 285.0 155.0 215.0
475.0 270.0 160.0 210.0
480.0 240.0 160.0 210.0
480.0 245.0 160.0 205.0
475.0 250.0 160.0 205.0
475.0 250.0 165.0 205.0
475.0 250.0 165.0 205.0
475.0 250.0 165.0 205.0
480.0 265.0 165.0 205.0
495.0 355.0 165.0 205.0
480.0 530.0 165.0 205.0
470.0 715.0 165.0 205.0
465.0 810.0 170.0 210.0
475.0 675.0 160.0 215.0
480.0 475.0 160.0 215.0
490.0 320.0 155.0 220.0
495.0 240.0 150.0 225.0
470.0 255.0 145.0 225.0
460.0 255.0 145.0 225.0
465.0 250.0 140.0 220.0
470.0 245.0 140.0 220.0
470.0 255.0 140.0 220.0
455.0 260.0 140.0 220.0
445.0 260.0 140.0 220.0
440.0 255.0 140.0 220.0
440.0 260.0 145.0 215.0
470.0 265.0 150.0 210.0
550.0 275.0 155.0 210.0
650.0 275.0 160.0 210.0
730.0 265.0 165.0 205.0
795.0 270.0 165.0 205.0
855.0 285.0 170.0 205.0
925.0 285.0 175.0 210.0
1005.0 305.0 175.0 205.0
1100.0 315.0 175.0 205.0
1085.0 425.0 180.0 200.0
940.0 520.0 180.0 200.0
770.0 505.0 180.0 205.0
885.0 520.0 185.0 210.0
1050.0 545.0 185.0 210.0
1180.0 475.0 185.0 210.0
1345.0 435.0 190.0 215.0
1490.0 365.0 190.0 215.0
1470.0 335.0 190.0 210.0
1200.0 345.0 190.0 210.0
905.0 380.0 190.0 215.0
950.0 370.0 190.0 215.0
940.0 350.0 190.0 215.0
1005.0 345.0 185.0 215.0
