1316.0 168.0 157.0 192.0
1300.0 175.0 160.0 190.0
1285.0 175.0 160.0 190.0
1280.0 180.0 160.0 195.0
1265.0 185.0 165.0 195.0
1245.0 180.0 165.0 195.0
1175.0 185.0 165.0 195.0
1075.0 180.0 165.0 190.0
965.0 180.0 170.0 190.0
885.0 175.0 170.0 190.0
955.0 155.0 170.0 185.0
1105.0 115.0 170.0 185.0
1195.0 110.0 170.0 190.0
1180.0 105.0 165.0 195.0
1135.0 105.0 165.0 190.0
1090.0 100.0 165.0 195.0
1030.0 105.0 165.0 190.0
970.0 105.0 165.0 185.0
1090.0 105.0 165.0 190.0
1090.0 100.0 165.0 190.0
1030.0 100.0 165.0 195.0
945.0 105.0 170.0 195.0
860.0 90.0 170.0 195.0
785.0 90.0 170.0 195.0
725.0 120.0 170.0 190.0
665.0 125.0 170.0 195.0
610.0 120.0 170.0 195.0
540.0 130.0 170.0 200.0
450.0 140.0 170.0 200.0
375.0 120.0 170.0 200.0
305.0 130.0 170.0 195.0
240.0 160.0 170.0 195.0
170.0 140.0 170.0 195.0
130.0 125.0 170.0 200.0
110.0 55.0 175.0 200.0
135.0 105.0 180.0 200.0
170.0 100.0 185.0 200.0
180.0 85.0 185.0 195.0
195.0 75.0 185.0 190.0
165.0 40.0 175.0 195.0
155.0 55.0 175.0 190.0
190.0 45.0 165.0 190.0
205.0 55.0 165.0 195.0
215.0 55.0 155.0 190.0
205.0 60.0 160.0 190.0
210.0 60.0 150.0 190.0
210.0 65.0 155.0 185.0
215.0 65.0 150.0 185.0
220.0 65.0 140.0 185.0
225.0 65.0 140.0 185.0
225.0 65.0 140.0 180.0
225.0 70.0 140.0 175.0
230.0 70.0 140.0 175.0
230.0 70.0 140.0 170.0
225.0 75.0 145.0 165.0
230.0 70.0 145.0 165.0
235.0 75.0 145.0 165.0
235.0 80.0 145.0 160.0
235.0 80.0 140.0 155.0
235.0 80.0 135.0 155.0
240.0 85.0 140.0 155.0
240.0 80.0 140.0 150.0
235.0 80.0 140.0 150.0
235.0 90.0 135.0 145.0
240.0 90.0 135.0 145.0
240.0 90.0 130.0 145.0
240.0 90.0 135.0 145.0
240.0 90.0 130.0 150.0
245.0 90.0 130.0 145.0
240.0 90.0 130.0 145.0
245.0 90.0 125.0 145.0
245.0 90.0 125.0 150.0
250.0 85.0 120.0 150.0
250.0 85.0 120.0 145.0
250.0 90.0 120.0 145.0
245.0 90.0 120.0 145.0
250.0 90.0 115.0 150.0
250.0 85.0 115.0 150.0
250.0 90.0 115.0 145.0
250.0 90.0 120.0 145.0
250.0 95.0 120.0 145.0
250.0 95.0 120.0 140.0
250.0 95.0 115.0 145.0
250.0 90.0 120.0 140.0
250.0 90.0 120.0 140.0
255.0 95.0 120.0 140.0
255.0 90.0 115.0 140.0
260.0 90.0 115.0 140.0
255.0 90.0 115.0 140.0
255.0 90.0 115.0 135.0
255.0 90.0 115.0 135.0
255.0 95.0 115.0 135.0
255.0 90.0 115.0 130.0
255.0 90.0 115.0 130.0
255.0 90.0 115.0 130.0
260.0 100.0 115.0 130.0
255.0 95.0 115.0 130.0
255.0 95.0 115.0 125.0
255.0 95.0 115.0 130.0
260.0 95.0 115.0 125.0
260.0 90.0 110.0 130.0
270.0 90.0 110.0 125.0
280.0 90.0 110.0 125.0
275.0 100.0 105.0 125.0
265.0 95.0 105.0 125.0
285.0 80.0 105.0 125.0
300.0 90.0 105.0 125.0
300.0 75.0 105.0 125.0
285.0 55.0 105.0 125.0
330.0 45.0 105.0 125.0
345.0 60.0 105.0 125.0
325.0 55.0 105.0 125.0
300.0 50.0 100.0 130.0
345.0 75.0 100.0 125.0
370.0 95.0 110.0 120.0
395.0 105.0 110.0 120.0
395.0 100.0 105.0 120.0
440.0 85.0 105.0 120.0
440.0 80.0 105.0 115.0
435.0 85.0 105.0 115.0
435.0 85.0 105.0 110.0
435.0 85.0 105.0 110.0
435.0 85.0 105.0 110.0
435.0 90.0 105.0 110.0
435.0 90.0 105.0 105.0
435.0 90.0 100.0 105.0
435.0 90.0 100.0 105.0
435.0 90.0 100.0 105.0
435.0 95.0 100.0 105.0
435.0 90.0 100.0 105.0
565.0 190.0 100.0 105.0
565.0 190.0 105.0 110.0
580.0 185.0 105.0 120.0
605.0 185.0 110.0 120.0
645.0 185.0 110.0 125.0
690.0 180.0 110.0 125.0
730.0 185.0 110.0 130.0
760.0 200.0 110.0 130.0
795.0 200.0 115.0 135.0
790.0 185.0 115.0 140.0
725.0 185.0 115.0 140.0
700.0 195.0 120.0 145.0
750.0 175.0 120.0 145.0
795.0 175.0 120.0 140.0
835.0 190.0 125.0 140.0
890.0 180.0 125.0 140.0
925.0 175.0 130.0 145.0
870.0 185.0 135.0 145.0
895.0 175.0 135.0 150.0
870.0 165.0 130.0 150.0
900.0 175.0 130.0 150.0
865.0 190.0 135.0 150.0
820.0 175.0 135.0 150.0
845.0 170.0 135.0 150.0
890.0 175.0 135.0 150.0
935.0 180.0 135.0 150.0
1000.0 170.0 135.0 150.0
990.0 170.0 140.0 150.0
1025.0 180.0 140.0 150.0
1020.0 190.0 140.0 150.0
1025.0 170.0 140.0 155.0
1050.0 170.0 145.0 160.0
1055.0 170.0 145.0 170.0
1040.0 160.0 145.0 170.0
1060.0 145.0 140.0 170.0
1035.0 160.0 145.0 170.0
985.0 165.0 150.0 170.0
970.0 155.0 145.0 170.0
960.0 160.0 150.0 170.0
1015.0 180.0 150.0 170.0
1095.0 170.0 155.0 170.0
1155.0 160.0 155.0 175.0
1160.0 175.0 155.0 175.0
1165.0 200.0 160.0 175.0
1070.0 205.0 160.0 175.0
970.0 200.0 165.0 180.0
880.0 205.0 160.0 180.0
820.0 205.0 160.0 180.0
790.0 195.0 160.0 180.0
795.0 185.0 155.0 180.0
800.0 185.0 155.0 180.0
780.0 190.0 155.0 180.0
745.0 190.0 155.0 180.0
700.0 190.0 160.0 180.0
670.0 190.0 160.0 180.0
655.0 190.0 160.0 180.0
630.0 190.0 160.0 180.0
595.0 190.0 155.0 180.0
550.0 190.0 160.0 180.0
480.0 195.0 155.0 180.0
415.0 190.0 155.0 180.0
590.0 140.0 155.0 175.0
610.0 120.0 170.0 165.0
645.0 120.0 165.0 165.0
665.0 110.0 170.0 160.0
680.0 105.0 165.0 165.0
685.0 110.0 165.0 165.0
745.0 125.0 160.0 165.0
660.0 130.0 160.0 175.0
550.0 135.0 160.0 175.0
450.0 125.0 160.0 180.0
560.0 130.0 150.0 185.0
645.0 140.0 155.0 185.0
775.0 145.0 160.0 185.0
770.0 120.0 160.0 180.0
700.0 135.0 155.0 180.0
580.0 135.0 155.0 180.0
595.0 125.0 160.0 180.0
595.0 120.0 160.0 180.0
595.0 110.0 155.0 185.0
595.0 115.0 155.0 180.0
605.0 110.0 155.0 180.0
635.0 115.0 150.0 175.0
660.0 120.0 145.0 175.0
680.0 130.0 145.0 170.0
705.0 135.0 140.0 165.0
710.0 135.0 140.0 165.0
700.0 135.0 135.0 160.0
670.0 135.0 135.0 160.0
630.0 140.0 135.0 155.0
565.0 140.0 135.0 155.0
515.0 145.0 135.0 150.0
485.0 140.0 135.0 150.0
475.0 140.0 130.0 150.0
485.0 140.0 130.0 150.0
525.0 135.0 130.0 150.0
570.0 125.0 130.0 155.0
595.0 120.0 130.0 150.0
575.0 130.0 130.0 150.0
520.0 110.0 130.0 150.0
485.0 100.0 130.0 150.0
470.0 100.0 130.0 150.0
485.0 100.0 130.0 150.0
535.0 95.0 130.0 155.0
610.0 85.0 130.0 155.0
690.0 80.0 130.0 155.0
740.0 85.0 130.0 155.0
780.0 75.0 130.0 155.0
815.0 65.0 135.0 155.0
855.0 65.0 135.0 155.0
910.0 75.0 135.0 150.0
980.0 60.0 135.0 150.0
1035.0 60.0 135.0 155.0
1035.0 70.0 140.0 155.0
1005.0 85.0 145.0 160.0
1020.0 40.0 145.0 155.0
1000.0 25.0 135.0 160.0
1025.0 40.0 135.0 155.0
980.0 -5.0 135.0 155.0
980.0 -20.0 140.0 155.0
980.0 -20.0 140.0 150.0
945.0 -20.0 140.0 150.0
760.0 90.0 145.0 155.0
775.0 90.0 145.0 165.0
725.0 75.0 150.0 165.0
760.0 70.0 150.0 170.0
770.0 80.0 150.0 170.0
855.0 85.0 150.0 170.0
850.0 70.0 155.0 170.0
860.0 105.0 155.0 175.0
825.0 235.0 160.0 175.0
815.0 420.0 160.0 175.0
805.0 520.0 155.0 180.0
800.0 415.0 155.0 185.0
790.0 210.0 155.0 185.0
785.0 70.0 150.0 185.0
780.0 55.0 150.0 185.0
770.0 50.0 155.0 185.0
770.0 125.0 155.0 185.0
755.0 250.0 160.0 180.0
760.0 130.0 155.0 185.0
695.0 70.0 160.0 185.0
670.0 35.0 160.0 190.0
750.0 145.0 160.0 185.0
765.0 65.0 160.0 185.0
770.0 60.0 160.0 185.0
760.0 75.0 160.0 185.0
745.0 195.0 165.0 185.0
735.0 400.0 165.0 185.0
705.0 540.0 165.0 185.0
700.0 435.0 160.0 190.0
700.0 215.0 160.0 195.0
710.0 65.0 160.0 195.0
715.0 65.0 160.0 190.0
720.0 60.0 155.0 185.0
720.0 60.0 155.0 185.0
725.0 65.0 155.0 185.0
720.0 65.0 155.0 185.0
685.0 110.0 155.0 180.0
670.0 240.0 160.0 180.0
660.0 45.0 155.0 180.0
715.0 75.0 165.0 170.0
655.0 -20.0 165.0 170.0
640.0 165.0 165.0 170.0
640.0 75.0 165.0 180.0
640.0 70.0 165.0 180.0
630.0 70.0 160.0 175.0
630.0 70.0 160.0 175.0
620.0 70.0 160.0 175.0
615.0 125.0 165.0 175.0
610.0 205.0 165.0 175.0
610.0 -15.0 165.0 175.0
605.0 30.0 165.0 170.0
590.0 90.0 165.0 175.0
590.0 70.0 165.0 175.0
585.0 70.0 165.0 175.0
580.0 75.0 165.0 175.0
575.0 80.0 165.0 175.0
565.0 80.0 165.0 175.0
485.0 85.0 170.0 175.0
475.0 80.0 170.0 175.0
470.0 85.0 170.0 180.0
475.0 85.0 165.0 180.0
605.0 50.0 170.0 175.0
830.0 60.0 170.0 175.0
875.0 70.0 170.0 175.0
915.0 75.0 165.0 180.0
960.0 90.0 165.0 185.0
965.0 90.0 165.0 185.0
775.0 75.0 165.0 190.0
695.0 85.0 165.0 190.0
770.0 95.0 165.0 190.0
880.0 85.0 170.0 190.0
955.0 80.0 175.0 195.0
