281.0 429.0 91.0 67.0
285.0 430.0 90.0 70.0
290.0 430.0 90.0 70.0
290.0 430.0 85.0 70.0
295.0 430.0 85.0 70.0
300.0 425.0 85.0 75.0
300.0 430.0 85.0 75.0
305.0 430.0 80.0 75.0
310.0 430.0 80.0 75.0
305.0 435.0 80.0 75.0
305.0 435.0 80.0 70.0
300.0 430.0 80.0 75.0
295.0 430.0 80.0 75.0
290.0 430.0 80.0 75.0
285.0 430.0 85.0 70.0
285.0 430.0 85.0 70.0
285.0 430.0 85.0 70.0
285.0 430.0 85.0 70.0
285.0 425.0 85.0 70.0
285.0 425.0 85.0 70.0
285.0 425.0 85.0 70.0
290.0 425.0 85.0 70.0
285.0 425.0 85.0 70.0
290.0 425.0 85.0 70.0
285.0 430.0 85.0 65.0
285.0 425.0 85.0 70.0
285.0 425.0 85.0 70.0
285.0 430.0 85.0 70.0
285.0 425.0 85.0 70.0
285.0 430.0 85.0 70.0
290.0 425.0 85.0 70.0
285.0 425.0 85.0 70.0
285.0 425.0 85.0 70.0
285.0 430.0 85.0 70.0
285.0 430.0 90.0 70.0
285.0 430.0 90.0 65.0
285.0 430.0 90.0 70.0
285.0 430.0 90.0 70.0
285.0 430.0 90.0 65.0
285.0 430.0 90.0 65.0
285.0 425.0 90.0 70.0
280.0 430.0 90.0 65.0
280.0 430.0 95.0 65.0
280.0 430.0 95.0 65.0
285.0 430.0 95.0 65.0
280.0 430.0 95.0 70.0
280.0 425.0 90.0 70.0
285.0 425.0 90.0 70.0
285.0 430.0 85.0 70.0
285.0 425.0 85.0 70.0
285.0 430.0 90.0 65.0
285.0 430.0 85.0 65.0
285.0 430.0 85.0 65.0
285.0 430.0 85.0 70.0
285.0 430.0 85.0 70.0
290.0 430.0 90.0 65.0
285.0 430.0 85.0 65.0
290.0 430.0 85.0 70.0
285.0 430.0 85.0 70.0
285.0 430.0 90.0 65.0
285.0 430.0 85.0 65.0
285.0 430.0 90.0 65.0
285.0 430.0 85.0 65.0
285.0 430.0 85.0 65.0
290.0 430.0 85.0 65.0
290.0 430.0 90.0 65.0
285.0 425.0 85.0 65.0
285.0 430.0 85.0 65.0
290.0 430.0 85.0 65.0
290.0 425.0 85.0 70.0
290.0 425.0 85.0 70.0
285.0 425.0 85.0 70.0
290.0 425.0 85.0 70.0
285.0 430.0 85.0 70.0
285.0 430.0 85.0 65.0
285.0 425.0 85.0 65.0
285.0 430.0 85.0 65.0
290.0 430.0 90.0 65.0
285.0 430.0 85.0 65.0
285.0 430.0 85.0 65.0
285.0 430.0 90.0 65.0
285.0 430.0 90.0 65.0
285.0 430.0 95.0 65.0
285.0 430.0 95.0 60.0
280.0 430.0 95.0 65.0
285.0 430.0 95.0 65.0
285.0 430.0 95.0 60.0
280.0 430.0 95.0 60.0
285.0 430.0 95.0 65.0
280.0 430.0 90.0 65.0
285.0 430.0 90.0 65.0
285.0 430.0 90.0 65.0
285.0 430.0 85.0 65.0
285.0 430.0 85.0 70.0
290.0 430.0 90.0 65.0
285.0 430.0 90.0 65.0
285.0 430.0 90.0 65.0
285.0 435.0 90.0 65.0
285.0 430.0 95.0 60.0
285.0 430.0 90.0 65.0
285.0 430.0 95.0 65.0
285.0 430.0 95.0 60.0
285.0 430.0 95.0 65.0
280.0 430.0 90.0 65.0
285.0 430.0 90.0 65.0
285.0 425.0 90.0 70.0
285.0 430.0 90.0 65.0
285.0 430.0 90.0 65.0
285.0 425.0 90.0 70.0
285.0 430.0 90.0 65.0
280.0 430.0 95.0 65.0
285.0 430.0 90.0 65.0
285.0 430.0 90.0 65.0
285.0 430.0 95.0 65.0
280.0 425.0 90.0 65.0
285.0 430.0 90.0 65.0
285.0 430.0 90.0 70.0
285.0 430.0 85.0 70.0
285.0 430.0 90.0 65.0
285.0 430.0 90.0 65.0
285.0 430.0 90.0 60.0
285.0 430.0 90.0 65.0
285.0 430.0 90.0 65.0
285.0 430.0 90.0 65.0
285.0 430.0 90.0 65.0
285.0 430.0 90.0 65.0
285.0 430.0 90.0 65.0
285.0 430.0 95.0 65.0
285.0 430.0 90.0 65.0
285.0 435.0 95.0 65.0
280.0 430.0 95.0 60.0
280.0 430.0 95.0 60.0
285.0 430.0 100.0 60.0
280.0 425.0 95.0 65.0
285.0 430.0 95.0 65.0
285.0 430.0 95.0 65.0
280.0 430.0 95.0 60.0
280.0 430.0 100.0 60.0
280.0 430.0 100.0 60.0
280.0 430.0 100.0 60.0
280.0 430.0 100.0 60.0
280.0 430.0 100.0 65.0
280.0 430.0 95.0 65.0
280.0 430.0 95.0 65.0
280.0 430.0 95.0 65.0
285.0 430.0 95.0 65.0
285.0 430.0 95.0 60.0
285.0 430.0 100.0 60.0
280.0 430.0 95.0 65.0
285.0 435.0 95.0 60.0
285.0 435.0 95.0 60.0
280.0 430.0 100.0 60.0
280.0 430.0 100.0 60.0
