344.0,138.0,49,40
353.43315505981445,142.75478553771973,47.28147,45.420696
359.18082427978516,157.27833366394043,57.71791,43.764637
360.87592697143555,163.71706008911133,58.68194,47.091377
368.2094783782959,169.41003799438477,45.298847,42.82348
370.85449028015137,147.4831027984619,51.824192,54.32208
371.4641418457031,146.6333827972412,64.50084,39.516865
375.939266204834,147.3477439880371,55.741386,43.92782
364.51273345947266,148.46346473693848,51.4019,54.81686
380.41793060302734,163.91681480407715,60.947388,56.89075
382.63970947265625,165.87030410766602,65.25871,58.35511
374.68314361572266,161.98158264160156,68.44568,53.802475
366.9755630493164,162.6256809234619,73.27278,48.77589
379.33334732055664,166.6224308013916,70.68737,54.609325
369.87521743774414,169.86077499389648,74.42245,53.801155
353.9810256958008,160.06641960144043,72.860214,58.85805
326.02659797668457,136.36476516723633,62.92709,63.88607
269.28736877441406,110.40877532958984,68.28436,62.585724
276.29589080810547,114.35111808776855,67.68767,45.741154
287.9480743408203,117.78011703491211,68.684525,45.596794
272.28450775146484,120.968994140625,66.09288,42.84343
256.7376461029053,122.4688549041748,56.09763,54.213413
246.66721725463867,146.85045433044434,58.64663,39.089436
246.05821800231934,149.58855628967285,47.78359,38.984127
242.90484237670898,153.86544036865234,48.599205,45.362183
247.741361618042,156.96410369873047,50.865223,43.083954
226.31818008422852,171.76997756958008,63.831276,62.12092
225.3144645690918,169.39572525024414,66.97791,66.43438
188.0359764099121,128.0254364013672,82.73487,85.934494
150.76405334472656,108.36369705200195,87.71838,92.37165
152.52073287963867,106.89300155639648,89.83988,92.146935
153.51052474975586,105.27695846557617,84.772804,95.25033
159.97842025756836,123.44744873046875,76.814095,75.201096
184.6243133544922,96.1766471862793,83.27658,67.20867
182.2152976989746,81.62311553955078,82.37589,74.85489
200.79945373535156,33.13813781738281,83.58026,64.73683
207.99166107177734,14.550180435180664,95.14632,57.457226
210.38470077514648,11.689416885375977,96.22233,53.662518
211.52183532714844,28.205013275146484,93.508545,51.28492
204.54921340942383,25.60588264465332,84.370995,58.5144
205.56244277954102,25.661617279052734,85.354,68.389595
204.51469802856445,20.722564697265625,84.89352,72.22446
212.5136833190918,69.38533782958984,84.2544,66.76259
193.6103515625,153.88685035705566,68.025955,50.540173
216.71703720092773,143.41091918945312,51.428642,47.867844
222.69075965881348,161.02809143066406,41.85536,34.082016
228.92802810668945,157.98177909851074,40.920464,34.459446
227.23996543884277,163.15944290161133,38.944645,33.65885
230.01637268066406,162.2844066619873,40.065872,30.637028
231.7417287826538,162.3221092224121,25.883455,26.954796
231.02644062042236,164.50556755065918,26.825758,22.095867
236.174054145813,168.0229778289795,23.754408,23.799084
237.63366889953613,170.67868328094482,24.889484,21.369356
239.61568641662598,168.96974563598633,24.156544,22.509377
245.1629581451416,167.87737846374512,25.910503,19.589024
248.90264511108398,172.64673233032227,24.892693,29.347527
247.518159866333,182.07977294921875,29.808979,44.196213
224.45691680908203,194.2915325164795,50.950333,49.363056
225.934720993042,195.7680435180664,47.68926,49.7903
238.6403751373291,191.8471908569336,38.047237,37.795288
231.28588485717773,188.5725803375244,44.95391,30.825619
224.5520839691162,184.4730739593506,42.84992,25.826237
227.3165683746338,182.84080696105957,46.554943,28.41711
225.48145484924316,171.85186195373535,62.331127,49.146175
218.95258331298828,179.47659873962402,53.484055,49.753895
215.95333671569824,176.9875431060791,53.019123,50.99293
212.70847702026367,176.34101104736328,54.83059,51.648087
213.29752349853516,181.5153636932373,50.261063,48.992344
216.34177780151367,181.0488739013672,53.906548,50.199646
215.90921783447266,178.53334617614746,55.395157,51.68128
207.96675300598145,179.53317260742188,57.483624,45.38266
212.74976539611816,178.3188362121582,55.296673,38.08683
211.73607063293457,177.22707748413086,61.21893,38.60253
214.25753021240234,163.40403175354004,67.283646,51.976925
189.7909812927246,165.7919464111328,82.568,48.869553
169.83256149291992,159.30702018737793,70.81034,59.99068
159.4185791015625,164.1720485687256,61.908524,52.83463
162.5390224456787,161.4803581237793,59.219105,48.65815
161.47189140319824,161.08273315429688,45.53359,53.0383
147.2911033630371,166.19126510620117,40.766518,49.852104
147.85523986816406,173.27789497375488,38.55931,39.518948
166.37382698059082,168.57979774475098,58.79089,51.37457
153.88061141967773,160.11652755737305,73.16471,59.745995
147.46931838989258,188.44453048706055,80.537315,63.303795
167.10234832763672,160.82355499267578,70.7567,66.23474
181.1306552886963,168.7232551574707,63.600628,66.77357
185.32849311828613,173.2978401184082,63.344234,66.52424
161.0713653564453,162.94165802001953,57.624374,52.659897
175.42744636535645,179.5929775238037,63.195156,49.428944
192.14361190795898,169.9805088043213,65.83546,49.601162
210.22687339782715,182.507963180542,61.67113,48.60442
201.3367862701416,157.8502902984619,63.592052,47.385494
194.0336627960205,139.74513053894043,61.7944,54.59859
186.2197322845459,148.02766799926758,53.09165,51.005165
177.5246696472168,129.65126609802246,56.95777,52.309025
185.65502738952637,150.99703979492188,48.98798,46.36783
185.37113761901855,172.18626403808594,52.961277,46.229614
181.95838356018066,194.5290641784668,60.66673,40.850548
175.79766845703125,192.07909202575684,63.325348,37.970493
162.38403511047363,188.10347938537598,53.76675,40.846066
159.53857421875,190.66679191589355,49.99063,36.590122
156.07937622070312,195.96798706054688,46.15291,35.3721
160.48582649230957,198.0216770172119,50.50581,37.25221
142.9422721862793,182.97792053222656,36.554947,26.473938
135.66477966308594,179.5495195388794,28.533562,20.784346
127.58878803253174,166.0710620880127,25.492163,23.388264
136.39182090759277,173.64422607421875,33.211666,23.354675
142.65473556518555,178.568265914917,36.534668,31.484821
139.87484169006348,177.20336723327637,49.4912,29.753315
163.36653518676758,186.61407947540283,37.733185,31.463598
168.02786827087402,182.13671684265137,43.951275,35.72855
178.80198669433594,183.16166877746582,47.002403,34.537502
180.68344497680664,185.12696838378906,45.643173,35.263596
183.05120277404785,184.08973693847656,39.28081,34.722748
191.55126762390137,188.64064025878906,45.486843,36.331024
190.0689868927002,183.38420867919922,49.751194,34.863113
197.54273796081543,183.61574172973633,49.791668,36.91024
203.2436237335205,195.35667037963867,59.48029,34.02308
191.95525550842285,206.42053604125977,59.590214,31.556007
194.69533920288086,217.23677825927734,46.906754,22.981186
196.69575881958008,220.49764919281006,47.666275,27.808031
198.86581802368164,222.4299774169922,50.463623,29.637573
202.49889755249023,218.4908800125122,49.189865,29.751852
199.3545150756836,198.64863777160645,50.548454,36.364376
202.89279556274414,182.50855255126953,60.729767,47.161194
135.25323104858398,159.17395973205566,81.32641,34.586697
145.2117042541504,161.0875244140625,47.92695,37.53273
149.26630020141602,157.15975952148438,43.917458,41.206223
151.34075164794922,158.53936767578125,43.942307,39.668945
178.8549680709839,167.5916347503662,25.474054,26.565434
182.37537574768066,177.08703517913818,19.954426,21.884943
187.45858573913574,181.46008586883545,27.474644,20.001009
202.5334711074829,183.04147720336914,25.434202,24.146805
202.42272853851318,187.73644256591797,28.823519,26.84076
208.68193244934082,192.01123428344727,43.090572,27.557007
217.16123008728027,201.33526229858398,40.2096,27.689438
225.9253215789795,194.26739597320557,54.234364,31.886686
243.84904289245605,181.6260223388672,57.97141,42.66365
261.1019401550293,155.3261661529541,64.26519,51.65681
279.32251358032227,142.29270362854004,44.723885,53.62164
257.6231575012207,139.57340049743652,61.33117,33.34168
247.2841854095459,120.46545219421387,46.145847,49.842472
233.60398292541504,109.55230712890625,54.689953,75.33908
211.23162460327148,123.52751541137695,67.95408,69.58358
197.10664749145508,121.54660415649414,68.43491,58.107323
147.07614517211914,86.83813095092773,69.07577,72.03535
142.9079761505127,112.5455436706543,61.708218,72.22047
144.31420516967773,144.76868438720703,48.389626,53.102127
125.26334381103516,156.0334930419922,46.761566,44.599808
126.12897682189941,155.13817596435547,49.333614,43.308502
125.08290100097656,160.94806671142578,43.34784,38.610916
133.328031539917,157.13854026794434,48.687016,42.978626
138.27553749084473,156.98547744750977,44.890408,43.485405
144.0325469970703,155.98303413391113,42.34973,42.386593
162.94636917114258,151.47044944763184,52.861305,46.432713
162.7036361694336,142.85236930847168,54.431274,55.455387
135.0523452758789,118.64747619628906,80.84622,79.36838
128.59466552734375,102.22549438476562,102.2574,100.81094
136.9612159729004,97.1150131225586,91.47379,99.530075
138.3467674255371,92.4366340637207,83.328575,108.790306
140.17130279541016,98.92398834228516,80.89752,101.61354
146.82352447509766,107.63529586791992,80.039215,91.09208
169.1382999420166,106.29895401000977,62.78152,91.30605
161.47085571289062,119.2501220703125,68.01506,85.75519
164.67071342468262,105.62252807617188,51.187244,91.94208
166.64616012573242,107.79526901245117,48.438225,91.643135
168.0604190826416,100.33594131469727,58.405666,97.56344
170.50473403930664,101.82051467895508,66.36744,99.29165
170.55757904052734,100.23181533813477,68.05463,96.87112
173.46844863891602,99.16362762451172,64.24729,97.797745
174.08362197875977,103.30219650268555,67.8184,92.377754
176.44061088562012,123.89513397216797,54.535328,76.705215
179.56132316589355,118.22211456298828,58.08501,76.09456
175.46418380737305,109.29646301269531,74.158104,86.1232
173.8987274169922,108.67348861694336,78.25014,88.70777
175.45901489257812,106.26575469970703,75.91231,84.92714
181.06377792358398,102.12785339355469,80.59045,66.475494
200.58695602416992,95.89154815673828,64.14501,57.32094
193.86082077026367,111.53512191772461,61.90554,54.900093
186.81276321411133,110.13711547851562,73.93772,77.81708
198.61570358276367,137.87273597717285,37.93264,58.91386
193.5941677093506,149.06512069702148,43.41756,47.064857
195.23625087738037,157.3692684173584,25.670824,39.728855
197.5447416305542,158.40898895263672,21.851877,39.571823
198.16673183441162,159.0053539276123,23.628054,37.55295
199.6412811279297,159.0632553100586,22.74134,37.78807
205.92106819152832,125.42290878295898,57.243687,47.684338
201.68257522583008,113.62698936462402,61.36635,65.350395
200.9866828918457,109.45648765563965,67.94707,61.20838
211.45059204101562,128.45297050476074,62.750267,59.550957
203.46262168884277,114.15136528015137,60.662136,76.81336
202.37477493286133,108.33461952209473,65.02438,70.5782
211.18070793151855,119.12809181213379,55.388348,73.9406
210.61267852783203,123.37403297424316,53.75332,67.413925
211.99313163757324,126.84224700927734,46.538067,62.459095
216.05255508422852,143.16590309143066,38.953705,50.50084
216.21640396118164,115.43012046813965,49.783615,80.23255
226.96133613586426,107.22715950012207,56.16744,65.33035
229.99550247192383,115.80451774597168,51.997955,53.581276
232.5720100402832,105.94293022155762,63.48369,51.220055
266.8300132751465,74.77638053894043,48.87784,50.08915
252.78604888916016,72.97897148132324,64.381874,53.256905
271.56539154052734,73.41405296325684,55.682228,55.886086
251.57919692993164,71.65281105041504,67.63751,66.35802
215.77232360839844,103.1650333404541,65.897575,83.547745
213.98358917236328,113.40326499938965,60.308907,77.89098
218.52323150634766,119.79661750793457,54.219673,75.21811
221.5177116394043,113.79427146911621,53.704163,80.37122
230.5803985595703,130.45665168762207,51.987724,51.973526
234.52985000610352,116.42921257019043,38.629135,79.50045
234.6818332672119,123.00599670410156,46.778095,62.50118
230.5895595550537,119.44626426696777,58.634853,49.801888
232.45177841186523,117.8227767944336,58.013565,55.052372
236.48671340942383,108.09861183166504,60.61322,68.9017
222.97515106201172,85.21289253234863,65.224785,69.2639
236.5049591064453,38.83146095275879,70.78681,59.202316
234.63683700561523,39.99123764038086,74.46623,51.966198
240.305419921875,37.080217361450195,72.191475,53.8273
239.38288116455078,76.24411582946777,76.013115,73.84374
238.29691314697266,85.59073066711426,74.782585,101.164276
234.61053085327148,81.54915046691895,82.62529,100.773834
247.97519302368164,75.61038398742676,68.20877,91.067474
243.75188446044922,79.52882957458496,60.146843,55.79992
240.79555320739746,41.00665473937988,63.616543,61.0159
243.53911209106445,29.931474685668945,69.45624,65.96359
249.83270263671875,19.77448081970215,67.76209,69.094185
245.39943313598633,81.02262687683105,71.53854,75.41372
267.43922996520996,106.89467430114746,41.709743,80.33509
267.75853729248047,111.26402473449707,42.004265,75.7755
267.602258682251,114.23956489562988,43.95705,72.959854
266.29352283477783,110.39719581604004,31.647856,57.36821
255.91464614868164,113.32245445251465,42.672546,41.317192
251.58949851989746,114.70935821533203,53.41026,50.88567
264.13866806030273,107.87631034851074,44.53972,73.45054
262.8826313018799,120.89117622375488,39.90488,66.47598
261.58553314208984,121.5377140045166,47.796806,55.04126
267.19664764404297,109.69698143005371,43.602455,43.202507
261.68369483947754,107.87978172302246,58.885777,54.250374
256.6385078430176,102.95902824401855,66.385254,70.948006
257.80889892578125,83.58261299133301,68.113075,80.70232
253.36719131469727,75.31839942932129,79.01318,91.135254
248.66011428833008,89.01308631896973,70.58591,76.72702
258.3652229309082,108.85519218444824,64.96597,71.26989
260.87920570373535,116.04116249084473,51.929096,77.226654
270.28089714050293,119.0449161529541,45.026836,71.93475
262.21950912475586,110.40064811706543,43.962906,72.79743
270.7291202545166,104.85845947265625,50.304066,63.68999
270.1129207611084,96.80094718933105,63.112713,69.77648
253.05101776123047,69.42146110534668,69.50219,66.78974
261.3544616699219,76.33825492858887,67.63288,65.62476
