165.0,50.0,14,15
164.40637397766113,51.17513942718506,14.629341,14.655428
164.8427176475525,51.01074028015137,14.009053,14.277916
165.13502311706543,51.21763563156128,13.798721,14.231526
164.8053846359253,51.70981693267822,14.787539,14.417082
165.61795043945312,51.530834674835205,13.6802635,14.098109
165.0851378440857,51.33615303039551,14.013291,14.404388
165.32616329193115,50.790213108062744,13.963934,14.313128
165.81069231033325,51.10462188720703,12.9692335,14.002647
164.85226488113403,50.538326263427734,13.840945,14.99427
165.35296726226807,50.457640171051025,14.007719,15.281451
165.5889768600464,51.011584758758545,14.076063,14.605157
165.83895254135132,51.51227045059204,13.64177,14.268897
165.50451231002808,51.95690393447876,13.812394,13.955985
165.31097650527954,51.618539333343506,13.902675,14.497457
165.4188747406006,50.731112480163574,14.03677,15.058577
165.5216097831726,51.42064809799194,14.332047,14.54353
165.7306308746338,51.59527111053467,13.490765,14.6756
166.2257571220398,51.44273900985718,13.440251,14.623532
165.26148462295532,51.078317642211914,13.825061,14.36734
165.0003719329834,51.39854907989502,14.057053,14.6868305
164.6357445716858,51.40847730636597,14.177314,14.5973215
165.73134756088257,51.713202476501465,13.624467,14.166948
165.35957431793213,51.802785873413086,13.902323,14.322762
165.38387298583984,50.22431659698486,14.341553,15.236628
165.71355724334717,51.693684577941895,13.516363,14.263956
165.39260482788086,51.65338373184204,14.023716,14.626014
164.7326488494873,51.33786630630493,14.44986,15.017596
165.37831497192383,51.20751667022705,13.563084,14.268206
164.85363388061523,51.56331491470337,13.848171,14.145553
165.45424556732178,51.33742618560791,13.753836,14.306215
165.60327625274658,51.90354585647583,13.902533,14.443202
164.6612458229065,51.56799793243408,14.4516325,14.420748
165.86341953277588,51.334442138671875,13.577093,14.505665
165.15167760849,51.10841989517212,14.058873,14.317473
165.4447546005249,51.73725414276123,13.595633,14.169893
165.17169284820557,51.97738170623779,14.248468,14.384974
165.3933882713318,50.94463920593262,13.378335,14.513111
163.66509819030762,51.48508024215698,14.91671,14.608777
162.98809242248535,51.77451753616333,16.243938,15.5978
162.5421142578125,53.91111469268799,15.057381,15.037352
159.6993532180786,53.272568225860596,16.916777,15.654334
160.36179113388062,53.70240020751953,14.8843355,14.696121
159.2623143196106,53.91282367706299,15.54069,15.551584
158.24500370025635,54.56424427032471,15.79109,15.265238
156.64015817642212,55.58872079849243,15.847995,15.715667
155.74947261810303,56.0916862487793,15.541437,14.799503
154.099627494812,56.64196825027466,15.449419,15.238715
153.61031818389893,56.734925746917725,15.734102,15.321294
152.13973236083984,57.61678647994995,16.388176,15.863008
151.4527792930603,57.36960744857788,15.586282,15.610623
150.3104066848755,58.35770654678345,16.158155,15.808917
149.272527217865,58.83087396621704,15.612489,15.34917
147.47681617736816,59.53456163406372,15.801266,15.583529
146.68623733520508,60.19557046890259,16.403831,15.85208
145.52249336242676,60.51598405838013,15.944065,15.734958
144.5319700241089,60.7367730140686,16.007105,15.786681
143.79855060577393,61.75354719161987,16.047369,15.815175
142.73542976379395,62.407878398895264,16.39513,15.255887
142.0724859237671,62.2081823348999,15.642317,15.554686
140.46628618240356,63.26513910293579,15.831416,15.508948
139.68685245513916,63.86449956893921,16.30337,15.742265
138.1536521911621,63.81365966796875,16.800228,15.376751
136.83714389801025,64.09705066680908,16.517721,15.407366
135.50661182403564,65.23913764953613,16.138437,15.437805
135.02423477172852,65.87592458724976,16.091984,15.766732
133.61205101013184,65.87848091125488,16.1894,15.599609
132.98217582702637,66.46767330169678,16.394135,15.925474
132.00587940216064,67.37552690505981,16.282568,15.242503
130.6069049835205,67.62593793869019,16.143658,15.768346
129.9482069015503,67.44647693634033,16.786432,16.159548
128.6252794265747,68.05873394012451,16.677187,16.090605
128.4929323196411,67.9773678779602,16.181414,15.736857
127.08314895629883,69.14058494567871,16.277569,15.942635
125.99808311462402,69.2565507888794,16.781364,16.41105
125.07283782958984,70.10567998886108,16.926273,15.957566
123.82560920715332,69.7567892074585,16.577728,16.424292
122.81017971038818,70.24611282348633,16.63191,16.144169
121.34739398956299,70.77700901031494,17.087053,16.723871
122.15971755981445,68.3331937789917,11.934292,13.430258
119.7980809211731,70.25308179855347,10.426444,10.446675
121.16423606872559,69.23524236679077,10,10.091126
120.73019027709961,71.13666343688965,10,10
118.86603355407715,71.5679759979248,10,10
115.93341255187988,67.1521577835083,10,10
113.28702545166016,64.95877933502197,10,10
112.31881332397461,64.75128650665283,10,10
112.30523681640625,59.03552722930908,10,10
117.50683403015137,57.25184917449951,10.061928,10
121.02769660949707,58.145968437194824,10,10
120.69244956970215,58.05669689178467,10,10
117.58623886108398,57.85610485076904,10,10
116.47930526733398,61.49231433868408,10,10
113.49811553955078,61.56520175933838,10,10
111.92499923706055,60.82443141937256,10,10
112.83636856079102,60.99775409698486,10,10
107.42873096466064,58.782761573791504,10,10
109.52293491363525,59.49015712738037,10,10
106.1692705154419,56.67068958282471,10,10
104.90078639984131,57.81609058380127,10,10
107.39037990570068,56.76923084259033,10,10
107.23554706573486,56.528992652893066,10,10
107.10119152069092,55.64543437957764,10,10
102.826491355896,53.41572093963623,10,10
101.3296365737915,51.45870304107666,10,10
101.78434085845947,49.72147846221924,10,10
97.92251062393188,55.06115770339966,10.6466875,10.169358
92.43453788757324,69.19565296173096,13.805426,11.200447
91.22738361358643,69.84355020523071,16.680107,13.436769
90.49838256835938,69.8060884475708,16.94628,15.879555
91.09378242492676,70.99187469482422,16.051409,16.282335
93.60764026641846,82.19906997680664,16.84734,16.411798
92.3984203338623,82.1337833404541,17.377657,17.236403
93.10477304458618,83.08485269546509,15.30565,15.546163
91.8189287185669,83.12574863433838,17.0023,16.81746
92.07812547683716,83.45747566223145,15.507062,15.819578
91.10736799240112,83.93756771087646,15.793811,16.108158
92.13301944732666,84.36866807937622,14.02713,15.805848
92.18514776229858,83.73571968078613,13.498015,16.20336
87.87027931213379,83.67681789398193,18.050089,17.261482
89.0081238746643,84.73902416229248,15.312783,15.974121
86.00715255737305,83.79872703552246,18.014673,16.83544
87.20496654510498,84.32318496704102,15.713078,16.428957
85.21570587158203,83.964035987854,17.649939,17.440628
85.43082618713379,84.47235298156738,17.175844,16.774565
83.7983570098877,85.06434726715088,18.029245,17.685951
83.648512840271,85.26610946655273,18.718819,17.418154
82.87907695770264,85.13579177856445,17.915642,17.369814
82.11957263946533,85.32643795013428,19.282543,17.089802
83.56009483337402,86.16950368881226,16.06875,15.9591055
80.89915752410889,85.80671739578247,18.42691,15.817681
81.58676719665527,85.89813613891602,17.828592,16.601908
80.12039279937744,86.16930770874023,17.891773,16.977098
79.56869506835938,86.6742525100708,18.81539,16.284584
82.9691891670227,88.42826271057129,10.981748,10.98802
81.02903079986572,89.32986736297607,10,10
81.99453258514404,90.5826997756958,10,10
80.43826198577881,89.14416217803955,10,10.111729
78.61863422393799,87.3766565322876,10,10
80.48421001434326,86.09319400787354,10,10
81.2628583908081,80.28530693054199,10,10
77.9828519821167,79.41618537902832,10,10
81.36350917816162,76.88242149353027,10,10
82.95972728729248,77.01263427734375,10,10
85.39238262176514,74.91211128234863,10,10
87.9263334274292,78.17544937133789,10,10
87.41011142730713,72.0084400177002,10,10
87.07619571685791,74.81324195861816,10,10
86.84162425994873,75.25161933898926,10,10
84.5162000656128,74.81867027282715,10,10
86.09693050384521,75.10126113891602,10,10
85.94958972930908,71.79229545593262,10,10
86.7783670425415,74.01509284973145,10,10.811989
83.42273044586182,77.03653717041016,10,10
80.69534969329834,76.173583984375,10,10
85.10939311981201,78.23111915588379,10,10
86.46482372283936,79.11991691589355,10,10
84.31321716308594,72.0331974029541,16.120321,15.944468
84.58048152923584,70.93389940261841,16.18003,15.743688
84.01872539520264,72.0754280090332,17.013279,16.292105
83.01703262329102,71.50454044342041,17.22732,16.247356
83.21994400024414,72.34197092056274,17.02115,15.7088175
83.71740818023682,71.64430713653564,17.497124,17.035336
83.82858037948608,71.90304899215698,15.982055,14.793128
84.2944746017456,71.41092872619629,16.784138,16.601374
83.1961498260498,71.81951904296875,16.6407,16.531843
83.54533958435059,71.75967693328857,17.283697,16.68612
82.34579181671143,71.68580913543701,17.721405,16.932663
83.04688358306885,71.88910293579102,17.328705,16.554266
84.58926773071289,72.18182754516602,16.054087,15.867506
83.42894077301025,71.54648780822754,18.244057,17.192263
83.53190612792969,72.33035278320312,17.100687,16.116438
83.71152687072754,72.01414585113525,16.928724,16.65804
83.13936805725098,72.67555522918701,16.388075,16.07074
84.24758052825928,72.01675128936768,15.975758,16.171448
84.19119930267334,72.47466373443604,17.357136,15.713875
83.5142469406128,72.81248092651367,16.986324,16.098398
85.64928770065308,72.88195705413818,15.926265,15.2503395
83.37783908843994,72.20389652252197,17.045586,16.185345
84.70125484466553,73.30779361724854,16.42184,15.637791
84.55197334289551,73.32543897628784,16.08679,15.449447
84.54664039611816,72.01760196685791,16.814558,16.220757
84.8073558807373,72.44265222549438,16.045454,15.353665
84.49820709228516,72.45337867736816,17.42328,16.131754
83.79638004302979,72.43876552581787,17.189278,16.18834
85.40156364440918,72.30787992477417,16.686094,15.933814
84.37057590484619,71.69123268127441,17.514198,16.816774
86.47254133224487,73.78222608566284,13.706996,12.034949
85.10123634338379,74.58878469467163,10.173136,11.72108
86.93154811859131,79.36040592193604,10,10
86.31568431854248,78.70026874542236,10,10
90.64667987823486,84.32015323638916,10,10
89.33108425140381,82.06482028961182,10,10
89.13013362884521,80.65431499481201,10,10
88.30625057220459,75.34447765350342,10,10
88.00366687774658,74.7553129196167,10,10
87.48676776885986,78.26358318328857,10,10
86.08732509613037,80.11600399017334,10,10
85.93904399871826,80.81519603729248,10,10
86.81006526947021,78.28749561309814,10,10
87.34513187408447,79.64155864715576,10,10
85.1220235824585,78.21886157989502,10,10
87.63376522064209,81.58659076690674,10,10
92.17613887786865,83.50668811798096,10,10
88.43105411529541,83.19059467315674,10,10
84.43234157562256,78.96919250488281,10,10
85.61241054534912,76.8076286315918,10,10
83.79507350921631,76.44986534118652,10,10
83.48415279388428,77.55475425720215,10,10
84.27347230911255,72.04187297821045,15.016385,14.416048
85.21543788909912,72.06033134460449,15.914719,15.63443
84.59234428405762,72.8839464187622,16.644838,16.3304
85.86452198028564,72.96128511428833,16.128689,15.339801
83.934401512146,72.0417127609253,17.51603,16.951303
85.3697829246521,72.81262540817261,15.811366,15.664491
84.07141399383545,72.33089828491211,16.908848,16.045895
85.25049018859863,71.8736047744751,16.147314,15.790972
84.16717052459717,72.29803562164307,16.354893,16.324114
84.93063497543335,71.92968320846558,13.882918,14.088628
83.90254306793213,72.70191383361816,17.622505,16.251595
84.19250583648682,73.23798036575317,16.403046,15.592212
83.90692806243896,72.2758960723877,16.950024,15.957897
83.07269954681396,72.36382865905762,17.431698,16.370785
84.67587280273438,72.21590232849121,16.648844,15.927914
84.99896144866943,72.46737241744995,15.810383,14.685708
84.45325565338135,72.75330877304077,16.267036,15.94539
85.01071166992188,72.35912704467773,16.179186,15.607994
84.7758321762085,72.97527313232422,15.804665,15.120338
86.403724193573,72.79094171524048,15.338637,15.859401
86.57938575744629,74.28010892868042,13.934233,13.145139
82.50972080230713,71.6863489151001,17.952427,16.850561
84.72117614746094,72.38794279098511,16.151678,15.834817
83.62081623077393,72.63544654846191,18.206978,16.102116
83.84776020050049,72.05273246765137,16.84246,16.139187
82.83286190032959,72.20045566558838,17.934727,16.74684
85.12396955490112,72.34554100036621,15.847362,14.501438
85.75729942321777,71.8707127571106,15.794584,14.959933
84.69188022613525,72.8510308265686,17.153976,15.878379
86.50501298904419,73.02073383331299,14.929917,15.002558
84.70336818695068,72.38714027404785,17.441952,16.174183
83.96576404571533,72.47249221801758,16.782112,15.78302
83.22426128387451,72.55214262008667,17.639965,15.806588
83.38179969787598,72.88579845428467,17.313437,16.856295
84.52738761901855,73.59875440597534,16.81661,15.179765
85.56482315063477,72.61641502380371,16.2837,13.665123
83.89510250091553,71.98192691802979,17.736992,16.644033
84.33334445953369,73.00916290283203,16.380665,15.330132
84.58175945281982,72.61738443374634,16.790268,15.592853
84.69577217102051,72.69500970840454,16.192324,15.975863
83.89678478240967,72.07322692871094,16.890907,16.591621
