16.0,146.0,21,48
15.894453048706055,145.79058647155762,21.908512,46.11588
17.44078540802002,146.16233253479004,21.104239,46.701748
20.88503932952881,145.17389678955078,18.126131,47.133743
20.592841148376465,145.41932487487793,19.09923,47.470234
22.379652976989746,145.042142868042,20.036684,47.99715
23.921161651611328,144.42142868041992,20.191841,47.867516
25.804648399353027,145.21993827819824,21.868593,47.046207
27.064637184143066,146.17237091064453,26.043257,45.919785
27.76205348968506,145.40672874450684,27.131304,46.24291
29.068934440612793,145.31775856018066,28.976954,46.026577
29.631407737731934,146.4349308013916,29.574434,45.725307
30.950084686279297,147.07887840270996,29.078545,45.420353
31.897555351257324,147.0872344970703,28.777048,45.096313
32.60888385772705,147.36750411987305,27.590933,44.963173
35.998008728027344,146.77856636047363,24.198868,45.140774
39.090782165527344,146.77685356140137,20.960083,46.453922
39.96466636657715,145.84756088256836,19.668812,46.874916
40.96994400024414,145.9282283782959,19.632423,47.005054
42.46207523345947,146.13860702514648,20.236631,46.888115
43.2631778717041,146.01417350769043,22.478039,46.842747
44.606876373291016,146.0815029144287,22.90635,47.743732
46.83244514465332,145.85030555725098,24.113857,47.007687
47.68093299865723,145.93483543395996,25.53056,46.290165
49.14720630645752,145.46826553344727,26.005423,46.377205
51.1087646484375,145.67823791503906,25.697144,46.45221
52.2791166305542,146.7275733947754,26.223902,47.03486
54.481693267822266,146.00649452209473,24.877388,47.359493
55.870330810546875,145.14575576782227,23.43515,48.04383
57.12640190124512,145.88113021850586,21.819218,47.723824
59.11519145965576,145.23886680603027,20.315485,48.245792
60.2443265914917,145.34778594970703,19.931742,49.035217
62.40319538116455,144.8242301940918,18.420507,48.949425
63.573516845703125,144.33953475952148,20.072601,48.68035
66.01244926452637,144.06421279907227,18.788822,48.7949
68.63521766662598,145.95878791809082,16.401073,48.25593
69.59718132019043,145.11814498901367,14.265217,48.86206
70.53366327285767,145.74627113342285,13.010928,48.558056
70.75395059585571,146.80737686157227,13.904521,47.038193
71.08066892623901,151.7015037536621,14.215722,43.440094
72.2462010383606,157.20529174804688,14.009246,37.358772
73.79166507720947,170.06573295593262,16.822104,24.596455
76.34509801864624,177.48787689208984,13.0440645,18.770279
79.98224639892578,177.69756889343262,10,17.406807
82.01809310913086,166.81631755828857,10,21.658407
86.39123249053955,160.9565954208374,11.998854,24.944471
88.06831932067871,160.5564022064209,14.00713,27.74379
87.63774108886719,167.48572731018066,14.888031,40.314194
85.6006088256836,158.84963989257812,19.82917,39.760273
84.77251815795898,146.8468532562256,22.676529,45.139587
96.47932147979736,139.89969062805176,23.40837,48.356285
97.98131370544434,141.09058380126953,21.828457,49.052853
103.89632606506348,129.415922164917,17.088749,44.603386
99.97804927825928,144.19919204711914,20.966242,33.50062
110.17300653457642,141.4114465713501,11.148585,30.202204
109.49487161636353,151.3964385986328,10.687594,20.629429
109.90226936340332,149.22676944732666,10,27.477755
109.7407112121582,142.2513885498047,10.364979,39.39078
110.03878974914551,142.49919891357422,13.254753,46.87396
109.90266513824463,142.36626625061035,17.953234,47.751457
110.65089130401611,142.4485969543457,20.950342,46.25986
110.93627166748047,142.66457557678223,23.47443,45.392998
112.12763404846191,142.76278686523438,24.923523,44.71583
112.56137275695801,142.7825527191162,25.386108,46.258774
113.67621421813965,142.53482627868652,24.74871,45.13887
114.4542064666748,142.0202522277832,23.713295,46.389225
115.7864465713501,142.43297958374023,23.494844,46.30173
116.8067274093628,142.3243236541748,22.42764,46.655334
117.48048686981201,143.14286041259766,21.024244,47.588543
120.33045768737793,143.25121879577637,18.358925,47.0327
122.10889911651611,143.39149284362793,17.338205,46.72322
123.42830276489258,142.75506019592285,17.881466,47.55529
124.33051586151123,141.116943359375,19.511839,47.89085
125.2803544998169,141.60274696350098,20.825907,48.281044
127.17981147766113,141.1167049407959,22.388992,48.83261
127.68886470794678,141.4338779449463,24.547613,47.5561
129.07165908813477,140.70244598388672,24.275494,48.2852
130.47347450256348,140.67038917541504,24.088242,49.670616
130.138165473938,139.48151206970215,25.344263,48.396988
131.99857139587402,140.12273788452148,25.00364,48.711857
133.06939029693604,140.60970878601074,23.13988,47.44313
134.1247959136963,140.5132007598877,22.340637,46.157784
136.17805862426758,139.3951473236084,21.942257,46.282486
136.50935649871826,139.46647834777832,19.117231,39.807167
137.2589292526245,138.79251289367676,18.995832,44.378128
138.020432472229,138.8784580230713,19.28856,45.98491
139.76360988616943,139.4962100982666,18.717932,42.73494
142.48966312408447,139.3171443939209,17.14966,38.599533
145.64994525909424,139.40731620788574,15.627695,32.097893
147.55893325805664,139.6974687576294,14.690029,31.157679
149.58136463165283,139.96863651275635,14.728617,27.463434
151.50772285461426,138.96461296081543,14.283478,25.36882
153.4669680595398,140.5542221069336,13.93942,24.210476
155.87623977661133,139.7559356689453,13.515797,21.962025
157.03347301483154,139.1868715286255,13.145506,22.683306
159.06952142715454,139.56190967559814,13.310256,22.31534
160.50295162200928,139.06306171417236,14.004271,23.07155
161.00637578964233,137.81266689300537,14.072175,23.894033
161.8229627609253,138.22059726715088,14.599073,22.89084
164.3466238975525,137.36114501953125,15.227586,23.018208
165.58867359161377,137.8597526550293,16.008432,22.900082
167.72083568572998,137.67219734191895,16.44113,22.529465
169.24660396575928,138.72141075134277,17.571356,21.412712
170.08704376220703,138.54890537261963,18.207226,21.899614
172.66195487976074,139.4920949935913,17.717926,21.287611
174.45151233673096,138.3242244720459,16.418436,21.724518
175.85864925384521,139.19193649291992,16.798101,20.80215
177.65586757659912,138.87731456756592,16.390463,21.182676
180.0302300453186,137.17739486694336,13.525985,23.179035
181.95485544204712,136.64116382598877,13.936759,23.430002
182.49237823486328,138.16228771209717,16.146206,22.347784
183.63323307037354,137.77365589141846,15.331446,23.159952
186.61402225494385,137.45100498199463,14.051256,23.933268
187.62140226364136,137.32544326782227,13.867948,23.261868
189.36245441436768,136.8522539138794,12.665522,23.532534
191.2314534187317,135.62032985687256,12.684604,23.72801
192.54000997543335,136.2281370162964,13.3266535,23.578642
194.25521039962769,135.87154293060303,13.701428,23.607939
197.0006766319275,136.80328369140625,12.446321,23.123516
199.29154539108276,136.91537857055664,12.841168,24.431759
199.94847011566162,135.9125099182129,13.18302,24.992168
202.3178448677063,136.70945167541504,13.108592,24.860748
204.46655988693237,135.8005714416504,14.142392,25.499142
205.55885696411133,135.7904930114746,14.936855,26.9679
206.58702993392944,133.8664894104004,15.256471,27.541073
207.9032154083252,134.9283618927002,15.937996,26.859352
210.61327123641968,134.1551160812378,15.374055,29.065199
211.70475482940674,134.2074499130249,17.765627,30.654455
212.85046482086182,133.6317481994629,19.93667,31.62669
214.14924430847168,134.97449684143066,20.553513,33.457283
216.188081741333,135.20201110839844,22.053467,34.28187
217.04654598236084,135.58313941955566,23.011564,34.267967
219.49861240386963,135.0047492980957,21.062487,35.18585
221.8898229598999,134.76164054870605,22.207235,34.779655
224.52868461608887,134.83404350280762,20.86753,35.562683
226.4762954711914,134.19363975524902,20.966183,36.410805
227.86980152130127,135.15005111694336,19.244707,36.18272
231.00112438201904,134.86822128295898,18.222128,36.26369
231.749662399292,134.4383144378662,16.77707,36.19616
232.6624894142151,133.38829612731934,15.6494665,36.908806
233.88830280303955,132.91342163085938,17.24528,37.284824
231.7724266052246,133.40915489196777,20.023083,37.0095
233.17656326293945,133.18820762634277,22.251118,38.63453
236.18243503570557,132.41186332702637,20.365274,38.87491
235.33590698242188,131.98592376708984,27.504566,41.88133
240.18994617462158,132.029541015625,29.00123,45.95109
240.44761562347412,133.1918773651123,30.198233,45.09297
242.29371547698975,132.07236099243164,28.843893,47.912037
245.92516708374023,131.4394130706787,25.60722,48.41426
247.6632900238037,131.9158763885498,24.147667,49.094437
249.64535331726074,132.12415313720703,22.223091,48.63943
251.10966682434082,130.92239379882812,20.708328,50.46916
251.3311996459961,129.72308540344238,20.31992,51.491646
253.29682540893555,130.94048309326172,19.347149,51.22952
256.2319917678833,129.54209899902344,17.006067,50.977337
257.9431095123291,130.1043472290039,19.1353,51.395504
260.37919998168945,130.04176902770996,20.82275,50.73085
261.87860107421875,130.9704990386963,23.502415,49.901634
262.0392007827759,130.81152153015137,27.22745,49.72722
262.3529005050659,131.20498085021973,29.420393,49.24662
261.4640760421753,131.54419708251953,31.297636,48.695644
261.8378610610962,131.03113746643066,31.086138,50.3086
262.8773832321167,130.58106422424316,31.515028,50.889
267.44631481170654,129.93472290039062,26.28465,51.02319
270.2902536392212,130.03906631469727,23.674044,51.686237
274.1851749420166,130.20434379577637,20.26152,50.499588
277.1077871322632,130.1382007598877,17.936789,51.557915
279.9466390609741,129.87120819091797,15.398397,51.598583
281.10156059265137,129.4970302581787,16.70063,50.89633
283.10156631469727,128.61272621154785,19.85928,51.853844
283.7951831817627,128.77875328063965,23.328568,50.295776
284.769287109375,128.4295711517334,26.924427,51.404404
285.10725688934326,129.41268730163574,28.909056,50.42856
285.65010833740234,129.14158630371094,28.902363,50.92068
285.7647943496704,129.9914665222168,30.155458,49.830036
287.2441072463989,129.87542343139648,29.56669,50.311375
287.59778785705566,128.67662239074707,28.202728,50.576393
290.6934652328491,129.57979774475098,26.484472,49.47457
294.28132915496826,129.11140823364258,23.569685,48.962513
296.22602367401123,128.11848831176758,20.541761,50.368855
297.693567276001,126.88100051879883,19.72902,51.819294
299.0436143875122,127.37480735778809,19.218546,51.04013
300.2192726135254,127.11926078796387,23.31297,54.045822
303.4313507080078,127.33506965637207,27.050327,55.443962
303.24292182922363,127.97857093811035,26.720642,56.37519
309.95123195648193,132.0405330657959,23.883184,53.962875
307.026478767395,128.86866760253906,24.476786,57.553905
307.38880825042725,128.24374389648438,25.910528,58.61526
308.2515935897827,127.74963569641113,27.618261,58.68914
308.92737865448,127.4053726196289,26.836073,55.325466
310.65296173095703,126.72276496887207,26.445606,56.358543
312.08178424835205,127.26371002197266,25.687845,51.87573
317.3986415863037,126.42763137817383,21.024254,52.39011
320.8655614852905,127.35162925720215,18.819143,51.157516
322.04039669036865,127.04527854919434,17.215445,49.135956
325.4712553024292,126.32608222961426,16.478636,51.751976
326.6556062698364,126.19897842407227,16.721643,50.550083
327.92135763168335,125.9152660369873,15.533982,51.333664
326.8435688018799,125.4843635559082,17.565338,50.10068
329.34377670288086,125.61907386779785,16.028728,48.88143
329.238676071167,125.85003280639648,18.54905,50.83045
334.1133909225464,124.10215950012207,16.192488,42.362877
333.0238161087036,125.15835380554199,18.380243,38.63791
337.2761902809143,126.33496284484863,15.39041,32.907814
339.38133096694946,127.0788984298706,14.590919,30.606924
341.07568645477295,127.01271438598633,13.625273,30.490864
342.7384662628174,126.39703273773193,14.188248,30.137304
344.06509494781494,126.70097732543945,14.678637,30.22565
344.95184803009033,125.05185508728027,15.522051,31.523941
345.8367681503296,125.5504503250122,15.724989,29.179476
347.22329235076904,124.79072570800781,16.353788,29.173077
347.94609928131104,126.10499095916748,18.812899,28.848799
347.2580804824829,125.71347999572754,21.490435,30.707092
349.04310607910156,125.92869281768799,22.660328,28.91089
350.53407192230225,125.90929508209229,23.52757,29.447443
351.217321395874,126.5615177154541,24.89199,27.831123
353.8013277053833,126.6942024230957,24.14667,27.863628
354.97257137298584,126.7016248703003,24.664976,25.857618
356.52666759490967,127.42721939086914,22.804152,26.40343
361.0559091567993,126.83256244659424,18.871653,25.19929
364.3225612640381,127.54324054718018,15.859291,25.407022
366.01746797561646,126.59388160705566,14.408816,26.506508
366.9079918861389,125.8925085067749,14.057494,26.65801
368.82785511016846,124.75653743743896,14.5665,27.856482
370.37740993499756,124.38786315917969,14.872908,27.384037
371.7350826263428,124.48219680786133,13.934502,28.694874
373.2742896080017,121.92180061340332,13.556413,32.044456
375.185809135437,123.41606330871582,12.906485,29.65345
376.37556743621826,123.85472965240479,12.896757,30.208559
378.21694898605347,123.87426853179932,13.598325,30.116793
379.57670545578003,123.2212266921997,13.381734,30.775568
381.3110933303833,123.12444305419922,13.641809,31.04723
382.9586639404297,121.91801071166992,14.824123,33.367146
383.7787036895752,120.56965255737305,16.252327,36.25111
385.7395920753479,124.34425735473633,15.153419,33.631664
388.2246603965759,122.95127487182617,15.315034,33.572598
389.57378482818604,122.70905494689941,16.065248,33.52176
390.19163036346436,123.3960075378418,16.299803,34.516293
391.74398136138916,121.70619201660156,17.2428,38.1599
392.3574800491333,122.35878562927246,20.742105,37.999275
392.18644428253174,123.33012962341309,24.14882,38.431595
393.9122953414917,123.30841064453125,24.801672,37.952984
393.6309289932251,123.51518821716309,27.619226,39.09527
399.3470821380615,124.0965805053711,24.113876,38.127766
397.2943696975708,125.01800155639648,28.593706,38.3037
396.3956489562988,123.9278335571289,31.119404,38.70962
402.23618602752686,124.0322093963623,26.385946,38.69203
408.2941312789917,124.67122459411621,21.357199,39.85298
404.5458869934082,123.66958427429199,25.732265,39.906075
411.47336864471436,123.62905311584473,18.283766,39.45395
413.80172967910767,123.95928955078125,15.630858,42.37749
415.0863609313965,122.60974884033203,16.995823,42.94222
417.22266578674316,122.10822868347168,17.062515,43.140602
417.94947147369385,122.09045028686523,18.863764,43.820774
418.02364921569824,122.11619186401367,21.063293,44.46783
421.33422660827637,123.04102897644043,21.585388,45.221947
423.4159994125366,123.20111083984375,27.640028,48.93027
424.3472833633423,122.68642616271973,27.640314,49.567307
424.99792098999023,123.39423942565918,33.27515,49.700233
427.4216661453247,122.39972305297852,26.537905,50.753963
428.8124351501465,123.4110221862793,24.010288,49.92393
432.00827407836914,122.20468521118164,21.20261,51.404263
432.6585102081299,122.00932884216309,20.279488,52.715508
434.04785537719727,121.47880744934082,19.775227,52.02037
437.151572227478,121.73450660705566,18.238173,52.872177
439.579478263855,120.45115852355957,16.406591,51.071136
440.3563709259033,121.58846664428711,18.43534,52.54884
441.91962814331055,120.9583797454834,20.922565,53.24787
442.4463062286377,120.60454750061035,24.95295,52.7126
443.55853748321533,120.80355453491211,27.133837,52.141247
443.8818416595459,121.43362426757812,31.455902,51.061054
443.70740509033203,121.1209945678711,32.305614,51.157063
444.1656894683838,120.67513084411621,32.951225,51.80964
444.9007453918457,120.8187084197998,33.5806,52.417336
444.59191513061523,119.94942092895508,34.076694,52.721355
