326.0,143.0,21,49
326.05784130096436,144.3596649169922,22.827082,47.199112
327.8867654800415,145.43656730651855,20.56793,46.326252
328.40380668640137,144.49927711486816,20.162556,47.12573
329.04044342041016,143.67669486999512,20.286484,47.302097
330.38432216644287,143.87249565124512,19.477465,48.092793
333.01924324035645,142.4952220916748,17.642422,49.112446
333.6259832382202,142.13832473754883,17.207521,49.22367
332.7196559906006,143.23089599609375,19.692951,49.72519
334.3473491668701,143.14807510375977,21.515308,48.070183
334.87585258483887,143.77116203308105,24.354832,47.78815
332.31607818603516,144.49062728881836,28.975143,47.75712
335.3351354598999,144.3695011138916,30.653933,47.11482
339.05250358581543,146.01523399353027,28.20528,46.165775
339.6823682785034,146.0213966369629,27.01417,45.93711
339.68705558776855,146.52270317077637,27.449451,45.60097
342.66135692596436,145.86258125305176,25.280909,45.99516
345.59671688079834,144.89589881896973,23.202272,46.47012
349.3792381286621,145.5823097229004,19.498238,46.285683
352.97303009033203,144.6408920288086,16.216309,46.85106
353.8354868888855,143.99573516845703,15.060578,46.782547
356.3837957382202,144.83978080749512,14.431948,47.40639
356.7290229797363,144.33016395568848,16.695595,46.95007
358.34631156921387,144.9082374572754,18.914661,46.84321
358.22721004486084,146.42973709106445,23.252443,46.509926
359.11476612091064,147.50403022766113,25.052664,45.230587
358.96674728393555,148.11542129516602,26.370506,44.89718
359.52646255493164,146.8013916015625,27.79293,45.828415
362.35877799987793,147.4683380126953,25.048725,45.81186
364.40896797180176,148.1826343536377,22.589642,45.0283
366.63513374328613,147.7422924041748,19.130123,44.818043
367.69711208343506,147.07913208007812,18.404757,45.925774
370.8518943786621,145.67801666259766,17.974205,47.55567
373.0356512069702,146.32466506958008,19.369387,47.889557
374.0604476928711,145.46057891845703,19.595749,47.876015
374.5161933898926,147.49762725830078,20.597313,47.218147
374.9094934463501,146.99661445617676,23.435575,46.733616
375.5635404586792,148.3482837677002,24.76423,46.026905
376.70592880249023,148.18120765686035,26.159782,48.002308
377.6152877807617,148.51769065856934,25.367386,47.277126
378.46270656585693,149.26019477844238,26.84163,47.9484
380.3236904144287,148.8344326019287,26.03072,46.743282
381.5484256744385,148.13015365600586,24.542034,47.107986
384.95283222198486,146.83758354187012,20.790075,49.59831
388.80211639404297,146.8726043701172,19.014862,49.673103
392.32591915130615,146.6610870361328,15.611467,48.499336
393.45199060440063,147.52649688720703,14.963832,49.231728
396.02823972702026,147.66001892089844,15.428582,47.052803
396.904616355896,148.06214904785156,18.220385,48.50975
397.31936740875244,149.56261825561523,20.958021,48.113655
398.2744960784912,149.76779556274414,22.02959,47.379097
398.33828926086426,150.5284824371338,25.15916,48.052883
398.9059257507324,149.85070991516113,25.825768,48.065716
400.4067668914795,149.9352035522461,24.096256,49.26291
402.79485607147217,149.8425407409668,22.26063,48.518486
406.2910327911377,150.7703800201416,19.283504,47.875805
409.6942186355591,150.7367992401123,17.148764,48.37917
411.09335136413574,150.13455200195312,16.952671,48.70851
412.5034532546997,150.80642318725586,16.554312,48.205162
413.7007312774658,150.0558032989502,18.954403,49.032253
414.66460514068604,150.4206829071045,20.548628,48.653645
416.385835647583,150.9201717376709,24.002453,48.625614
415.85406398773193,150.95701026916504,28.226534,48.38461
415.2887201309204,152.13489151000977,29.370863,47.69483
416.4384660720825,151.5915184020996,31.870749,48.59594
416.9565830230713,151.12805557250977,32.1658,49.183983
418.6521816253662,151.02479934692383,29.84644,49.500694
422.54393100738525,152.63330268859863,25.44705,47.87631
426.62353515625,152.14359664916992,24.501373,49.275185
430.22876930236816,152.74696350097656,22.51286,47.949127
434.1085023880005,152.43756294250488,19.288946,47.70622
437.06474208831787,152.8946704864502,15.97365,48.809536
439.43428468704224,153.5604953765869,15.962058,47.904797
439.81722354888916,152.6299228668213,21.75694,48.735165
439.61873149871826,153.98532485961914,24.627817,47.27021
440.20101737976074,154.20855712890625,28.37801,47.44319
440.6452913284302,155.96984672546387,28.494986,46.840153
442.7937021255493,155.02255058288574,28.30136,48.22365
444.7832202911377,153.7474136352539,27.340282,49.1248
447.7691173553467,155.04514503479004,23.979786,47.406124
452.42980194091797,152.03963088989258,20.670319,50.9851
455.38130474090576,148.32435607910156,18.870798,53.266357
456.1564464569092,153.29760360717773,19.402332,49.7013
455.95337200164795,152.5015354156494,19.756113,49.591045
455.2361822128296,151.51327323913574,19.394258,52.439564
453.3622751235962,150.8377914428711,20.499403,51.374695
443.75970935821533,150.52385139465332,27.010473,48.98437
451.11889266967773,147.5321979522705,22.886559,53.411785
446.84429836273193,143.88521003723145,23.692171,54.062634
441.82634830474854,148.07114791870117,23.173887,48.046227
435.7902545928955,149.0601406097412,28.621212,48.082386
434.0294303894043,148.65639305114746,29.161049,45.783726
431.86276721954346,146.8821086883545,30.05837,47.416233
425.7057590484619,142.22109031677246,29.740429,52.161366
426.3158874511719,140.61771774291992,25.693497,53.206596
411.34184551239014,141.4758243560791,27.355448,52.110073
425.3758535385132,144.21079635620117,27.013002,50.901436
426.97469902038574,143.99974250793457,24.3922,51.108456
428.5117597579956,141.70091438293457,22.101175,52.10693
420.61684703826904,142.00009727478027,24.244211,52.93195
416.83738136291504,141.45208168029785,22.999813,53.073498
415.9930171966553,141.53158569335938,25.756657,53.63878
413.53095722198486,141.5826873779297,26.311895,52.854813
414.46727561950684,141.7425365447998,25.22794,53.420734
410.2352991104126,141.36819458007812,25.455626,52.078293
405.98529052734375,142.1295280456543,24.85115,50.73838
405.9077215194702,141.05862998962402,25.93326,51.838123
411.8749313354492,141.93463134765625,24.272614,50.902344
413.51184272766113,146.7910327911377,20.887188,46.4387
413.15703201293945,147.41739082336426,18.12893,44.832165
408.4405212402344,145.9593906402588,20.633987,45.05058
405.39094161987305,141.26158332824707,22.85997,50.79582
402.54400730133057,142.58429336547852,19.5353,48.292107
397.03138160705566,143.74053573608398,21.408573,46.970284
387.66859245300293,145.1127052307129,24.995716,45.209724
384.44134521484375,143.62695503234863,23.035065,44.561962
372.5572214126587,141.28007888793945,25.826147,48.070885
362.3996810913086,141.8550853729248,27.040398,47.385868
355.4063882827759,138.84003448486328,24.268179,49.918335
347.9038906097412,139.074125289917,25.230953,51.354465
336.60194969177246,137.23494338989258,24.649807,50.34469
328.1733045578003,140.20069122314453,20.214296,47.680374
313.838942527771,134.9902400970459,22.792131,52.145206
303.98973274230957,136.42478561401367,21.483898,50.71621
299.26054859161377,134.27885055541992,21.284567,51.82818
292.2225933074951,134.56837272644043,20.149403,51.4052
282.3720073699951,135.87410354614258,21.11176,50.329765
275.65019512176514,134.2467746734619,21.887384,50.76762
266.9903287887573,133.83994674682617,30.293482,47.445946
260.0891590118408,131.7116413116455,27.360928,51.63783
231.23701858520508,141.7889919281006,37.161644,45.17676
227.01389122009277,139.07597732543945,36.051395,46.87107
220.142671585083,144.28387069702148,34.5818,40.538795
215.84019470214844,140.4255428314209,35.924637,44.456913
207.70949745178223,139.59231758117676,41.55244,45.087
186.66394996643066,142.66857719421387,27.50449,43.207005
179.82762622833252,142.8991241455078,26.941542,43.29239
176.5910587310791,143.9651584625244,25.665302,42.88136
170.81066131591797,143.22866821289062,26.769249,43.742386
166.69930934906006,141.9870204925537,26.325724,45.924946
161.3124647140503,142.8261375427246,26.778612,44.140083
158.04835510253906,143.60075187683105,25.695839,43.49039
153.3651819229126,143.98367881774902,27.31487,43.07851
149.40875339508057,140.90422439575195,27.781408,45.57656
145.12088680267334,141.88250732421875,27.865793,43.370636
141.63500499725342,142.37819290161133,25.612581,44.28208
135.72780895233154,146.82234001159668,25.35003,39.540867
131.00067234039307,144.1192569732666,26.311796,42.90346
127.65109539031982,140.4726390838623,24.525446,46.165493
123.83358860015869,142.5582275390625,24.154295,44.058372
117.66435241699219,142.46556663513184,27.81961,43.038982
112.83946895599365,142.2042751312256,27.28734,44.065456
107.22162055969238,141.34875297546387,27.813335,44.977703
100.94097137451172,141.61882400512695,29.8862,45.593582
92.90898036956787,141.52064514160156,29.987505,44.3872
95.50106716156006,139.49987602233887,30.669542,47.975338
85.29032707214355,136.70521926879883,30.04723,49.910233
88.13595294952393,140.27755165100098,24.40589,47.1648
83.3805923461914,140.8289337158203,19.62735,47.48429
63.95960807800293,140.21014022827148,27.066319,47.04689
52.3315486907959,139.22735023498535,27.482372,48.85146
46.580063819885254,138.66423797607422,20.773458,48.339806
31.46688461303711,141.18107795715332,25.548088,46.54575
18.149568557739258,142.35494422912598,28.368809,44.247746
16.208486557006836,140.84254264831543,25.802578,46.623684
8.987661361694336,139.93042182922363,29.831066,47.291218
0.5217180252075195,133.02558517456055,30.723783,54.999542
1.0063762664794922,141.09780502319336,31.457882,47.254547
0.7594099044799805,134.58228302001953,20.8967,53.660515
0.6996574401855469,142.07995414733887,20.050201,46.7308
-0.3760490417480469,142.36964797973633,18.827988,46.850174
0.1208639144897461,139.7501163482666,14.127886,49.1032
-0.39704132080078125,138.3925838470459,10,51.52628
-1.818878173828125,139.29857444763184,10,49.582043
-1.0745162963867188,139.213041305542,10,47.715916
14.641437530517578,142.6385955810547,27.509102,34.589928
8.785370826721191,142.2697238922119,28.3562,38.21796
2.9514360427856445,140.78816032409668,27.973402,41.701153
0.7951087951660156,141.0870132446289,25.831772,41.25303
0.19155120849609375,138.9988021850586,17.162048,40.945793
0.0887136459350586,140.66222953796387,16.258974,41.04566
-0.018219470977783203,140.6738739013672,10.65548,36.51954
-1.18505859375,139.5030460357666,10,41.09351
-1.9479975700378418,142.45293426513672,10.210959,53.193535
14.597943305969238,150.61176109313965,28.974913,35.406086
16.586628913879395,150.3034782409668,29.211943,41.228905
8.836333274841309,144.8288059234619,28.10393,43.87074
1.1919422149658203,141.39413452148438,28.760601,47.461594
-0.06426143646240234,139.06890869140625,22.310835,47.85771
-0.801518440246582,139.45512771606445,16.5227,41.11683
0.0539398193359375,138.1055679321289,10.278122,40.99021
-2.2965660095214844,140.77524757385254,10,47.15328
2.014763832092285,163.59472846984863,16.422369,35.0976
1.814197063446045,163.5462875366211,12.669335,38.178574
-0.022190093994140625,158.47683334350586,10,36.946014
-1.3499231338500977,162.91134643554688,12.11352,37.429794
4.083282470703125,182.99217796325684,19.802902,40.674107
9.794325828552246,188.58024787902832,26.10425,42.145428
10.031824111938477,187.32095336914062,24.855099,46.72516
6.073818206787109,179.8375587463379,18.213463,51.98185
-7.106402397155762,184.83411407470703,17.399748,47.659515
1.8924951553344727,183.9122543334961,18.450476,48.651398
7.315499305725098,177.81459617614746,22.9083,49.783955
3.34442138671875,176.68807792663574,19.452309,54.685856
38.72513389587402,160.61668586730957,27.587185,45.34512
36.62292194366455,160.2926483154297,27.526518,48.357117
34.00981616973877,160.15633964538574,26.415205,47.937916
30.86395835876465,160.1335735321045,26.51611,46.676594
30.337575912475586,162.44417190551758,26.577908,45.733208
27.465381622314453,165.6932773590088,28.545532,43.43614
27.23637104034424,160.25429725646973,25.019697,43.64732
27.566256523132324,159.45698928833008,25.65668,46.284264
23.06582736968994,161.85024452209473,28.293737,45.298016
21.583431243896484,163.75265312194824,29.781036,44.006367
16.856311798095703,161.88401412963867,29.701355,47.653618
14.662330627441406,163.19957160949707,29.84304,46.42413
12.629438400268555,165.27385330200195,28.200909,53.753273
9.669173240661621,162.47126388549805,31.368876,48.604637
5.3239946365356445,160.75065231323242,31.372282,49.848396
5.166460990905762,159.81235885620117,29.858706,48.637413
1.783203125,160.15128135681152,21.534325,50.11086
1.4899616241455078,161.51112937927246,30.057804,47.657856
-0.4970703125,160.29347229003906,21.357323,47.880905
-0.8753843307495117,143.64674949645996,13.856565,58.31986
1.2878150939941406,158.13503456115723,17.119888,52.258404
1.6788244247436523,157.88864517211914,12.504541,52.154243
0.11650419235229492,161.44561958312988,13.671327,49.365902
0.25020599365234375,157.77302169799805,10,53.473564
-1.146470069885254,160.11840438842773,16.223864,50.484024
4.489265441894531,154.3118553161621,28.728638,47.87259
19.417604446411133,153.93653106689453,43.282284,43.90902
22.88528060913086,154.43094444274902,55.67153,40.07629
43.307430267333984,162.1670150756836,43.61315,34.592583
44.17682456970215,160.28878784179688,38.49692,38.452156
34.60002326965332,157.28354835510254,43.289806,38.11968
43.031381607055664,162.0026741027832,36.88844,41.955383
35.373586654663086,158.98330307006836,38.65044,34.712112
32.120201110839844,158.77843475341797,39.32309,34.191093
18.21457862854004,155.55052185058594,37.119747,41.23699
4.77937126159668,141.05031394958496,37.382236,62.42146
0.3951072692871094,142.27955627441406,37.95701,67.8816
-2.609315872192383,166.1015853881836,38.27431,43.748177
-0.35727787017822266,167.15332984924316,31.299196,42.356907
0.6311807632446289,166.0045337677002,30.167646,42.143253
0.15141677856445312,166.45960807800293,25.19799,39.21449
0.7690515518188477,164.87216567993164,27.934217,35.128128
0.0838460922241211,168.1501121520996,20.083292,35.911896
0.14113712310791016,164.20995903015137,18.907919,30.744167
0.5718154907226562,166.44730377197266,15.071167,35.285477
1.119246482849121,163.71518898010254,13.881113,36.20979
-0.6456270217895508,159.74156951904297,13.732134,36.4579
-2.778806686401367,164.13564491271973,20.332775,33.34042
-5.359021186828613,163.20174026489258,16.484324,41.095825
-5.231904983520508,165.45519828796387,23.515568,38.989338
25.46718692779541,161.95589351654053,23.931166,31.321466
27.556974411010742,161.09215831756592,26.64513,26.901133
26.94312858581543,161.98502254486084,19.544735,28.031359
24.84245777130127,161.57696437835693,17.583998,26.882326
20.830166816711426,161.83865547180176,17.155928,23.703434
19.623284339904785,162.4902744293213,18.401701,22.986332
19.67156982421875,161.39702606201172,18.638855,16.9524
18.69236707687378,161.93902778625488,14.57676,16.811428
17.123255729675293,162.0106463432312,12.780188,14.46964
16.044517040252686,161.8124237060547,11.897107,13.624439
14.729453086853027,161.75595569610596,11.671904,13.023035
12.624921321868896,160.6024079322815,11.06495,12.477454
11.246657848358154,160.36326122283936,10.676507,13.346434
8.706537246704102,160.21608686447144,10,15.404031
6.78965425491333,159.58142948150635,10.935496,12.985666
6.163327693939209,159.31167221069336,10.923657,11.778965
4.764852523803711,158.86593294143677,10.05954,11.785121
3.391876220703125,159.05509519577026,10,11.465146
1.9387741088867188,159.17988443374634,10,11.627971
0.9295635223388672,158.11957168579102,10,13.227131
-0.5421352386474609,157.4197268486023,10,15.171803
-1.7320384979248047,154.3007526397705,10,19.703575
0.23824357986450195,160.38182640075684,12.257365,23.239662
18.182276248931885,168.40981674194336,15.722426,23.20161
20.46314525604248,167.45686721801758,21.908865,25.965946
17.6733980178833,167.79483127593994,23.276613,24.605799
15.344104766845703,169.72923183441162,24.746479,25.09715
11.817983627319336,165.70876216888428,22.86496,27.0894
7.979470252990723,166.21028518676758,17.208986,25.13364
11.292078971862793,163.20650386810303,21.654325,27.30747
6.536333084106445,166.1315393447876,24.538292,26.180582
2.687201499938965,164.57264232635498,17.156431,29.758429
3.9467153549194336,166.45946788787842,17.871374,25.767645
5.480865478515625,167.56918048858643,18.423779,24.971285
7.601886749267578,166.5896577835083,23.081043,27.191538
1.5599613189697266,164.66390991210938,23.181664,30.022488
0.3478374481201172,162.5745029449463,24.84172,34.434013
-0.4205446243286133,161.79665184020996,27.95265,40.87072
-2.238245964050293,157.98696517944336,28.339792,43.14822
0.9513111114501953,177.45179557800293,36.92479,39.15029
-0.13829994201660156,189.27066707611084,36.958595,30.817495
0.2186717987060547,188.2193260192871,34.236275,31.175503
-0.21126747131347656,189.73625373840332,30.800507,30.713348
0.5219345092773438,190.46698665618896,27.697369,27.762968
0.5450887680053711,191.79620742797852,25.562735,26.202137
0.08787345886230469,192.95001888275146,24.214745,23.86061
0.765873908996582,192.7545623779297,22.609018,22.92773
0.2383584976196289,193.54074478149414,19.710077,21.43192
0.5529956817626953,194.6541404724121,17.22792,18.7961
0.9619865417480469,197.4692087173462,13.13493,17.261324
-1.2339935302734375,197.87112617492676,10,16.291786
6.1144304275512695,197.57469081878662,12.631582,18.540476
19.934889316558838,180.13881587982178,14.947146,20.952414
17.12793731689453,175.72108268737793,18.283157,23.189812
21.87322998046875,162.53953170776367,19.264626,27.973835
14.292940139770508,160.34139823913574,18.784328,25.887306
2.987567901611328,164.59954643249512,16.38324,35.210518
1.009355068206787,156.8173942565918,11.028462,42.08547
0.8987979888916016,143.92946243286133,10.150227,41.740566
3.5306167602539062,131.8019313812256,21.458504,35.741837
2.023427963256836,119.64562606811523,21.19138,42.31087
7.534675598144531,122.83552551269531,21.223938,45.17764
0.8743295669555664,121.50579643249512,27.507917,50.22528
-0.5226888656616211,122.83905982971191,22.863432,47.35131
32.605971336364746,122.20590400695801,24.196459,47.75222
57.22401809692383,118.53638458251953,16.838219,50.72813
53.91109752655029,119.17146110534668,20.839365,50.96939
49.29411602020264,120.29510688781738,24.526896,48.384148
42.43200397491455,120.11980247497559,25.410635,52.07483
39.10045528411865,119.95071601867676,21.102388,47.3619
36.5681848526001,118.96026992797852,18.640593,45.923664
34.536009788513184,118.39806747436523,15.457529,38.78845
29.7109956741333,118.02015686035156,16.751982,40.060345
26.26183795928955,117.35701179504395,17.29257,38.85401
21.119078636169434,118.8015251159668,20.518679,40.24699
23.243764877319336,118.22162055969238,16.330402,38.18589
11.702903747558594,118.74941444396973,24.39531,39.53573
15.844988822937012,119.55875587463379,20.095987,33.95186
20.051615238189697,119.24356937408447,14.443629,26.880846
17.6064190864563,119.36021327972412,14.139724,21.126745
16.505488395690918,119.26599597930908,12.884745,19.961458
16.050092697143555,118.95164108276367,10.783199,17.818611
15.088063716888428,115.89100074768066,10.152883,19.926735
13.589681625366211,119.76974582672119,10.5324135,16.418787
9.989985466003418,118.94910049438477,11.899843,17.484833
9.277053833007812,115.7210521697998,10,19.865662
6.926895618438721,116.62074375152588,10.716273,19.165857
5.5055694580078125,117.45008563995361,11.130657,17.88148
5.358514785766602,117.32837295532227,10,17.76966
4.168247222900391,118.01208019256592,10,16.674173
3.107818603515625,118.51165533065796,10,15.887666
2.5337791442871094,118.74166297912598,10,15.70039
2.7565770149230957,115.79158306121826,10.348327,18.392115
3.1244993209838867,115.82088375091553,10.571558,18.444513
6.362091064453125,115.57992839813232,10,17.765509
6.644774436950684,118.48085880279541,10.243906,15.283258
8.331539154052734,119.34503984451294,10.090397,14.553477
10.094175338745117,119.70231866836548,11.195427,14.770911
11.81413984298706,117.89371871948242,10.296674,16.432594
14.389911651611328,115.8935718536377,10,17.973484
14.732967853546143,116.20299530029297,11.548465,19.377907
16.028722286224365,117.10807132720947,13.104814,21.045774
16.582939624786377,113.08549118041992,11.862758,27.290237
19.960599899291992,113.39832305908203,10,28.556114
21.41204261779785,112.30574798583984,10,27.355614
22.577316761016846,114.88095188140869,11.450625,27.402342
22.620725631713867,108.41453552246094,12.906006,33.34163
24.65916156768799,100.21707916259766,16.952173,41.340256
24.550203323364258,100.76301574707031,17.957626,43.170296
29.079262733459473,112.06823348999023,17.913774,32.502625
31.16716241836548,113.05537223815918,14.902244,32.269436
31.350814819335938,110.50734329223633,17.425915,35.13714
36.05627155303955,112.33859062194824,15.139315,33.447247
37.67725944519043,112.59877014160156,15.544205,32.844612
40.05455732345581,112.08776664733887,15.518018,35.557545
41.656636238098145,111.24166488647461,13.586809,35.284477
43.31650733947754,112.27919387817383,13.437721,36.339394
46.09320020675659,114.22966003417969,12.446843,33.28853
47.71395397186279,114.62260055541992,12.56732,34.788254
49.05924415588379,115.21383857727051,13.735901,32.11501
52.55268049240112,114.47339820861816,13.928304,32.42178
54.209213733673096,114.09279251098633,12.599872,33.028244
57.17938280105591,115.24282455444336,13.516574,31.436028
59.97593021392822,117.24292087554932,10.867357,30.469175
62.02871751785278,118.15064334869385,14.382899,31.505568
63.8314847946167,119.52056217193604,14.859732,30.906157
65.77448081970215,128.33258247375488,13.970512,23.909992
69.24339771270752,117.57367897033691,11.970537,33.704678
68.75178861618042,114.91895484924316,12.849843,37.456043
68.65936851501465,116.09037208557129,14.182167,36.841183
74.16995859146118,113.50787162780762,12.495765,40.476933
73.35744762420654,115.15541648864746,17.16252,39.31808
58.733906745910645,135.3371353149414,28.825762,38.762764
28.055389404296875,151.03277969360352,43.373158,33.83136
42.30475616455078,146.92316436767578,35.461582,40.74276
39.453651428222656,144.17007446289062,37.1021,41.07995
35.0946102142334,145.74317359924316,40.54978,39.292423
35.31862258911133,143.74473190307617,41.081844,43.177597
40.55302047729492,150.40741157531738,40.49702,36.588596
33.66654396057129,150.66727828979492,41.397736,39.12599
51.83403778076172,158.34482192993164,35.719013,42.70256
71.7078742980957,122.6436767578125,34.654705,59.483612
99.99989414215088,111.71343994140625,23.934572,51.040176
101.85475158691406,108.04052925109863,22.644108,55.672115
102.44422626495361,112.44998550415039,24.124735,51.23176
105.54072761535645,113.49002456665039,20.173157,49.905174
