406.0	175.0	20.0	15.0	
405.23495483	175.78237915	20.44534111	14.17442131	
405.04165649	176.03031921	19.66850471	14.36474228	
403.77459717	175.01281738	20.32731438	14.87845707	
402.74362183	174.78613281	20.23442459	14.83843803	
401.82028198	175.70593262	20.3589592	14.38497925	
400.94607544	176.09521484	20.72128677	14.30416489	
399.82705688	175.11499023	20.37323761	15.16915607	
398.34197998	174.81550598	20.74334145	15.37377071	
397.38043213	174.6552887	20.64088058	15.42933178	
396.2109375	175.03657532	20.88152695	15.33233643	
395.1869812	175.53445435	20.76427078	15.14976406	
394.44284058	175.48143005	21.22865486	15.33942413	
393.58795166	175.03866577	21.3255291	15.76397228	
391.83706665	174.79013062	21.35830498	15.482728	
390.31387329	175.04718018	21.5759201	15.41366005	
389.03259277	175.45137024	22.41005707	15.92653084	
387.84506226	174.9760437	22.75309753	16.43808365	
386.22009277	174.83747864	22.98052979	16.06421852	
385.00430298	174.82026672	22.908535	16.39712906	
383.88793945	174.69944763	23.06638527	16.77074051	
382.74255371	174.76751709	23.04917526	16.80075645	
381.18676758	175.18319702	23.72670746	16.66571236	
380.06600952	175.05708313	24.35795975	16.6733284	
378.79971313	175.35401917	24.25567245	16.26991272	
377.10827637	175.60380554	24.09015656	16.28485489	
375.40994263	175.54187012	24.87000275	16.37125397	
373.59533691	175.31759644	26.09014893	16.9487381	
372.30026245	175.42163086	26.54404259	16.90725708	
371.42196655	175.24087524	25.81442642	17.29718018	
369.68545532	175.48815918	26.31617355	17.07097626	
367.85391235	175.49223328	26.68172073	17.30689621	
366.80804443	175.40762329	26.53905678	17.24624252	
364.76171875	175.33738708	27.10959244	17.58067513	
363.25970459	175.38674927	27.90703964	17.80153275	
361.69781494	175.18945312	28.53938103	18.07366943	
360.46746826	175.64959717	27.6074543	17.53221703	
358.77334595	175.46148682	27.70261955	17.84337616	
357.0302124	175.06658936	28.42550278	18.38425255	
354.97128296	175.11489868	28.82244682	18.39258957	
353.54629517	174.75857544	28.61993408	18.84763908	
351.96588135	174.95658875	28.65336037	18.82795906	
349.6630249	174.92460632	29.67140961	18.95049667	
348.97290039	175.19538879	28.02770615	18.68316078	
351.00283813	172.97561646	28.30827904	21.23121071	
350.59194946	176.12387085	28.70057297	21.52542877	
352.10174561	173.33610535	28.5254097	21.39405441	
350.89346313	172.15090942	29.2181282	21.91359329	
348.35736084	183.73197937	29.23892593	21.92919159	
344.10348511	192.01734924	29.81761169	22.36320686	
332.22644043	176.69906616	29.7733078	22.32998085	
331.04766846	175.44169617	27.46066856	19.70286179	
328.5942688	174.85466003	30.49120903	20.85553932	
325.48736572	175.26908875	32.47610092	20.54513168	
323.25946045	174.90483093	32.85200882	21.54576111	
321.23156738	174.74714661	32.46726608	21.00628853	
318.46917725	174.50177002	32.88772583	21.54427338	
314.91149902	174.99726868	33.21688843	21.56766891	
312.46951294	174.9699707	33.56683731	21.56659317	
309.25045776	174.62982178	34.90706635	22.48421478	
306.23110962	174.55812073	34.60413361	22.61164665	
302.92510986	174.59014893	36.45233154	22.46764946	
299.81292725	174.54196167	35.34893799	22.57201958	
296.48626709	173.364151	37.08404922	23.86305428	
292.81558228	173.91557312	37.39955521	24.13621902	
288.79550171	174.13894653	36.85269165	24.73777008	
285.29437256	174.65971375	38.34788513	24.2558136	
279.98208618	174.80615234	39.97174454	25.01760674	
275.44424438	174.53916931	41.9251976	25.86919785	
271.41140747	174.90803528	41.67395782	25.00637817	
268.63494873	175.20880127	41.30215454	24.52713776	
263.7243042	174.50811768	41.46517181	25.96175766	
257.65344238	174.93855286	43.51104355	27.05038071	
252.30377197	175.01295471	43.34447479	26.7143898	
247.15182495	174.20597839	44.49864197	27.83143806	
242.60887146	173.67263794	44.86217117	28.62399292	
235.24604797	173.72689819	47.39704514	29.56743813	
229.70422363	173.85966492	47.08125305	29.62697792	
223.97619629	172.70495605	49.38143158	31.4167614	
216.02685547	172.47650146	51.64414215	32.57099915	
209.75366211	172.17227173	52.33943558	33.06770325	
199.87945557	173.52705383	53.7647171	32.72468948	
192.70285034	173.14071655	55.04560089	33.45307541	
186.24325562	173.24821472	55.29220963	33.36938858	
174.73823547	173.26670837	59.25845337	34.61649323	
167.75595093	173.02641296	59.54575348	35.02246094	
155.67459106	174.92671204	60.28991318	33.57697678	
148.431427	174.44154358	60.68770218	34.83794403	
139.64451599	173.52114868	63.17290878	37.60293961	
126.43101501	176.21708679	62.88309097	35.7900238	
116.55331421	174.45698547	66.45986938	37.8639183	
101.46147156	178.1940918	64.39810944	36.78321075	
87.35607147	176.77148438	67.80381775	39.74262619	
70.50827789	178.1204834	69.98121643	40.05007935	
52.72951508	179.76252747	72.15890503	39.54150772	
34.49237061	179.01493835	77.52643585	41.87269592	
13.31371403	182.32115173	78.1543045	41.32624817	
2.67067957	178.07763672	79.48212433	44.95718765	
0.0	174.69602966	76.90704346	47.63705063	
-3.57724094	164.24006653	74.54035187	55.9053154	
6.92938995	158.65144348	74.74674225	56.06010818	
