1.0	171.0	18.0	14.0	
1.13313794	171.190979	18.2554512	13.86544991	
1.16717839	171.38034058	18.66246414	13.70625877	
1.35969591	171.42886353	18.76449966	13.73620415	
1.5007565	171.52500916	18.9135704	13.71154118	
1.75470543	171.66978455	19.12560463	13.69974804	
1.94043446	171.66636658	19.52434349	13.82568455	
1.93618798	171.69566345	19.89542389	13.65439796	
2.03507185	171.70199585	20.34695053	13.68723679	
2.28830552	171.81390381	20.59692574	13.50448895	
2.45156765	171.7038269	21.03237915	13.60776043	
2.36953139	171.57701111	21.3378849	13.6972065	
2.25737023	171.55160522	21.76943207	13.69151688	
2.56733489	171.4337616	21.97171974	13.64006424	
1.07170296	169.82853699	22.2596283	17.3130455	
2.46797442	171.39590454	21.84567451	13.71696568	
2.40166116	171.36471558	21.91173172	13.67712402	
2.39258027	171.41549683	22.25674248	13.56631184	
2.08292866	171.27832031	22.65884972	13.78660679	
1.27668047	171.16508484	22.29453659	13.73299503	
0.67255372	170.79464722	21.59653854	13.90225983	
0.42763183	168.69555664	23.203722	18.04733849	
0.38260132	170.66368103	20.40582657	13.92986202	
0.61133659	170.57504272	20.30809402	14.06708622	
0.97508508	170.70556641	20.85367393	13.99402905	
0.153741866	170.489853	17.948164	14.1878376	
0.24568555	170.63059998	18.21116066	14.05408669	
0.38259354	170.71182251	19.61904335	14.02003384	
0.143476352	170.581757	17.8588219	13.9080887	
0.24411055	170.62808228	17.54531288	14.07381344	
0.33918408	170.57998657	17.52581406	14.26898479	
-1.19473004	168.69636536	23.40629196	18.20489693	
0.71237218	170.66242981	17.45489883	14.33698273	
0.68780816	170.58888245	17.83733749	14.47963428	
0.7551384	170.82550049	17.67415237	14.23955441	
1.15372503	170.4552002	17.5379715	14.54795074	
1.22935092	170.48809814	18.29501915	14.94236469	
1.18267941	170.67234802	18.27987099	14.89818573	
1.06826305	170.77888489	18.14679146	15.06068802	
1.73761547	170.38076782	18.72704315	15.21940994	
1.65766907	170.32887268	18.70708656	15.44014931	
1.57900703	170.19456482	18.33291245	15.63169193	
-0.95112181	168.40171814	25.82237053	20.08407021	
2.00548387	170.24073792	18.60961533	15.76866913	
2.15724683	170.09240723	18.75450516	15.92944241	
2.55420732	169.87301636	18.84836578	16.15946007	
2.09551311	169.90704346	19.00854301	16.29919052	
1.97560287	170.01872253	19.48118591	16.41346931	
2.71006465	170.12864685	19.75927925	16.47951508	
1.82817984	170.08514404	19.58956909	16.4436779	
1.01524103	170.1665802	19.72398186	16.3227253	
-1.92534685	167.50271606	28.03392029	21.80417252	
0.58660668	170.09895325	20.24336433	16.28555107	
0.141889751	169.975693	19.5598755	16.0780468	
0.90767765	169.85571289	20.27790833	16.39451599	
0.41801089	169.79182434	19.54995728	16.5048008	
0.24552298	169.73204041	19.07731628	16.48741531	
0.24239942	169.78930664	18.86452103	16.341259	
0.42133385	169.68148804	18.72803879	16.83302307	
0.55649942	169.57208252	18.9637146	17.0999279	
0.74594057	169.46005249	18.98571968	17.19215202	
1.53482044	169.5668335	19.35865021	17.18415451	
1.11641884	169.5423584	19.27643585	17.09613609	
1.23353755	169.58860779	19.42690659	16.92983437	
1.50590277	169.61399841	19.7703228	16.91209984	
1.16044784	169.4147644	19.70512962	17.18713951	
2.3972106	169.48692322	20.62362862	17.09552956	
1.77622414	169.16394043	20.35780525	17.43327904	
1.8898921	169.37097168	20.85058212	17.2429409	
2.23343492	169.27268982	21.1626339	17.40210915	
2.38766456	169.48358154	21.40247726	17.22919655	
2.43502164	168.89781189	21.58874893	17.73153877	
2.54405808	169.13012695	21.94288254	17.47815132	
1.72954726	168.96246338	21.97299767	17.60290337	
2.07027888	169.29772949	22.39740562	17.30648041	
2.52939415	169.27793884	22.89809036	17.53326988	
1.97913384	169.51438904	22.23995209	17.1333046	
1.56688809	169.38006592	22.0057106	17.22559166	
1.73882043	169.77426147	22.10130882	17.22999573	
2.02397847	169.32827759	21.78133965	17.56488419	
0.7413789	169.67384338	20.23725128	16.87960815	
1.77886808	169.19546509	21.77526474	17.77957726	
0.98913944	169.23564148	20.41100693	17.53915977	
2.11460114	169.41398621	21.61055565	17.85096741	
1.28361166	169.70080566	20.52900887	17.38405418	
0.67161143	169.87561035	19.93073273	16.91795731	
0.6135453	169.74180603	19.7646389	16.96853256	
0.24438581	169.63523865	18.86096191	16.70647049	
0.153708577	169.526672	19.3156948	16.8565388	
0.38372192	169.87268066	19.7347908	16.86426735	
0.0532497764	169.649048	18.8277168	16.5599117	
0.0721485317	169.572327	18.7318153	16.2923813	
0.0974633992	169.635529	18.9701633	16.1270638	
0.00269001722	169.827911	18.6043205	15.9683571	
0.0341638327	169.692795	18.5503159	15.8369865	
0.0113042593	169.762924	18.6098652	15.8400278	
0.00864598155	169.69133	18.7886238	15.7064419	
0.108466655	169.424927	18.9631615	15.9465027	
0.118256032	169.422379	18.951128	15.8945961	
0.0307188034	169.586151	18.8322525	15.8919744	
0.164893895	169.355453	19.2345886	16.0085258	
0.0830358863	169.560059	19.0256882	15.8070593	
0.10184741	169.623367	19.1550674	15.6569443	
0.24823892	169.41618347	19.32200241	15.78159142	
0.22267628	169.44630432	19.33942032	15.7146101	
0.20397869	169.40028381	19.35275269	15.78581142	
0.25683463	169.40751648	19.50274086	15.76324177	
0.2239325	169.30635071	19.63366318	15.82499504	
0.31523609	169.21783447	19.91353989	15.77452469	
0.19354078	169.4541626	19.62557602	15.76697922	
0.25147489	169.29541016	20.05601501	15.72408676	
0.2141785	169.12504578	20.28579712	15.79220009	
0.157163978	169.345367	19.8421192	15.709609	
0.20485255	169.24984741	20.06929779	15.76224518	
0.25335881	169.29760742	19.93535233	15.70013809	
0.21579534	169.34732056	19.78987122	15.81162453	
0.23548666	169.27130127	20.20271111	15.70414639	
0.19455636	169.29309082	20.03263283	15.7209301	
0.28195238	169.23812866	19.92472649	15.8271389	
0.147986591	169.417526	19.6247349	15.8107834	
0.20550293	169.46862793	19.61439514	15.70707989	
0.19954485	169.12069702	19.98405647	15.87105274	
0.25351799	169.0750885	20.29743195	15.8770256	
0.17734593	169.13772583	19.81656265	15.96050072	
0.23263413	169.09938049	20.4043808	15.82085228	
0.18838224	168.86860657	20.37676048	16.00214386	
0.23939934	168.81190491	20.70212746	15.98548317	
0.20798695	169.14012146	19.89205551	15.99432468	
0.154229373	169.113647	20.2549725	15.8143034	
0.10136655	169.203873	19.8194122	15.8317738	
0.0975238085	169.29184	19.9625015	15.7029495	
0.17280656	169.1555481	19.81123543	15.74919796	
0.118944883	169.162689	20.0098476	15.7925882	
0.0565523803	169.198547	19.838644	15.7286863	
0.0461185873	169.061142	19.9632359	15.9127998	
0.090588659	169.050476	20.1354771	15.7065048	
0.101191312	169.111664	19.7727413	15.6297131	
0.0564234555	169.028122	19.8513699	15.8773003	
0.0937305689	168.97821	19.4707355	15.7696352	
0.0537996888	169.115326	19.4760113	15.6096945	
0.0466597676	169.044754	19.8037281	15.6329651	
0.0309337676	168.883957	19.5805206	15.7898035	
0.0118361712	169.066162	19.3333702	15.798192	
0.0220248401	169.078491	20.0209179	15.6129684	
0.0323452353	169.110382	20.0071831	15.6194286	
0.00469809771	169.264297	20.1103745	15.6339254	
0.019369334	169.326584	20.1776657	15.5349951	
0.0122347474	169.351624	20.0395508	15.548028	
0.0149885714	169.528183	20.4111195	15.4053211	
0.0111198425	169.76297	19.6329308	15.1896467	
0.0452613831	169.789185	19.9134808	15.0714092	
0.0747191608	169.741425	20.3200607	15.223917	
0.0505728424	170.042145	19.7870865	14.9271574	
0.038025111	170.152069	20.039835	14.8199186	
0.041218698	170.111008	20.3511772	14.8990555	
0.0505921543	170.049118	20.2079315	14.8127031	
0.0289378166	170.150146	20.1400414	14.6357441	
0.0310113728	170.191345	20.1447697	14.5894079	
0.0118537843	170.506653	19.3138065	14.2786217	
0.0276863277	170.504013	20.1169224	14.3901072	
