1.0	168.0	22.0	16.0	
1.38279235	167.30792236	22.53357697	15.87566662	
2.11559725	167.6157074	22.90727615	16.11233902	
2.4320507	167.97781372	23.90977097	16.47031784	
3.54444361	167.66552734	23.46617508	16.42261696	
4.05230379	167.29743958	24.19249725	16.3830471	
4.88288116	167.56369019	24.37323761	16.70644569	
5.60690403	167.3525238	24.47343445	16.849823	
6.65467119	166.94462585	24.16677094	16.93756866	
7.4183321	167.01255798	24.40514755	17.07072258	
7.9787035	166.82565308	25.03329277	17.35957718	
9.62391281	166.75180054	24.21062469	17.24789619	
10.71183586	166.68167114	24.45069313	17.51956367	
12.04693031	166.86352539	24.48975182	17.88490677	
12.65241528	166.72257996	24.75368881	17.53853416	
13.97935677	166.56037903	25.13883972	18.46370697	
15.07658863	166.93733215	25.28701782	17.93637848	
16.7448082	167.21235657	24.62761497	17.61330605	
18.06649017	166.98033142	24.85418892	17.72155571	
19.36294365	166.99694824	25.05201149	17.82268143	
21.10480499	167.300354	25.14411354	17.97021103	
22.61800385	166.61347961	25.23987579	18.57777214	
23.27526855	165.8964386	26.61916161	19.30908394	
24.60314369	166.32469177	26.83682632	18.67088699	
26.0257225	166.04466248	27.66014481	19.50210381	
27.75780487	165.81124878	27.72787857	19.91709709	
28.80931854	165.3964386	28.46686554	20.78534889	
30.39502716	165.26872253	28.34474945	20.83644485	
31.99785614	164.69386292	28.34770775	21.49658203	
34.29685974	164.84875488	27.90867996	21.53599167	
35.80238342	164.71749878	28.56926727	21.99588585	
37.52406311	164.83961487	29.31653214	22.13680077	
39.19563675	164.77844238	30.20672989	22.70693207	
41.26677704	164.9311676	30.83252525	23.10949898	
44.47487259	165.21820068	29.7520752	22.79764175	
46.01166534	164.88482666	30.33670425	22.81738091	
47.74440384	164.80557251	31.84189415	23.84311295	
50.15486145	164.52124023	31.71979523	24.29075432	
52.12608337	164.08306885	32.76338196	25.02557755	
54.57400513	164.41416931	32.8526268	24.54309082	
57.74478531	164.72264099	32.68767929	24.77566147	
59.51913071	164.68167114	33.8690834	25.03276825	
61.76766205	164.63735962	34.95084763	25.37820816	
63.66357422	164.29008484	36.49794388	25.95304108	
66.8297348	164.34832764	37.34589005	26.26843262	
69.05152893	164.74130249	37.81661606	25.4718399	
72.5525589	163.80488586	38.93408966	27.30664253	
76.06717682	164.08514404	38.89946365	27.1546669	
79.83664703	163.78652954	38.80628967	27.40701103	
83.00547791	163.78041077	40.22457504	27.91138268	
85.6971283	163.40249634	41.21977997	28.07106018	
89.78009033	163.52926636	41.20352173	28.01168823	
93.52816772	163.43447876	42.46192932	28.53352737	
97.63961792	163.69250488	43.42157745	28.60688782	
102.07621765	163.7588501	44.39099884	28.82352638	
105.95327759	163.87219238	45.61213303	28.50389481	
111.94416809	164.62796021	46.72439194	29.50374222	
114.74603271	163.88911438	48.47750854	29.68608475	
119.68566895	163.82696533	49.32519531	29.82990837	
124.48379517	163.43449402	50.87313461	30.47351456	
129.67352295	164.02932739	54.84720993	31.41204643	
137.38882446	163.66856384	53.94460678	32.57999802	
143.15911865	163.16130066	55.2855835	33.53778458	
151.71228027	164.70079041	59.5961647	34.99352264	
159.23574829	165.44752502	62.9977951	36.49026489	
166.59732056	165.93911743	65.84824371	37.33154297	
174.55308533	166.12606812	68.86026001	38.28813171	
182.00958252	164.55595398	67.93216705	49.40520477	
194.52798462	167.12031555	71.84286499	39.31462479	
203.7837677	166.78709412	74.40380859	40.69431305	
213.34059143	165.40905762	75.12963104	40.77423096	
224.77095032	167.56838989	81.85982513	42.3542099	
240.15301514	167.97860718	83.92059326	43.6352272	
259.37298584	169.59719849	83.44494629	43.60624695	
273.7048645	170.29321289	86.13127136	44.85541534	
291.94293213	170.76596069	87.17795563	46.3417244	
315.23416138	172.8598938	85.07095337	45.29250336	
337.59106445	175.00939941	89.05151367	47.79382324	
361.1338501	176.42449951	91.34242249	49.85651398	
393.36645508	178.91917419	87.61961365	49.96117401	
414.94824219	177.703125	79.01873016	60.24510956	
428.57537842	174.59411621	73.22493744	58.08060455	
