113.0	174.0	18.0	15.0	
113.28596497	174.11585999	18.27838135	15.07396889	
113.367836	173.99932861	18.57860756	15.24039555	
113.73451233	173.88618469	18.70364189	15.49077702	
114.03677368	173.90185547	18.87484169	15.74218082	
114.47090149	173.95106506	18.86341858	15.75352764	
114.82189941	173.81057739	19.00067711	15.99856186	
115.17669678	173.80610657	19.20108223	16.11533737	
115.86203766	173.9467926	18.96323776	16.15115166	
116.23789215	173.71615601	19.21720123	16.53958511	
116.55851746	173.55867004	19.52009201	16.87817383	
117.33486938	173.62416077	19.44119644	17.00475883	
117.65024567	173.42996216	19.8663063	17.42741013	
118.04949188	173.42962646	19.92311287	17.45302963	
118.58459473	173.5340271	20.02521706	17.50043488	
118.94106293	173.54356384	20.1889782	17.57945824	
119.2612381	173.4022522	20.70323181	17.90573692	
119.7933197	173.44868469	20.88183594	18.01872253	
120.59036255	173.44404602	20.60237503	18.10963058	
121.00540161	173.46008301	21.02010727	18.07186508	
121.13399506	173.15022278	21.56926918	18.87317276	
121.70663452	173.48608398	21.8389225	18.45010948	
122.24555206	173.36639404	21.9653511	18.75951958	
123.00050354	173.30395508	21.86853981	18.69899368	
123.55924988	173.11560059	22.09840012	19.04099274	
124.28286743	173.30845642	21.95176315	18.88485718	
124.38799286	172.83227539	22.56344414	19.89875603	
125.32813263	173.42628479	22.3827095	18.93562508	
126.33557892	173.4841156	22.19478607	18.78467369	
126.56869507	173.1239624	22.98927498	19.6251297	
127.4296875	173.19467163	22.98005676	19.58964539	
128.00205994	172.99609375	23.63386154	20.19179153	
128.78973389	173.28410339	23.61631775	19.66076851	
129.3782959	173.22154236	23.54654503	19.62211227	
130.42022705	173.37753296	23.76852989	19.56113625	
130.98608398	172.88539124	24.09214401	20.26865768	
132.6381073	173.27104187	23.35160446	19.62434196	
132.42012024	173.05104065	24.54901123	20.25583267	
133.93328857	173.40838623	24.07171059	19.79130936	
134.07939148	172.82795715	25.10871696	20.74048233	
135.20707703	173.03388977	24.51657104	20.30246735	
135.29267883	172.68035889	25.51155853	21.32243729	
135.79096985	172.77262878	25.64836693	21.34487534	
136.90029907	173.14091492	25.20018005	20.66492462	
138.06797791	173.13259888	24.78271294	20.75342751	
139.05470276	173.35955811	24.52858734	20.65827751	
139.81097412	173.14022827	24.97715378	21.05584335	
140.51953125	172.75082397	25.31446457	21.95524979	
141.75714111	173.21905518	25.33475876	21.18379211	
142.80725098	173.63609314	25.14215279	20.66695023	
143.65731812	173.35939026	25.52565002	20.90406036	
144.69284058	173.46081543	25.33203125	20.9000988	
145.30825806	173.90811157	26.04213715	21.04205132	
146.82804871	173.8306427	25.51271057	21.08307457	
147.47000122	173.900177	25.85268593	21.26915932	
148.53619385	173.65409851	26.5348587	21.75218582	
149.74468994	174.01882935	26.56666565	21.45327187	
151.39852905	174.30812073	25.77129173	20.87696457	
151.8793335	173.74215698	27.10026169	22.18215179	
153.15840149	173.56666565	26.81969643	22.15573502	
154.53785706	174.73284912	25.94818497	20.76990509	
154.90751648	174.41491699	27.06169319	22.11231041	
156.51063538	174.56109619	26.6356678	21.78981972	
157.51885986	174.61091614	26.56670189	21.88214302	
158.97302246	175.03149414	26.92518044	21.59989357	
160.34971619	174.72071838	26.97232819	21.77943039	
160.9178009	175.03866577	27.83855629	22.11394119	
162.19309998	175.39317322	28.31219292	21.63617706	
162.91851807	174.19264221	29.01588821	22.74077606	
164.61366272	175.14074707	28.90269089	22.41051102	
165.83152771	174.8788147	29.25299263	22.82985878	
166.63967896	174.54335022	30.21896172	23.86197662	
168.74542236	174.08551025	29.86720085	23.54886436	
169.47840881	173.74407959	31.43982315	25.02256203	
171.18054199	173.83682251	31.88732147	24.99874115	
172.36181641	174.21578979	32.67073822	24.50120163	
174.27546692	174.01821899	32.67640305	25.32447433	
175.43637085	173.90911865	33.55941772	26.34257317	
176.42877197	173.74441528	34.62002945	26.53786278	
178.25062561	174.06628418	34.23487473	26.40073013	
179.30865479	173.74302673	34.68292618	26.55179596	
180.93544006	173.73400879	35.13431931	26.87751007	
182.80322266	174.06910706	35.61252213	27.03538895	
184.42608643	173.59129333	36.0369873	28.75782204	
186.26741028	174.23571777	35.81258774	27.87150764	
187.37843323	174.28125	38.70832062	28.61734009	
189.2482605	173.84347534	40.27064133	29.42410851	
191.43319702	173.50157166	40.09275436	29.51634979	
193.41064453	173.09584045	40.98748016	30.95458031	
195.03222656	172.21029663	40.43228149	31.84011078	
196.86058044	172.59487915	40.89064026	30.99126816	
198.28994751	172.3968811	41.08896637	32.09873199	
201.04850769	172.52865601	41.75888443	32.77594757	
201.80831909	171.67803955	43.5849762	33.11682129	
203.60415649	172.41844177	44.00704575	33.10865784	
206.88459778	172.41522217	43.91512299	33.12100601	
208.80799866	172.7665863	46.01111221	34.5463028	
210.0262146	172.11962891	46.10897446	34.92466354	
213.22702026	172.25012207	45.83993912	35.47710419	
215.58598328	171.74671936	47.25127792	36.54875565	
218.52331543	171.75964355	48.9141655	37.78520203	
219.67237854	167.03887939	54.82661057	45.68882751	
224.04542542	171.60772705	50.03878021	38.11597443	
227.3137207	171.27636719	50.15692902	38.67565536	
232.35820007	173.08772278	49.12322998	37.4907608	
235.43063354	171.14718628	51.24592972	39.62095642	
237.76226807	171.26260376	53.78556061	41.19057465	
241.31750488	171.64863586	55.15481567	40.78672409	
244.65348816	170.56039429	54.82649231	42.62132645	
246.58853149	170.33982849	57.57101059	44.56499863	
250.91680908	171.2616272	57.1290741	42.83959961	
255.87368774	172.28414917	55.78900528	41.93122864	
262.26715088	173.36416626	54.70842361	41.23040009	
265.8805542	173.40826416	56.61262894	42.22838593	
270.6854248	173.70803833	56.15798187	41.79212189	
278.01141357	175.54159546	53.18471527	39.56026077	
282.48535156	175.08146667	55.30633926	42.42671204	
288.17041016	175.87045288	56.63367844	41.96088791	
289.13433838	173.01953125	61.56861496	46.07163239	
298.42379761	175.47416687	57.99398041	43.9454155	
307.20910645	177.57496643	56.25580978	43.36688614	
310.40383911	176.23580933	58.42911148	44.09157562	
314.30575562	175.41885376	60.95056534	46.79454803	
321.51373291	176.79043579	60.36369324	46.02809906	
330.50592041	178.63221741	61.10549927	46.36441422	
335.37091064	176.94012451	62.7024765	47.17311096	
343.77246094	178.29890442	62.68164825	47.56974411	
348.88946533	176.61029053	68.16734314	51.46244049	
356.5	176.35470581	68.46929932	51.23149109	
364.70626831	177.63421631	69.80727386	52.29147339	
370.6423645	176.30181885	72.91424561	56.43831635	
374.50418091	172.29202271	75.7253952	60.80369949	
382.78890991	168.38896179	79.54057312	66.28376007	
394.12762451	173.74964905	80.69495392	65.51409149	
404.99780273	172.86611938	80.46844482	68.61408234	
406.20233154	166.03747559	82.48012543	74.75263977	
408.5904541	160.30235291	79.56214142	78.55669403	
410.32128906	154.32139587	79.48869324	84.46951294	
