102.0	173.0	9.0	13.0	
102.43022156	173.08528137	8.46717548	12.86364746	
102.70381927	173.27807617	8.48222733	12.66972542	
103.03651428	173.18499756	8.73394585	12.79096985	
103.64620209	173.2611084	8.17690372	12.66978073	
104.4119339	173.47113037	7.24152374	12.34975719	
104.6677475	173.46679688	7.9758234	12.47167301	
105.13825989	173.46446228	7.64477968	12.49285698	
105.71996307	173.43727112	7.83887053	12.76842976	
106.03738403	173.4551239	8.117939	12.98465443	
106.65071106	173.55760193	8.16065884	12.92836189	
107.24619293	173.53041077	8.28160954	13.04079723	
107.61768341	173.65881348	8.38286781	12.91819859	
108.12905121	173.32333374	8.86593819	13.26832104	
108.90647125	173.59725952	9.03127766	12.9967041	
109.24085236	173.43466187	9.06614113	13.29493618	
109.54683685	173.4745636	9.72149563	13.25248623	
110.32766724	173.30593872	9.47079563	13.66665745	
111.12076569	173.05752563	9.43537045	14.03096771	
112.01100922	173.31796265	9.10537052	13.88922501	
112.90913391	173.43467712	8.67243385	13.79497814	
113.81057739	173.4315033	8.50083637	13.96989727	
114.463974	173.61129761	8.46605206	13.95946503	
113.60407257	173.69818115	12.43689919	14.61412907	
115.96829224	173.85099792	8.88343239	14.1623745	
116.84062958	173.52516174	8.81297112	14.79239655	
117.41308594	173.36126709	9.26312542	14.99712276	
118.1669693	173.60253906	9.32032394	14.85317898	
119.19047546	173.75564575	9.50452423	15.00067616	
120.63542175	174.01147461	9.46816444	14.97207546	
122.37942505	174.86531067	9.66867447	13.99651146	
118.97879028	172.71766663	14.99444771	17.61941147	
123.55168152	174.00610352	10.7162466	14.3585701	
124.60253906	173.42999268	10.87953186	15.39090919	
125.79412842	174.26499939	9.74773216	15.28186989	
126.25140381	173.88452148	10.72181606	15.83660126	
128.79707336	174.79396057	8.63478374	16.8932724	
129.99177551	175.49211121	7.98848629	18.01425362	
130.6917572	176.12564087	8.03254604	18.7791748	
130.79806519	176.00296021	7.90779781	19.54303169	
130.60467529	176.50941467	8.16104984	20.56969833	
127.6344223	175.56414795	17.67796326	20.77270889	
132.55505371	176.64950562	8.45287609	19.70586586	
133.76889038	176.47866821	8.80955791	19.27468109	
134.78538513	177.21188354	8.63237	20.65671539	
136.16844177	177.14862061	8.66113281	19.93772507	
137.11132812	177.16004944	8.698596	21.25556374	
139.2562561	177.21607971	8.16165257	20.46639633	
140.63514709	177.63684082	8.18942738	20.43925858	
141.31062317	177.64614868	8.61586189	20.6072979	
142.66670227	177.80680847	8.8985796	20.06749725	
144.55160522	178.1187439	8.50762367	19.63816452	
145.66732788	178.33354187	8.56341267	20.26153183	
147.31251526	178.26823425	8.74486542	19.95549583	
148.7868042	178.432724	8.89023685	19.90524673	
149.83486938	178.77058411	9.07253838	20.389328	
151.63711548	178.53387451	9.36184216	20.02441597	
153.23983765	178.962677	9.05974007	20.69937134	
154.48881531	178.95146179	9.05208302	20.5921936	
156.01358032	178.74819946	9.19224453	21.43109131	
157.91923523	178.40550232	9.91726875	21.27287292	
159.13644409	178.69615173	9.6519146	21.42066193	
160.65242004	178.81054688	10.13425159	21.05898476	
162.14936829	178.87480164	10.30371571	22.05717659	
164.19958496	178.94543457	10.11758995	22.57758713	
166.14637756	179.26469421	10.29971313	22.15881729	
168.27177429	179.07810974	9.94404602	23.52311516	
170.66955566	179.6633606	9.9210062	22.3793087	
172.4954834	179.80580139	10.02300549	22.40929413	
174.88174438	179.86187744	9.7109623	22.74255371	
176.74615479	180.42907715	9.9750061	22.68615723	
178.57881165	180.53939819	10.24894428	22.96387672	
175.60726929	180.3825531	21.14249802	24.84373856	
182.76834106	180.1025238	10.78532028	23.5514164	
185.24398804	180.11946106	10.28769112	23.9378624	
187.39678955	180.09455872	10.72992897	23.85137749	
189.61859131	180.55493164	10.63676262	23.87257004	
192.3662262	180.20986938	11.58123112	23.13187981	
194.46107483	180.12327576	11.94370937	24.02137947	
195.66316223	180.00610352	12.60614872	25.31846237	
198.18521118	180.5526123	12.33685875	24.98222351	
200.88272095	180.69256592	12.60733318	24.33048248	
204.03620911	181.0657959	12.37473679	24.70887756	
206.39984131	181.72160339	13.03840446	24.13933754	
209.25900269	181.80206299	12.86839104	25.58533287	
212.84963989	182.10803223	12.55115223	25.90384483	
216.3024292	181.69552612	13.52177143	25.86629868	
219.2688446	181.42881775	14.00735855	26.75538635	
222.71621704	181.69284058	14.05421543	26.53967285	
225.22949219	181.91671753	14.88858509	26.51736069	
229.25131226	181.8536377	15.14313889	27.64491463	
232.82733154	182.12219238	15.16599846	28.55450821	
235.26777649	183.04853821	15.68997574	28.28946686	
239.07627869	183.83615112	15.48334122	28.96909142	
243.00508118	184.31867981	15.59887695	29.43170357	
247.42323303	184.83340454	15.91932869	29.09660339	
252.28437805	185.51565552	16.21888924	28.65806007	
256.61523438	186.32003784	17.00021172	28.84418106	
261.10861206	186.34466553	17.22425842	30.37752151	
266.11749268	186.67666626	17.50706482	29.1147747	
271.55004883	187.27270508	18.10962296	30.60118866	
276.66122437	187.30505371	19.3739109	31.58831024	
282.68856812	187.67108154	18.72790337	32.85699463	
288.93066406	188.90742493	18.95798492	32.08184814	
295.37078857	190.55963135	19.09502029	30.08762932	
301.80007935	191.01896667	19.86243439	31.68818855	
308.91906738	191.70288086	19.66315269	33.44155121	
315.89517212	192.7376709	20.39347458	33.72363663	
323.48925781	192.55291748	21.5862999	33.77746201	
331.18157959	192.63787842	24.08725166	34.60211182	
339.52020264	193.26786804	24.54182053	35.20682526	
341.67709351	186.55419922	37.76176834	44.37242889	
355.88195801	193.98129272	27.49422455	36.30836105	
366.04226685	194.12362671	28.37113953	38.98631287	
377.37402344	196.10171509	28.07498741	37.87200165	
388.09973145	198.12553406	28.27615929	40.1083107	
399.89526367	196.87527466	28.76779556	38.74744797	
411.43145752	197.05218506	30.58407021	42.22702789	
424.33016968	200.03433228	32.60305786	43.41640854	
431.74038696	198.74165344	41.259758	48.4827919	
449.68258667	201.04525757	39.45621109	46.90682983	
433.61260986	180.91758728	41.24330521	48.46346283	
434.92337036	171.83166504	42.39344788	49.81495285	
447.76269531	173.39179993	43.12809372	50.6782074	
