4.0	169.0	9.0	13.0	
3.8279767	168.91654968	9.61918926	13.71113968	
4.1986084	169.08848572	9.58091164	13.42909336	
4.55424976	168.99067688	9.53957272	13.61146069	
4.80402517	168.94018555	9.57363129	13.42837048	
5.10939837	169.08474731	9.8678875	13.28284836	
5.87438154	169.02093506	9.52691841	12.9824543	
5.50878048	168.77786255	10.36144638	14.15230656	
6.00081682	168.80853271	10.48932838	14.39463806	
6.18388271	168.8931427	10.44288254	13.84888363	
6.52041292	168.58642578	10.60034847	14.46084976	
7.27980042	168.89889526	10.35141945	13.98236847	
6.27736282	168.41871643	11.51859665	14.11245823	
7.77417231	168.60482788	10.46484947	14.28107834	
7.77847719	168.77575684	11.01338005	14.77517796	
8.74096203	168.7570343	10.52748013	14.11996651	
9.2070713	168.77720642	10.42555523	14.42249966	
9.57812977	169.16073608	10.24385834	14.21226692	
9.87226009	169.20141602	10.32160854	14.02816391	
10.09096336	168.87078857	10.37333679	14.17862415	
10.15082741	168.9630127	10.82718754	14.48401642	
10.74184895	168.93667603	10.6223774	14.43470478	
11.40904617	168.88092041	10.52718735	14.38515282	
11.03035736	168.43545532	12.5142889	15.33237076	
11.77046204	168.84619141	10.99087143	15.13631058	
12.59840584	169.07588196	10.44507504	14.16549683	
13.4460535	169.14091492	10.17321873	13.62486649	
14.0271492	169.24801636	10.01561928	13.49502182	
13.80238628	168.62709045	11.59007454	15.66614819	
14.78892136	168.58418274	10.92580795	15.58739853	
14.77059174	168.51051331	11.27616978	16.09868622	
15.23967552	168.41394043	11.320261	15.96980858	
15.69963741	168.37130737	11.4568491	16.40984726	
16.44857216	168.29551697	11.16462517	16.22890854	
16.99795914	168.33650208	11.32310486	16.23442841	
18.08983231	168.38021851	11.31111813	15.83908176	
18.49346161	168.39581299	11.29185295	15.77312374	
19.24126434	168.31314087	10.89386559	15.40239906	
19.96723175	168.24023438	10.75729752	15.63277721	
20.69466591	168.68708801	10.70509052	14.2744503	
22.25147247	168.55903625	10.10124683	14.89739799	
20.44266129	168.30856323	12.92455196	15.83502007	
23.39256477	168.1403656	10.52137661	15.70218086	
23.77902031	168.02902222	10.78188896	16.26265335	
24.04564285	168.15055847	11.4270525	16.55229568	
25.01669502	168.20481873	11.54481792	16.55582237	
25.98278809	168.18609619	11.09228611	16.8424015	
26.54747963	168.53082275	11.22148705	17.10950661	
27.34521294	168.27194214	11.06015968	17.10850906	
28.19297409	168.49632263	10.89789581	16.98913383	
28.90887451	168.38833618	11.13603783	17.12862206	
28.13715744	168.28773499	13.48833656	16.52576065	
30.57468224	169.92854309	9.99471569	15.1526022	
31.34542656	170.00517273	10.41706085	15.45847797	
32.48898697	169.98406982	10.21243572	14.93961143	
33.63231277	169.59759521	10.21951962	14.66516495	
34.21276855	169.31257629	10.43501854	15.2713213	
34.82525635	169.08660889	9.89052582	14.74127007	
35.36484909	168.77326965	10.59705544	15.25414658	
36.05186081	168.58456421	10.65294456	16.02296638	
36.89885712	168.58911133	10.76549435	15.75683403	
35.25534821	167.69674683	14.60982132	17.89979744	
39.72790527	168.46713257	10.19499207	15.77159595	
39.80439758	168.5728302	10.79179764	16.06520462	
40.72960663	168.68093872	10.36428452	15.80837536	
41.91324615	168.19534302	10.84361076	16.84540558	
43.79734802	168.8981781	9.51864052	15.49289799	
44.31646729	168.67514038	10.41953278	16.33292198	
45.2856102	168.4432373	10.88809967	17.15148163	
46.49230957	168.08988953	10.56631184	16.74520874	
47.28424454	167.75784302	10.81325436	17.55441475	
48.47578812	167.72966003	10.82463264	17.65640068	
49.1889801	167.78639221	11.02086353	17.38146019	
49.67772675	168.00028992	11.17167854	17.31533623	
50.61070633	167.54653931	11.45020103	18.53669548	
52.11331558	167.62588501	10.86531639	18.34864807	
52.62875366	167.16567993	11.6329031	19.15003204	
53.68777847	167.79930115	11.14130783	17.85447311	
54.64962006	168.0703125	11.15532494	18.10809708	
55.58350754	167.85798645	11.2555294	18.72446632	
56.95808411	167.96160889	11.21954441	18.69062996	
54.87049866	167.71006775	15.73520947	19.27860451	
58.79859161	167.68756104	11.78944969	18.657341	
59.88327789	167.21946716	11.87945747	18.9436264	
60.89782333	167.23765564	11.70395947	18.77313805	
61.87520981	167.18939209	11.84121037	18.77792168	
62.63082504	167.62625122	11.96757412	18.71063232	
63.95953751	167.71133423	11.59065056	18.22278976	
65.1051712	167.70750427	11.41409302	18.25352478	
66.23178101	166.769104	11.84710693	19.43309021	
67.1332016	167.04006958	11.89860439	19.185812	
68.37462616	167.30638123	11.81334209	19.43996811	
69.53904724	167.49868774	11.55909824	18.59898949	
70.35638428	167.56861877	12.16786194	19.37004471	
71.59379578	167.92741394	12.05148506	19.4100132	
72.98814392	167.75450134	11.99416161	19.45604134	
74.71015167	167.73335266	12.05968761	19.79851151	
75.83585358	167.88626099	12.5801897	20.1015892	
77.12612915	166.72189331	13.12715244	20.77158737	
77.98361206	166.59207153	13.65315247	21.02547455	
79.47428894	167.48260498	13.39192295	20.26930618	
80.90338898	167.63594055	13.34152412	20.57714272	
81.96260834	167.25590515	13.46851349	21.33192825	
83.83070374	167.41229248	13.41509151	21.47194672	
85.37725067	167.17868042	13.51442337	22.56308556	
87.10588074	167.20565796	13.28239441	22.23570251	
88.62438965	166.74508667	13.57096386	22.73612213	
89.89915466	167.05465698	13.87568188	22.78500748	
90.8082428	167.06559753	14.6575737	23.26905632	
92.16716003	166.79202271	14.49107552	22.23980522	
94.69129181	167.09590149	14.28263092	22.49809265	
96.87447357	167.085495	14.72938061	23.56123161	
98.37064362	167.39312744	15.03110123	23.55464554	
100.40176392	167.78712463	13.8412714	24.03814888	
102.81917572	167.18968201	14.57931709	23.27913284	
104.12468719	168.14363098	15.38023376	23.04794693	
106.67858887	167.85275269	14.98587799	23.41177368	
109.37260437	167.33985901	15.31272888	24.27434349	
111.00800323	167.64280701	16.39414215	25.1121521	
113.07476807	166.97781372	17.24388313	25.19659805	
115.77344513	166.98617554	17.25999832	25.89288521	
117.68519592	167.41642761	18.10741997	26.36848068	
121.38082123	167.17694092	17.5874691	27.31255531	
124.772789	167.64389038	17.02183723	26.59072685	
127.07350159	168.69261169	18.2022686	28.147789	
130.11216736	168.1557312	18.1916275	27.92637634	
134.18608093	168.21482849	18.29093361	27.03990746	
136.42822266	168.99455261	19.77046585	28.17245483	
140.06033325	168.55938721	20.02149582	29.77246475	
144.195755	168.44355774	20.19116783	30.06439781	
147.83227539	168.52548218	20.79390144	31.42003059	
151.68838501	167.96713257	20.81242371	32.4769249	
150.77935791	164.522995	29.83479309	36.55326843	
159.06640625	168.34915161	21.5059433	34.42156982	
163.7401123	168.32373047	22.59283829	36.53553009	
167.23287964	167.99780273	23.81616974	37.48602295	
172.17770386	168.18087769	24.24581718	38.33787918	
177.32888794	168.60931396	25.1703434	40.4370842	
181.75590515	167.61158752	26.14591217	41.75793457	
186.64624023	169.90550232	27.03742409	41.52082825	
191.88729858	169.49230957	28.34383774	44.65142059	
192.81730652	164.93836975	39.21704102	48.04829025	
203.13278198	167.64382935	29.66378975	44.69549942	
208.70095825	167.41976929	30.89045334	46.93089676	
216.77882385	165.79986572	31.75380325	49.58739471	
221.48121643	163.67376709	33.50122833	52.99563599	
229.11758423	166.34732056	33.25758362	51.86053848	
234.97756958	165.57408142	33.40990448	52.37107086	
240.45791626	165.25361633	35.3667717	54.17608643	
248.50088501	165.51852417	36.08190155	56.02217102	
256.5932312	166.95396423	37.24431229	57.76946259	
266.23980713	168.58822632	36.4575386	54.80861282	
275.12191772	167.57518005	37.06110382	54.83135605	
284.85641479	169.00749207	36.11273193	54.62783051	
296.12106323	168.87820435	36.69433594	55.70835876	
304.37887573	169.29139709	38.55347824	58.17594528	
313.61383057	168.56420898	38.22886658	58.29188538	
324.8331604	169.61543274	40.24736786	60.00019836	
337.44454956	168.64331055	41.47493362	62.64742279	
350.82391357	169.92262268	41.48266602	62.24553299	
360.4671936	171.34332275	44.14284897	65.76917267	
366.13525391	161.41513062	63.14438248	77.36379242	
387.25210571	166.86933899	44.40695572	68.19711304	
402.85101318	170.20465088	45.65528488	69.45897675	
423.72662354	166.76559448	49.3481636	72.12581635	
