303.000,123.000,18.000,20.000
303.000,123.000,18.000,20.000
302.000,123.000,18.000,20.000
303.000,123.000,19.000,20.000
303.000,123.000,19.000,20.000
302.000,123.000,19.000,20.000
303.000,123.000,19.000,20.000
303.000,123.000,19.000,20.000
302.000,122.000,19.000,20.000
303.000,123.000,19.000,20.000
302.000,122.000,19.000,20.000
302.000,123.000,19.000,20.000
302.000,122.000,19.000,20.000
303.000,123.000,19.000,20.000
302.000,123.000,19.000,20.000
302.000,123.000,19.000,20.000
303.000,122.000,19.000,20.000
302.000,123.000,19.000,20.000
302.000,123.000,19.000,20.000
302.000,122.000,19.000,20.000
303.000,123.000,19.000,20.000
302.000,123.000,19.000,20.000
303.000,122.000,19.000,20.000
303.000,123.000,19.000,20.000
303.000,123.000,19.000,20.000
303.000,123.000,19.000,20.000
303.000,123.000,19.000,20.000
303.000,123.000,19.000,20.000
303.000,123.000,19.000,20.000
303.000,123.000,19.000,20.000
302.000,123.000,19.000,20.000
302.000,123.000,19.000,20.000
303.000,123.000,19.000,20.000
302.000,123.000,19.000,20.000
302.000,123.000,19.000,20.000
303.000,123.000,19.000,20.000
302.000,123.000,19.000,20.000
303.000,123.000,19.000,20.000
302.000,123.000,19.000,20.000
303.000,123.000,19.000,20.000
303.000,123.000,19.000,20.000
302.000,122.000,19.000,20.000
303.000,123.000,19.000,20.000
302.000,123.000,19.000,20.000
303.000,123.000,19.000,21.000
303.000,122.000,19.000,20.000
303.000,122.000,19.000,20.000
303.000,123.000,19.000,20.000
303.000,123.000,19.000,20.000
303.000,123.000,19.000,21.000
302.000,123.000,19.000,21.000
303.000,123.000,19.000,20.000
303.000,123.000,19.000,20.000
303.000,122.000,19.000,20.000
303.000,122.000,19.000,20.000
302.000,122.000,19.000,20.000
302.000,122.000,19.000,20.000
301.000,122.000,19.000,20.000
300.000,123.000,19.000,21.000
299.000,124.000,19.000,21.000
298.000,125.000,19.000,21.000
297.000,126.000,19.000,21.000
297.000,127.000,19.000,21.000
295.000,127.000,19.000,21.000
294.000,127.000,19.000,21.000
293.000,127.000,19.000,21.000
292.000,127.000,19.000,20.000
292.000,127.000,19.000,20.000
291.000,127.000,19.000,20.000
292.000,128.000,20.000,20.000
292.000,129.000,19.000,19.000
291.000,129.000,19.000,19.000
290.000,129.000,19.000,19.000
291.000,128.000,19.000,19.000
291.000,128.000,19.000,19.000
292.000,128.000,20.000,18.000
294.000,125.000,20.000,18.000
294.000,122.000,20.000,18.000
294.000,118.000,21.000,17.000
296.000,113.000,21.000,18.000
297.000,110.000,21.000,18.000
298.000,109.000,21.000,17.000
298.000,106.000,21.000,17.000
299.000,104.000,21.000,16.000
299.000,103.000,22.000,16.000
300.000,100.000,23.000,15.000
298.000,91.000,23.000,15.000
299.000,88.000,22.000,16.000
300.000,86.000,22.000,17.000
302.000,83.000,22.000,17.000
300.000,83.000,22.000,17.000
300.000,85.000,22.000,18.000
300.000,89.000,22.000,18.000
300.000,96.000,21.000,18.000
301.000,107.000,21.000,19.000
301.000,122.000,20.000,19.000
301.000,113.000,20.000,19.000
300.000,106.000,21.000,19.000
300.000,102.000,20.000,19.000
301.000,103.000,20.000,19.000
301.000,109.000,20.000,19.000
301.000,119.000,19.000,20.000
302.000,118.000,19.000,20.000
303.000,113.000,20.000,19.000
304.000,111.000,20.000,19.000
306.000,114.000,19.000,20.000
307.000,122.000,19.000,20.000
307.000,118.000,19.000,20.000
308.000,117.000,19.000,20.000
310.000,119.000,19.000,20.000
311.000,123.000,19.000,20.000
312.000,121.000,19.000,20.000
313.000,121.000,19.000,20.000
315.000,123.000,19.000,20.000
316.000,121.000,20.000,21.000
317.000,123.000,20.000,21.000
319.000,122.000,20.000,21.000
320.000,123.000,20.000,22.000
321.000,123.000,20.000,22.000
323.000,123.000,20.000,22.000
324.000,123.000,20.000,22.000
325.000,123.000,20.000,22.000
326.000,123.000,20.000,22.000
327.000,123.000,20.000,22.000
328.000,123.000,21.000,22.000
329.000,124.000,21.000,22.000
330.000,124.000,21.000,22.000
331.000,123.000,21.000,22.000
331.000,124.000,21.000,22.000
332.000,123.000,21.000,22.000
332.000,124.000,21.000,22.000
332.000,123.000,21.000,22.000
333.000,123.000,21.000,22.000
333.000,123.000,21.000,21.000
332.000,123.000,21.000,21.000
332.000,123.000,21.000,21.000
332.000,123.000,21.000,21.000
332.000,124.000,21.000,21.000
331.000,124.000,21.000,21.000
330.000,124.000,21.000,21.000
330.000,123.000,21.000,22.000
330.000,124.000,21.000,22.000
329.000,123.000,21.000,22.000
328.000,124.000,21.000,22.000
328.000,124.000,21.000,22.000
328.000,125.000,21.000,22.000
328.000,125.000,21.000,22.000
327.000,125.000,21.000,22.000
326.000,125.000,21.000,21.000
325.000,125.000,21.000,21.000
323.000,125.000,21.000,21.000
320.000,126.000,21.000,21.000
317.000,125.000,21.000,21.000
314.000,124.000,21.000,21.000
311.000,124.000,21.000,21.000
307.000,123.000,20.000,21.000
304.000,124.000,20.000,21.000
302.000,123.000,20.000,21.000
300.000,123.000,20.000,21.000
297.000,123.000,20.000,21.000
295.000,124.000,19.000,21.000
293.000,123.000,19.000,21.000
291.000,124.000,19.000,21.000
289.000,123.000,19.000,21.000
287.000,123.000,19.000,21.000
285.000,124.000,19.000,20.000
283.000,124.000,19.000,20.000
281.000,124.000,19.000,20.000
278.000,124.000,19.000,20.000
276.000,124.000,19.000,20.000
274.000,124.000,19.000,20.000
271.000,124.000,19.000,20.000
268.000,124.000,19.000,20.000
266.000,125.000,20.000,20.000
263.000,125.000,20.000,20.000
260.000,125.000,20.000,21.000
258.000,125.000,20.000,21.000
256.000,125.000,20.000,21.000
253.000,125.000,20.000,21.000
251.000,126.000,20.000,21.000
250.000,127.000,20.000,21.000
252.000,127.000,21.000,21.000
253.000,128.000,21.000,21.000
254.000,129.000,21.000,21.000
256.000,130.000,21.000,21.000
257.000,130.000,21.000,21.000
258.000,131.000,21.000,21.000
259.000,133.000,21.000,21.000
259.000,134.000,21.000,22.000
260.000,135.000,21.000,21.000
261.000,136.000,21.000,21.000
261.000,136.000,21.000,21.000
262.000,137.000,21.000,21.000
262.000,137.000,21.000,21.000
263.000,139.000,21.000,22.000
264.000,140.000,21.000,22.000
264.000,141.000,21.000,22.000
265.000,142.000,21.000,22.000
266.000,142.000,22.000,22.000
267.000,143.000,22.000,22.000
268.000,144.000,22.000,22.000
269.000,146.000,22.000,22.000
269.000,146.000,22.000,22.000
269.000,147.000,22.000,22.000
270.000,148.000,22.000,22.000
271.000,149.000,22.000,22.000
271.000,151.000,22.000,22.000
272.000,152.000,22.000,22.000
272.000,153.000,22.000,22.000
272.000,154.000,22.000,22.000
272.000,155.000,22.000,22.000
272.000,156.000,22.000,22.000
272.000,156.000,22.000,22.000
272.000,158.000,23.000,22.000
271.000,158.000,23.000,22.000
271.000,159.000,23.000,22.000
271.000,159.000,23.000,22.000
271.000,160.000,23.000,22.000
271.000,161.000,23.000,23.000
272.000,161.000,23.000,22.000
272.000,162.000,23.000,22.000
273.000,162.000,23.000,23.000
273.000,163.000,23.000,23.000
274.000,164.000,23.000,23.000
274.000,164.000,23.000,23.000
275.000,165.000,22.000,22.000
276.000,165.000,23.000,22.000
277.000,165.000,23.000,22.000
278.000,166.000,23.000,22.000
278.000,167.000,23.000,22.000
280.000,169.000,23.000,23.000
281.000,171.000,23.000,23.000
281.000,172.000,23.000,23.000
281.000,174.000,24.000,22.000
281.000,173.000,24.000,22.000
281.000,171.000,23.000,22.000
282.000,169.000,23.000,21.000
283.000,166.000,23.000,22.000
285.000,161.000,23.000,22.000
287.000,157.000,23.000,22.000
289.000,153.000,23.000,22.000
292.000,150.000,23.000,22.000
293.000,146.000,22.000,22.000
296.000,143.000,22.000,22.000
299.000,140.000,22.000,22.000
301.000,136.000,22.000,22.000
304.000,134.000,22.000,22.000
306.000,131.000,22.000,22.000
308.000,128.000,21.000,22.000
310.000,126.000,21.000,22.000
