4.000,82.000,17.000,27.000
6.000,81.000,18.000,27.000
8.000,80.000,18.000,27.000
12.000,80.000,19.000,27.000
14.000,80.000,19.000,27.000
17.000,79.000,19.000,27.000
20.000,79.000,19.000,27.000
23.000,79.000,19.000,27.000
26.000,79.000,19.000,27.000
29.000,79.000,19.000,26.000
32.000,79.000,20.000,26.000
34.000,79.000,20.000,25.000
36.000,78.000,21.000,25.000
39.000,78.000,21.000,25.000
43.000,79.000,21.000,25.000
46.000,79.000,20.000,25.000
49.000,78.000,20.000,25.000
52.000,78.000,20.000,24.000
53.000,78.000,21.000,24.000
56.000,78.000,20.000,24.000
58.000,78.000,20.000,24.000
61.000,78.000,20.000,24.000
63.000,78.000,20.000,24.000
65.000,77.000,21.000,24.000
68.000,78.000,20.000,25.000
70.000,77.000,20.000,25.000
74.000,76.000,20.000,25.000
76.000,76.000,20.000,25.000
78.000,76.000,20.000,25.000
81.000,76.000,20.000,25.000
83.000,76.000,20.000,25.000
85.000,76.000,20.000,25.000
87.000,76.000,20.000,25.000
90.000,76.000,20.000,24.000
93.000,75.000,20.000,24.000
95.000,75.000,20.000,24.000
97.000,75.000,20.000,24.000
98.000,75.000,20.000,24.000
101.000,75.000,21.000,23.000
103.000,75.000,21.000,23.000
105.000,74.000,21.000,23.000
107.000,75.000,21.000,23.000
109.000,74.000,20.000,23.000
112.000,74.000,20.000,23.000
114.000,74.000,20.000,22.000
116.000,74.000,20.000,22.000
118.000,74.000,20.000,22.000
119.000,74.000,20.000,22.000
122.000,74.000,20.000,22.000
124.000,74.000,20.000,22.000
126.000,73.000,20.000,22.000
128.000,73.000,20.000,21.000
130.000,73.000,19.000,21.000
132.000,73.000,19.000,21.000
134.000,73.000,19.000,21.000
136.000,73.000,19.000,21.000
138.000,73.000,19.000,21.000
139.000,73.000,19.000,21.000
142.000,73.000,19.000,21.000
144.000,73.000,19.000,21.000
145.000,72.000,19.000,21.000
147.000,72.000,19.000,21.000
149.000,72.000,19.000,20.000
151.000,72.000,19.000,20.000
153.000,72.000,19.000,20.000
154.000,72.000,19.000,20.000
156.000,72.000,19.000,20.000
158.000,72.000,19.000,20.000
159.000,72.000,19.000,20.000
161.000,72.000,18.000,20.000
163.000,71.000,19.000,20.000
164.000,71.000,18.000,20.000
166.000,71.000,18.000,20.000
168.000,72.000,18.000,20.000
169.000,72.000,18.000,20.000
170.000,71.000,18.000,19.000
173.000,72.000,18.000,19.000
174.000,71.000,18.000,19.000
176.000,71.000,18.000,19.000
177.000,71.000,18.000,19.000
178.000,71.000,18.000,19.000
180.000,71.000,18.000,19.000
182.000,71.000,18.000,19.000
183.000,71.000,18.000,19.000
184.000,70.000,18.000,19.000
186.000,70.000,18.000,19.000
187.000,70.000,18.000,19.000
189.000,70.000,18.000,19.000
190.000,70.000,18.000,19.000
192.000,70.000,18.000,19.000
193.000,69.000,18.000,19.000
194.000,69.000,18.000,19.000
195.000,69.000,18.000,19.000
197.000,70.000,18.000,19.000
198.000,70.000,18.000,19.000
200.000,69.000,18.000,19.000
200.000,69.000,18.000,19.000
202.000,69.000,18.000,19.000
203.000,69.000,18.000,19.000
204.000,68.000,18.000,19.000
205.000,69.000,18.000,19.000
207.000,69.000,18.000,19.000
208.000,68.000,18.000,19.000
209.000,68.000,18.000,19.000
210.000,69.000,17.000,18.000
211.000,68.000,17.000,18.000
212.000,68.000,17.000,18.000
214.000,68.000,17.000,18.000
215.000,68.000,17.000,18.000
216.000,68.000,17.000,18.000
217.000,68.000,17.000,18.000
218.000,68.000,17.000,18.000
219.000,67.000,17.000,18.000
221.000,68.000,17.000,18.000
221.000,67.000,17.000,18.000
222.000,68.000,17.000,18.000
224.000,67.000,17.000,18.000
224.000,67.000,17.000,18.000
225.000,67.000,17.000,18.000
226.000,67.000,17.000,18.000
227.000,67.000,17.000,18.000
228.000,67.000,17.000,18.000
230.000,67.000,17.000,18.000
231.000,67.000,17.000,18.000
231.000,67.000,17.000,18.000
233.000,67.000,17.000,18.000
234.000,67.000,17.000,18.000
234.000,67.000,17.000,18.000
234.000,66.000,17.000,18.000
235.000,66.000,17.000,18.000
236.000,67.000,17.000,18.000
