139.000,94.000,59.000,42.000
138.000,94.000,60.000,42.000
138.000,92.000,60.000,42.000
138.000,91.000,61.000,43.000
138.000,91.000,61.000,42.000
138.000,91.000,61.000,43.000
138.000,91.000,61.000,43.000
138.000,89.000,61.000,43.000
138.000,89.000,61.000,43.000
138.000,90.000,61.000,43.000
138.000,90.000,61.000,42.000
138.000,89.000,62.000,42.000
139.000,88.000,62.000,42.000
139.000,87.000,62.000,42.000
138.000,86.000,62.000,42.000
138.000,85.000,62.000,42.000
138.000,85.000,62.000,42.000
139.000,85.000,62.000,42.000
139.000,85.000,62.000,42.000
140.000,85.000,62.000,42.000
141.000,85.000,62.000,42.000
142.000,84.000,62.000,42.000
141.000,84.000,62.000,42.000
140.000,85.000,63.000,42.000
138.000,86.000,63.000,42.000
136.000,87.000,63.000,42.000
135.000,87.000,63.000,42.000
134.000,87.000,63.000,42.000
132.000,86.000,63.000,42.000
131.000,86.000,63.000,42.000
131.000,86.000,63.000,42.000
129.000,86.000,63.000,42.000
128.000,86.000,63.000,42.000
126.000,85.000,64.000,42.000
125.000,85.000,64.000,42.000
124.000,85.000,64.000,42.000
122.000,84.000,64.000,42.000
121.000,84.000,63.000,42.000
119.000,84.000,64.000,42.000
118.000,85.000,63.000,42.000
117.000,85.000,63.000,42.000
116.000,86.000,63.000,42.000
115.000,87.000,63.000,42.000
113.000,87.000,63.000,42.000
112.000,87.000,63.000,42.000
111.000,87.000,63.000,42.000
110.000,87.000,63.000,42.000
108.000,86.000,63.000,42.000
107.000,86.000,63.000,41.000
106.000,85.000,63.000,41.000
106.000,85.000,63.000,41.000
105.000,84.000,62.000,41.000
104.000,84.000,62.000,41.000
103.000,84.000,62.000,41.000
102.000,84.000,62.000,41.000
102.000,85.000,62.000,41.000
102.000,85.000,62.000,41.000
102.000,86.000,62.000,41.000
101.000,86.000,62.000,41.000
101.000,86.000,62.000,41.000
102.000,86.000,62.000,41.000
103.000,87.000,62.000,41.000
104.000,87.000,62.000,41.000
105.000,88.000,62.000,41.000
106.000,87.000,62.000,41.000
106.000,88.000,61.000,41.000
108.000,88.000,61.000,41.000
110.000,88.000,61.000,41.000
110.000,89.000,61.000,41.000
112.000,89.000,61.000,41.000
112.000,89.000,62.000,41.000
114.000,88.000,62.000,41.000
116.000,89.000,62.000,41.000
118.000,89.000,62.000,41.000
118.000,88.000,62.000,42.000
119.000,90.000,62.000,42.000
120.000,90.000,62.000,42.000
120.000,91.000,62.000,42.000
121.000,91.000,62.000,42.000
121.000,91.000,63.000,42.000
122.000,91.000,63.000,42.000
122.000,90.000,63.000,43.000
123.000,90.000,63.000,43.000
123.000,91.000,63.000,43.000
123.000,90.000,64.000,44.000
124.000,90.000,63.000,45.000
124.000,90.000,62.000,45.000
124.000,89.000,62.000,46.000
124.000,89.000,62.000,46.000
124.000,87.000,62.000,46.000
126.000,87.000,61.000,47.000
125.000,89.000,61.000,46.000
125.000,90.000,61.000,47.000
126.000,91.000,60.000,47.000
127.000,90.000,60.000,48.000
127.000,92.000,60.000,49.000
127.000,92.000,60.000,49.000
128.000,91.000,59.000,50.000
127.000,91.000,60.000,51.000
127.000,91.000,60.000,52.000
128.000,92.000,60.000,53.000
128.000,92.000,60.000,54.000
130.000,93.000,59.000,56.000
132.000,93.000,58.000,58.000
133.000,94.000,58.000,59.000
134.000,96.000,58.000,60.000
135.000,95.000,58.000,61.000
136.000,95.000,58.000,61.000
138.000,95.000,58.000,62.000
138.000,95.000,58.000,63.000
139.000,93.000,59.000,63.000
137.000,92.000,59.000,64.000
138.000,93.000,60.000,64.000
138.000,91.000,60.000,63.000
138.000,90.000,61.000,63.000
138.000,89.000,61.000,63.000
137.000,90.000,61.000,62.000
138.000,91.000,62.000,63.000
138.000,89.000,61.000,62.000
138.000,93.000,61.000,62.000
138.000,92.000,61.000,62.000
138.000,91.000,62.000,62.000
140.000,93.000,61.000,62.000
140.000,91.000,60.000,62.000
141.000,90.000,59.000,62.000
142.000,91.000,58.000,62.000
144.000,89.000,58.000,63.000
143.000,89.000,58.000,63.000
143.000,88.000,59.000,63.000
143.000,89.000,58.000,63.000
143.000,85.000,59.000,64.000
143.000,83.000,59.000,65.000
144.000,81.000,59.000,66.000
145.000,80.000,60.000,67.000
145.000,79.000,61.000,67.000
147.000,77.000,61.000,66.000
145.000,77.000,60.000,66.000
146.000,76.000,60.000,65.000
147.000,74.000,61.000,65.000
144.000,75.000,60.000,64.000
147.000,74.000,60.000,63.000
146.000,75.000,58.000,62.000
145.000,76.000,57.000,61.000
145.000,76.000,57.000,60.000
144.000,74.000,55.000,59.000
145.000,75.000,55.000,58.000
145.000,74.000,55.000,58.000
145.000,72.000,55.000,58.000
147.000,71.000,55.000,58.000
148.000,70.000,55.000,59.000
149.000,71.000,56.000,60.000
147.000,74.000,54.000,61.000
149.000,73.000,55.000,62.000
149.000,73.000,54.000,62.000
150.000,73.000,54.000,62.000
151.000,73.000,54.000,63.000
150.000,73.000,53.000,63.000
152.000,71.000,54.000,63.000
151.000,70.000,54.000,64.000
153.000,69.000,55.000,64.000
153.000,69.000,55.000,64.000
154.000,70.000,55.000,65.000
154.000,71.000,55.000,64.000
156.000,70.000,56.000,65.000
155.000,70.000,56.000,65.000
155.000,70.000,56.000,65.000
154.000,70.000,56.000,65.000
156.000,71.000,56.000,64.000
155.000,71.000,57.000,65.000
154.000,71.000,56.000,64.000
156.000,71.000,57.000,64.000
154.000,71.000,57.000,63.000
153.000,70.000,57.000,64.000
152.000,70.000,57.000,64.000
150.000,70.000,58.000,64.000
149.000,70.000,58.000,65.000
148.000,71.000,58.000,64.000
146.000,71.000,57.000,64.000
146.000,71.000,58.000,64.000
143.000,71.000,57.000,64.000
144.000,70.000,58.000,64.000
141.000,71.000,58.000,64.000
139.000,71.000,57.000,64.000
137.000,71.000,57.000,64.000
135.000,71.000,56.000,64.000
134.000,71.000,56.000,64.000
132.000,71.000,56.000,65.000
130.000,71.000,56.000,65.000
129.000,71.000,56.000,65.000
127.000,70.000,56.000,65.000
126.000,71.000,55.000,64.000
124.000,70.000,55.000,63.000
123.000,71.000,54.000,63.000
121.000,70.000,55.000,63.000
120.000,70.000,54.000,63.000
119.000,71.000,55.000,63.000
117.000,71.000,54.000,63.000
116.000,71.000,54.000,62.000
114.000,70.000,54.000,63.000
113.000,70.000,55.000,63.000
112.000,70.000,55.000,64.000
111.000,70.000,55.000,64.000
110.000,70.000,56.000,64.000
110.000,71.000,55.000,63.000
109.000,71.000,56.000,64.000
109.000,71.000,56.000,64.000
110.000,70.000,56.000,64.000
109.000,69.000,56.000,64.000
110.000,69.000,56.000,64.000
110.000,69.000,57.000,64.000
110.000,69.000,57.000,64.000
112.000,70.000,57.000,63.000
112.000,68.000,57.000,63.000
112.000,70.000,58.000,63.000
114.000,69.000,59.000,63.000
114.000,69.000,60.000,63.000
113.000,69.000,60.000,63.000
114.000,69.000,60.000,64.000
114.000,69.000,61.000,64.000
114.000,69.000,61.000,64.000
115.000,69.000,61.000,64.000
116.000,70.000,61.000,63.000
117.000,71.000,61.000,63.000
115.000,71.000,61.000,62.000
114.000,71.000,62.000,61.000
114.000,73.000,62.000,60.000
116.000,73.000,62.000,60.000
118.000,74.000,62.000,61.000
119.000,74.000,62.000,60.000
116.000,76.000,61.000,59.000
116.000,78.000,62.000,58.000
114.000,79.000,62.000,56.000
115.000,79.000,62.000,55.000
115.000,78.000,62.000,54.000
116.000,78.000,62.000,54.000
117.000,78.000,62.000,54.000
117.000,77.000,62.000,54.000
118.000,78.000,61.000,53.000
118.000,78.000,61.000,53.000
117.000,79.000,61.000,53.000
117.000,78.000,62.000,53.000
117.000,78.000,61.000,52.000
118.000,78.000,62.000,52.000
117.000,79.000,61.000,52.000
118.000,78.000,62.000,52.000
118.000,79.000,62.000,52.000
116.000,80.000,62.000,51.000
117.000,78.000,62.000,51.000
117.000,78.000,62.000,51.000
117.000,79.000,62.000,51.000
117.000,78.000,63.000,50.000
117.000,78.000,63.000,50.000
117.000,79.000,63.000,50.000
118.000,79.000,62.000,49.000
119.000,80.000,62.000,49.000
119.000,80.000,61.000,48.000
119.000,81.000,61.000,49.000
119.000,81.000,60.000,49.000
119.000,81.000,60.000,49.000
119.000,80.000,60.000,50.000
118.000,81.000,61.000,50.000
118.000,81.000,61.000,51.000
118.000,80.000,61.000,51.000
118.000,80.000,61.000,51.000
118.000,80.000,61.000,51.000
118.000,80.000,62.000,51.000
117.000,79.000,62.000,51.000
116.000,79.000,63.000,50.000
117.000,80.000,62.000,49.000
117.000,80.000,63.000,50.000
117.000,80.000,63.000,50.000
117.000,79.000,63.000,50.000
117.000,79.000,64.000,49.000
118.000,79.000,64.000,49.000
118.000,79.000,64.000,49.000
119.000,78.000,64.000,49.000
120.000,77.000,64.000,49.000
122.000,76.000,64.000,49.000
