179.000,49.000,16.000,13.000
180.000,49.000,16.000,13.000
180.000,48.000,16.000,13.000
180.000,49.000,15.000,14.000
180.000,49.000,15.000,14.000
180.000,49.000,15.000,14.000
180.000,49.000,15.000,14.000
180.000,49.000,15.000,14.000
180.000,48.000,15.000,14.000
180.000,48.000,15.000,14.000
180.000,48.000,15.000,14.000
180.000,49.000,15.000,14.000
181.000,49.000,15.000,14.000
180.000,49.000,15.000,14.000
180.000,49.000,15.000,14.000
180.000,49.000,15.000,14.000
180.000,48.000,15.000,14.000
180.000,49.000,15.000,14.000
180.000,49.000,15.000,14.000
180.000,49.000,15.000,14.000
180.000,49.000,15.000,14.000
180.000,48.000,15.000,14.000
180.000,49.000,15.000,14.000
180.000,48.000,15.000,14.000
180.000,49.000,15.000,14.000
180.000,48.000,15.000,14.000
180.000,49.000,15.000,14.000
180.000,48.000,15.000,14.000
180.000,49.000,15.000,14.000
180.000,49.000,15.000,14.000
180.000,48.000,15.000,14.000
180.000,49.000,15.000,14.000
180.000,49.000,15.000,14.000
180.000,48.000,15.000,14.000
180.000,49.000,15.000,14.000
181.000,49.000,15.000,14.000
180.000,49.000,15.000,14.000
180.000,49.000,15.000,14.000
179.000,49.000,15.000,14.000
186.000,53.000,15.000,15.000
193.000,52.000,15.000,15.000
192.000,53.000,15.000,15.000
191.000,54.000,15.000,15.000
191.000,55.000,15.000,15.000
190.000,55.000,15.000,15.000
190.000,57.000,15.000,15.000
191.000,58.000,14.000,15.000
191.000,59.000,14.000,14.000
189.000,60.000,14.000,14.000
189.000,61.000,14.000,14.000
188.000,61.000,14.000,14.000
188.000,62.000,14.000,14.000
187.000,63.000,14.000,14.000
187.000,64.000,14.000,14.000
187.000,65.000,14.000,14.000
186.000,66.000,14.000,14.000
185.000,66.000,14.000,15.000
185.000,67.000,14.000,15.000
184.000,68.000,14.000,15.000
184.000,69.000,14.000,15.000
183.000,70.000,14.000,15.000
182.000,71.000,14.000,15.000
182.000,71.000,14.000,15.000
181.000,72.000,15.000,15.000
181.000,73.000,15.000,15.000
180.000,74.000,15.000,15.000
180.000,75.000,15.000,15.000
179.000,76.000,15.000,15.000
179.000,77.000,15.000,15.000
178.000,78.000,15.000,15.000
177.000,78.000,15.000,15.000
176.000,79.000,15.000,15.000
176.000,80.000,15.000,15.000
175.000,81.000,15.000,15.000
175.000,82.000,15.000,15.000
174.000,82.000,15.000,15.000
173.000,83.000,15.000,16.000
172.000,84.000,15.000,16.000
172.000,85.000,15.000,16.000
172.000,86.000,15.000,16.000
177.000,88.000,15.000,16.000
179.000,88.000,14.000,16.000
181.000,88.000,13.000,17.000
183.000,86.000,13.000,16.000
181.000,87.000,13.000,17.000
181.000,90.000,13.000,18.000
182.000,88.000,12.000,18.000
183.000,89.000,12.000,18.000
186.000,91.000,12.000,18.000
184.000,89.000,12.000,17.000
185.000,91.000,12.000,18.000
187.000,91.000,11.000,18.000
184.000,93.000,11.000,18.000
186.000,92.000,11.000,18.000
188.000,94.000,11.000,18.000
186.000,97.000,11.000,18.000
187.000,99.000,11.000,19.000
190.000,102.000,11.000,19.000
191.000,103.000,11.000,18.000
193.000,106.000,11.000,19.000
193.000,104.000,11.000,18.000
194.000,104.000,10.000,19.000
194.000,105.000,11.000,18.000
193.000,104.000,11.000,18.000
192.000,104.000,10.000,19.000
190.000,103.000,11.000,18.000
189.000,100.000,10.000,19.000
193.000,98.000,10.000,19.000
188.000,95.000,11.000,18.000
189.000,96.000,11.000,18.000
188.000,94.000,10.000,18.000
186.000,96.000,10.000,19.000
184.000,97.000,10.000,18.000
186.000,99.000,11.000,18.000
185.000,98.000,10.000,18.000
184.000,98.000,11.000,17.000
184.000,99.000,10.000,18.000
185.000,100.000,10.000,18.000
185.000,98.000,10.000,19.000
185.000,97.000,10.000,19.000
183.000,98.000,10.000,19.000
183.000,96.000,10.000,19.000
182.000,96.000,10.000,20.000
182.000,96.000,10.000,20.000
180.000,95.000,11.000,20.000
184.000,92.000,10.000,20.000
186.000,89.000,11.000,19.000
185.000,89.000,11.000,19.000
185.000,91.000,11.000,19.000
184.000,91.000,12.000,18.000
185.000,92.000,12.000,18.000
187.000,90.000,12.000,19.000
187.000,88.000,11.000,20.000
188.000,88.000,11.000,19.000
189.000,86.000,11.000,20.000
190.000,85.000,11.000,20.000
193.000,87.000,11.000,19.000
192.000,84.000,11.000,20.000
190.000,82.000,12.000,19.000
193.000,83.000,12.000,19.000
193.000,82.000,12.000,19.000
192.000,82.000,12.000,19.000
193.000,79.000,12.000,18.000
192.000,81.000,12.000,18.000
190.000,85.000,12.000,18.000
190.000,86.000,12.000,18.000
188.000,86.000,11.000,18.000
187.000,86.000,11.000,18.000
185.000,89.000,11.000,18.000
185.000,89.000,11.000,18.000
186.000,90.000,11.000,18.000
188.000,93.000,10.000,19.000
191.000,92.000,11.000,19.000
190.000,92.000,11.000,18.000
190.000,93.000,12.000,17.000
190.000,92.000,12.000,17.000
189.000,92.000,12.000,17.000
192.000,95.000,11.000,18.000
194.000,98.000,11.000,18.000
195.000,96.000,11.000,19.000
197.000,97.000,10.000,20.000
194.000,95.000,11.000,20.000
197.000,97.000,10.000,20.000
200.000,98.000,10.000,20.000
203.000,99.000,10.000,20.000
204.000,102.000,11.000,19.000
204.000,102.000,12.000,19.000
206.000,103.000,11.000,20.000
203.000,103.000,12.000,19.000
204.000,101.000,12.000,19.000
203.000,102.000,12.000,20.000
204.000,101.000,12.000,21.000
205.000,101.000,12.000,21.000
204.000,100.000,11.000,22.000
204.000,98.000,11.000,22.000
203.000,99.000,11.000,22.000
205.000,97.000,10.000,22.000
206.000,98.000,10.000,23.000
206.000,99.000,10.000,23.000
203.000,95.000,10.000,24.000
205.000,99.000,10.000,24.000
207.000,100.000,10.000,24.000
208.000,97.000,11.000,23.000
205.000,99.000,12.000,23.000
204.000,96.000,12.000,23.000
206.000,99.000,11.000,23.000
203.000,100.000,12.000,23.000
202.000,99.000,13.000,23.000
205.000,101.000,13.000,23.000
209.000,102.000,13.000,23.000
204.000,104.000,14.000,22.000
205.000,104.000,14.000,22.000
206.000,109.000,14.000,22.000
208.000,105.000,13.000,22.000
211.000,105.000,13.000,22.000
209.000,104.000,12.000,22.000
211.000,104.000,12.000,22.000
210.000,106.000,13.000,21.000
210.000,104.000,13.000,21.000
211.000,109.000,13.000,21.000
209.000,107.000,13.000,20.000
205.000,107.000,13.000,20.000
203.000,110.000,12.000,20.000
207.000,110.000,12.000,21.000
210.000,111.000,12.000,21.000
210.000,108.000,12.000,21.000
212.000,112.000,12.000,20.000
214.000,116.000,12.000,21.000
215.000,118.000,12.000,20.000
213.000,117.000,13.000,20.000
211.000,114.000,12.000,20.000
210.000,116.000,12.000,21.000
214.000,117.000,12.000,21.000
215.000,118.000,11.000,22.000
215.000,117.000,11.000,22.000
211.000,114.000,11.000,22.000
213.000,116.000,11.000,21.000
214.000,116.000,10.000,21.000
215.000,116.000,11.000,21.000
215.000,118.000,11.000,21.000
218.000,117.000,10.000,21.000
214.000,119.000,11.000,21.000
215.000,116.000,11.000,21.000
213.000,116.000,12.000,21.000
213.000,115.000,13.000,19.000
215.000,117.000,13.000,20.000
214.000,116.000,13.000,20.000
212.000,115.000,13.000,20.000
209.000,118.000,13.000,20.000
207.000,115.000,15.000,19.000
205.000,115.000,15.000,18.000
203.000,114.000,15.000,18.000
199.000,110.000,14.000,19.000
198.000,110.000,14.000,18.000
199.000,110.000,14.000,19.000
201.000,110.000,13.000,20.000
203.000,106.000,13.000,21.000
206.000,105.000,12.000,21.000
204.000,104.000,12.000,22.000
199.000,101.000,12.000,22.000
201.000,101.000,12.000,23.000
202.000,102.000,11.000,23.000
205.000,104.000,12.000,22.000
207.000,105.000,13.000,22.000
205.000,103.000,12.000,22.000
206.000,106.000,12.000,23.000
210.000,103.000,12.000,23.000
206.000,103.000,11.000,23.000
210.000,103.000,12.000,23.000
208.000,104.000,13.000,22.000
