205.000,1.000,53.000,156.000
203.000,-0.000,55.000,157.000
201.000,-1.000,56.000,156.000
200.000,-1.000,57.000,156.000
199.000,-2.000,59.000,158.000
198.000,-2.000,59.000,157.000
198.000,-1.000,60.000,157.000
196.000,-2.000,60.000,157.000
196.000,-1.000,61.000,155.000
195.000,-0.000,61.000,154.000
196.000,0.000,60.000,151.000
195.000,1.000,61.000,150.000
195.000,2.000,61.000,149.000
195.000,2.000,61.000,151.000
196.000,1.000,60.000,150.000
196.000,1.000,59.000,148.000
196.000,3.000,58.000,146.000
197.000,2.000,58.000,147.000
196.000,2.000,58.000,148.000
196.000,2.000,58.000,149.000
196.000,2.000,58.000,149.000
196.000,3.000,58.000,149.000
194.000,3.000,59.000,149.000
194.000,3.000,59.000,148.000
194.000,5.000,59.000,146.000
194.000,5.000,59.000,144.000
195.000,7.000,58.000,143.000
193.000,7.000,59.000,142.000
193.000,7.000,60.000,142.000
193.000,5.000,60.000,143.000
192.000,4.000,60.000,145.000
191.000,4.000,60.000,143.000
191.000,5.000,61.000,141.000
189.000,6.000,61.000,140.000
192.000,6.000,60.000,139.000
192.000,8.000,59.000,139.000
193.000,7.000,58.000,138.000
193.000,8.000,58.000,140.000
193.000,8.000,58.000,138.000
194.000,9.000,57.000,137.000
195.000,8.000,56.000,136.000
195.000,10.000,55.000,134.000
195.000,9.000,55.000,134.000
196.000,9.000,54.000,134.000
196.000,9.000,54.000,135.000
196.000,10.000,54.000,135.000
198.000,11.000,54.000,134.000
198.000,11.000,53.000,134.000
198.000,11.000,53.000,133.000
198.000,11.000,54.000,133.000
199.000,13.000,53.000,129.000
199.000,13.000,53.000,128.000
199.000,14.000,52.000,127.000
199.000,15.000,52.000,126.000
200.000,15.000,52.000,126.000
199.000,18.000,51.000,124.000
200.000,18.000,50.000,123.000
201.000,18.000,49.000,124.000
201.000,16.000,49.000,125.000
201.000,16.000,49.000,125.000
202.000,18.000,49.000,123.000
202.000,18.000,48.000,123.000
200.000,18.000,49.000,123.000
201.000,19.000,48.000,122.000
202.000,18.000,48.000,122.000
202.000,19.000,48.000,123.000
203.000,19.000,47.000,122.000
203.000,19.000,47.000,123.000
203.000,18.000,47.000,123.000
203.000,19.000,48.000,124.000
204.000,18.000,47.000,123.000
204.000,18.000,47.000,124.000
203.000,17.000,48.000,124.000
204.000,19.000,48.000,124.000
204.000,18.000,48.000,124.000
204.000,19.000,47.000,123.000
204.000,19.000,48.000,123.000
204.000,19.000,48.000,123.000
204.000,19.000,47.000,121.000
204.000,20.000,47.000,120.000
204.000,20.000,46.000,119.000
203.000,22.000,46.000,117.000
203.000,22.000,46.000,118.000
203.000,21.000,46.000,119.000
201.000,19.000,47.000,119.000
201.000,19.000,46.000,121.000
202.000,20.000,46.000,119.000
201.000,20.000,46.000,118.000
201.000,20.000,46.000,117.000
201.000,21.000,46.000,117.000
202.000,21.000,46.000,117.000
202.000,20.000,46.000,117.000
202.000,20.000,45.000,117.000
203.000,20.000,45.000,118.000
202.000,19.000,45.000,119.000
203.000,20.000,45.000,118.000
202.000,20.000,45.000,118.000
202.000,20.000,45.000,117.000
203.000,20.000,46.000,118.000
202.000,21.000,45.000,118.000
204.000,20.000,45.000,119.000
204.000,19.000,45.000,119.000
204.000,19.000,45.000,120.000
204.000,18.000,45.000,120.000
203.000,20.000,45.000,118.000
203.000,19.000,46.000,119.000
203.000,20.000,45.000,118.000
203.000,21.000,45.000,119.000
202.000,19.000,46.000,118.000
202.000,19.000,45.000,118.000
202.000,20.000,45.000,118.000
202.000,21.000,46.000,117.000
203.000,22.000,46.000,117.000
203.000,22.000,46.000,116.000
203.000,21.000,45.000,116.000
202.000,21.000,45.000,117.000
202.000,21.000,45.000,116.000
202.000,21.000,45.000,116.000
201.000,23.000,45.000,115.000
200.000,22.000,46.000,115.000
200.000,22.000,47.000,117.000
201.000,21.000,47.000,117.000
201.000,22.000,48.000,116.000
201.000,22.000,48.000,116.000
202.000,22.000,48.000,116.000
202.000,22.000,47.000,115.000
203.000,23.000,47.000,115.000
204.000,23.000,46.000,114.000
204.000,23.000,46.000,115.000
204.000,22.000,47.000,115.000
204.000,22.000,47.000,115.000
204.000,22.000,48.000,115.000
203.000,22.000,48.000,115.000
202.000,23.000,47.000,113.000
202.000,24.000,46.000,112.000
202.000,22.000,46.000,112.000
202.000,24.000,46.000,111.000
201.000,24.000,45.000,110.000
201.000,24.000,44.000,109.000
200.000,25.000,46.000,108.000
199.000,25.000,48.000,108.000
198.000,26.000,48.000,106.000
197.000,27.000,49.000,105.000
197.000,27.000,50.000,105.000
197.000,27.000,50.000,106.000
197.000,26.000,51.000,106.000
198.000,26.000,52.000,106.000
198.000,27.000,51.000,105.000
198.000,27.000,52.000,106.000
199.000,26.000,51.000,105.000
199.000,26.000,52.000,106.000
200.000,25.000,52.000,107.000
199.000,26.000,52.000,107.000
200.000,25.000,52.000,108.000
200.000,25.000,53.000,109.000
200.000,25.000,53.000,108.000
200.000,25.000,53.000,107.000
199.000,26.000,52.000,107.000
199.000,26.000,53.000,107.000
199.000,26.000,52.000,107.000
199.000,25.000,53.000,107.000
198.000,25.000,53.000,107.000
198.000,25.000,52.000,106.000
196.000,26.000,52.000,106.000
196.000,25.000,53.000,108.000
194.000,24.000,53.000,108.000
195.000,24.000,54.000,110.000
193.000,22.000,55.000,111.000
194.000,22.000,56.000,112.000
194.000,21.000,56.000,112.000
195.000,23.000,56.000,110.000
195.000,21.000,56.000,112.000
196.000,22.000,56.000,111.000
197.000,22.000,57.000,111.000
197.000,20.000,57.000,112.000
196.000,20.000,58.000,112.000
196.000,20.000,59.000,113.000
196.000,19.000,60.000,114.000
196.000,18.000,60.000,116.000
196.000,17.000,61.000,117.000
195.000,16.000,61.000,117.000
196.000,17.000,61.000,116.000
195.000,18.000,62.000,116.000
196.000,18.000,62.000,116.000
196.000,18.000,62.000,116.000
196.000,18.000,62.000,115.000
195.000,18.000,62.000,115.000
194.000,18.000,61.000,115.000
195.000,19.000,61.000,114.000
193.000,18.000,61.000,114.000
196.000,19.000,60.000,114.000
197.000,20.000,60.000,113.000
198.000,21.000,60.000,113.000
198.000,21.000,59.000,112.000
194.000,22.000,59.000,110.000
199.000,21.000,59.000,112.000
195.000,21.000,59.000,111.000
198.000,23.000,58.000,110.000
200.000,22.000,58.000,110.000
198.000,22.000,59.000,111.000
195.000,20.000,59.000,112.000
197.000,20.000,59.000,111.000
196.000,19.000,60.000,113.000
197.000,19.000,60.000,114.000
197.000,18.000,61.000,116.000
196.000,16.000,62.000,117.000
196.000,18.000,62.000,116.000
197.000,16.000,63.000,117.000
197.000,17.000,63.000,116.000
197.000,17.000,63.000,117.000
196.000,17.000,63.000,117.000
196.000,17.000,63.000,116.000
196.000,18.000,63.000,115.000
196.000,18.000,63.000,115.000
195.000,19.000,62.000,113.000
194.000,18.000,62.000,114.000
196.000,17.000,62.000,114.000
195.000,17.000,62.000,115.000
192.000,17.000,62.000,115.000
196.000,18.000,61.000,115.000
196.000,17.000,62.000,115.000
191.000,17.000,62.000,114.000
195.000,19.000,61.000,114.000
189.000,16.000,62.000,115.000
192.000,16.000,62.000,115.000
195.000,17.000,62.000,116.000
195.000,17.000,63.000,117.000
192.000,17.000,63.000,116.000
195.000,17.000,63.000,116.000
196.000,15.000,63.000,118.000
198.000,16.000,64.000,118.000
197.000,16.000,64.000,118.000
197.000,16.000,64.000,117.000
197.000,17.000,64.000,117.000
199.000,16.000,63.000,117.000
199.000,18.000,63.000,116.000
198.000,18.000,63.000,115.000
197.000,17.000,63.000,115.000
196.000,17.000,63.000,115.000
195.000,17.000,62.000,115.000
190.000,15.000,62.000,115.000
191.000,15.000,63.000,116.000
192.000,15.000,64.000,117.000
187.000,14.000,64.000,118.000
189.000,14.000,64.000,118.000
191.000,14.000,64.000,118.000
185.000,14.000,64.000,117.000
189.000,14.000,65.000,119.000
190.000,14.000,65.000,119.000
185.000,12.000,65.000,118.000
189.000,13.000,65.000,120.000
185.000,12.000,65.000,120.000
190.000,12.000,66.000,121.000
189.000,12.000,66.000,121.000
190.000,13.000,66.000,120.000
191.000,13.000,66.000,120.000
194.000,13.000,67.000,121.000
197.000,13.000,67.000,120.000
196.000,13.000,67.000,121.000
199.000,13.000,67.000,120.000
198.000,14.000,67.000,119.000
199.000,14.000,68.000,120.000
199.000,13.000,69.000,120.000
201.000,13.000,69.000,121.000
195.000,13.000,68.000,120.000
198.000,14.000,67.000,118.000
192.000,13.000,67.000,119.000
195.000,12.000,67.000,120.000
194.000,13.000,66.000,119.000
195.000,14.000,66.000,118.000
197.000,13.000,66.000,118.000
193.000,13.000,66.000,118.000
196.000,13.000,66.000,119.000
200.000,13.000,66.000,119.000
201.000,15.000,65.000,117.000
196.000,14.000,65.000,117.000
201.000,14.000,65.000,117.000
203.000,14.000,65.000,117.000
198.000,15.000,64.000,117.000
192.000,15.000,63.000,116.000
195.000,16.000,63.000,116.000
196.000,14.000,63.000,117.000
201.000,13.000,64.000,118.000
204.000,13.000,65.000,118.000
193.000,13.000,64.000,118.000
189.000,14.000,64.000,117.000
184.000,13.000,64.000,117.000
192.000,13.000,65.000,118.000
199.000,14.000,65.000,117.000
193.000,14.000,65.000,117.000
188.000,14.000,64.000,117.000
192.000,13.000,64.000,117.000
196.000,15.000,64.000,116.000
196.000,15.000,65.000,117.000
202.000,14.000,64.000,116.000
194.000,14.000,65.000,117.000
196.000,14.000,66.000,118.000
199.000,15.000,64.000,116.000
201.000,14.000,64.000,117.000
199.000,14.000,64.000,117.000
201.000,14.000,64.000,118.000
200.000,13.000,65.000,118.000
201.000,14.000,65.000,118.000
197.000,13.000,65.000,119.000
199.000,14.000,66.000,119.000
194.000,13.000,66.000,120.000
197.000,15.000,65.000,117.000
198.000,14.000,66.000,118.000
201.000,15.000,65.000,117.000
196.000,15.000,65.000,116.000
198.000,15.000,66.000,117.000
199.000,16.000,65.000,117.000
199.000,16.000,66.000,117.000
199.000,15.000,67.000,118.000
196.000,15.000,67.000,118.000
197.000,15.000,67.000,118.000
197.000,14.000,67.000,119.000
196.000,14.000,68.000,120.000
196.000,14.000,68.000,119.000
196.000,15.000,68.000,119.000
197.000,15.000,67.000,119.000
198.000,14.000,68.000,120.000
196.000,14.000,69.000,121.000
196.000,14.000,69.000,121.000
197.000,13.000,69.000,122.000
196.000,13.000,70.000,123.000
195.000,12.000,70.000,124.000
196.000,11.000,71.000,125.000
196.000,11.000,71.000,126.000
195.000,11.000,71.000,125.000
196.000,11.000,72.000,125.000
197.000,11.000,72.000,125.000
198.000,11.000,72.000,125.000
198.000,11.000,72.000,125.000
199.000,13.000,71.000,123.000
200.000,13.000,70.000,122.000
200.000,14.000,69.000,121.000
198.000,13.000,69.000,122.000
197.000,12.000,70.000,122.000
197.000,11.000,70.000,123.000
198.000,13.000,69.000,122.000
196.000,11.000,70.000,122.000
197.000,13.000,69.000,121.000
198.000,12.000,69.000,122.000
197.000,12.000,70.000,123.000
195.000,12.000,70.000,123.000
196.000,13.000,70.000,122.000
196.000,13.000,69.000,121.000
195.000,13.000,70.000,122.000
196.000,14.000,69.000,120.000
195.000,13.000,69.000,121.000
197.000,14.000,67.000,119.000
196.000,14.000,68.000,120.000
197.000,14.000,68.000,121.000
195.000,13.000,68.000,122.000
196.000,13.000,68.000,121.000
196.000,14.000,67.000,121.000
196.000,14.000,67.000,120.000
196.000,15.000,67.000,120.000
197.000,15.000,66.000,119.000
197.000,15.000,66.000,119.000
197.000,15.000,66.000,119.000
198.000,16.000,66.000,118.000
197.000,16.000,65.000,118.000
196.000,16.000,65.000,118.000
196.000,15.000,65.000,117.000
196.000,14.000,66.000,118.000
195.000,15.000,65.000,118.000
196.000,14.000,66.000,118.000
197.000,16.000,65.000,117.000
197.000,16.000,64.000,117.000
196.000,15.000,65.000,118.000
195.000,14.000,65.000,119.000
196.000,14.000,66.000,120.000
196.000,15.000,66.000,119.000
196.000,14.000,66.000,119.000
194.000,15.000,66.000,118.000
196.000,14.000,66.000,119.000
196.000,15.000,66.000,119.000
195.000,14.000,66.000,120.000
195.000,15.000,65.000,118.000
196.000,15.000,65.000,118.000
196.000,15.000,65.000,117.000
197.000,15.000,65.000,117.000
197.000,17.000,64.000,116.000
197.000,16.000,63.000,116.000
197.000,16.000,63.000,117.000
197.000,16.000,63.000,117.000
197.000,15.000,63.000,117.000
198.000,16.000,63.000,118.000
198.000,16.000,63.000,117.000
199.000,16.000,63.000,117.000
198.000,15.000,64.000,118.000
197.000,16.000,64.000,118.000
197.000,15.000,63.000,118.000
197.000,16.000,63.000,118.000
