147.000,65.000,55.000,72.000
152.000,66.000,58.000,70.000
156.000,67.000,60.000,68.000
162.000,66.000,62.000,67.000
171.000,67.000,62.000,67.000
182.000,68.000,63.000,67.000
188.000,71.000,63.000,67.000
193.000,74.000,64.000,67.000
195.000,78.000,65.000,67.000
195.000,79.000,66.000,68.000
195.000,79.000,66.000,69.000
193.000,78.000,65.000,68.000
189.000,77.000,64.000,68.000
183.000,76.000,63.000,68.000
178.000,75.000,63.000,67.000
173.000,74.000,62.000,67.000
169.000,71.000,63.000,66.000
164.000,68.000,63.000,66.000
162.000,66.000,63.000,65.000
161.000,63.000,63.000,65.000
161.000,60.000,63.000,64.000
160.000,57.000,63.000,64.000
159.000,53.000,63.000,65.000
158.000,50.000,63.000,65.000
157.000,48.000,64.000,65.000
155.000,44.000,64.000,65.000
153.000,41.000,65.000,65.000
151.000,37.000,66.000,64.000
149.000,34.000,66.000,64.000
149.000,32.000,66.000,64.000
147.000,30.000,65.000,63.000
147.000,28.000,66.000,63.000
146.000,26.000,66.000,63.000
147.000,26.000,65.000,62.000
146.000,26.000,65.000,62.000
146.000,27.000,65.000,62.000
146.000,28.000,66.000,62.000
148.000,29.000,66.000,62.000
148.000,30.000,66.000,62.000
149.000,31.000,66.000,62.000
148.000,33.000,66.000,62.000
151.000,35.000,66.000,62.000
154.000,38.000,66.000,62.000
157.000,38.000,66.000,63.000
160.000,39.000,66.000,63.000
169.000,39.000,66.000,64.000
178.000,39.000,66.000,65.000
184.000,37.000,66.000,66.000
194.000,36.000,66.000,67.000
202.000,32.000,66.000,68.000
207.000,31.000,65.000,69.000
211.000,31.000,66.000,70.000
212.000,31.000,66.000,71.000
212.000,32.000,67.000,72.000
210.000,33.000,68.000,73.000
208.000,34.000,68.000,73.000
208.000,35.000,69.000,74.000
207.000,34.000,69.000,74.000
207.000,35.000,69.000,74.000
209.000,35.000,69.000,74.000
210.000,35.000,69.000,75.000
211.000,35.000,69.000,75.000
211.000,34.000,69.000,75.000
209.000,34.000,70.000,75.000
204.000,34.000,70.000,75.000
197.000,34.000,70.000,75.000
188.000,36.000,71.000,75.000
179.000,37.000,71.000,75.000
170.000,36.000,70.000,74.000
161.000,37.000,71.000,73.000
151.000,37.000,71.000,72.000
144.000,37.000,71.000,71.000
137.000,38.000,71.000,71.000
129.000,39.000,71.000,71.000
124.000,42.000,70.000,70.000
120.000,44.000,70.000,70.000
119.000,46.000,69.000,69.000
118.000,48.000,69.000,70.000
116.000,50.000,69.000,70.000
116.000,53.000,69.000,70.000
117.000,54.000,69.000,70.000
121.000,55.000,69.000,70.000
125.000,55.000,68.000,71.000
132.000,55.000,68.000,71.000
137.000,55.000,67.000,70.000
144.000,55.000,67.000,70.000
151.000,53.000,66.000,70.000
156.000,51.000,65.000,70.000
161.000,48.000,64.000,70.000
165.000,45.000,64.000,70.000
167.000,43.000,64.000,69.000
169.000,39.000,63.000,68.000
171.000,37.000,63.000,68.000
171.000,36.000,63.000,68.000
172.000,34.000,63.000,67.000
171.000,33.000,64.000,67.000
172.000,32.000,63.000,65.000
170.000,30.000,63.000,65.000
169.000,29.000,63.000,65.000
169.000,28.000,63.000,65.000
169.000,26.000,63.000,64.000
169.000,26.000,63.000,64.000
168.000,25.000,62.000,64.000
168.000,25.000,62.000,63.000
168.000,24.000,62.000,63.000
168.000,24.000,62.000,63.000
165.000,25.000,62.000,63.000
163.000,25.000,62.000,63.000
161.000,26.000,62.000,62.000
158.000,27.000,62.000,62.000
155.000,28.000,62.000,62.000
153.000,30.000,62.000,62.000
151.000,33.000,61.000,62.000
150.000,35.000,62.000,62.000
150.000,39.000,62.000,62.000
149.000,41.000,61.000,62.000
148.000,44.000,61.000,62.000
146.000,47.000,60.000,62.000
144.000,49.000,60.000,61.000
143.000,53.000,60.000,61.000
141.000,55.000,60.000,61.000
139.000,58.000,60.000,61.000
137.000,61.000,60.000,61.000
136.000,63.000,59.000,61.000
134.000,64.000,59.000,61.000
132.000,66.000,59.000,61.000
130.000,65.000,59.000,61.000
129.000,66.000,58.000,61.000
127.000,66.000,58.000,61.000
126.000,66.000,58.000,61.000
123.000,66.000,58.000,61.000
118.000,66.000,59.000,61.000
114.000,64.000,60.000,61.000
112.000,63.000,60.000,61.000
110.000,63.000,61.000,61.000
108.000,61.000,61.000,61.000
107.000,59.000,62.000,62.000
106.000,58.000,62.000,62.000
105.000,56.000,63.000,62.000
105.000,55.000,63.000,62.000
102.000,53.000,63.000,62.000
99.000,52.000,63.000,62.000
97.000,51.000,63.000,62.000
93.000,49.000,63.000,61.000
90.000,48.000,61.000,61.000
87.000,45.000,61.000,61.000
84.000,44.000,60.000,61.000
81.000,44.000,60.000,61.000
78.000,42.000,59.000,61.000
75.000,42.000,59.000,62.000
73.000,41.000,59.000,62.000
72.000,41.000,60.000,62.000
71.000,41.000,59.000,62.000
70.000,43.000,58.000,61.000
69.000,43.000,58.000,60.000
70.000,44.000,57.000,60.000
71.000,45.000,57.000,60.000
73.000,46.000,57.000,60.000
72.000,46.000,57.000,60.000
72.000,48.000,56.000,59.000
76.000,46.000,55.000,58.000
78.000,46.000,55.000,57.000
83.000,47.000,53.000,59.000
91.000,50.000,52.000,58.000
90.000,47.000,50.000,61.000
92.000,51.000,48.000,64.000
91.000,47.000,46.000,65.000
105.000,52.000,44.000,68.000
102.000,47.000,42.000,69.000
116.000,55.000,40.000,70.000
121.000,56.000,39.000,70.000
110.000,53.000,38.000,72.000
99.000,61.000,37.000,72.000
110.000,67.000,35.000,72.000
117.000,46.000,34.000,71.000
124.000,33.000,33.000,72.000
130.000,30.000,32.000,72.000
122.000,22.000,32.000,72.000
122.000,32.000,31.000,71.000
126.000,28.000,30.000,70.000
128.000,20.000,29.000,70.000
126.000,34.000,32.000,64.000
120.000,31.000,31.000,64.000
123.000,28.000,30.000,64.000
126.000,37.000,30.000,64.000
126.000,30.000,29.000,65.000
123.000,32.000,28.000,64.000
124.000,32.000,27.000,63.000
126.000,27.000,27.000,64.000
132.000,32.000,27.000,63.000
138.000,31.000,26.000,62.000
133.000,20.000,25.000,62.000
134.000,21.000,27.000,60.000
130.000,20.000,29.000,58.000
93.000,50.000,31.000,56.000
94.000,53.000,33.000,53.000
88.000,54.000,34.000,49.000
102.000,57.000,36.000,47.000
106.000,59.000,37.000,45.000
101.000,59.000,37.000,44.000
101.000,61.000,38.000,43.000
92.000,57.000,38.000,43.000
102.000,61.000,38.000,42.000
90.000,58.000,38.000,41.000
102.000,60.000,38.000,40.000
86.000,58.000,38.000,40.000
86.000,58.000,38.000,40.000
85.000,58.000,38.000,40.000
103.000,61.000,39.000,40.000
102.000,62.000,39.000,39.000
101.000,61.000,39.000,39.000
104.000,61.000,40.000,40.000
84.000,59.000,40.000,40.000
84.000,59.000,39.000,40.000
92.000,67.000,39.000,40.000
87.000,58.000,39.000,41.000
87.000,58.000,40.000,41.000
88.000,57.000,40.000,41.000
104.000,62.000,40.000,42.000
101.000,61.000,41.000,42.000
102.000,69.000,40.000,41.000
99.000,60.000,41.000,42.000
91.000,58.000,41.000,42.000
99.000,60.000,41.000,42.000
94.000,67.000,40.000,42.000
100.000,62.000,41.000,42.000
101.000,62.000,41.000,42.000
99.000,62.000,41.000,43.000
89.000,58.000,41.000,43.000
91.000,59.000,42.000,43.000
101.000,59.000,42.000,43.000
103.000,60.000,42.000,43.000
103.000,61.000,43.000,43.000
103.000,60.000,43.000,44.000
103.000,60.000,44.000,44.000
103.000,61.000,44.000,44.000
103.000,61.000,44.000,44.000
103.000,61.000,44.000,44.000
102.000,61.000,45.000,44.000
101.000,61.000,45.000,44.000
92.000,61.000,45.000,44.000
98.000,61.000,46.000,45.000
101.000,61.000,46.000,45.000
97.000,62.000,46.000,46.000
97.000,61.000,46.000,46.000
96.000,61.000,46.000,46.000
93.000,60.000,47.000,47.000
93.000,59.000,48.000,47.000
91.000,60.000,47.000,47.000
92.000,59.000,48.000,48.000
93.000,59.000,48.000,47.000
93.000,59.000,49.000,47.000
92.000,60.000,49.000,48.000
92.000,60.000,48.000,47.000
101.000,60.000,48.000,47.000
100.000,59.000,48.000,47.000
95.000,60.000,48.000,47.000
101.000,60.000,48.000,47.000
102.000,59.000,48.000,47.000
96.000,60.000,48.000,46.000
101.000,59.000,48.000,46.000
94.000,59.000,48.000,47.000
93.000,59.000,48.000,47.000
94.000,58.000,48.000,47.000
93.000,58.000,49.000,47.000
90.000,59.000,48.000,47.000
92.000,59.000,49.000,47.000
92.000,59.000,49.000,47.000
90.000,59.000,49.000,48.000
90.000,59.000,49.000,47.000
96.000,58.000,48.000,47.000
95.000,59.000,49.000,47.000
94.000,59.000,49.000,47.000
93.000,59.000,49.000,47.000
90.000,59.000,50.000,47.000
91.000,59.000,49.000,47.000
102.000,59.000,50.000,47.000
90.000,59.000,50.000,47.000
91.000,60.000,50.000,47.000
102.000,58.000,49.000,46.000
91.000,60.000,49.000,46.000
89.000,60.000,49.000,46.000
94.000,60.000,49.000,46.000
91.000,60.000,49.000,46.000
89.000,60.000,49.000,47.000
94.000,60.000,49.000,46.000
91.000,60.000,49.000,46.000
103.000,60.000,50.000,47.000
92.000,60.000,50.000,46.000
92.000,60.000,50.000,46.000
92.000,60.000,50.000,47.000
92.000,60.000,49.000,47.000
90.000,61.000,49.000,46.000
94.000,60.000,48.000,46.000
93.000,60.000,49.000,46.000
90.000,60.000,49.000,47.000
94.000,60.000,49.000,46.000
93.000,60.000,49.000,46.000
90.000,60.000,49.000,47.000
91.000,60.000,49.000,47.000
91.000,60.000,50.000,47.000
89.000,61.000,49.000,46.000
93.000,60.000,49.000,47.000
93.000,60.000,49.000,47.000
93.000,60.000,49.000,47.000
91.000,60.000,50.000,47.000
92.000,60.000,49.000,46.000
92.000,60.000,50.000,46.000
92.000,60.000,50.000,46.000
91.000,60.000,50.000,47.000
91.000,60.000,51.000,47.000
91.000,60.000,51.000,47.000
91.000,60.000,51.000,47.000
91.000,60.000,51.000,47.000
91.000,60.000,51.000,47.000
91.000,59.000,51.000,47.000
91.000,59.000,51.000,47.000
92.000,60.000,50.000,47.000
92.000,60.000,50.000,47.000
92.000,59.000,50.000,47.000
93.000,60.000,50.000,46.000
92.000,60.000,50.000,47.000
90.000,61.000,50.000,47.000
92.000,60.000,49.000,46.000
90.000,61.000,49.000,46.000
93.000,60.000,49.000,46.000
93.000,60.000,49.000,46.000
93.000,60.000,49.000,46.000
91.000,61.000,49.000,46.000
92.000,61.000,49.000,47.000
90.000,61.000,49.000,47.000
89.000,61.000,49.000,47.000
89.000,61.000,49.000,47.000
90.000,73.000,49.000,47.000
89.000,62.000,49.000,47.000
90.000,62.000,49.000,47.000
89.000,59.000,49.000,47.000
95.000,60.000,49.000,47.000
94.000,60.000,49.000,47.000
93.000,60.000,49.000,47.000
92.000,60.000,49.000,47.000
90.000,60.000,49.000,47.000
91.000,60.000,50.000,47.000
95.000,59.000,49.000,46.000
94.000,59.000,49.000,47.000
93.000,60.000,49.000,47.000
93.000,60.000,49.000,47.000
91.000,60.000,49.000,47.000
91.000,60.000,50.000,47.000
92.000,60.000,49.000,46.000
90.000,61.000,49.000,47.000
92.000,60.000,49.000,46.000
92.000,61.000,48.000,45.000
94.000,61.000,48.000,45.000
92.000,60.000,48.000,45.000
90.000,61.000,48.000,46.000
94.000,60.000,49.000,46.000
91.000,60.000,49.000,46.000
93.000,60.000,49.000,45.000
90.000,60.000,49.000,46.000
92.000,60.000,48.000,45.000
90.000,60.000,48.000,46.000
94.000,60.000,49.000,46.000
93.000,60.000,49.000,46.000
92.000,60.000,49.000,46.000
92.000,60.000,49.000,46.000
92.000,60.000,50.000,46.000
91.000,60.000,50.000,46.000
90.000,60.000,50.000,47.000
93.000,60.000,50.000,47.000
92.000,59.000,50.000,47.000
92.000,60.000,50.000,47.000
91.000,60.000,50.000,47.000
91.000,60.000,51.000,47.000
91.000,60.000,51.000,47.000
91.000,59.000,50.000,46.000
91.000,60.000,51.000,47.000
90.000,60.000,51.000,47.000
90.000,60.000,51.000,47.000
91.000,60.000,51.000,47.000
90.000,60.000,51.000,47.000
89.000,60.000,51.000,47.000
93.000,60.000,50.000,47.000
93.000,59.000,50.000,47.000
91.000,60.000,50.000,47.000
91.000,60.000,50.000,47.000
91.000,60.000,51.000,47.000
91.000,60.000,51.000,47.000
91.000,60.000,51.000,48.000
91.000,60.000,51.000,48.000
92.000,60.000,51.000,47.000
92.000,60.000,51.000,48.000
91.000,60.000,51.000,48.000
90.000,59.000,51.000,48.000
89.000,60.000,50.000,48.000
91.000,61.000,50.000,48.000
91.000,61.000,49.000,48.000
90.000,59.000,49.000,47.000
89.000,60.000,49.000,47.000
89.000,61.000,48.000,47.000
89.000,60.000,47.000,46.000
88.000,61.000,46.000,45.000
88.000,66.000,45.000,45.000
86.000,73.000,46.000,45.000
86.000,73.000,45.000,44.000
86.000,59.000,45.000,44.000
99.000,33.000,46.000,45.000
96.000,32.000,47.000,46.000
94.000,33.000,48.000,46.000
91.000,32.000,49.000,47.000
89.000,34.000,50.000,47.000
90.000,33.000,51.000,48.000
89.000,33.000,53.000,48.000
87.000,35.000,53.000,49.000
87.000,34.000,54.000,50.000
85.000,36.000,54.000,51.000
85.000,36.000,56.000,53.000
82.000,38.000,56.000,54.000
82.000,38.000,57.000,55.000
80.000,39.000,58.000,56.000
77.000,41.000,59.000,57.000
76.000,43.000,60.000,58.000
74.000,45.000,61.000,59.000
72.000,46.000,62.000,60.000
68.000,46.000,62.000,61.000
66.000,47.000,63.000,61.000
63.000,47.000,64.000,61.000
61.000,48.000,65.000,60.000
61.000,48.000,65.000,60.000
60.000,49.000,65.000,61.000
61.000,50.000,65.000,60.000
63.000,51.000,65.000,61.000
63.000,53.000,65.000,61.000
62.000,54.000,65.000,61.000
60.000,54.000,65.000,61.000
55.000,53.000,64.000,62.000
51.000,52.000,64.000,62.000
49.000,49.000,64.000,61.000
48.000,45.000,65.000,61.000
46.000,41.000,65.000,61.000
46.000,38.000,65.000,60.000
45.000,35.000,65.000,60.000
44.000,32.000,65.000,60.000
42.000,29.000,65.000,60.000
41.000,26.000,65.000,60.000
41.000,24.000,64.000,60.000
41.000,22.000,64.000,60.000
40.000,20.000,64.000,61.000
37.000,13.000,64.000,60.000
37.000,13.000,64.000,60.000
36.000,12.000,64.000,60.000
35.000,6.000,64.000,59.000
35.000,7.000,65.000,59.000
37.000,8.000,65.000,58.000
38.000,6.000,69.000,55.000
40.000,9.000,72.000,53.000
40.000,8.000,73.000,51.000
40.000,6.000,74.000,50.000
40.000,5.000,75.000,48.000
41.000,5.000,75.000,47.000
42.000,2.000,76.000,46.000
44.000,3.000,75.000,45.000
44.000,0.000,75.000,44.000
44.000,-1.000,75.000,43.000
44.000,-1.000,75.000,42.000
44.000,-1.000,75.000,41.000
47.000,0.000,75.000,41.000
49.000,2.000,74.000,41.000
53.000,2.000,74.000,41.000
56.000,2.000,73.000,41.000
61.000,2.000,70.000,44.000
65.000,1.000,68.000,46.000
70.000,2.000,65.000,49.000
75.000,2.000,64.000,50.000
78.000,3.000,62.000,52.000
80.000,4.000,62.000,53.000
82.000,4.000,61.000,54.000
82.000,6.000,61.000,55.000
82.000,8.000,61.000,55.000
83.000,9.000,60.000,56.000
83.000,9.000,60.000,57.000
84.000,9.000,61.000,58.000
85.000,9.000,61.000,59.000
87.000,11.000,61.000,60.000
87.000,13.000,60.000,61.000
89.000,16.000,60.000,62.000
91.000,17.000,60.000,63.000
94.000,18.000,61.000,63.000
97.000,20.000,61.000,63.000
99.000,21.000,62.000,63.000
99.000,22.000,62.000,63.000
100.000,23.000,63.000,64.000
101.000,25.000,64.000,63.000
101.000,26.000,64.000,63.000
103.000,29.000,65.000,63.000
103.000,33.000,65.000,63.000
105.000,34.000,65.000,63.000
107.000,36.000,65.000,63.000
108.000,38.000,65.000,63.000
111.000,41.000,65.000,63.000
113.000,43.000,64.000,63.000
115.000,44.000,64.000,63.000
116.000,47.000,64.000,63.000
116.000,48.000,63.000,63.000
119.000,50.000,63.000,63.000
122.000,52.000,63.000,63.000
124.000,53.000,64.000,64.000
126.000,54.000,63.000,64.000
128.000,55.000,63.000,65.000
129.000,56.000,63.000,65.000
132.000,59.000,62.000,65.000
134.000,60.000,62.000,65.000
137.000,62.000,62.000,64.000
140.000,64.000,63.000,64.000
143.000,65.000,63.000,63.000
148.000,66.000,63.000,63.000
151.000,68.000,63.000,63.000
155.000,68.000,63.000,63.000
158.000,69.000,63.000,63.000
161.000,69.000,63.000,63.000
162.000,70.000,63.000,63.000
164.000,71.000,64.000,63.000
166.000,73.000,64.000,63.000
167.000,74.000,64.000,63.000
167.000,74.000,64.000,63.000
168.000,75.000,64.000,63.000
168.000,75.000,64.000,64.000
168.000,75.000,64.000,64.000
168.000,75.000,64.000,64.000
169.000,75.000,64.000,64.000
168.000,76.000,64.000,65.000
168.000,77.000,64.000,65.000
168.000,77.000,65.000,65.000
168.000,78.000,65.000,65.000
165.000,79.000,64.000,65.000
164.000,81.000,64.000,64.000
164.000,84.000,65.000,64.000
163.000,85.000,65.000,63.000
162.000,85.000,65.000,62.000
163.000,85.000,65.000,62.000
162.000,83.000,64.000,61.000
164.000,83.000,64.000,61.000
165.000,83.000,64.000,61.000
165.000,81.000,64.000,61.000
166.000,80.000,64.000,61.000
167.000,79.000,63.000,61.000
168.000,78.000,63.000,61.000
167.000,77.000,63.000,62.000
168.000,77.000,63.000,62.000
167.000,77.000,63.000,61.000
168.000,77.000,62.000,61.000
168.000,77.000,62.000,61.000
168.000,78.000,62.000,61.000
168.000,78.000,61.000,60.000
168.000,78.000,61.000,60.000
170.000,79.000,61.000,60.000
170.000,79.000,61.000,60.000
169.000,77.000,61.000,60.000
169.000,77.000,60.000,60.000
170.000,75.000,61.000,61.000
172.000,74.000,60.000,61.000
172.000,71.000,60.000,62.000
174.000,70.000,60.000,62.000
174.000,69.000,60.000,62.000
175.000,67.000,60.000,62.000
176.000,66.000,60.000,62.000
177.000,62.000,59.000,62.000
177.000,59.000,59.000,63.000
180.000,56.000,58.000,63.000
181.000,55.000,59.000,62.000
183.000,53.000,59.000,62.000
183.000,52.000,59.000,62.000
185.000,51.000,59.000,62.000
186.000,52.000,59.000,62.000
186.000,51.000,59.000,62.000
188.000,51.000,59.000,62.000
187.000,49.000,58.000,62.000
187.000,49.000,58.000,62.000
188.000,49.000,58.000,62.000
187.000,49.000,58.000,62.000
188.000,49.000,58.000,61.000
186.000,50.000,59.000,61.000
184.000,50.000,59.000,61.000
183.000,51.000,59.000,61.000
181.000,52.000,59.000,61.000
178.000,53.000,59.000,61.000
175.000,54.000,60.000,61.000
172.000,55.000,60.000,61.000
169.000,55.000,60.000,61.000
165.000,55.000,61.000,61.000
162.000,55.000,61.000,61.000
161.000,54.000,62.000,61.000
160.000,54.000,62.000,62.000
161.000,54.000,63.000,62.000
159.000,53.000,63.000,62.000
159.000,54.000,64.000,63.000
160.000,53.000,64.000,63.000
159.000,52.000,65.000,63.000
161.000,51.000,65.000,64.000
160.000,51.000,65.000,64.000
161.000,50.000,66.000,65.000
