13.000,164.000,24.000,23.000
13.000,164.000,25.000,22.000
13.000,165.000,26.000,22.000
14.000,165.000,26.000,21.000
14.000,166.000,26.000,21.000
15.000,166.000,27.000,21.000
16.000,165.000,27.000,21.000
17.000,165.000,27.000,21.000
18.000,166.000,28.000,21.000
19.000,166.000,28.000,21.000
20.000,166.000,28.000,21.000
21.000,166.000,28.000,22.000
22.000,165.000,28.000,22.000
23.000,165.000,28.000,22.000
25.000,165.000,28.000,23.000
26.000,165.000,29.000,23.000
27.000,165.000,29.000,23.000
29.000,165.000,29.000,24.000
29.000,165.000,29.000,24.000
31.000,165.000,29.000,24.000
32.000,165.000,29.000,24.000
34.000,165.000,29.000,24.000
35.000,165.000,29.000,24.000
36.000,164.000,30.000,25.000
37.000,164.000,30.000,25.000
37.000,165.000,30.000,25.000
38.000,164.000,30.000,25.000
40.000,164.000,30.000,25.000
42.000,164.000,30.000,26.000
43.000,164.000,29.000,26.000
45.000,163.000,29.000,26.000
48.000,163.000,30.000,26.000
53.000,164.000,30.000,27.000
54.000,164.000,31.000,27.000
55.000,164.000,31.000,27.000
64.000,164.000,31.000,28.000
68.000,163.000,30.000,28.000
70.000,163.000,30.000,28.000
71.000,163.000,30.000,28.000
72.000,163.000,31.000,29.000
74.000,163.000,32.000,29.000
76.000,163.000,33.000,29.000
77.000,163.000,34.000,30.000
78.000,163.000,35.000,31.000
79.000,162.000,36.000,31.000
81.000,162.000,38.000,32.000
83.000,162.000,39.000,32.000
86.000,161.000,41.000,33.000
88.000,161.000,42.000,34.000
91.000,161.000,43.000,34.000
93.000,161.000,45.000,35.000
97.000,160.000,45.000,35.000
101.000,160.000,45.000,35.000
103.000,160.000,45.000,35.000
108.000,159.000,45.000,35.000
111.000,160.000,45.000,36.000
116.000,160.000,45.000,36.000
120.000,160.000,45.000,36.000
124.000,160.000,46.000,37.000
128.000,160.000,46.000,37.000
132.000,159.000,46.000,37.000
137.000,159.000,47.000,38.000
141.000,160.000,48.000,38.000
145.000,159.000,49.000,38.000
150.000,159.000,50.000,39.000
155.000,158.000,50.000,39.000
160.000,160.000,51.000,39.000
166.000,159.000,52.000,40.000
172.000,159.000,52.000,40.000
178.000,159.000,52.000,41.000
185.000,159.000,53.000,41.000
191.000,158.000,53.000,42.000
198.000,158.000,54.000,43.000
206.000,157.000,54.000,44.000
213.000,157.000,55.000,44.000
220.000,158.000,56.000,44.000
229.000,158.000,55.000,45.000
236.000,157.000,56.000,45.000
246.000,158.000,56.000,46.000
256.000,159.000,56.000,47.000
265.000,159.000,57.000,47.000
275.000,159.000,58.000,47.000
276.000,186.000,60.000,44.000
287.000,189.000,62.000,41.000
297.000,191.000,63.000,39.000
309.000,193.000,64.000,38.000
322.000,195.000,64.000,37.000
282.000,190.000,65.000,37.000
293.000,192.000,65.000,37.000
306.000,193.000,64.000,36.000
318.000,194.000,65.000,36.000
333.000,195.000,67.000,37.000
347.000,197.000,68.000,37.000
