111.000,174.000,20.000,16.000
111.000,174.000,21.000,15.000
111.000,175.000,22.000,15.000
110.000,174.000,23.000,14.000
112.000,174.000,24.000,14.000
111.000,175.000,24.000,14.000
112.000,175.000,25.000,14.000
112.000,175.000,25.000,14.000
112.000,175.000,26.000,14.000
113.000,175.000,26.000,14.000
113.000,175.000,26.000,14.000
114.000,175.000,26.000,14.000
115.000,175.000,26.000,14.000
115.000,176.000,26.000,15.000
116.000,175.000,26.000,15.000
117.000,176.000,26.000,15.000
118.000,175.000,26.000,15.000
119.000,175.000,26.000,15.000
120.000,175.000,26.000,16.000
121.000,175.000,26.000,16.000
121.000,175.000,26.000,16.000
122.000,175.000,26.000,16.000
123.000,176.000,27.000,16.000
125.000,176.000,27.000,16.000
125.000,176.000,27.000,16.000
127.000,176.000,27.000,16.000
127.000,176.000,27.000,16.000
129.000,176.000,27.000,16.000
129.000,176.000,27.000,16.000
131.000,176.000,27.000,16.000
132.000,176.000,27.000,16.000
133.000,176.000,27.000,16.000
133.000,176.000,27.000,16.000
135.000,176.000,27.000,17.000
136.000,177.000,27.000,17.000
137.000,176.000,27.000,17.000
138.000,176.000,27.000,17.000
139.000,176.000,28.000,17.000
140.000,177.000,28.000,17.000
141.000,176.000,28.000,18.000
143.000,176.000,28.000,18.000
143.000,176.000,29.000,18.000
145.000,177.000,29.000,18.000
147.000,177.000,30.000,18.000
147.000,177.000,30.000,18.000
148.000,176.000,30.000,18.000
150.000,176.000,31.000,18.000
152.000,176.000,31.000,19.000
153.000,176.000,31.000,19.000
154.000,177.000,32.000,19.000
156.000,177.000,32.000,19.000
158.000,177.000,33.000,19.000
159.000,178.000,33.000,19.000
161.000,177.000,33.000,19.000
162.000,178.000,34.000,19.000
165.000,176.000,34.000,19.000
166.000,177.000,34.000,20.000
168.000,177.000,34.000,20.000
169.000,178.000,34.000,20.000
172.000,177.000,34.000,21.000
174.000,178.000,34.000,21.000
175.000,177.000,35.000,21.000
178.000,176.000,34.000,22.000
181.000,176.000,35.000,22.000
182.000,178.000,35.000,22.000
184.000,177.000,36.000,22.000
186.000,176.000,36.000,22.000
188.000,176.000,38.000,23.000
190.000,177.000,38.000,23.000
194.000,178.000,38.000,23.000
196.000,178.000,38.000,23.000
199.000,178.000,39.000,23.000
201.000,179.000,40.000,23.000
203.000,178.000,41.000,23.000
209.000,179.000,41.000,23.000
212.000,179.000,42.000,24.000
214.000,179.000,42.000,24.000
217.000,179.000,42.000,25.000
221.000,178.000,42.000,25.000
225.000,179.000,43.000,25.000
229.000,177.000,43.000,25.000
234.000,178.000,42.000,27.000
237.000,179.000,43.000,27.000
240.000,177.000,43.000,27.000
246.000,180.000,43.000,26.000
250.000,178.000,44.000,26.000
255.000,180.000,45.000,26.000
260.000,181.000,46.000,27.000
263.000,177.000,45.000,29.000
269.000,178.000,46.000,29.000
276.000,181.000,48.000,29.000
280.000,179.000,49.000,29.000
286.000,180.000,50.000,29.000
293.000,181.000,51.000,30.000
299.000,182.000,53.000,31.000
304.000,178.000,54.000,31.000
311.000,180.000,55.000,31.000
319.000,180.000,57.000,32.000
326.000,181.000,59.000,32.000
334.000,183.000,60.000,33.000
343.000,184.000,61.000,33.000
352.000,186.000,63.000,34.000
360.000,181.000,63.000,34.000
373.000,181.000,65.000,35.000
379.000,178.000,66.000,35.000
392.000,179.000,67.000,36.000
412.000,189.000,68.000,36.000
420.000,183.000,69.000,36.000
426.000,181.000,69.000,36.000
433.000,179.000,66.000,39.000
442.000,177.000,63.000,42.000
