406.000,175.000,20.000,15.000
406.000,176.000,19.000,15.000
406.000,175.000,19.000,16.000
405.000,174.000,20.000,16.000
403.000,174.000,20.000,16.000
403.000,175.000,20.000,16.000
402.000,175.000,20.000,17.000
401.000,174.000,20.000,17.000
400.000,175.000,20.000,17.000
398.000,174.000,20.000,17.000
397.000,174.000,20.000,17.000
396.000,175.000,21.000,17.000
395.000,174.000,21.000,17.000
394.000,174.000,21.000,17.000
392.000,174.000,21.000,17.000
391.000,173.000,21.000,18.000
390.000,175.000,21.000,18.000
389.000,174.000,22.000,18.000
387.000,174.000,22.000,18.000
385.000,173.000,23.000,18.000
384.000,173.000,23.000,19.000
383.000,174.000,23.000,19.000
382.000,174.000,23.000,19.000
380.000,174.000,23.000,19.000
379.000,174.000,23.000,19.000
378.000,174.000,24.000,19.000
376.000,174.000,24.000,20.000
375.000,174.000,24.000,20.000
374.000,174.000,24.000,20.000
372.000,173.000,24.000,20.000
371.000,173.000,24.000,20.000
369.000,174.000,24.000,20.000
368.000,173.000,25.000,21.000
367.000,174.000,25.000,21.000
365.000,173.000,26.000,21.000
363.000,173.000,26.000,21.000
361.000,173.000,27.000,22.000
359.000,173.000,28.000,22.000
357.000,172.000,28.000,23.000
355.000,172.000,28.000,23.000
354.000,172.000,28.000,23.000
352.000,172.000,28.000,24.000
350.000,172.000,29.000,24.000
349.000,172.000,29.000,24.000
351.000,171.000,28.000,24.000
358.000,166.000,27.000,24.000
362.000,166.000,27.000,24.000
368.000,168.000,26.000,24.000
368.000,169.000,28.000,22.000
370.000,169.000,28.000,21.000
371.000,171.000,29.000,20.000
378.000,172.000,29.000,19.000
388.000,174.000,28.000,18.000
404.000,173.000,28.000,17.000
406.000,173.000,27.000,16.000
405.000,174.000,26.000,16.000
405.000,173.000,25.000,16.000
404.000,174.000,24.000,16.000
404.000,174.000,24.000,16.000
403.000,174.000,24.000,15.000
403.000,173.000,24.000,15.000
403.000,173.000,23.000,16.000
404.000,172.000,22.000,16.000
406.000,172.000,21.000,17.000
407.000,172.000,20.000,17.000
394.000,190.000,20.000,18.000
397.000,187.000,19.000,19.000
398.000,187.000,19.000,19.000
401.000,188.000,19.000,20.000
402.000,188.000,19.000,20.000
404.000,185.000,19.000,20.000
406.000,185.000,19.000,20.000
407.000,185.000,19.000,21.000
409.000,185.000,19.000,21.000
410.000,183.000,19.000,21.000
412.000,185.000,19.000,21.000
413.000,184.000,19.000,21.000
414.000,184.000,19.000,21.000
416.000,184.000,19.000,21.000
416.000,183.000,19.000,21.000
418.000,184.000,19.000,21.000
419.000,182.000,19.000,21.000
420.000,182.000,19.000,22.000
421.000,181.000,19.000,22.000
422.000,181.000,19.000,22.000
422.000,183.000,19.000,22.000
424.000,182.000,18.000,21.000
425.000,181.000,18.000,21.000
425.000,181.000,18.000,21.000
426.000,181.000,18.000,21.000
427.000,180.000,17.000,21.000
428.000,181.000,17.000,21.000
429.000,181.000,17.000,21.000
429.000,181.000,17.000,22.000
431.000,180.000,16.000,23.000
432.000,179.000,16.000,23.000
432.000,179.000,16.000,23.000
433.000,180.000,16.000,23.000
434.000,180.000,15.000,23.000
434.000,180.000,15.000,23.000
435.000,179.000,15.000,23.000
