154.000,46.000,9.000,19.000
154.000,45.000,10.000,19.000
154.000,45.000,10.000,19.000
153.000,45.000,10.000,19.000
153.000,45.000,10.000,18.000
154.000,45.000,10.000,18.000
154.000,45.000,10.000,19.000
153.000,45.000,10.000,18.000
153.000,45.000,10.000,18.000
153.000,45.000,10.000,18.000
152.000,44.000,10.000,18.000
152.000,44.000,10.000,18.000
152.000,44.000,11.000,18.000
152.000,44.000,10.000,18.000
152.000,44.000,11.000,19.000
152.000,44.000,11.000,19.000
152.000,44.000,11.000,19.000
151.000,44.000,11.000,19.000
151.000,43.000,11.000,19.000
151.000,43.000,11.000,19.000
152.000,44.000,11.000,19.000
151.000,44.000,11.000,19.000
151.000,44.000,11.000,19.000
150.000,44.000,11.000,19.000
150.000,44.000,11.000,19.000
150.000,44.000,10.000,19.000
150.000,44.000,10.000,19.000
150.000,44.000,10.000,19.000
149.000,43.000,10.000,19.000
149.000,43.000,10.000,19.000
149.000,43.000,10.000,19.000
148.000,42.000,10.000,19.000
149.000,42.000,10.000,20.000
149.000,41.000,10.000,20.000
148.000,41.000,10.000,20.000
148.000,41.000,10.000,20.000
148.000,41.000,10.000,20.000
148.000,41.000,10.000,20.000
148.000,41.000,10.000,20.000
148.000,41.000,10.000,20.000
148.000,41.000,10.000,20.000
148.000,41.000,10.000,20.000
148.000,41.000,10.000,20.000
148.000,41.000,10.000,20.000
148.000,41.000,10.000,19.000
149.000,40.000,10.000,20.000
148.000,40.000,10.000,20.000
149.000,40.000,10.000,20.000
148.000,39.000,10.000,20.000
148.000,40.000,10.000,20.000
148.000,39.000,10.000,20.000
148.000,40.000,10.000,20.000
148.000,40.000,10.000,20.000
147.000,40.000,10.000,20.000
147.000,39.000,10.000,20.000
147.000,39.000,10.000,20.000
146.000,39.000,10.000,20.000
146.000,39.000,10.000,20.000
146.000,39.000,10.000,20.000
146.000,39.000,10.000,20.000
146.000,39.000,10.000,20.000
145.000,39.000,10.000,20.000
145.000,39.000,10.000,20.000
145.000,39.000,10.000,20.000
145.000,39.000,10.000,19.000
144.000,39.000,10.000,19.000
145.000,39.000,10.000,19.000
144.000,39.000,10.000,19.000
145.000,39.000,10.000,19.000
144.000,39.000,10.000,19.000
144.000,39.000,10.000,19.000
144.000,39.000,10.000,19.000
143.000,38.000,10.000,19.000
143.000,37.000,10.000,19.000
143.000,37.000,10.000,20.000
143.000,37.000,10.000,20.000
143.000,36.000,10.000,20.000
142.000,37.000,10.000,20.000
142.000,36.000,10.000,20.000
142.000,37.000,10.000,20.000
142.000,36.000,10.000,20.000
143.000,37.000,10.000,20.000
142.000,36.000,10.000,20.000
142.000,36.000,10.000,20.000
142.000,36.000,10.000,20.000
141.000,36.000,10.000,20.000
141.000,36.000,10.000,20.000
140.000,36.000,10.000,20.000
140.000,35.000,10.000,20.000
140.000,36.000,10.000,20.000
139.000,35.000,10.000,20.000
140.000,35.000,10.000,20.000
139.000,35.000,10.000,20.000
139.000,35.000,10.000,20.000
139.000,35.000,10.000,20.000
138.000,35.000,10.000,20.000
138.000,35.000,10.000,20.000
138.000,35.000,10.000,19.000
138.000,35.000,10.000,19.000
138.000,35.000,10.000,19.000
138.000,35.000,10.000,19.000
137.000,36.000,10.000,19.000
137.000,36.000,10.000,19.000
137.000,36.000,10.000,19.000
136.000,36.000,11.000,18.000
136.000,36.000,11.000,17.000
136.000,36.000,12.000,17.000
136.000,36.000,11.000,17.000
136.000,35.000,11.000,18.000
136.000,34.000,10.000,18.000
136.000,35.000,10.000,18.000
135.000,34.000,10.000,18.000
135.000,34.000,10.000,18.000
135.000,34.000,10.000,18.000
135.000,34.000,10.000,18.000
135.000,34.000,10.000,18.000
135.000,33.000,10.000,18.000
135.000,33.000,10.000,18.000
135.000,32.000,10.000,19.000
134.000,33.000,10.000,19.000
135.000,32.000,10.000,19.000
134.000,32.000,10.000,19.000
135.000,32.000,10.000,19.000
134.000,32.000,10.000,19.000
134.000,32.000,10.000,19.000
134.000,31.000,10.000,20.000
133.000,32.000,10.000,20.000
133.000,31.000,10.000,20.000
133.000,31.000,10.000,20.000
134.000,31.000,10.000,20.000
133.000,31.000,10.000,20.000
133.000,31.000,10.000,20.000
132.000,31.000,10.000,19.000
132.000,31.000,10.000,19.000
132.000,31.000,10.000,19.000
132.000,31.000,10.000,19.000
133.000,30.000,10.000,19.000
132.000,31.000,10.000,19.000
132.000,31.000,10.000,19.000
131.000,31.000,10.000,20.000
132.000,30.000,10.000,19.000
132.000,30.000,10.000,19.000
132.000,30.000,10.000,19.000
132.000,30.000,10.000,19.000
131.000,30.000,10.000,19.000
131.000,30.000,10.000,19.000
131.000,30.000,10.000,19.000
132.000,29.000,10.000,19.000
131.000,29.000,10.000,19.000
132.000,28.000,10.000,19.000
131.000,28.000,10.000,19.000
131.000,28.000,10.000,19.000
132.000,28.000,10.000,20.000
131.000,27.000,10.000,20.000
131.000,26.000,10.000,20.000
131.000,27.000,10.000,20.000
130.000,27.000,10.000,20.000
131.000,27.000,10.000,20.000
130.000,26.000,10.000,21.000
130.000,26.000,10.000,21.000
130.000,26.000,10.000,21.000
130.000,26.000,10.000,21.000
129.000,26.000,10.000,21.000
129.000,26.000,10.000,21.000
129.000,25.000,10.000,21.000
129.000,26.000,11.000,21.000
129.000,26.000,11.000,21.000
128.000,26.000,11.000,21.000
128.000,26.000,11.000,20.000
128.000,27.000,11.000,20.000
128.000,26.000,11.000,20.000
128.000,26.000,11.000,20.000
127.000,26.000,11.000,20.000
127.000,27.000,11.000,20.000
127.000,26.000,11.000,20.000
127.000,26.000,11.000,20.000
127.000,26.000,11.000,20.000
127.000,26.000,11.000,20.000
127.000,26.000,11.000,20.000
127.000,26.000,11.000,20.000
127.000,26.000,11.000,20.000
127.000,26.000,11.000,20.000
127.000,25.000,11.000,20.000
127.000,26.000,11.000,20.000
127.000,26.000,11.000,20.000
127.000,26.000,11.000,20.000
127.000,26.000,11.000,20.000
127.000,25.000,11.000,20.000
126.000,25.000,11.000,20.000
127.000,25.000,11.000,20.000
127.000,24.000,11.000,21.000
127.000,24.000,11.000,21.000
127.000,24.000,11.000,20.000
127.000,24.000,11.000,20.000
127.000,24.000,11.000,20.000
127.000,24.000,11.000,20.000
127.000,24.000,11.000,20.000
127.000,24.000,11.000,20.000
126.000,25.000,12.000,19.000
126.000,25.000,12.000,19.000
126.000,25.000,12.000,18.000
126.000,25.000,13.000,18.000
126.000,25.000,12.000,18.000
126.000,25.000,12.000,19.000
126.000,24.000,12.000,19.000
127.000,24.000,11.000,19.000
126.000,24.000,11.000,19.000
126.000,24.000,11.000,19.000
126.000,24.000,10.000,19.000
126.000,24.000,10.000,19.000
127.000,24.000,10.000,19.000
126.000,24.000,10.000,19.000
126.000,23.000,10.000,19.000
126.000,24.000,10.000,19.000
126.000,23.000,10.000,19.000
125.000,23.000,10.000,19.000
126.000,22.000,10.000,19.000
126.000,22.000,10.000,19.000
126.000,22.000,10.000,19.000
125.000,22.000,10.000,19.000
126.000,22.000,10.000,19.000
126.000,22.000,10.000,19.000
126.000,22.000,10.000,19.000
126.000,23.000,10.000,19.000
126.000,22.000,10.000,20.000
126.000,22.000,10.000,20.000
126.000,22.000,10.000,19.000
127.000,22.000,10.000,19.000
126.000,22.000,10.000,19.000
126.000,22.000,10.000,19.000
126.000,22.000,10.000,19.000
126.000,22.000,10.000,19.000
125.000,22.000,10.000,19.000
126.000,22.000,10.000,19.000
125.000,22.000,10.000,19.000
125.000,22.000,10.000,20.000
125.000,22.000,10.000,20.000
125.000,21.000,10.000,20.000
125.000,21.000,10.000,20.000
125.000,21.000,10.000,20.000
125.000,22.000,10.000,21.000
125.000,21.000,10.000,21.000
125.000,21.000,10.000,21.000
125.000,21.000,10.000,21.000
125.000,21.000,10.000,21.000
125.000,21.000,10.000,21.000
124.000,22.000,10.000,21.000
125.000,21.000,10.000,21.000
125.000,21.000,10.000,20.000
125.000,22.000,10.000,20.000
125.000,22.000,10.000,20.000
125.000,21.000,10.000,20.000
125.000,22.000,10.000,20.000
124.000,21.000,10.000,20.000
125.000,21.000,10.000,20.000
125.000,21.000,10.000,20.000
124.000,21.000,10.000,20.000
125.000,22.000,10.000,20.000
125.000,22.000,10.000,20.000
125.000,22.000,10.000,20.000
125.000,22.000,10.000,20.000
125.000,21.000,10.000,20.000
125.000,22.000,10.000,20.000
125.000,21.000,10.000,20.000
125.000,21.000,10.000,20.000
124.000,21.000,10.000,20.000
125.000,21.000,10.000,20.000
125.000,21.000,10.000,20.000
125.000,21.000,10.000,20.000
125.000,21.000,10.000,20.000
125.000,21.000,10.000,20.000
124.000,22.000,10.000,20.000
124.000,23.000,10.000,20.000
124.000,19.000,10.000,20.000
125.000,19.000,10.000,19.000
125.000,20.000,10.000,19.000
124.000,21.000,10.000,19.000
124.000,21.000,10.000,19.000
124.000,20.000,10.000,19.000
124.000,20.000,10.000,19.000
124.000,23.000,10.000,19.000
123.000,23.000,10.000,19.000
123.000,22.000,10.000,20.000
123.000,22.000,10.000,20.000
124.000,23.000,10.000,20.000
124.000,22.000,10.000,20.000
124.000,22.000,10.000,20.000
124.000,23.000,10.000,20.000
124.000,23.000,10.000,20.000
124.000,23.000,10.000,20.000
124.000,23.000,10.000,20.000
124.000,22.000,11.000,20.000
127.000,21.000,11.000,20.000
128.000,21.000,11.000,19.000
128.000,22.000,11.000,19.000
127.000,21.000,11.000,19.000
128.000,22.000,10.000,19.000
128.000,22.000,10.000,19.000
128.000,21.000,10.000,18.000
128.000,21.000,10.000,18.000
129.000,21.000,10.000,18.000
128.000,21.000,10.000,18.000
129.000,21.000,10.000,18.000
129.000,21.000,10.000,18.000
129.000,21.000,10.000,17.000
129.000,21.000,10.000,17.000
129.000,20.000,10.000,17.000
129.000,20.000,10.000,17.000
129.000,20.000,10.000,17.000
129.000,21.000,10.000,17.000
129.000,21.000,10.000,18.000
129.000,21.000,10.000,18.000
128.000,21.000,10.000,18.000
128.000,20.000,10.000,17.000
128.000,21.000,10.000,18.000
128.000,21.000,10.000,18.000
128.000,21.000,10.000,18.000
129.000,21.000,10.000,17.000
128.000,21.000,10.000,17.000
128.000,20.000,10.000,17.000
128.000,20.000,10.000,17.000
128.000,20.000,10.000,17.000
128.000,20.000,10.000,17.000
128.000,20.000,10.000,17.000
128.000,20.000,10.000,17.000
128.000,20.000,10.000,17.000
128.000,20.000,10.000,18.000
129.000,20.000,10.000,18.000
128.000,20.000,10.000,18.000
129.000,20.000,10.000,17.000
128.000,20.000,10.000,18.000
128.000,20.000,10.000,18.000
128.000,20.000,10.000,18.000
128.000,20.000,10.000,18.000
128.000,20.000,10.000,18.000
128.000,19.000,10.000,18.000
129.000,19.000,10.000,18.000
128.000,19.000,10.000,18.000
129.000,20.000,10.000,18.000
129.000,20.000,10.000,18.000
129.000,20.000,10.000,18.000
129.000,20.000,10.000,18.000
129.000,21.000,10.000,18.000
130.000,20.000,10.000,18.000
130.000,19.000,10.000,18.000
130.000,20.000,10.000,19.000
131.000,21.000,10.000,19.000
131.000,20.000,10.000,19.000
132.000,19.000,10.000,18.000
127.000,22.000,10.000,18.000
126.000,23.000,11.000,17.000
127.000,22.000,11.000,17.000
126.000,22.000,12.000,17.000
126.000,22.000,12.000,17.000
126.000,22.000,12.000,17.000
126.000,23.000,12.000,17.000
125.000,23.000,13.000,17.000
125.000,24.000,13.000,17.000
126.000,23.000,13.000,17.000
126.000,24.000,13.000,16.000
131.000,22.000,13.000,16.000
132.000,22.000,12.000,17.000
133.000,21.000,11.000,18.000
133.000,21.000,10.000,18.000
134.000,22.000,10.000,19.000
134.000,22.000,10.000,19.000
134.000,22.000,10.000,19.000
134.000,21.000,10.000,19.000
134.000,21.000,10.000,19.000
133.000,22.000,10.000,19.000
134.000,22.000,10.000,20.000
134.000,22.000,10.000,19.000
134.000,21.000,10.000,19.000
134.000,22.000,10.000,20.000
134.000,22.000,10.000,20.000
135.000,22.000,10.000,19.000
135.000,22.000,10.000,19.000
134.000,22.000,10.000,19.000
135.000,21.000,10.000,19.000
134.000,21.000,10.000,19.000
135.000,22.000,10.000,19.000
135.000,22.000,10.000,19.000
135.000,22.000,10.000,20.000
135.000,22.000,10.000,20.000
136.000,22.000,10.000,19.000
135.000,22.000,10.000,19.000
136.000,22.000,10.000,19.000
136.000,22.000,10.000,19.000
136.000,23.000,10.000,19.000
136.000,23.000,10.000,19.000
135.000,23.000,10.000,19.000
135.000,23.000,10.000,19.000
136.000,23.000,10.000,19.000
136.000,23.000,10.000,19.000
136.000,23.000,10.000,19.000
136.000,22.000,10.000,19.000
135.000,23.000,10.000,19.000
136.000,23.000,10.000,19.000
136.000,22.000,10.000,19.000
136.000,23.000,10.000,19.000
136.000,22.000,10.000,19.000
136.000,23.000,10.000,19.000
136.000,22.000,10.000,19.000
135.000,23.000,10.000,19.000
136.000,22.000,10.000,19.000
136.000,23.000,10.000,19.000
136.000,22.000,10.000,19.000
136.000,22.000,10.000,19.000
136.000,23.000,10.000,19.000
136.000,23.000,10.000,19.000
135.000,22.000,10.000,19.000
136.000,22.000,10.000,19.000
136.000,22.000,10.000,19.000
135.000,23.000,10.000,19.000
136.000,23.000,10.000,19.000
136.000,23.000,10.000,19.000
136.000,23.000,10.000,19.000
135.000,23.000,10.000,19.000
136.000,23.000,10.000,19.000
135.000,23.000,10.000,19.000
135.000,23.000,10.000,19.000
136.000,24.000,10.000,18.000
136.000,23.000,10.000,18.000
135.000,23.000,10.000,19.000
136.000,22.000,10.000,19.000
135.000,23.000,10.000,19.000
135.000,23.000,10.000,19.000
135.000,23.000,10.000,19.000
136.000,23.000,10.000,19.000
135.000,23.000,10.000,19.000
136.000,23.000,10.000,19.000
135.000,23.000,10.000,19.000
136.000,23.000,10.000,19.000
135.000,23.000,10.000,19.000
135.000,23.000,10.000,19.000
136.000,23.000,10.000,19.000
135.000,23.000,10.000,18.000
136.000,23.000,10.000,18.000
136.000,23.000,10.000,18.000
135.000,23.000,10.000,18.000
136.000,23.000,10.000,18.000
136.000,23.000,10.000,18.000
135.000,23.000,10.000,18.000
136.000,23.000,10.000,18.000
135.000,23.000,10.000,18.000
136.000,23.000,10.000,18.000
135.000,24.000,10.000,18.000
136.000,23.000,10.000,18.000
136.000,23.000,10.000,18.000
136.000,23.000,10.000,18.000
136.000,23.000,10.000,18.000
135.000,23.000,10.000,18.000
136.000,23.000,10.000,18.000
135.000,23.000,10.000,18.000
136.000,23.000,10.000,18.000
136.000,23.000,10.000,18.000
136.000,23.000,10.000,18.000
136.000,23.000,10.000,18.000
136.000,23.000,10.000,18.000
136.000,23.000,10.000,18.000
135.000,23.000,10.000,18.000
136.000,23.000,10.000,18.000
135.000,23.000,10.000,18.000
136.000,23.000,10.000,18.000
136.000,23.000,10.000,18.000
136.000,23.000,10.000,18.000
135.000,23.000,10.000,18.000
136.000,24.000,10.000,18.000
136.000,23.000,10.000,18.000
136.000,24.000,10.000,18.000
136.000,23.000,10.000,18.000
137.000,24.000,10.000,18.000
136.000,24.000,10.000,18.000
137.000,23.000,10.000,18.000
136.000,23.000,10.000,18.000
137.000,24.000,10.000,18.000
136.000,23.000,10.000,18.000
136.000,24.000,10.000,18.000
137.000,23.000,10.000,18.000
136.000,23.000,10.000,18.000
136.000,24.000,10.000,18.000
137.000,24.000,10.000,18.000
136.000,23.000,10.000,18.000
137.000,23.000,10.000,18.000
137.000,24.000,10.000,18.000
138.000,24.000,10.000,18.000
137.000,24.000,10.000,18.000
137.000,23.000,10.000,18.000
138.000,23.000,10.000,18.000
137.000,24.000,10.000,18.000
138.000,24.000,10.000,18.000
137.000,23.000,10.000,18.000
137.000,24.000,10.000,18.000
137.000,24.000,10.000,18.000
137.000,24.000,10.000,18.000
137.000,24.000,10.000,18.000
137.000,24.000,10.000,18.000
137.000,23.000,10.000,18.000
137.000,23.000,10.000,18.000
137.000,24.000,10.000,18.000
137.000,24.000,10.000,18.000
138.000,24.000,10.000,18.000
138.000,24.000,10.000,18.000
138.000,24.000,10.000,18.000
137.000,23.000,10.000,18.000
137.000,24.000,10.000,18.000
137.000,23.000,10.000,18.000
136.000,23.000,10.000,18.000
135.000,23.000,10.000,18.000
137.000,23.000,10.000,18.000
136.000,22.000,10.000,18.000
136.000,23.000,10.000,18.000
136.000,23.000,10.000,18.000
136.000,23.000,10.000,18.000
137.000,24.000,10.000,18.000
137.000,23.000,10.000,18.000
137.000,24.000,10.000,18.000
137.000,24.000,10.000,18.000
137.000,24.000,10.000,18.000
137.000,24.000,10.000,18.000
137.000,24.000,10.000,18.000
137.000,24.000,10.000,18.000
138.000,24.000,10.000,18.000
137.000,23.000,10.000,18.000
137.000,24.000,10.000,18.000
137.000,24.000,10.000,17.000
138.000,24.000,10.000,17.000
137.000,24.000,10.000,18.000
137.000,24.000,10.000,18.000
138.000,24.000,10.000,17.000
137.000,24.000,10.000,17.000
138.000,24.000,10.000,17.000
138.000,24.000,10.000,17.000
138.000,24.000,10.000,17.000
138.000,24.000,10.000,17.000
138.000,24.000,10.000,17.000
138.000,24.000,10.000,17.000
138.000,24.000,10.000,17.000
138.000,24.000,10.000,17.000
138.000,24.000,10.000,17.000
138.000,24.000,10.000,17.000
137.000,24.000,10.000,17.000
138.000,24.000,10.000,17.000
138.000,24.000,10.000,17.000
138.000,25.000,10.000,17.000
138.000,25.000,10.000,17.000
138.000,25.000,10.000,17.000
138.000,24.000,10.000,17.000
138.000,24.000,10.000,17.000
138.000,24.000,10.000,17.000
139.000,24.000,10.000,17.000
138.000,24.000,10.000,17.000
138.000,25.000,10.000,17.000
138.000,24.000,10.000,17.000
138.000,25.000,10.000,17.000
138.000,25.000,10.000,17.000
139.000,25.000,10.000,17.000
139.000,25.000,11.000,16.000
138.000,26.000,11.000,16.000
139.000,26.000,11.000,16.000
139.000,26.000,11.000,15.000
139.000,25.000,12.000,15.000
139.000,25.000,12.000,15.000
139.000,26.000,12.000,15.000
139.000,25.000,12.000,15.000
139.000,25.000,12.000,15.000
139.000,26.000,12.000,14.000
139.000,27.000,11.000,14.000
138.000,27.000,11.000,14.000
139.000,27.000,11.000,14.000
138.000,27.000,11.000,14.000
139.000,27.000,11.000,14.000
139.000,26.000,11.000,14.000
138.000,26.000,11.000,14.000
138.000,27.000,11.000,14.000
138.000,27.000,12.000,14.000
139.000,26.000,12.000,14.000
139.000,26.000,12.000,14.000
139.000,26.000,11.000,15.000
140.000,26.000,10.000,15.000
140.000,26.000,10.000,16.000
140.000,25.000,10.000,16.000
140.000,25.000,10.000,17.000
140.000,25.000,10.000,17.000
140.000,25.000,10.000,17.000
140.000,25.000,10.000,17.000
140.000,24.000,10.000,18.000
140.000,25.000,10.000,18.000
141.000,24.000,10.000,18.000
140.000,25.000,10.000,18.000
141.000,24.000,10.000,18.000
141.000,24.000,10.000,18.000
141.000,24.000,10.000,18.000
141.000,24.000,10.000,18.000
141.000,24.000,10.000,18.000
141.000,24.000,10.000,18.000
141.000,25.000,10.000,18.000
141.000,25.000,10.000,18.000
141.000,25.000,10.000,18.000
141.000,25.000,10.000,18.000
141.000,25.000,10.000,18.000
141.000,25.000,10.000,18.000
141.000,25.000,10.000,18.000
141.000,25.000,10.000,18.000
141.000,25.000,10.000,18.000
141.000,25.000,10.000,18.000
140.000,25.000,10.000,18.000
141.000,24.000,10.000,18.000
140.000,23.000,10.000,19.000
140.000,24.000,10.000,19.000
140.000,24.000,10.000,19.000
140.000,24.000,10.000,19.000
140.000,24.000,10.000,20.000
140.000,24.000,10.000,20.000
141.000,24.000,10.000,19.000
140.000,24.000,10.000,19.000
141.000,24.000,10.000,19.000
141.000,24.000,10.000,19.000
141.000,24.000,10.000,19.000
140.000,23.000,10.000,19.000
140.000,24.000,10.000,19.000
140.000,24.000,10.000,19.000
140.000,24.000,10.000,19.000
140.000,24.000,10.000,19.000
140.000,24.000,10.000,19.000
140.000,25.000,10.000,19.000
140.000,25.000,10.000,18.000
140.000,24.000,10.000,18.000
140.000,25.000,10.000,18.000
141.000,24.000,10.000,18.000
140.000,24.000,10.000,18.000
140.000,25.000,10.000,18.000
140.000,24.000,10.000,18.000
141.000,25.000,10.000,18.000
140.000,24.000,10.000,18.000
140.000,24.000,10.000,18.000
140.000,25.000,10.000,18.000
140.000,24.000,10.000,18.000
140.000,24.000,10.000,18.000
140.000,25.000,10.000,18.000
140.000,24.000,10.000,18.000
140.000,24.000,10.000,18.000
140.000,25.000,10.000,18.000
140.000,24.000,10.000,17.000
140.000,24.000,10.000,17.000
140.000,24.000,10.000,18.000
140.000,24.000,10.000,18.000
139.000,24.000,10.000,18.000
140.000,25.000,10.000,18.000
140.000,25.000,10.000,17.000
140.000,24.000,10.000,18.000
140.000,24.000,10.000,18.000
140.000,25.000,10.000,18.000
140.000,24.000,10.000,18.000
140.000,24.000,10.000,18.000
140.000,24.000,10.000,18.000
140.000,24.000,10.000,18.000
140.000,24.000,10.000,18.000
140.000,24.000,10.000,18.000
141.000,24.000,10.000,18.000
140.000,24.000,10.000,18.000
140.000,24.000,10.000,18.000
140.000,24.000,10.000,18.000
141.000,25.000,10.000,18.000
140.000,24.000,10.000,18.000
140.000,24.000,10.000,18.000
140.000,24.000,10.000,18.000
140.000,24.000,10.000,18.000
141.000,25.000,10.000,18.000
140.000,24.000,10.000,18.000
140.000,24.000,10.000,18.000
141.000,25.000,10.000,18.000
140.000,25.000,10.000,18.000
140.000,24.000,10.000,18.000
140.000,24.000,10.000,18.000
140.000,24.000,10.000,18.000
140.000,24.000,10.000,18.000
141.000,24.000,10.000,18.000
141.000,24.000,10.000,18.000
140.000,24.000,10.000,18.000
140.000,24.000,10.000,18.000
141.000,24.000,10.000,18.000
140.000,24.000,10.000,18.000
141.000,24.000,10.000,18.000
141.000,24.000,10.000,19.000
141.000,24.000,10.000,19.000
141.000,24.000,10.000,18.000
141.000,24.000,10.000,18.000
141.000,24.000,10.000,18.000
141.000,24.000,10.000,18.000
141.000,24.000,10.000,18.000
141.000,24.000,10.000,18.000
141.000,24.000,10.000,19.000
141.000,24.000,10.000,19.000
141.000,24.000,10.000,18.000
141.000,24.000,10.000,19.000
141.000,24.000,10.000,19.000
141.000,23.000,10.000,19.000
141.000,24.000,10.000,19.000
142.000,24.000,10.000,19.000
141.000,24.000,10.000,19.000
142.000,24.000,10.000,18.000
141.000,24.000,10.000,18.000
141.000,24.000,10.000,18.000
141.000,24.000,10.000,18.000
142.000,24.000,10.000,18.000
141.000,24.000,10.000,18.000
142.000,24.000,10.000,18.000
141.000,24.000,10.000,18.000
141.000,24.000,10.000,18.000
141.000,24.000,10.000,18.000
142.000,24.000,10.000,18.000
142.000,24.000,10.000,18.000
142.000,24.000,10.000,18.000
141.000,24.000,10.000,18.000
142.000,24.000,10.000,18.000
142.000,24.000,10.000,18.000
141.000,24.000,10.000,18.000
142.000,24.000,10.000,18.000
142.000,24.000,10.000,18.000
141.000,24.000,10.000,18.000
142.000,24.000,10.000,18.000
142.000,24.000,10.000,18.000
141.000,24.000,10.000,18.000
142.000,25.000,10.000,17.000
141.000,25.000,10.000,17.000
142.000,25.000,10.000,17.000
142.000,25.000,10.000,17.000
141.000,25.000,10.000,17.000
141.000,25.000,10.000,17.000
142.000,25.000,10.000,17.000
141.000,25.000,10.000,17.000
142.000,25.000,10.000,17.000
141.000,25.000,10.000,17.000
142.000,25.000,10.000,16.000
141.000,25.000,10.000,17.000
141.000,25.000,10.000,17.000
142.000,25.000,10.000,17.000
141.000,25.000,10.000,17.000
142.000,25.000,10.000,17.000
141.000,25.000,10.000,17.000
141.000,25.000,10.000,17.000
142.000,25.000,10.000,17.000
141.000,25.000,10.000,17.000
141.000,25.000,10.000,17.000
142.000,25.000,10.000,17.000
141.000,25.000,10.000,17.000
142.000,25.000,10.000,17.000
141.000,25.000,10.000,17.000
142.000,25.000,10.000,17.000
142.000,25.000,10.000,17.000
141.000,25.000,10.000,17.000
142.000,24.000,10.000,17.000
142.000,24.000,10.000,18.000
142.000,25.000,10.000,18.000
142.000,25.000,10.000,18.000
142.000,25.000,10.000,18.000
142.000,24.000,10.000,18.000
143.000,24.000,10.000,18.000
142.000,25.000,10.000,18.000
142.000,25.000,10.000,17.000
143.000,25.000,10.000,17.000
142.000,25.000,10.000,17.000
144.000,25.000,10.000,17.000
143.000,26.000,10.000,16.000
142.000,26.000,11.000,15.000
143.000,26.000,11.000,14.000
143.000,27.000,11.000,14.000
144.000,27.000,11.000,14.000
144.000,28.000,11.000,14.000
143.000,28.000,11.000,13.000
143.000,27.000,11.000,13.000
143.000,27.000,11.000,13.000
143.000,28.000,11.000,13.000
142.000,28.000,11.000,13.000
142.000,29.000,11.000,13.000
142.000,29.000,11.000,12.000
143.000,29.000,11.000,12.000
142.000,28.000,11.000,12.000
142.000,29.000,11.000,12.000
142.000,29.000,10.000,12.000
142.000,28.000,10.000,12.000
143.000,29.000,10.000,12.000
142.000,29.000,10.000,12.000
142.000,29.000,10.000,12.000
141.000,29.000,10.000,12.000
142.000,29.000,10.000,12.000
142.000,29.000,10.000,12.000
141.000,29.000,10.000,12.000
141.000,30.000,10.000,12.000
140.000,29.000,10.000,12.000
140.000,28.000,10.000,12.000
140.000,29.000,10.000,12.000
139.000,29.000,10.000,12.000
138.000,30.000,10.000,12.000
138.000,30.000,10.000,12.000
137.000,30.000,10.000,12.000
137.000,30.000,10.000,12.000
136.000,31.000,10.000,12.000
136.000,30.000,10.000,12.000
135.000,30.000,10.000,12.000
135.000,30.000,10.000,12.000
134.000,30.000,10.000,12.000
134.000,30.000,11.000,12.000
134.000,30.000,10.000,12.000
133.000,29.000,10.000,12.000
133.000,30.000,10.000,12.000
132.000,30.000,10.000,12.000
133.000,30.000,10.000,12.000
131.000,30.000,10.000,12.000
130.000,30.000,10.000,13.000
129.000,31.000,10.000,13.000
128.000,31.000,10.000,13.000
128.000,31.000,10.000,13.000
128.000,30.000,10.000,13.000
127.000,30.000,11.000,13.000
126.000,30.000,11.000,14.000
125.000,31.000,11.000,13.000
124.000,30.000,11.000,14.000
123.000,30.000,11.000,14.000
123.000,30.000,11.000,14.000
122.000,30.000,11.000,14.000
121.000,30.000,11.000,14.000
120.000,30.000,10.000,15.000
120.000,30.000,11.000,14.000
119.000,29.000,11.000,14.000
119.000,29.000,10.000,15.000
119.000,28.000,10.000,15.000
118.000,28.000,10.000,16.000
117.000,28.000,10.000,17.000
116.000,28.000,10.000,17.000
116.000,27.000,10.000,17.000
115.000,27.000,10.000,18.000
114.000,27.000,10.000,18.000
113.000,28.000,11.000,18.000
112.000,27.000,11.000,18.000
112.000,27.000,11.000,18.000
111.000,27.000,11.000,18.000
111.000,26.000,10.000,18.000
111.000,26.000,10.000,19.000
110.000,26.000,10.000,19.000
109.000,26.000,10.000,19.000
109.000,26.000,10.000,19.000
108.000,26.000,10.000,19.000
108.000,26.000,10.000,19.000
107.000,26.000,10.000,19.000
107.000,26.000,10.000,19.000
105.000,26.000,10.000,19.000
105.000,27.000,10.000,18.000
104.000,26.000,10.000,18.000
103.000,26.000,10.000,19.000
103.000,25.000,10.000,20.000
102.000,24.000,10.000,21.000
103.000,24.000,10.000,21.000
101.000,23.000,10.000,22.000
101.000,24.000,10.000,21.000
100.000,24.000,10.000,21.000
100.000,25.000,10.000,21.000
99.000,25.000,10.000,20.000
99.000,25.000,10.000,20.000
98.000,25.000,10.000,20.000
98.000,25.000,10.000,20.000
97.000,25.000,10.000,20.000
97.000,24.000,10.000,20.000
97.000,25.000,10.000,20.000
96.000,24.000,10.000,20.000
96.000,24.000,10.000,20.000
96.000,24.000,10.000,20.000
95.000,24.000,10.000,20.000
94.000,24.000,10.000,20.000
95.000,24.000,10.000,19.000
93.000,24.000,10.000,19.000
93.000,24.000,10.000,20.000
92.000,24.000,10.000,20.000
91.000,24.000,10.000,20.000
90.000,23.000,10.000,20.000
90.000,24.000,10.000,20.000
90.000,24.000,10.000,20.000
90.000,24.000,10.000,20.000
89.000,23.000,10.000,20.000
88.000,23.000,10.000,21.000
89.000,24.000,10.000,20.000
88.000,24.000,10.000,20.000
87.000,24.000,10.000,20.000
87.000,24.000,10.000,20.000
87.000,24.000,10.000,20.000
86.000,24.000,10.000,20.000
86.000,24.000,10.000,19.000
86.000,25.000,10.000,19.000
85.000,25.000,10.000,19.000
84.000,25.000,10.000,19.000
84.000,25.000,10.000,19.000
83.000,25.000,10.000,19.000
83.000,25.000,10.000,19.000
82.000,25.000,10.000,19.000
82.000,25.000,10.000,18.000
82.000,25.000,10.000,18.000
81.000,25.000,10.000,18.000
80.000,25.000,10.000,18.000
80.000,25.000,10.000,18.000
79.000,25.000,10.000,18.000
79.000,25.000,10.000,18.000
78.000,25.000,10.000,18.000
77.000,25.000,10.000,18.000
77.000,25.000,10.000,18.000
76.000,25.000,10.000,18.000
75.000,25.000,10.000,18.000
75.000,25.000,10.000,18.000
74.000,25.000,10.000,18.000
74.000,25.000,10.000,18.000
74.000,26.000,10.000,18.000
72.000,25.000,10.000,18.000
72.000,26.000,10.000,18.000
71.000,25.000,10.000,18.000
71.000,25.000,10.000,18.000
70.000,25.000,10.000,18.000
70.000,26.000,10.000,18.000
70.000,26.000,10.000,18.000
69.000,27.000,10.000,18.000
69.000,26.000,10.000,18.000
69.000,26.000,10.000,18.000
69.000,26.000,10.000,18.000
68.000,26.000,10.000,18.000
68.000,27.000,10.000,18.000
67.000,27.000,10.000,18.000
68.000,27.000,10.000,18.000
67.000,27.000,10.000,18.000
66.000,27.000,10.000,19.000
66.000,26.000,10.000,18.000
66.000,27.000,10.000,18.000
66.000,27.000,10.000,18.000
65.000,27.000,10.000,18.000
64.000,26.000,10.000,18.000
65.000,27.000,10.000,18.000
63.000,27.000,10.000,18.000
63.000,27.000,10.000,18.000
64.000,27.000,10.000,18.000
64.000,27.000,10.000,18.000
63.000,27.000,10.000,18.000
62.000,27.000,10.000,18.000
62.000,27.000,10.000,18.000
62.000,27.000,10.000,18.000
62.000,27.000,10.000,18.000
61.000,28.000,10.000,18.000
61.000,28.000,10.000,18.000
61.000,28.000,10.000,18.000
61.000,28.000,10.000,18.000
61.000,28.000,10.000,18.000
60.000,29.000,10.000,17.000
60.000,29.000,10.000,17.000
60.000,29.000,10.000,17.000
60.000,29.000,10.000,18.000
59.000,29.000,10.000,17.000
59.000,29.000,10.000,17.000
59.000,29.000,10.000,17.000
58.000,30.000,10.000,17.000
58.000,30.000,10.000,17.000
57.000,29.000,10.000,17.000
57.000,29.000,10.000,17.000
57.000,29.000,10.000,17.000
57.000,30.000,10.000,16.000
56.000,29.000,10.000,16.000
57.000,30.000,10.000,16.000
56.000,30.000,10.000,16.000
56.000,29.000,10.000,16.000
56.000,30.000,10.000,16.000
56.000,30.000,10.000,16.000
55.000,30.000,10.000,16.000
56.000,30.000,10.000,16.000
55.000,30.000,10.000,16.000
55.000,30.000,10.000,15.000
55.000,31.000,10.000,15.000
55.000,31.000,11.000,15.000
55.000,31.000,11.000,14.000
55.000,31.000,11.000,14.000
54.000,30.000,11.000,14.000
55.000,31.000,10.000,15.000
56.000,31.000,10.000,15.000
55.000,31.000,10.000,16.000
56.000,30.000,10.000,16.000
55.000,30.000,10.000,16.000
56.000,30.000,10.000,17.000
56.000,30.000,10.000,17.000
56.000,30.000,10.000,17.000
56.000,30.000,10.000,17.000
56.000,31.000,10.000,17.000
56.000,30.000,10.000,17.000
56.000,30.000,10.000,17.000
56.000,30.000,10.000,17.000
56.000,31.000,10.000,16.000
56.000,31.000,10.000,16.000
56.000,30.000,10.000,16.000
56.000,31.000,10.000,16.000
56.000,31.000,10.000,16.000
55.000,31.000,10.000,16.000
56.000,31.000,10.000,16.000
56.000,31.000,10.000,16.000
55.000,31.000,10.000,16.000
56.000,31.000,10.000,16.000
56.000,31.000,10.000,16.000
55.000,31.000,10.000,16.000
56.000,31.000,10.000,16.000
55.000,31.000,10.000,16.000
56.000,32.000,10.000,16.000
55.000,32.000,10.000,16.000
56.000,32.000,10.000,16.000
56.000,33.000,10.000,16.000
55.000,33.000,10.000,16.000
55.000,33.000,10.000,16.000
56.000,33.000,10.000,15.000
55.000,34.000,10.000,15.000
56.000,34.000,10.000,14.000
55.000,35.000,10.000,14.000
55.000,34.000,10.000,14.000
55.000,35.000,10.000,15.000
56.000,34.000,10.000,15.000
56.000,35.000,10.000,15.000
56.000,35.000,10.000,15.000
56.000,35.000,10.000,15.000
56.000,34.000,10.000,15.000
57.000,35.000,10.000,15.000
56.000,35.000,10.000,15.000
56.000,35.000,10.000,15.000
56.000,35.000,10.000,15.000
56.000,35.000,10.000,15.000
57.000,35.000,10.000,15.000
56.000,35.000,10.000,15.000
56.000,35.000,10.000,15.000
56.000,35.000,10.000,15.000
56.000,35.000,10.000,15.000
56.000,35.000,10.000,15.000
56.000,35.000,10.000,15.000
56.000,35.000,10.000,15.000
56.000,34.000,10.000,15.000
56.000,35.000,10.000,14.000
57.000,34.000,10.000,15.000
57.000,35.000,10.000,14.000
57.000,35.000,10.000,15.000
56.000,34.000,10.000,15.000
57.000,34.000,10.000,15.000
56.000,34.000,10.000,15.000
56.000,34.000,10.000,15.000
56.000,34.000,10.000,14.000
56.000,34.000,10.000,15.000
56.000,33.000,10.000,15.000
56.000,33.000,10.000,15.000
55.000,33.000,10.000,15.000
55.000,32.000,10.000,15.000
55.000,32.000,10.000,16.000
56.000,32.000,10.000,16.000
56.000,32.000,10.000,16.000
55.000,31.000,10.000,16.000
56.000,31.000,10.000,16.000
56.000,32.000,10.000,16.000
55.000,32.000,10.000,16.000
55.000,32.000,10.000,16.000
56.000,32.000,10.000,16.000
56.000,32.000,10.000,16.000
57.000,32.000,10.000,16.000
56.000,33.000,10.000,16.000
56.000,32.000,10.000,16.000
56.000,32.000,10.000,16.000
55.000,33.000,10.000,16.000
55.000,33.000,10.000,16.000
55.000,33.000,10.000,16.000
55.000,33.000,10.000,16.000
55.000,33.000,10.000,15.000
55.000,34.000,10.000,16.000
55.000,34.000,10.000,16.000
55.000,34.000,10.000,16.000
55.000,33.000,10.000,16.000
56.000,33.000,10.000,16.000
55.000,34.000,10.000,16.000
55.000,34.000,10.000,15.000
55.000,34.000,10.000,15.000
55.000,34.000,10.000,15.000
55.000,34.000,10.000,15.000
55.000,34.000,10.000,15.000
56.000,34.000,10.000,15.000
55.000,34.000,10.000,14.000
55.000,34.000,10.000,14.000
55.000,34.000,10.000,14.000
55.000,34.000,10.000,14.000
55.000,34.000,10.000,14.000
55.000,34.000,10.000,14.000
55.000,34.000,10.000,14.000
55.000,34.000,10.000,13.000
55.000,34.000,10.000,14.000
55.000,34.000,10.000,13.000
55.000,34.000,10.000,13.000
55.000,35.000,10.000,12.000
55.000,34.000,10.000,12.000
55.000,34.000,10.000,12.000
55.000,34.000,10.000,12.000
55.000,34.000,10.000,12.000
55.000,34.000,10.000,12.000
55.000,34.000,10.000,12.000
56.000,34.000,10.000,12.000
56.000,35.000,10.000,12.000
56.000,34.000,10.000,12.000
56.000,35.000,10.000,12.000
57.000,34.000,10.000,13.000
57.000,34.000,10.000,13.000
57.000,33.000,10.000,13.000
57.000,33.000,10.000,14.000
58.000,33.000,10.000,14.000
58.000,32.000,10.000,15.000
58.000,31.000,10.000,15.000
59.000,31.000,10.000,15.000
59.000,32.000,11.000,15.000
59.000,30.000,11.000,15.000
59.000,31.000,11.000,15.000
60.000,31.000,10.000,16.000
60.000,31.000,10.000,15.000
60.000,31.000,10.000,16.000
60.000,30.000,10.000,15.000
61.000,31.000,11.000,15.000
61.000,31.000,11.000,15.000
61.000,31.000,11.000,15.000
62.000,30.000,11.000,15.000
63.000,31.000,12.000,14.000
63.000,31.000,12.000,14.000
64.000,31.000,12.000,14.000
65.000,31.000,12.000,14.000
65.000,30.000,12.000,14.000
65.000,30.000,12.000,15.000
66.000,31.000,12.000,15.000
67.000,30.000,12.000,14.000
67.000,30.000,12.000,15.000
67.000,30.000,12.000,15.000
68.000,29.000,12.000,14.000
69.000,30.000,12.000,14.000
69.000,30.000,12.000,14.000
70.000,29.000,12.000,14.000
70.000,30.000,12.000,14.000
71.000,30.000,12.000,14.000
73.000,30.000,12.000,14.000
73.000,30.000,12.000,14.000
74.000,29.000,12.000,14.000
75.000,28.000,11.000,15.000
75.000,28.000,10.000,16.000
75.000,27.000,10.000,16.000
76.000,27.000,10.000,17.000
77.000,26.000,10.000,17.000
77.000,26.000,10.000,17.000
78.000,27.000,11.000,16.000
78.000,28.000,11.000,16.000
78.000,28.000,12.000,15.000
80.000,28.000,12.000,15.000
80.000,28.000,13.000,15.000
82.000,28.000,12.000,16.000
83.000,28.000,11.000,16.000
83.000,28.000,10.000,17.000
84.000,27.000,10.000,17.000
84.000,27.000,10.000,17.000
85.000,27.000,10.000,17.000
85.000,29.000,10.000,16.000
85.000,29.000,11.000,15.000
86.000,29.000,11.000,15.000
86.000,28.000,12.000,14.000
87.000,27.000,12.000,14.000
87.000,28.000,12.000,14.000
88.000,26.000,11.000,16.000
90.000,26.000,11.000,17.000
91.000,25.000,10.000,17.000
91.000,24.000,10.000,18.000
92.000,24.000,10.000,19.000
92.000,23.000,10.000,19.000
93.000,23.000,10.000,19.000
94.000,23.000,10.000,19.000
95.000,23.000,10.000,19.000
95.000,23.000,10.000,19.000
95.000,23.000,10.000,19.000
96.000,23.000,10.000,19.000
97.000,23.000,10.000,19.000
98.000,23.000,10.000,19.000
98.000,23.000,10.000,19.000
99.000,23.000,10.000,19.000
100.000,23.000,10.000,19.000
100.000,23.000,10.000,19.000
101.000,23.000,10.000,20.000
101.000,23.000,10.000,20.000
102.000,22.000,10.000,20.000
102.000,22.000,10.000,21.000
103.000,21.000,10.000,21.000
103.000,21.000,10.000,21.000
103.000,22.000,10.000,21.000
104.000,22.000,10.000,21.000
105.000,22.000,10.000,21.000
106.000,22.000,10.000,21.000
106.000,23.000,10.000,20.000
107.000,22.000,10.000,20.000
107.000,21.000,10.000,20.000
108.000,21.000,10.000,20.000
109.000,22.000,10.000,21.000
109.000,21.000,10.000,21.000
110.000,21.000,10.000,21.000
111.000,21.000,10.000,22.000
111.000,21.000,10.000,21.000
111.000,20.000,10.000,21.000
112.000,20.000,10.000,21.000
112.000,20.000,10.000,21.000
113.000,20.000,11.000,21.000
113.000,21.000,11.000,22.000
113.000,21.000,11.000,21.000
114.000,21.000,11.000,21.000
115.000,21.000,11.000,21.000
116.000,21.000,10.000,21.000
117.000,21.000,10.000,21.000
