126.000,15.000,32.000,33.000
125.000,14.000,31.000,34.000
124.000,13.000,30.000,35.000
123.000,14.000,29.000,35.000
122.000,13.000,29.000,35.000
121.000,14.000,29.000,36.000
120.000,13.000,28.000,36.000
119.000,13.000,28.000,36.000
117.000,13.000,28.000,36.000
115.000,13.000,28.000,36.000
114.000,13.000,28.000,37.000
113.000,13.000,28.000,37.000
112.000,13.000,28.000,37.000
111.000,13.000,28.000,37.000
111.000,13.000,28.000,37.000
110.000,12.000,28.000,37.000
110.000,13.000,28.000,37.000
108.000,12.000,28.000,37.000
108.000,11.000,28.000,38.000
107.000,11.000,28.000,37.000
105.000,11.000,28.000,37.000
104.000,10.000,28.000,37.000
103.000,9.000,28.000,37.000
101.000,9.000,28.000,36.000
99.000,9.000,28.000,36.000
97.000,8.000,28.000,36.000
95.000,8.000,28.000,36.000
94.000,9.000,28.000,36.000
92.000,10.000,28.000,35.000
91.000,10.000,28.000,35.000
89.000,10.000,28.000,35.000
88.000,10.000,28.000,35.000
87.000,10.000,28.000,35.000
86.000,10.000,28.000,35.000
85.000,10.000,28.000,35.000
85.000,11.000,27.000,35.000
83.000,11.000,27.000,35.000
82.000,12.000,27.000,35.000
81.000,12.000,27.000,35.000
78.000,12.000,27.000,35.000
77.000,12.000,27.000,35.000
76.000,13.000,27.000,35.000
75.000,13.000,27.000,34.000
74.000,13.000,27.000,34.000
74.000,14.000,27.000,34.000
73.000,14.000,27.000,34.000
73.000,14.000,27.000,34.000
73.000,13.000,27.000,34.000
73.000,13.000,27.000,34.000
74.000,13.000,27.000,35.000
74.000,14.000,27.000,35.000
73.000,15.000,27.000,35.000
73.000,15.000,27.000,35.000
72.000,14.000,27.000,35.000
72.000,15.000,27.000,35.000
71.000,15.000,27.000,35.000
70.000,15.000,27.000,35.000
69.000,15.000,27.000,35.000
68.000,15.000,27.000,35.000
68.000,15.000,27.000,34.000
67.000,15.000,27.000,34.000
68.000,15.000,27.000,34.000
68.000,15.000,27.000,34.000
68.000,15.000,27.000,35.000
69.000,15.000,27.000,35.000
69.000,15.000,26.000,35.000
69.000,15.000,26.000,35.000
69.000,15.000,26.000,35.000
68.000,15.000,26.000,35.000
68.000,15.000,26.000,35.000
67.000,16.000,26.000,35.000
67.000,15.000,27.000,35.000
67.000,15.000,27.000,35.000
67.000,15.000,27.000,35.000
67.000,15.000,27.000,35.000
67.000,15.000,27.000,35.000
67.000,16.000,27.000,35.000
67.000,16.000,27.000,35.000
67.000,16.000,27.000,35.000
66.000,16.000,27.000,35.000
66.000,16.000,26.000,35.000
66.000,16.000,26.000,35.000
65.000,16.000,27.000,35.000
65.000,16.000,27.000,35.000
65.000,16.000,27.000,35.000
65.000,16.000,26.000,35.000
65.000,16.000,26.000,35.000
65.000,15.000,26.000,35.000
64.000,16.000,26.000,35.000
65.000,16.000,26.000,35.000
64.000,16.000,26.000,35.000
65.000,16.000,26.000,34.000
65.000,17.000,26.000,34.000
65.000,17.000,26.000,34.000
65.000,17.000,26.000,34.000
65.000,17.000,26.000,34.000
64.000,17.000,26.000,35.000
64.000,16.000,26.000,35.000
64.000,16.000,26.000,34.000
64.000,17.000,25.000,34.000
64.000,17.000,26.000,34.000
64.000,16.000,25.000,34.000
64.000,16.000,25.000,34.000
64.000,16.000,25.000,33.000
64.000,16.000,25.000,33.000
64.000,16.000,25.000,33.000
64.000,16.000,25.000,32.000
64.000,16.000,25.000,32.000
65.000,16.000,24.000,32.000
65.000,17.000,24.000,32.000
66.000,17.000,24.000,31.000
66.000,17.000,24.000,31.000
65.000,17.000,24.000,31.000
65.000,16.000,24.000,31.000
66.000,16.000,24.000,31.000
66.000,16.000,24.000,31.000
67.000,16.000,24.000,31.000
66.000,15.000,24.000,31.000
67.000,15.000,24.000,31.000
67.000,16.000,25.000,31.000
67.000,16.000,25.000,31.000
67.000,16.000,25.000,31.000
67.000,16.000,25.000,31.000
67.000,16.000,25.000,31.000
67.000,16.000,25.000,31.000
67.000,16.000,25.000,31.000
67.000,15.000,25.000,30.000
67.000,15.000,26.000,30.000
67.000,14.000,26.000,30.000
67.000,14.000,26.000,30.000
67.000,15.000,26.000,31.000
67.000,15.000,26.000,31.000
67.000,14.000,26.000,31.000
67.000,14.000,26.000,31.000
68.000,14.000,26.000,31.000
67.000,13.000,26.000,31.000
67.000,13.000,27.000,31.000
67.000,14.000,27.000,31.000
67.000,14.000,27.000,31.000
67.000,13.000,27.000,31.000
66.000,13.000,27.000,31.000
66.000,14.000,27.000,31.000
66.000,13.000,27.000,31.000
66.000,13.000,27.000,31.000
66.000,14.000,27.000,31.000
66.000,14.000,27.000,31.000
67.000,14.000,27.000,31.000
66.000,13.000,27.000,31.000
66.000,14.000,27.000,31.000
66.000,14.000,27.000,31.000
66.000,13.000,27.000,31.000
66.000,12.000,27.000,31.000
66.000,13.000,27.000,32.000
65.000,12.000,27.000,32.000
66.000,11.000,27.000,31.000
65.000,12.000,27.000,31.000
65.000,11.000,27.000,31.000
65.000,11.000,27.000,31.000
65.000,11.000,26.000,31.000
65.000,11.000,26.000,31.000
66.000,11.000,26.000,31.000
66.000,11.000,26.000,31.000
66.000,11.000,26.000,31.000
67.000,10.000,26.000,31.000
66.000,11.000,26.000,31.000
65.000,10.000,26.000,31.000
65.000,11.000,26.000,31.000
64.000,10.000,26.000,30.000
65.000,9.000,27.000,30.000
64.000,10.000,27.000,30.000
65.000,10.000,26.000,30.000
48.000,22.000,26.000,31.000
45.000,21.000,26.000,30.000
47.000,21.000,26.000,30.000
48.000,22.000,26.000,30.000
49.000,21.000,26.000,30.000
52.000,20.000,26.000,29.000
54.000,19.000,26.000,30.000
56.000,19.000,26.000,29.000
58.000,19.000,26.000,30.000
60.000,19.000,26.000,30.000
61.000,19.000,26.000,30.000
61.000,19.000,25.000,29.000
60.000,19.000,25.000,29.000
60.000,19.000,25.000,29.000
59.000,20.000,25.000,29.000
58.000,21.000,25.000,29.000
56.000,22.000,25.000,29.000
55.000,23.000,25.000,29.000
54.000,24.000,25.000,29.000
53.000,24.000,24.000,28.000
52.000,23.000,24.000,28.000
52.000,24.000,24.000,28.000
52.000,24.000,24.000,27.000
51.000,24.000,24.000,27.000
52.000,24.000,24.000,28.000
52.000,24.000,24.000,28.000
50.000,24.000,23.000,28.000
49.000,25.000,24.000,28.000
48.000,25.000,24.000,28.000
48.000,25.000,24.000,28.000
47.000,26.000,24.000,28.000
46.000,25.000,24.000,28.000
45.000,25.000,24.000,28.000
44.000,25.000,24.000,27.000
43.000,25.000,23.000,27.000
42.000,25.000,24.000,28.000
41.000,25.000,24.000,27.000
40.000,25.000,24.000,27.000
40.000,25.000,24.000,28.000
38.000,25.000,24.000,28.000
36.000,25.000,23.000,28.000
35.000,25.000,23.000,28.000
35.000,26.000,23.000,28.000
34.000,26.000,23.000,28.000
33.000,26.000,23.000,28.000
32.000,26.000,23.000,28.000
30.000,27.000,24.000,28.000
26.000,27.000,24.000,28.000
21.000,27.000,25.000,28.000
16.000,26.000,25.000,28.000
12.000,26.000,25.000,29.000
10.000,28.000,25.000,29.000
7.000,29.000,25.000,30.000
10.000,35.000,25.000,30.000
8.000,37.000,26.000,30.000
7.000,38.000,26.000,30.000
7.000,39.000,26.000,30.000
7.000,40.000,26.000,30.000
9.000,40.000,26.000,31.000
8.000,41.000,26.000,31.000
8.000,39.000,26.000,31.000
5.000,38.000,26.000,31.000
7.000,40.000,26.000,31.000
8.000,41.000,26.000,31.000
5.000,39.000,26.000,31.000
8.000,42.000,26.000,31.000
9.000,43.000,26.000,31.000
8.000,44.000,26.000,31.000
5.000,42.000,26.000,31.000
7.000,45.000,25.000,31.000
4.000,43.000,25.000,31.000
5.000,42.000,25.000,31.000
8.000,45.000,25.000,31.000
10.000,44.000,25.000,31.000
12.000,44.000,25.000,31.000
13.000,42.000,25.000,30.000
18.000,43.000,25.000,30.000
20.000,42.000,25.000,30.000
21.000,43.000,25.000,30.000
21.000,42.000,25.000,30.000
22.000,41.000,25.000,30.000
22.000,40.000,26.000,31.000
21.000,39.000,26.000,31.000
20.000,39.000,26.000,32.000
18.000,38.000,26.000,32.000
17.000,38.000,26.000,32.000
17.000,40.000,27.000,32.000
16.000,38.000,27.000,32.000
15.000,40.000,27.000,32.000
17.000,42.000,27.000,32.000
17.000,39.000,27.000,32.000
18.000,42.000,27.000,32.000
18.000,42.000,26.000,31.000
18.000,43.000,26.000,32.000
17.000,42.000,26.000,31.000
17.000,43.000,26.000,31.000
17.000,44.000,26.000,30.000
17.000,54.000,26.000,31.000
17.000,54.000,26.000,31.000
16.000,58.000,26.000,31.000
16.000,54.000,26.000,31.000
15.000,55.000,26.000,31.000
16.000,55.000,26.000,31.000
15.000,55.000,26.000,31.000
15.000,55.000,27.000,31.000
13.000,57.000,27.000,31.000
14.000,57.000,27.000,31.000
13.000,58.000,27.000,31.000
11.000,58.000,27.000,31.000
11.000,59.000,27.000,31.000
11.000,60.000,27.000,31.000
10.000,60.000,27.000,30.000
10.000,58.000,27.000,30.000
10.000,59.000,27.000,30.000
11.000,60.000,27.000,30.000
11.000,58.000,27.000,30.000
12.000,59.000,27.000,30.000
11.000,60.000,27.000,30.000
12.000,61.000,27.000,30.000
10.000,61.000,26.000,29.000
11.000,61.000,27.000,29.000
11.000,59.000,26.000,29.000
11.000,60.000,26.000,29.000
11.000,59.000,26.000,29.000
12.000,61.000,26.000,29.000
10.000,61.000,26.000,29.000
10.000,60.000,26.000,29.000
10.000,61.000,26.000,29.000
9.000,62.000,27.000,29.000
10.000,60.000,27.000,30.000
10.000,62.000,26.000,29.000
10.000,60.000,26.000,29.000
10.000,61.000,26.000,29.000
9.000,60.000,26.000,29.000
10.000,61.000,26.000,29.000
9.000,61.000,27.000,29.000
10.000,61.000,27.000,29.000
10.000,61.000,27.000,29.000
10.000,62.000,27.000,29.000
10.000,61.000,27.000,29.000
10.000,61.000,27.000,29.000
10.000,62.000,27.000,29.000
10.000,62.000,27.000,29.000
10.000,62.000,27.000,29.000
11.000,63.000,26.000,28.000
10.000,61.000,26.000,28.000
11.000,62.000,26.000,28.000
10.000,62.000,27.000,29.000
10.000,62.000,27.000,29.000
11.000,62.000,27.000,29.000
10.000,61.000,27.000,29.000
9.000,62.000,27.000,29.000
10.000,60.000,27.000,30.000
9.000,62.000,27.000,29.000
10.000,61.000,27.000,29.000
10.000,62.000,27.000,29.000
11.000,62.000,27.000,29.000
10.000,62.000,27.000,29.000
10.000,61.000,27.000,29.000
9.000,61.000,26.000,29.000
11.000,60.000,27.000,29.000
10.000,61.000,26.000,29.000
10.000,60.000,26.000,30.000
11.000,60.000,26.000,30.000
10.000,60.000,26.000,30.000
11.000,61.000,26.000,30.000
11.000,60.000,26.000,30.000
11.000,61.000,26.000,30.000
13.000,60.000,27.000,30.000
15.000,60.000,27.000,30.000
19.000,60.000,27.000,30.000
24.000,59.000,27.000,30.000
28.000,60.000,27.000,30.000
30.000,59.000,27.000,30.000
33.000,59.000,27.000,30.000
35.000,59.000,27.000,30.000
38.000,58.000,28.000,31.000
40.000,58.000,28.000,31.000
42.000,58.000,28.000,31.000
43.000,59.000,28.000,31.000
44.000,58.000,28.000,31.000
44.000,58.000,28.000,31.000
44.000,58.000,28.000,31.000
44.000,59.000,28.000,31.000
45.000,58.000,28.000,31.000
44.000,58.000,29.000,31.000
43.000,58.000,29.000,32.000
43.000,57.000,29.000,32.000
41.000,58.000,29.000,32.000
39.000,57.000,29.000,32.000
37.000,54.000,29.000,33.000
35.000,52.000,29.000,33.000
35.000,53.000,28.000,32.000
36.000,52.000,28.000,33.000
37.000,52.000,29.000,33.000
39.000,57.000,28.000,33.000
39.000,57.000,29.000,33.000
36.000,51.000,29.000,34.000
35.000,52.000,28.000,34.000
35.000,52.000,28.000,34.000
36.000,50.000,28.000,33.000
36.000,51.000,27.000,33.000
38.000,52.000,28.000,34.000
40.000,56.000,28.000,33.000
41.000,57.000,29.000,33.000
