3.000,169.000,188.000,84.000
10.000,166.000,188.000,85.000
19.000,167.000,185.000,85.000
36.000,168.000,180.000,83.000
47.000,169.000,174.000,82.000
57.000,169.000,170.000,81.000
70.000,168.000,165.000,80.000
79.000,169.000,161.000,78.000
88.000,169.000,156.000,76.000
97.000,170.000,152.000,74.000
106.000,171.000,146.000,71.000
117.000,172.000,141.000,69.000
125.000,173.000,135.000,66.000
132.000,174.000,131.000,65.000
140.000,175.000,127.000,62.000
146.000,175.000,124.000,60.000
153.000,176.000,119.000,58.000
161.000,176.000,117.000,57.000
167.000,176.000,114.000,56.000
172.000,176.000,111.000,55.000
180.000,176.000,108.000,54.000
185.000,176.000,104.000,53.000
191.000,176.000,101.000,52.000
197.000,177.000,98.000,51.000
202.000,177.000,96.000,50.000
207.000,177.000,93.000,49.000
212.000,177.000,90.000,48.000
216.000,176.000,88.000,47.000
220.000,177.000,86.000,46.000
225.000,177.000,84.000,46.000
229.000,177.000,81.000,45.000
231.000,177.000,79.000,44.000
234.000,177.000,77.000,43.000
238.000,177.000,76.000,43.000
242.000,177.000,75.000,42.000
245.000,177.000,73.000,42.000
247.000,178.000,72.000,41.000
251.000,177.000,70.000,40.000
254.000,178.000,68.000,40.000
257.000,177.000,66.000,39.000
259.000,178.000,65.000,38.000
262.000,178.000,62.000,37.000
264.000,178.000,60.000,37.000
267.000,178.000,59.000,36.000
269.000,179.000,58.000,36.000
272.000,178.000,57.000,35.000
274.000,179.000,57.000,35.000
277.000,178.000,55.000,34.000
278.000,178.000,55.000,34.000
281.000,179.000,53.000,33.000
283.000,179.000,53.000,33.000
284.000,179.000,52.000,33.000
284.000,179.000,53.000,33.000
284.000,179.000,53.000,32.000
284.000,180.000,53.000,32.000
284.000,179.000,54.000,31.000
284.000,179.000,55.000,31.000
285.000,179.000,55.000,31.000
289.000,180.000,55.000,30.000
292.000,180.000,54.000,30.000
294.000,180.000,53.000,29.000
296.000,181.000,52.000,29.000
298.000,181.000,51.000,28.000
301.000,180.000,49.000,28.000
303.000,181.000,48.000,27.000
303.000,181.000,48.000,27.000
305.000,181.000,47.000,27.000
307.000,181.000,45.000,26.000
310.000,180.000,44.000,26.000
311.000,181.000,43.000,26.000
312.000,180.000,42.000,25.000
314.000,181.000,41.000,25.000
315.000,181.000,41.000,25.000
316.000,180.000,41.000,25.000
318.000,180.000,40.000,25.000
318.000,181.000,40.000,24.000
320.000,181.000,39.000,24.000
321.000,181.000,38.000,24.000
323.000,181.000,37.000,24.000
324.000,181.000,37.000,23.000
326.000,181.000,36.000,23.000
327.000,181.000,35.000,23.000
328.000,181.000,34.000,23.000
329.000,180.000,34.000,23.000
330.000,181.000,34.000,23.000
330.000,180.000,34.000,23.000
330.000,181.000,34.000,23.000
332.000,181.000,33.000,23.000
332.000,181.000,33.000,23.000
332.000,181.000,33.000,23.000
333.000,181.000,32.000,22.000
334.000,181.000,32.000,22.000
336.000,181.000,32.000,21.000
337.000,181.000,31.000,21.000
338.000,181.000,31.000,21.000
339.000,181.000,30.000,21.000
339.000,181.000,29.000,21.000
340.000,182.000,29.000,20.000
341.000,181.000,29.000,20.000
342.000,182.000,28.000,20.000
342.000,181.000,28.000,20.000
342.000,181.000,28.000,20.000
343.000,181.000,28.000,20.000
344.000,181.000,27.000,20.000
345.000,182.000,27.000,19.000
346.000,182.000,27.000,19.000
347.000,182.000,26.000,19.000
348.000,182.000,26.000,19.000
349.000,181.000,26.000,19.000
349.000,182.000,26.000,19.000
349.000,182.000,26.000,18.000
350.000,183.000,25.000,18.000
350.000,182.000,25.000,18.000
351.000,183.000,25.000,18.000
352.000,183.000,25.000,17.000
352.000,183.000,25.000,17.000
353.000,182.000,25.000,17.000
354.000,183.000,25.000,17.000
355.000,182.000,25.000,17.000
355.000,182.000,25.000,17.000
356.000,182.000,24.000,17.000
356.000,182.000,24.000,17.000
357.000,182.000,24.000,17.000
357.000,183.000,24.000,17.000
358.000,182.000,24.000,17.000
358.000,182.000,23.000,17.000
359.000,183.000,23.000,16.000
360.000,182.000,23.000,16.000
360.000,183.000,23.000,16.000
360.000,183.000,22.000,16.000
361.000,183.000,22.000,16.000
362.000,183.000,22.000,16.000
363.000,182.000,22.000,16.000
363.000,183.000,22.000,16.000
364.000,183.000,21.000,15.000
363.000,183.000,22.000,15.000
364.000,183.000,22.000,15.000
365.000,183.000,22.000,15.000
364.000,183.000,22.000,15.000
365.000,184.000,21.000,15.000
366.000,183.000,21.000,15.000
366.000,184.000,21.000,14.000
367.000,183.000,21.000,14.000
367.000,183.000,21.000,14.000
367.000,183.000,21.000,14.000
368.000,183.000,21.000,14.000
368.000,184.000,21.000,14.000
369.000,184.000,21.000,13.000
369.000,183.000,21.000,13.000
369.000,183.000,21.000,13.000
370.000,184.000,21.000,13.000
369.000,183.000,21.000,13.000
370.000,184.000,21.000,13.000
371.000,184.000,21.000,13.000
371.000,183.000,21.000,13.000
372.000,183.000,20.000,13.000
373.000,184.000,20.000,13.000
373.000,184.000,20.000,13.000
372.000,185.000,20.000,13.000
373.000,184.000,20.000,13.000
373.000,183.000,20.000,13.000
373.000,182.000,20.000,13.000
374.000,182.000,20.000,12.000
375.000,184.000,20.000,12.000
376.000,185.000,20.000,13.000
377.000,185.000,19.000,12.000
377.000,185.000,19.000,12.000
377.000,185.000,19.000,12.000
377.000,183.000,19.000,13.000
376.000,183.000,19.000,12.000
377.000,183.000,19.000,12.000
377.000,183.000,19.000,12.000
376.000,183.000,19.000,12.000
378.000,183.000,19.000,12.000
379.000,184.000,19.000,12.000
380.000,186.000,19.000,12.000
382.000,186.000,18.000,12.000
382.000,185.000,18.000,12.000
382.000,185.000,18.000,12.000
382.000,184.000,17.000,12.000
381.000,183.000,17.000,12.000
381.000,183.000,17.000,12.000
382.000,183.000,16.000,12.000
383.000,183.000,16.000,12.000
383.000,183.000,16.000,11.000
384.000,185.000,16.000,11.000
384.000,185.000,16.000,11.000
384.000,185.000,17.000,11.000
385.000,185.000,17.000,11.000
385.000,184.000,17.000,11.000
385.000,184.000,16.000,11.000
385.000,185.000,16.000,11.000
385.000,185.000,16.000,10.000
386.000,184.000,16.000,10.000
386.000,184.000,16.000,11.000
387.000,185.000,16.000,10.000
388.000,186.000,16.000,10.000
387.000,186.000,16.000,10.000
387.000,186.000,16.000,10.000
388.000,185.000,16.000,10.000
388.000,185.000,15.000,10.000
388.000,185.000,15.000,10.000
389.000,185.000,15.000,10.000
388.000,185.000,15.000,10.000
389.000,184.000,15.000,10.000
389.000,185.000,15.000,10.000
390.000,185.000,15.000,10.000
390.000,185.000,15.000,10.000
390.000,185.000,15.000,10.000
390.000,185.000,15.000,10.000
391.000,185.000,15.000,10.000
391.000,185.000,15.000,10.000
392.000,185.000,15.000,10.000
391.000,184.000,14.000,10.000
391.000,184.000,15.000,10.000
392.000,185.000,15.000,10.000
393.000,185.000,15.000,10.000
392.000,185.000,15.000,10.000
393.000,184.000,15.000,10.000
393.000,184.000,15.000,10.000
392.000,184.000,15.000,10.000
392.000,184.000,15.000,10.000
392.000,184.000,15.000,10.000
393.000,184.000,15.000,10.000
394.000,185.000,15.000,10.000
393.000,185.000,15.000,10.000
394.000,184.000,15.000,10.000
395.000,184.000,15.000,10.000
395.000,184.000,14.000,10.000
395.000,184.000,14.000,10.000
395.000,184.000,14.000,10.000
395.000,184.000,14.000,10.000
396.000,184.000,15.000,10.000
395.000,184.000,15.000,10.000
395.000,185.000,15.000,10.000
395.000,185.000,14.000,10.000
395.000,185.000,14.000,10.000
395.000,184.000,14.000,10.000
396.000,184.000,14.000,10.000
396.000,184.000,14.000,10.000
396.000,184.000,14.000,10.000
396.000,184.000,14.000,10.000
396.000,184.000,14.000,10.000
397.000,184.000,14.000,10.000
396.000,184.000,14.000,10.000
397.000,184.000,14.000,10.000
397.000,184.000,14.000,10.000
398.000,184.000,14.000,10.000
397.000,185.000,14.000,10.000
397.000,184.000,14.000,10.000
398.000,184.000,14.000,10.000
399.000,184.000,14.000,10.000
400.000,184.000,14.000,10.000
399.000,184.000,14.000,10.000
400.000,184.000,14.000,10.000
399.000,184.000,15.000,10.000
399.000,183.000,15.000,10.000
398.000,184.000,15.000,10.000
398.000,184.000,15.000,10.000
398.000,184.000,15.000,10.000
399.000,184.000,15.000,10.000
399.000,184.000,15.000,10.000
399.000,184.000,15.000,10.000
399.000,184.000,15.000,10.000
399.000,184.000,15.000,10.000
399.000,184.000,15.000,10.000
398.000,184.000,16.000,10.000
398.000,184.000,16.000,10.000
398.000,184.000,16.000,10.000
398.000,184.000,16.000,10.000
398.000,184.000,15.000,10.000
399.000,184.000,15.000,10.000
400.000,184.000,15.000,10.000
396.000,179.000,15.000,10.000
396.000,178.000,16.000,10.000
380.000,187.000,16.000,10.000
380.000,186.000,17.000,10.000
380.000,187.000,17.000,10.000
380.000,186.000,17.000,10.000
380.000,186.000,18.000,10.000
381.000,186.000,18.000,10.000
381.000,185.000,18.000,10.000
381.000,185.000,18.000,10.000
381.000,184.000,18.000,11.000
381.000,184.000,18.000,11.000
382.000,184.000,18.000,11.000
382.000,183.000,18.000,11.000
383.000,183.000,17.000,12.000
383.000,184.000,17.000,12.000
383.000,183.000,16.000,12.000
384.000,182.000,16.000,12.000
385.000,183.000,16.000,13.000
385.000,183.000,16.000,13.000
385.000,183.000,15.000,13.000
385.000,182.000,15.000,13.000
388.000,189.000,16.000,13.000
386.000,188.000,17.000,13.000
385.000,188.000,17.000,13.000
383.000,189.000,17.000,12.000
384.000,188.000,17.000,12.000
382.000,189.000,17.000,12.000
381.000,189.000,18.000,12.000
380.000,189.000,18.000,12.000
380.000,189.000,18.000,11.000
378.000,190.000,18.000,11.000
377.000,189.000,18.000,11.000
377.000,190.000,18.000,11.000
376.000,189.000,18.000,11.000
375.000,189.000,18.000,11.000
374.000,189.000,18.000,11.000
373.000,189.000,18.000,11.000
372.000,190.000,18.000,11.000
372.000,189.000,18.000,11.000
371.000,190.000,17.000,11.000
370.000,190.000,17.000,11.000
369.000,189.000,17.000,11.000
368.000,189.000,17.000,11.000
367.000,189.000,17.000,11.000
367.000,189.000,17.000,12.000
365.000,189.000,18.000,11.000
364.000,190.000,18.000,11.000
363.000,190.000,18.000,11.000
363.000,190.000,17.000,11.000
362.000,189.000,17.000,11.000
361.000,190.000,17.000,11.000
360.000,190.000,17.000,11.000
360.000,190.000,17.000,11.000
359.000,190.000,16.000,11.000
358.000,190.000,16.000,11.000
358.000,190.000,16.000,11.000
357.000,190.000,16.000,11.000
