1434.0 381.99999999999994 362.0 124.0
1449.0 371.99999999999994 362.0 124.0
1469.0 351.99999999999994 362.0 124.0
1494.0 341.99999999999994 362.0 124.0
1504.0 331.99999999999994 362.0 124.0
1524.0 321.99999999999994 362.0 124.0
1544.0 331.99999999999994 362.0 124.0
1494.0 361.99999999999994 362.0 124.0
1439.0 376.99999999999994 362.0 124.0
1304.0 426.99999999999994 362.0 124.0
1204.0 416.99999999999994 362.0 124.0
1049.0 406.99999999999994 362.0 124.0
954.0 406.99999999999994 362.0 124.0
889.0 431.99999999999994 362.0 124.0
839.0 451.99999999999994 362.0 124.0
774.0 461.99999999999994 362.0 124.0
714.0 471.99999999999994 362.0 124.0
644.0 511.99999999999994 362.0 124.0
564.0 542.0 362.0 124.0
489.0 582.0 362.0 124.0
439.0 552.0 362.0 124.0
384.0 547.0 362.0 124.0
324.0 547.0 362.0 124.0
264.0 527.0 362.0 124.0
194.0 497.0 362.0 124.0
108.99999999999999 462.0 362.0 124.0
38.999999999999986 437.0 362.0 124.0
-21.000000000000014 472.0 362.0 124.0
-91.00000000000001 462.0 362.0 124.0
-171.0 472.0 362.0 124.0
-166.0 502.0 362.0 124.0
-236.0 512.0 362.0 124.0
-271.0 537.0 362.0 124.0
-291.0 557.0 362.0 124.0
-246.0 552.0 362.0 124.0
-256.0 557.0 362.0 124.0
-246.0 562.0 362.0 124.0
-231.0 572.0 362.0 124.0
-226.0 582.0 362.0 124.0
-221.0 582.0 362.0 124.0
-236.0 582.0 362.0 124.0
-236.0 577.0 362.0 124.0
-236.0 582.0 362.0 124.0
-236.0 587.0 362.0 124.0
-231.0 592.0 362.0 124.0
-236.0 592.0 362.0 124.0
-236.0 602.0 362.0 124.0
-226.0 612.0 362.0 124.0
-236.0 612.0 362.0 124.0
-231.0 612.0 362.0 124.0
-226.0 617.0 362.0 124.0
-226.0 627.0 362.0 124.0
-236.0 632.0 362.0 124.0
-226.0 632.0 362.0 124.0
-226.0 627.0 362.0 124.0
-231.0 627.0 362.0 124.0
-236.0 627.0 362.0 124.0
-236.0 627.0 362.0 124.0
-236.0 627.0 362.0 124.0
-236.0 627.0 362.0 124.0
-231.0 627.0 362.0 124.0
-236.0 627.0 362.0 124.0
-231.0 622.0 362.0 124.0
-236.0 622.0 362.0 124.0
-236.0 622.0 362.0 124.0
-231.0 632.0 362.0 124.0
-241.0 637.0 362.0 124.0
-231.0 647.0 362.0 124.0
-236.0 652.0 362.0 124.0
-236.0 662.0 362.0 124.0
-236.0 667.0 362.0 124.0
-236.0 672.0 362.0 124.0
-236.0 677.0 362.0 124.0
-236.0 677.0 362.0 124.0
-246.0 677.0 362.0 124.0
-236.0 682.0 362.0 124.0
-221.0 672.0 362.0 124.0
-261.0 672.0 362.0 124.0
-246.0 672.0 362.0 124.0
-241.0 672.0 362.0 124.0
-241.0 662.0 362.0 124.0
-241.0 647.0 362.0 124.0
-241.0 647.0 362.0 124.0
-246.0 657.0 362.0 124.0
-241.0 677.0 362.0 124.0
-251.0 697.0 362.0 124.0
-266.0 707.0 362.0 124.0
-261.0 712.0 362.0 124.0
-246.0 722.0 362.0 124.0
-246.0 727.0 362.0 124.0
-246.0 732.0 362.0 124.0
-246.0 737.0 362.0 124.0
-246.0 737.0 362.0 124.0
-241.0 732.0 362.0 124.0
-236.0 722.0 362.0 124.0
-241.0 707.0 362.0 124.0
-241.0 702.0 362.0 124.0
-241.0 702.0 362.0 124.0
-241.0 702.0 362.0 124.0
-251.0 697.0 362.0 124.0
-256.0 687.0 362.0 124.0
-251.0 677.0 362.0 124.0
-271.0 667.0 362.0 124.0
-271.0 657.0 362.0 124.0
-276.0 657.0 362.0 124.0
-261.0 662.0 362.0 124.0
-281.0 672.0 362.0 124.0
-271.0 672.0 362.0 124.0
-256.0 667.0 362.0 124.0
-246.0 687.0 362.0 124.0
-246.0 697.0 362.0 124.0
-246.0 702.0 362.0 124.0
-241.0 697.0 362.0 124.0
-241.0 697.0 362.0 124.0
-236.0 712.0 362.0 124.0
-236.0 722.0 362.0 124.0
-241.0 727.0 362.0 124.0
-236.0 732.0 362.0 124.0
