59.0 315.0 52.0 22.0
69.0 315.0 52.0 22.0
84.0 315.0 52.0 22.0
104.0 315.0 52.0 22.0
109.0 315.0 52.0 22.0
124.0 315.0 52.0 22.0
139.0 320.0 52.0 22.0
154.0 320.0 52.0 22.0
174.0 320.0 52.0 22.0
189.0 320.0 52.0 22.0
204.0 320.0 52.0 22.0
219.0 320.0 52.0 22.0
234.0 320.0 52.0 22.0
244.0 320.0 52.0 22.0
259.0 320.0 52.0 22.0
274.0 320.0 52.0 22.0
289.0 325.0 52.0 22.0
309.0 325.0 52.0 22.0
324.0 325.0 52.0 22.0
344.0 325.0 52.0 22.0
354.0 325.0 52.0 22.0
364.0 325.0 52.0 22.0
379.0 325.0 52.0 22.0
394.0 325.0 52.0 22.0
409.0 325.0 52.0 22.0
424.0 330.0 52.0 22.0
439.0 330.0 52.0 22.0
454.0 330.0 52.0 22.0
469.0 330.0 52.0 22.0
484.0 330.0 52.0 22.0
499.0 330.0 52.0 22.0
514.0 330.0 52.0 22.0
529.0 330.0 52.0 22.0
544.0 335.0 52.0 22.0
559.0 335.0 52.0 22.0
574.0 335.0 52.0 22.0
589.0 335.0 52.0 22.0
604.0 335.0 52.0 22.0
614.0 335.0 52.0 22.0
634.0 335.0 52.0 22.0
644.0 335.0 52.0 22.0
654.0 335.0 52.0 22.0
674.0 340.0 52.0 22.0
689.0 340.0 52.0 22.0
704.0 340.0 52.0 22.0
719.0 340.0 52.0 22.0
729.0 340.0 52.0 22.0
744.0 340.0 52.0 22.0
759.0 340.0 52.0 22.0
774.0 340.0 52.0 22.0
789.0 340.0 52.0 22.0
804.0 340.0 52.0 22.0
819.0 340.0 52.0 22.0
829.0 340.0 52.0 22.0
844.0 340.0 52.0 22.0
859.0 345.0 52.0 22.0
874.0 345.0 52.0 22.0
889.0 345.0 52.0 22.0
904.0 345.0 52.0 22.0
919.0 345.0 52.0 22.0
929.0 345.0 52.0 22.0
939.0 345.0 52.0 22.0
954.0 345.0 52.0 22.0
969.0 345.0 52.0 22.0
979.0 345.0 52.0 22.0
999.0 350.0 52.0 22.0
1014.0 350.0 52.0 22.0
1029.0 350.0 52.0 22.0
1044.0 350.0 52.0 22.0
1054.0 350.0 52.0 22.0
1069.0 350.0 52.0 22.0
1084.0 350.0 52.0 22.0
1094.0 350.0 52.0 22.0
1109.0 350.0 52.0 22.0
1119.0 350.0 52.0 22.0
1134.0 350.0 52.0 22.0
1149.0 355.0 52.0 22.0
1164.0 355.0 52.0 22.0
1179.0 355.0 52.0 22.0
1184.0 355.0 52.0 22.0
1204.0 355.0 52.0 22.0
1219.0 355.0 52.0 22.0
1234.0 360.0 52.0 22.0
1249.0 360.0 52.0 22.0
1259.0 360.0 52.0 22.0
1269.0 360.0 52.0 22.0
1289.0 360.0 52.0 22.0
1299.0 360.0 52.0 22.0
1314.0 360.0 52.0 22.0
1324.0 370.0 52.0 22.0
1334.0 380.0 52.0 22.0
1349.0 385.0 52.0 22.0
1364.0 390.0 52.0 22.0
1364.0 390.0 52.0 22.0
1374.0 390.0 52.0 22.0
