1139.5 552.5 47.0 115.0
1139.5 547.5 47.0 115.0
1139.5 552.5 47.0 115.0
1139.5 532.5 47.0 115.0
1134.5 522.5 47.0 115.0
1134.5 522.5 47.0 115.0
1134.5 522.5 47.0 115.0
1134.5 512.5 47.0 115.0
1144.5 512.5 47.0 115.0
1149.5 502.5 47.0 115.0
1149.5 497.5 47.0 115.0
1129.5 492.5 47.0 115.0
1119.5 497.5 47.0 115.0
1109.5 507.5 47.0 115.0
1109.5 527.5 47.0 115.0
1104.5 532.5 47.0 115.0
1104.5 537.5 47.0 115.0
1104.5 532.5 47.0 115.0
1104.5 527.5 47.0 115.0
1109.5 532.5 47.0 115.0
1114.5 522.5 47.0 115.0
1114.5 507.5 47.0 115.0
1119.5 502.5 47.0 115.0
1129.5 507.5 47.0 115.0
1144.5 512.5 47.0 115.0
1149.5 527.5 47.0 115.0
1154.5 532.5 47.0 115.0
1154.5 532.5 47.0 115.0
1144.5 527.5 47.0 115.0
1144.5 517.5 47.0 115.0
1139.5 517.5 47.0 115.0
1134.5 532.5 47.0 115.0
1144.5 542.5 47.0 115.0
1139.5 547.5 47.0 115.0
1134.5 562.5 47.0 115.0
1119.5 537.5 47.0 115.0
1119.5 522.5 47.0 115.0
1124.5 527.5 47.0 115.0
1139.5 582.5 47.0 115.0
1139.5 587.5 47.0 115.0
1134.5 597.5 47.0 115.0
1134.5 597.5 47.0 115.0
1134.5 602.5 47.0 115.0
1139.5 627.5 47.0 115.0
1134.5 627.5 47.0 115.0
1124.5 622.5 47.0 115.0
1119.5 587.5 47.0 115.0
1119.5 587.5 47.0 115.0
1114.5 577.5 47.0 115.0
1119.5 552.5 47.0 115.0
1114.5 537.5 47.0 115.0
1094.5 547.5 47.0 115.0
1074.5 537.5 47.0 115.0
1079.5 572.5 47.0 115.0
1064.5 572.5 47.0 115.0
1039.5 532.5 47.0 115.0
1034.5 527.5 47.0 115.0
1029.5 557.5 47.0 115.0
1024.5 567.5 47.0 115.0
1024.5 567.5 47.0 115.0
1034.5 547.5 47.0 115.0
1039.5 552.5 47.0 115.0
1039.5 542.5 47.0 115.0
1044.5 577.5 47.0 115.0
1044.5 587.5 47.0 115.0
1049.5 617.5 47.0 115.0
1054.5 617.5 47.0 115.0
1054.5 627.5 47.0 115.0
1049.5 612.5 47.0 115.0
1034.5 582.5 47.0 115.0
1029.5 547.5 47.0 115.0
1014.5 567.5 47.0 115.0
1009.5 542.5 47.0 115.0
1009.5 527.5 47.0 115.0
1009.5 517.5 47.0 115.0
1009.5 512.5 47.0 115.0
999.5 522.5 47.0 115.0
999.5 512.5 47.0 115.0
989.5 482.5 47.0 115.0
994.5 477.5 47.0 115.0
999.5 507.5 47.0 115.0
1014.5 552.5 47.0 115.0
1019.5 552.5 47.0 115.0
1009.5 502.5 47.0 115.0
994.5 447.5 47.0 115.0
979.5 387.5 47.0 115.0
964.5 337.5 47.0 115.0
954.5 292.5 47.0 115.0
939.5 222.5 47.0 115.0
924.5 147.5 47.0 115.0
909.5 117.5 47.0 115.0
904.5 162.5 47.0 115.0
924.5 142.5 47.0 115.0
914.5 62.5 47.0 115.0
919.5 -22.5 47.0 115.0
919.5 2.5 47.0 115.0
