161.5 947.0 61.0 132.0
156.5 897.0 61.0 132.0
196.5 842.0 61.0 132.0
216.5 802.0 61.0 132.0
206.5 767.0 61.0 132.0
206.5 727.0 61.0 132.0
221.5 702.0 61.0 132.0
231.5 697.0 61.0 132.0
236.5 712.0 61.0 132.0
231.5 737.0 61.0 132.0
226.5 772.0 61.0 132.0
226.5 822.0 61.0 132.0
261.5 862.0 61.0 132.0
291.5 877.0 61.0 132.0
291.5 897.0 61.0 132.0
296.5 907.0 61.0 132.0
296.5 927.0 61.0 132.0
301.5 937.0 61.0 132.0
311.5 952.0 61.0 132.0
316.5 952.0 61.0 132.0
316.5 947.0 61.0 132.0
321.50000000000006 957.0 61.0 132.0
331.50000000000006 957.0 61.0 132.0
336.50000000000006 957.0 61.0 132.0
341.50000000000006 967.0 61.0 132.0
351.50000000000006 967.0 61.0 132.0
361.50000000000006 972.0 61.0 132.0
376.50000000000006 967.0 61.0 132.0
386.50000000000006 967.0 61.0 132.0
396.50000000000006 967.0 61.0 132.0
416.50000000000006 957.0 61.0 132.0
416.50000000000006 932.0 61.0 132.0
406.50000000000006 882.0 61.0 132.0
381.50000000000006 872.0 61.0 132.0
361.50000000000006 842.0 61.0 132.0
371.50000000000006 817.0 61.0 132.0
381.50000000000006 812.0 61.0 132.0
401.50000000000006 797.0 61.0 132.0
436.50000000000006 757.0 61.0 132.0
466.50000000000006 732.0 61.0 132.0
491.50000000000006 732.0 61.0 132.0
511.50000000000006 722.0 61.0 132.0
521.5 707.0 61.0 132.0
531.5 702.0 61.0 132.0
541.5 712.0 61.0 132.0
551.5 722.0 61.0 132.0
566.5 712.0 61.0 132.0
576.5 702.0 61.0 132.0
586.5 712.0 61.0 132.0
596.5 717.0 61.0 132.0
606.5 707.0 61.0 132.0
616.5 702.0 61.0 132.0
626.5 702.0 61.0 132.0
636.5 702.0 61.0 132.0
651.5 697.0 61.0 132.0
661.5 697.0 61.0 132.0
681.5 697.0 61.0 132.0
701.5 677.0 61.0 132.0
711.5 672.0 61.0 132.0
721.5 677.0 61.0 132.0
731.5 687.0 61.0 132.0
751.5 677.0 61.0 132.0
771.5 667.0 61.0 132.0
781.5 672.0 61.0 132.0
796.5 677.0 61.0 132.0
801.5 687.0 61.0 132.0
801.5 692.0 61.0 132.0
811.5 687.0 61.0 132.0
816.5 692.0 61.0 132.0
816.5 697.0 61.0 132.0
811.5 692.0 61.0 132.0
806.5 662.0 61.0 132.0
801.5 622.0 61.0 132.0
796.5 607.0 61.0 132.0
791.5 607.0 61.0 132.0
786.5 597.0 61.0 132.0
781.5 577.0 61.0 132.0
776.5 572.0 61.0 132.0
771.5 582.0 61.0 132.0
776.5 587.0 61.0 132.0
786.5 577.0 61.0 132.0
796.5 567.0 61.0 132.0
801.5 552.0 61.0 132.0
811.5 547.0 61.0 132.0
816.5 537.0 61.0 132.0
816.5 522.0 61.0 132.0
811.5 517.0 61.0 132.0
811.5 522.0 61.0 132.0
811.5 522.0 61.0 132.0
811.5 527.0 61.0 132.0
811.5 522.0 61.0 132.0
806.5 517.0 61.0 132.0
801.5 517.0 61.0 132.0
796.5 511.99999999999994 61.0 132.0
791.5 506.99999999999994 61.0 132.0
781.5 511.99999999999994 61.0 132.0
776.5 517.0 61.0 132.0
776.5 517.0 61.0 132.0
776.5 522.0 61.0 132.0
776.5 517.0 61.0 132.0
771.5 501.99999999999994 61.0 132.0
766.5 496.99999999999994 61.0 132.0
756.5 486.99999999999994 61.0 132.0
746.5 481.99999999999994 61.0 132.0
736.5 486.99999999999994 61.0 132.0
731.5 491.99999999999994 61.0 132.0
721.5 491.99999999999994 61.0 132.0
716.5 496.99999999999994 61.0 132.0
711.5 501.99999999999994 61.0 132.0
706.5 517.0 61.0 132.0
711.5 522.0 61.0 132.0
716.5 527.0 61.0 132.0
711.5 527.0 61.0 132.0
706.5 517.0 61.0 132.0
696.5 506.99999999999994 61.0 132.0
681.5 491.99999999999994 61.0 132.0
671.5 491.99999999999994 61.0 132.0
661.5 491.99999999999994 61.0 132.0
651.5 491.99999999999994 61.0 132.0
641.5 486.99999999999994 61.0 132.0
631.5 486.99999999999994 61.0 132.0
621.5 491.99999999999994 61.0 132.0
611.5 496.99999999999994 61.0 132.0
591.5 496.99999999999994 61.0 132.0
576.5 491.99999999999994 61.0 132.0
561.5 496.99999999999994 61.0 132.0
546.5 496.99999999999994 61.0 132.0
526.5 481.99999999999994 61.0 132.0
511.50000000000006 476.99999999999994 61.0 132.0
496.50000000000006 476.99999999999994 61.0 132.0
496.50000000000006 431.99999999999994 61.0 132.0
501.50000000000006 421.99999999999994 61.0 132.0
511.50000000000006 421.99999999999994 61.0 132.0
526.5 431.99999999999994 61.0 132.0
536.5 446.99999999999994 61.0 132.0
541.5 466.99999999999994 61.0 132.0
546.5 491.99999999999994 61.0 132.0
551.5 506.99999999999994 61.0 132.0
556.5 527.0 61.0 132.0
561.5 542.0 61.0 132.0
566.5 557.0 61.0 132.0
566.5 572.0 61.0 132.0
561.5 587.0 61.0 132.0
556.5 602.0 61.0 132.0
546.5 622.0 61.0 132.0
541.5 637.0 61.0 132.0
536.5 657.0 61.0 132.0
541.5 667.0 61.0 132.0
536.5 677.0 61.0 132.0
531.5 682.0 61.0 132.0
526.5 692.0 61.0 132.0
516.5 687.0 61.0 132.0
506.50000000000006 667.0 61.0 132.0
496.50000000000006 652.0 61.0 132.0
491.50000000000006 637.0 61.0 132.0
481.50000000000006 627.0 61.0 132.0
476.50000000000006 617.0 61.0 132.0
471.50000000000006 612.0 61.0 132.0
466.50000000000006 622.0 61.0 132.0
456.50000000000006 632.0 61.0 132.0
451.50000000000006 637.0 61.0 132.0
436.50000000000006 642.0 61.0 132.0
426.50000000000006 652.0 61.0 132.0
421.50000000000006 652.0 61.0 132.0
421.50000000000006 652.0 61.0 132.0
421.50000000000006 637.0 61.0 132.0
426.50000000000006 632.0 61.0 132.0
431.50000000000006 632.0 61.0 132.0
431.50000000000006 627.0 61.0 132.0
426.50000000000006 637.0 61.0 132.0
416.50000000000006 637.0 61.0 132.0
406.50000000000006 637.0 61.0 132.0
396.50000000000006 632.0 61.0 132.0
386.50000000000006 627.0 61.0 132.0
376.50000000000006 612.0 61.0 132.0
366.50000000000006 622.0 61.0 132.0
366.50000000000006 642.0 61.0 132.0
366.50000000000006 657.0 61.0 132.0
361.50000000000006 652.0 61.0 132.0
351.50000000000006 637.0 61.0 132.0
341.50000000000006 612.0 61.0 132.0
336.50000000000006 582.0 61.0 132.0
331.50000000000006 542.0 61.0 132.0
321.50000000000006 496.99999999999994 61.0 132.0
316.5 451.99999999999994 61.0 132.0
311.5 416.99999999999994 61.0 132.0
316.5 416.99999999999994 61.0 132.0
331.50000000000006 441.99999999999994 61.0 132.0
366.50000000000006 481.99999999999994 61.0 132.0
406.50000000000006 532.0 61.0 132.0
411.50000000000006 522.0 61.0 132.0
401.50000000000006 537.0 61.0 132.0
386.50000000000006 532.0 61.0 132.0
371.50000000000006 517.0 61.0 132.0
376.50000000000006 506.99999999999994 61.0 132.0
376.50000000000006 491.99999999999994 61.0 132.0
376.50000000000006 481.99999999999994 61.0 132.0
376.50000000000006 456.99999999999994 61.0 132.0
376.50000000000006 446.99999999999994 61.0 132.0
381.50000000000006 451.99999999999994 61.0 132.0
376.50000000000006 451.99999999999994 61.0 132.0
376.50000000000006 401.99999999999994 61.0 132.0
371.50000000000006 396.99999999999994 61.0 132.0
371.50000000000006 391.99999999999994 61.0 132.0
371.50000000000006 386.99999999999994 61.0 132.0
376.50000000000006 381.99999999999994 61.0 132.0
381.50000000000006 376.99999999999994 61.0 132.0
381.50000000000006 371.99999999999994 61.0 132.0
