778.0 557.5 44.0 25.0
778.0 557.5 44.0 25.0
778.0 557.5 44.0 25.0
778.0 557.5 44.0 25.0
778.0 557.5 44.0 25.0
783.0 557.5 44.0 25.0
793.0 552.5 44.0 25.0
778.0 557.5 44.0 25.0
788.0 557.5 44.0 25.0
788.0 557.5 44.0 25.0
788.0 557.5 44.0 25.0
788.0 557.5 44.0 25.0
788.0 557.5 44.0 25.0
788.0 557.5 44.0 25.0
788.0 557.5 44.0 25.0
788.0 557.5 44.0 25.0
783.0 557.5 44.0 25.0
783.0 557.5 44.0 25.0
783.0 557.5 44.0 25.0
783.0 557.5 44.0 25.0
788.0 557.5 44.0 25.0
788.0 557.5 44.0 25.0
788.0 557.5 44.0 25.0
783.0 557.5 44.0 25.0
778.0 562.5 44.0 25.0
788.0 562.5 44.0 25.0
788.0 562.5 44.0 25.0
783.0 562.5 44.0 25.0
783.0 557.5 44.0 25.0
773.0 557.5 44.0 25.0
773.0 562.5 44.0 25.0
768.0 557.5 44.0 25.0
773.0 552.5 44.0 25.0
773.0 547.5 44.0 25.0
773.0 547.5 44.0 25.0
773.0 547.5 44.0 25.0
783.0 547.5 44.0 25.0
783.0 547.5 44.0 25.0
783.0 547.5 44.0 25.0
778.0 552.5 44.0 25.0
778.0 552.5 44.0 25.0
778.0 557.5 44.0 25.0
778.0 557.5 44.0 25.0
778.0 557.5 44.0 25.0
778.0 557.5 44.0 25.0
778.0 557.5 44.0 25.0
778.0 557.5 44.0 25.0
778.0 557.5 44.0 25.0
778.0 557.5 44.0 25.0
773.0 557.5 44.0 25.0
773.0 557.5 44.0 25.0
773.0 557.5 44.0 25.0
768.0 552.5 44.0 25.0
763.0 552.5 44.0 25.0
763.0 552.5 44.0 25.0
758.0 552.5 44.0 25.0
758.0 552.5 44.0 25.0
758.0 552.5 44.0 25.0
758.0 552.5 44.0 25.0
758.0 552.5 44.0 25.0
758.0 552.5 44.0 25.0
758.0 557.5 44.0 25.0
758.0 562.5 44.0 25.0
758.0 562.5 44.0 25.0
758.0 562.5 44.0 25.0
758.0 562.5 44.0 25.0
758.0 562.5 44.0 25.0
758.0 562.5 44.0 25.0
758.0 562.5 44.0 25.0
753.0 562.5 44.0 25.0
753.0 562.5 44.0 25.0
748.0 562.5 44.0 25.0
748.0 562.5 44.0 25.0
748.0 562.5 44.0 25.0
748.0 562.5 44.0 25.0
748.0 557.5 44.0 25.0
748.0 557.5 44.0 25.0
748.0 557.5 44.0 25.0
748.0 557.5 44.0 25.0
748.0 557.5 44.0 25.0
748.0 557.5 44.0 25.0
748.0 557.5 44.0 25.0
743.0 557.5 44.0 25.0
743.0 557.5 44.0 25.0
743.0 557.5 44.0 25.0
743.0 557.5 44.0 25.0
738.0 557.5 44.0 25.0
738.0 557.5 44.0 25.0
743.0 557.5 44.0 25.0
743.0 557.5 44.0 25.0
738.0 557.5 44.0 25.0
743.0 557.5 44.0 25.0
743.0 562.5 44.0 25.0
743.0 562.5 44.0 25.0
733.0 557.5 44.0 25.0
733.0 557.5 44.0 25.0
733.0 557.5 44.0 25.0
733.0 557.5 44.0 25.0
733.0 557.5 44.0 25.0
733.0 557.5 44.0 25.0
733.0 557.5 44.0 25.0
733.0 557.5 44.0 25.0
733.0 557.5 44.0 25.0
733.0 557.5 44.0 25.0
733.0 557.5 44.0 25.0
733.0 557.5 44.0 25.0
738.0 557.5 44.0 25.0
738.0 557.5 44.0 25.0
738.0 557.5 44.0 25.0
738.0 557.5 44.0 25.0
738.0 557.5 44.0 25.0
738.0 562.5 44.0 25.0
738.0 562.5 44.0 25.0
738.0 562.5 44.0 25.0
738.0 562.5 44.0 25.0
738.0 562.5 44.0 25.0
738.0 562.5 44.0 25.0
738.0 562.5 44.0 25.0
738.0 562.5 44.0 25.0
738.0 562.5 44.0 25.0
738.0 562.5 44.0 25.0
738.0 562.5 44.0 25.0
738.0 562.5 44.0 25.0
738.0 562.5 44.0 25.0
743.0 562.5 44.0 25.0
743.0 562.5 44.0 25.0
743.0 562.5 44.0 25.0
743.0 562.5 44.0 25.0
743.0 562.5 44.0 25.0
743.0 562.5 44.0 25.0
743.0 562.5 44.0 25.0
743.0 562.5 44.0 25.0
743.0 562.5 44.0 25.0
743.0 562.5 44.0 25.0
743.0 562.5 44.0 25.0
743.0 562.5 44.0 25.0
743.0 562.5 44.0 25.0
743.0 562.5 44.0 25.0
743.0 562.5 44.0 25.0
743.0 562.5 44.0 25.0
743.0 562.5 44.0 25.0
743.0 562.5 44.0 25.0
743.0 562.5 44.0 25.0
743.0 562.5 44.0 25.0
743.0 562.5 44.0 25.0
743.0 562.5 44.0 25.0
743.0 562.5 44.0 25.0
743.0 562.5 44.0 25.0
743.0 562.5 44.0 25.0
743.0 562.5 44.0 25.0
743.0 562.5 44.0 25.0
743.0 562.5 44.0 25.0
743.0 562.5 44.0 25.0
743.0 562.5 44.0 25.0
743.0 562.5 44.0 25.0
743.0 562.5 44.0 25.0
743.0 562.5 44.0 25.0
743.0 562.5 44.0 25.0
743.0 562.5 44.0 25.0
743.0 562.5 44.0 25.0
743.0 562.5 44.0 25.0
743.0 562.5 44.0 25.0
743.0 562.5 44.0 25.0
743.0 562.5 44.0 25.0
743.0 562.5 44.0 25.0
743.0 562.5 44.0 25.0
743.0 562.5 44.0 25.0
743.0 562.5 44.0 25.0
743.0 562.5 44.0 25.0
743.0 562.5 44.0 25.0
743.0 562.5 44.0 25.0
743.0 562.5 44.0 25.0
743.0 562.5 44.0 25.0
743.0 562.5 44.0 25.0
743.0 562.5 44.0 25.0
743.0 562.5 44.0 25.0
743.0 562.5 44.0 25.0
743.0 562.5 44.0 25.0
743.0 562.5 44.0 25.0
743.0 562.5 44.0 25.0
743.0 562.5 44.0 25.0
743.0 562.5 44.0 25.0
743.0 562.5 44.0 25.0
743.0 562.5 44.0 25.0
743.0 562.5 44.0 25.0
743.0 562.5 44.0 25.0
743.0 562.5 44.0 25.0
743.0 562.5 44.0 25.0
743.0 562.5 44.0 25.0
743.0 562.5 44.0 25.0
743.0 562.5 44.0 25.0
743.0 562.5 44.0 25.0
743.0 562.5 44.0 25.0
743.0 562.5 44.0 25.0
743.0 562.5 44.0 25.0
743.0 562.5 44.0 25.0
743.0 562.5 44.0 25.0
743.0 562.5 44.0 25.0
743.0 562.5 44.0 25.0
743.0 562.5 44.0 25.0
743.0 562.5 44.0 25.0
743.0 562.5 44.0 25.0
743.0 562.5 44.0 25.0
743.0 562.5 44.0 25.0
743.0 562.5 44.0 25.0
743.0 562.5 44.0 25.0
743.0 562.5 44.0 25.0
743.0 562.5 44.0 25.0
743.0 562.5 44.0 25.0
743.0 562.5 44.0 25.0
743.0 562.5 44.0 25.0
743.0 562.5 44.0 25.0
743.0 562.5 44.0 25.0
743.0 562.5 44.0 25.0
743.0 562.5 44.0 25.0
743.0 562.5 44.0 25.0
743.0 562.5 44.0 25.0
743.0 562.5 44.0 25.0
743.0 562.5 44.0 25.0
743.0 562.5 44.0 25.0
743.0 562.5 44.0 25.0
743.0 562.5 44.0 25.0
743.0 562.5 44.0 25.0
743.0 562.5 44.0 25.0
743.0 562.5 44.0 25.0
743.0 562.5 44.0 25.0
743.0 562.5 44.0 25.0
743.0 562.5 44.0 25.0
743.0 562.5 44.0 25.0
743.0 562.5 44.0 25.0
743.0 562.5 44.0 25.0
743.0 562.5 44.0 25.0
743.0 562.5 44.0 25.0
743.0 562.5 44.0 25.0
743.0 562.5 44.0 25.0
743.0 562.5 44.0 25.0
743.0 562.5 44.0 25.0
743.0 562.5 44.0 25.0
743.0 562.5 44.0 25.0
743.0 562.5 44.0 25.0
743.0 562.5 44.0 25.0
743.0 562.5 44.0 25.0
743.0 562.5 44.0 25.0
743.0 562.5 44.0 25.0
743.0 562.5 44.0 25.0
743.0 562.5 44.0 25.0
743.0 562.5 44.0 25.0
743.0 562.5 44.0 25.0
743.0 562.5 44.0 25.0
743.0 562.5 44.0 25.0
743.0 562.5 44.0 25.0
743.0 562.5 44.0 25.0
743.0 562.5 44.0 25.0
743.0 562.5 44.0 25.0
743.0 562.5 44.0 25.0
743.0 562.5 44.0 25.0
743.0 562.5 44.0 25.0
743.0 562.5 44.0 25.0
743.0 562.5 44.0 25.0
743.0 562.5 44.0 25.0
743.0 562.5 44.0 25.0
743.0 562.5 44.0 25.0
743.0 562.5 44.0 25.0
743.0 562.5 44.0 25.0
743.0 562.5 44.0 25.0
743.0 562.5 44.0 25.0
743.0 562.5 44.0 25.0
743.0 562.5 44.0 25.0
743.0 562.5 44.0 25.0
743.0 562.5 44.0 25.0
743.0 562.5 44.0 25.0
743.0 562.5 44.0 25.0
743.0 562.5 44.0 25.0
743.0 562.5 44.0 25.0
743.0 562.5 44.0 25.0
743.0 562.5 44.0 25.0
743.0 562.5 44.0 25.0
743.0 562.5 44.0 25.0
743.0 562.5 44.0 25.0
743.0 562.5 44.0 25.0
743.0 562.5 44.0 25.0
743.0 562.5 44.0 25.0
743.0 562.5 44.0 25.0
743.0 562.5 44.0 25.0
743.0 562.5 44.0 25.0
743.0 562.5 44.0 25.0
743.0 562.5 44.0 25.0
743.0 562.5 44.0 25.0
743.0 562.5 44.0 25.0
743.0 562.5 44.0 25.0
743.0 562.5 44.0 25.0
743.0 562.5 44.0 25.0
743.0 562.5 44.0 25.0
743.0 562.5 44.0 25.0
743.0 562.5 44.0 25.0
743.0 562.5 44.0 25.0
743.0 562.5 44.0 25.0
743.0 562.5 44.0 25.0
743.0 562.5 44.0 25.0
743.0 562.5 44.0 25.0
