1051.5 443.0 79.0 22.0
1051.5 448.0 79.0 22.0
1051.5 448.0 79.0 22.0
1041.5 443.0 79.0 22.0
1041.5 448.0 79.0 22.0
1041.5 448.0 79.0 22.0
1026.5 448.0 79.0 22.0
1021.4999999999999 448.0 79.0 22.0
1011.4999999999999 448.0 79.0 22.0
1001.4999999999999 453.0 79.0 22.0
1001.4999999999999 453.0 79.0 22.0
996.4999999999999 453.0 79.0 22.0
996.4999999999999 453.0 79.0 22.0
986.4999999999999 453.0 79.0 22.0
986.4999999999999 453.0 79.0 22.0
971.4999999999999 453.0 79.0 22.0
971.4999999999999 453.0 79.0 22.0
961.4999999999999 453.0 79.0 22.0
961.4999999999999 453.0 79.0 22.0
956.4999999999999 453.0 79.0 22.0
956.4999999999999 453.0 79.0 22.0
946.4999999999999 453.0 79.0 22.0
946.4999999999999 453.0 79.0 22.0
941.4999999999999 453.0 79.0 22.0
936.4999999999999 453.0 79.0 22.0
926.4999999999999 453.0 79.0 22.0
926.4999999999999 453.0 79.0 22.0
911.4999999999999 458.0 79.0 22.0
911.4999999999999 458.0 79.0 22.0
906.4999999999999 458.0 79.0 22.0
906.4999999999999 458.0 79.0 22.0
901.4999999999999 458.0 79.0 22.0
891.4999999999999 458.0 79.0 22.0
876.4999999999999 458.0 79.0 22.0
876.4999999999999 458.0 79.0 22.0
871.4999999999999 458.0 79.0 22.0
871.4999999999999 458.0 79.0 22.0
856.4999999999999 458.0 79.0 22.0
856.4999999999999 458.0 79.0 22.0
846.4999999999999 458.0 79.0 22.0
846.4999999999999 458.0 79.0 22.0
836.4999999999999 458.0 79.0 22.0
836.4999999999999 458.0 79.0 22.0
836.4999999999999 458.0 79.0 22.0
836.4999999999999 458.0 79.0 22.0
831.4999999999999 458.0 79.0 22.0
831.4999999999999 458.0 79.0 22.0
816.4999999999999 458.0 79.0 22.0
816.4999999999999 458.0 79.0 22.0
811.4999999999999 458.0 79.0 22.0
796.4999999999999 458.0 79.0 22.0
796.4999999999999 458.0 79.0 22.0
796.4999999999999 458.0 79.0 22.0
781.4999999999999 458.0 79.0 22.0
776.4999999999999 458.0 79.0 22.0
771.4999999999999 458.0 79.0 22.0
766.4999999999999 458.0 79.0 22.0
761.4999999999999 458.0 79.0 22.0
746.4999999999999 458.0 79.0 22.0
746.4999999999999 458.0 79.0 22.0
746.4999999999999 458.0 79.0 22.0
731.4999999999999 458.0 79.0 22.0
721.4999999999999 458.0 79.0 22.0
721.4999999999999 458.0 79.0 22.0
721.4999999999999 458.0 79.0 22.0
721.4999999999999 458.0 79.0 22.0
721.4999999999999 458.0 79.0 22.0
706.4999999999999 458.0 79.0 22.0
691.4999999999999 458.0 79.0 22.0
691.4999999999999 458.0 79.0 22.0
691.4999999999999 458.0 79.0 22.0
676.4999999999999 458.0 79.0 22.0
676.4999999999999 458.0 79.0 22.0
661.4999999999999 458.0 79.0 22.0
656.4999999999999 458.0 79.0 22.0
656.4999999999999 458.0 79.0 22.0
656.4999999999999 458.0 79.0 22.0
656.4999999999999 458.0 79.0 22.0
641.4999999999999 458.0 79.0 22.0
626.4999999999999 458.0 79.0 22.0
626.4999999999999 458.0 79.0 22.0
626.4999999999999 458.0 79.0 22.0
626.4999999999999 458.0 79.0 22.0
611.4999999999999 458.0 79.0 22.0
606.4999999999999 458.0 79.0 22.0
601.4999999999999 458.0 79.0 22.0
586.4999999999999 458.0 79.0 22.0
586.4999999999999 458.0 79.0 22.0
586.4999999999999 458.0 79.0 22.0
586.4999999999999 458.0 79.0 22.0
576.4999999999999 458.0 79.0 22.0
576.4999999999999 458.0 79.0 22.0
561.4999999999999 458.0 79.0 22.0
561.4999999999999 458.0 79.0 22.0
546.4999999999999 458.0 79.0 22.0
546.4999999999999 458.0 79.0 22.0
546.4999999999999 463.0 79.0 22.0
546.4999999999999 458.0 79.0 22.0
546.4999999999999 458.0 79.0 22.0
531.4999999999999 458.0 79.0 22.0
501.4999999999999 458.0 79.0 22.0
486.4999999999999 458.0 79.0 22.0
486.4999999999999 463.0 79.0 22.0
471.4999999999999 463.0 79.0 22.0
471.4999999999999 463.0 79.0 22.0
471.4999999999999 463.0 79.0 22.0
456.4999999999999 463.0 79.0 22.0
456.4999999999999 463.0 79.0 22.0
441.4999999999999 463.0 79.0 22.0
441.4999999999999 463.0 79.0 22.0
436.4999999999999 463.0 79.0 22.0
421.4999999999999 463.0 79.0 22.0
436.4999999999999 463.0 79.0 22.0
436.4999999999999 463.0 79.0 22.0
451.4999999999999 463.0 79.0 22.0
496.4999999999999 463.0 79.0 22.0
526.4999999999999 463.0 79.0 22.0
556.4999999999999 458.0 79.0 22.0
586.4999999999999 458.0 79.0 22.0
601.4999999999999 458.0 79.0 22.0
616.4999999999999 458.0 79.0 22.0
636.4999999999999 458.0 79.0 22.0
656.4999999999999 458.0 79.0 22.0
671.4999999999999 458.0 79.0 22.0
691.4999999999999 453.0 79.0 22.0
706.4999999999999 453.0 79.0 22.0
726.4999999999999 453.0 79.0 22.0
746.4999999999999 453.0 79.0 22.0
751.4999999999999 448.0 79.0 22.0
776.4999999999999 448.0 79.0 22.0
796.4999999999999 448.0 79.0 22.0
816.4999999999999 448.0 79.0 22.0
831.4999999999999 448.0 79.0 22.0
861.4999999999999 448.0 79.0 22.0
881.4999999999999 448.0 79.0 22.0
896.4999999999999 448.0 79.0 22.0
911.4999999999999 448.0 79.0 22.0
926.4999999999999 448.0 79.0 22.0
926.4999999999999 448.0 79.0 22.0
936.4999999999999 448.0 79.0 22.0
951.4999999999999 448.0 79.0 22.0
951.4999999999999 448.0 79.0 22.0
951.4999999999999 448.0 79.0 22.0
951.4999999999999 448.0 79.0 22.0
966.4999999999999 448.0 79.0 22.0
966.4999999999999 448.0 79.0 22.0
981.4999999999999 448.0 79.0 22.0
996.4999999999999 443.0 79.0 22.0
1011.4999999999999 443.0 79.0 22.0
1031.5 443.0 79.0 22.0
1046.5 443.0 79.0 22.0
1061.5 443.0 79.0 22.0
1081.5 443.0 79.0 22.0
1096.5 443.0 79.0 22.0
1111.5 443.0 79.0 22.0
1131.5 443.0 79.0 22.0
1151.5 438.0 79.0 22.0
1181.5 438.0 79.0 22.0
1196.5 438.0 79.0 22.0
1216.5 438.0 79.0 22.0
1231.5 438.0 79.0 22.0
1246.5 438.0 79.0 22.0
1266.5 438.0 79.0 22.0
1281.5 433.0 79.0 22.0
1296.5 433.0 79.0 22.0
1311.5 433.0 79.0 22.0
1321.5 433.0 79.0 22.0
1326.5 433.0 79.0 22.0
1341.5 433.0 79.0 22.0
1346.5 433.0 79.0 22.0
1361.5 433.0 79.0 22.0
1366.5 433.0 79.0 22.0
1381.5 433.0 79.0 22.0
1386.5 433.0 79.0 22.0
1386.5 433.0 79.0 22.0
1396.5 433.0 79.0 22.0
1396.5 433.0 79.0 22.0
1401.5 433.0 79.0 22.0
1401.5 433.0 79.0 22.0
1411.5 433.0 79.0 22.0
1426.5 433.0 79.0 22.0
1426.5 433.0 79.0 22.0
1441.5 428.0 79.0 22.0
1446.5 428.0 79.0 22.0
1446.5 428.0 79.0 22.0
1451.5 428.0 79.0 22.0
1451.5 428.0 79.0 22.0
1446.5 428.0 79.0 22.0
1446.5 428.0 79.0 22.0
1431.5 428.0 79.0 22.0
1431.5 428.0 79.0 22.0
1416.5 428.0 79.0 22.0
1416.5 428.0 79.0 22.0
1401.5 428.0 79.0 22.0
1396.5 428.0 79.0 22.0
1396.5 428.0 79.0 22.0
1391.5 428.0 79.0 22.0
1376.5 428.0 79.0 22.0
1371.5 428.0 79.0 22.0
1366.5 428.0 79.0 22.0
1346.5 433.0 79.0 22.0
1336.5 433.0 79.0 22.0
1326.5 433.0 79.0 22.0
1321.5 433.0 79.0 22.0
1306.5 433.0 79.0 22.0
1301.5 433.0 79.0 22.0
1286.5 433.0 79.0 22.0
1286.5 433.0 79.0 22.0
1281.5 433.0 79.0 22.0
1266.5 433.0 79.0 22.0
1256.5 438.0 79.0 22.0
1256.5 438.0 79.0 22.0
1246.5 438.0 79.0 22.0
1241.5 438.0 79.0 22.0
1241.5 438.0 79.0 22.0
1241.5 438.0 79.0 22.0
1231.5 438.0 79.0 22.0
1226.5 438.0 79.0 22.0
1211.5 438.0 79.0 22.0
1206.5 438.0 79.0 22.0
1201.5 438.0 79.0 22.0
1196.5 438.0 79.0 22.0
1196.5 438.0 79.0 22.0
1196.5 438.0 79.0 22.0
1196.5 438.0 79.0 22.0
1201.5 438.0 79.0 22.0
1201.5 438.0 79.0 22.0
1191.5 438.0 79.0 22.0
1186.5 438.0 79.0 22.0
1181.5 438.0 79.0 22.0
1181.5 438.0 79.0 22.0
1171.5 438.0 79.0 22.0
1171.5 438.0 79.0 22.0
1171.5 438.0 79.0 22.0
1176.5 438.0 79.0 22.0
1181.5 438.0 79.0 22.0
1196.5 438.0 79.0 22.0
1191.5 438.0 79.0 22.0
1186.5 438.0 79.0 22.0
1186.5 438.0 79.0 22.0
1186.5 438.0 79.0 22.0
1186.5 438.0 79.0 22.0
1186.5 438.0 79.0 22.0
1186.5 438.0 79.0 22.0
1171.5 438.0 79.0 22.0
1176.5 438.0 79.0 22.0
1171.5 438.0 79.0 22.0
1171.5 438.0 79.0 22.0
1171.5 438.0 79.0 22.0
1156.5 438.0 79.0 22.0
1146.5 438.0 79.0 22.0
1131.5 438.0 79.0 22.0
1131.5 438.0 79.0 22.0
1116.5 438.0 79.0 22.0
1111.5 438.0 79.0 22.0
1101.5 438.0 79.0 22.0
1096.5 438.0 79.0 22.0
1091.5 438.0 79.0 22.0
1086.5 438.0 79.0 22.0
1081.5 438.0 79.0 22.0
1071.5 438.0 79.0 22.0
1066.5 438.0 79.0 22.0
1051.5 438.0 79.0 22.0
1051.5 443.0 79.0 22.0
1036.5 443.0 79.0 22.0
1041.5 443.0 79.0 22.0
1056.5 443.0 79.0 22.0
1056.5 443.0 79.0 22.0
1056.5 443.0 79.0 22.0
1061.5 443.0 79.0 22.0
1066.5 443.0 79.0 22.0
1071.5 443.0 79.0 22.0
1076.5 443.0 79.0 22.0
1086.5 443.0 79.0 22.0
1086.5 443.0 79.0 22.0
1086.5 438.0 79.0 22.0
1091.5 438.0 79.0 22.0
1091.5 438.0 79.0 22.0
1091.5 438.0 79.0 22.0
1091.5 438.0 79.0 22.0
1091.5 438.0 79.0 22.0
1091.5 438.0 79.0 22.0
1091.5 438.0 79.0 22.0
1091.5 438.0 79.0 22.0
1091.5 438.0 79.0 22.0
1091.5 438.0 79.0 22.0
1091.5 438.0 79.0 22.0
1091.5 438.0 79.0 22.0
1101.5 438.0 79.0 22.0
1101.5 438.0 79.0 22.0
1101.5 438.0 79.0 22.0
1101.5 438.0 79.0 22.0
1101.5 438.0 79.0 22.0
1101.5 438.0 79.0 22.0
1091.5 443.0 79.0 22.0
1076.5 438.0 79.0 22.0
1076.5 438.0 79.0 22.0
1076.5 438.0 79.0 22.0
1056.5 438.0 79.0 22.0
1051.5 438.0 79.0 22.0
1036.5 438.0 79.0 22.0
1021.4999999999999 443.0 79.0 22.0
1021.4999999999999 443.0 79.0 22.0
1011.4999999999999 443.0 79.0 22.0
996.4999999999999 443.0 79.0 22.0
991.4999999999999 443.0 79.0 22.0
991.4999999999999 443.0 79.0 22.0
986.4999999999999 443.0 79.0 22.0
971.4999999999999 443.0 79.0 22.0
966.4999999999999 443.0 79.0 22.0
951.4999999999999 443.0 79.0 22.0
936.4999999999999 443.0 79.0 22.0
921.4999999999999 438.0 79.0 22.0
916.4999999999999 438.0 79.0 22.0
916.4999999999999 438.0 79.0 22.0
911.4999999999999 438.0 79.0 22.0
911.4999999999999 438.0 79.0 22.0
911.4999999999999 443.0 79.0 22.0
891.4999999999999 443.0 79.0 22.0
886.4999999999999 443.0 79.0 22.0
881.4999999999999 443.0 79.0 22.0
876.4999999999999 443.0 79.0 22.0
876.4999999999999 443.0 79.0 22.0
876.4999999999999 443.0 79.0 22.0
886.4999999999999 443.0 79.0 22.0
901.4999999999999 443.0 79.0 22.0
916.4999999999999 443.0 79.0 22.0
926.4999999999999 443.0 79.0 22.0
931.4999999999999 443.0 79.0 22.0
931.4999999999999 443.0 79.0 22.0
936.4999999999999 443.0 79.0 22.0
951.4999999999999 443.0 79.0 22.0
951.4999999999999 443.0 79.0 22.0
956.4999999999999 443.0 79.0 22.0
956.4999999999999 443.0 79.0 22.0
961.4999999999999 443.0 79.0 22.0
961.4999999999999 443.0 79.0 22.0
966.4999999999999 443.0 79.0 22.0
981.4999999999999 443.0 79.0 22.0
991.4999999999999 443.0 79.0 22.0
996.4999999999999 443.0 79.0 22.0
996.4999999999999 443.0 79.0 22.0
996.4999999999999 443.0 79.0 22.0
996.4999999999999 443.0 79.0 22.0
996.4999999999999 443.0 79.0 22.0
1011.4999999999999 443.0 79.0 22.0
1016.4999999999999 443.0 79.0 22.0
1016.4999999999999 443.0 79.0 22.0
1016.4999999999999 443.0 79.0 22.0
1021.4999999999999 443.0 79.0 22.0
1021.4999999999999 443.0 79.0 22.0
1021.4999999999999 443.0 79.0 22.0
1021.4999999999999 443.0 79.0 22.0
1021.4999999999999 443.0 79.0 22.0
1021.4999999999999 443.0 79.0 22.0
1021.4999999999999 443.0 79.0 22.0
1021.4999999999999 443.0 79.0 22.0
1011.4999999999999 443.0 79.0 22.0
1016.4999999999999 438.0 79.0 22.0
1016.4999999999999 438.0 79.0 22.0
1021.4999999999999 438.0 79.0 22.0
1026.5 438.0 79.0 22.0
1041.5 438.0 79.0 22.0
1056.5 438.0 79.0 22.0
1066.5 438.0 79.0 22.0
1071.5 438.0 79.0 22.0
1081.5 438.0 79.0 22.0
1081.5 438.0 79.0 22.0
1096.5 438.0 79.0 22.0
1106.5 433.0 79.0 22.0
1106.5 433.0 79.0 22.0
1106.5 433.0 79.0 22.0
1106.5 433.0 79.0 22.0
1106.5 433.0 79.0 22.0
1116.5 433.0 79.0 22.0
1131.5 433.0 79.0 22.0
1136.5 433.0 79.0 22.0
1136.5 433.0 79.0 22.0
1151.5 433.0 79.0 22.0
1171.5 433.0 79.0 22.0
1171.5 428.0 79.0 22.0
1186.5 428.0 79.0 22.0
1201.5 423.0 79.0 22.0
1211.5 423.0 79.0 22.0
1211.5 423.0 79.0 22.0
1226.5 423.0 79.0 22.0
1221.5 423.0 79.0 22.0
1216.5 423.0 79.0 22.0
1201.5 423.0 79.0 22.0
1201.5 423.0 79.0 22.0
1186.5 423.0 79.0 22.0
1176.5 423.0 79.0 22.0
1161.5 423.0 79.0 22.0
1161.5 423.0 79.0 22.0
1156.5 423.0 79.0 22.0
1151.5 423.0 79.0 22.0
1136.5 423.0 79.0 22.0
1121.5 423.0 79.0 22.0
1106.5 423.0 79.0 22.0
1101.5 423.0 79.0 22.0
1081.5 423.0 79.0 22.0
1066.5 423.0 79.0 22.0
1066.5 428.0 79.0 22.0
1066.5 428.0 79.0 22.0
1081.5 428.0 79.0 22.0
1081.5 428.0 79.0 22.0
1081.5 428.0 79.0 22.0
1076.5 428.0 79.0 22.0
1076.5 423.0 79.0 22.0
1076.5 423.0 79.0 22.0
1081.5 428.0 79.0 22.0
1081.5 428.0 79.0 22.0
1091.5 428.0 79.0 22.0
1101.5 428.0 79.0 22.0
1101.5 428.0 79.0 22.0
1096.5 428.0 79.0 22.0
1091.5 428.0 79.0 22.0
1086.5 423.0 79.0 22.0
1091.5 423.0 79.0 22.0
1091.5 423.0 79.0 22.0
1106.5 423.0 79.0 22.0
1121.5 423.0 79.0 22.0
1136.5 423.0 79.0 22.0
1136.5 423.0 79.0 22.0
1151.5 423.0 79.0 22.0
1166.5 423.0 79.0 22.0
1166.5 423.0 79.0 22.0
1166.5 423.0 79.0 22.0
1171.5 423.0 79.0 22.0
1171.5 423.0 79.0 22.0
1171.5 423.0 79.0 22.0
1186.5 423.0 79.0 22.0
1191.5 423.0 79.0 22.0
1191.5 418.0 79.0 22.0
1191.5 418.0 79.0 22.0
1186.5 418.0 79.0 22.0
1181.5 418.0 79.0 22.0
1176.5 418.0 79.0 22.0
1161.5 418.0 79.0 22.0
1166.5 418.0 79.0 22.0
1166.5 418.0 79.0 22.0
1166.5 418.0 79.0 22.0
1166.5 418.0 79.0 22.0
1171.5 418.0 79.0 22.0
1171.5 418.0 79.0 22.0
1171.5 418.0 79.0 22.0
1161.5 418.0 79.0 22.0
1161.5 418.0 79.0 22.0
1156.5 418.0 79.0 22.0
1151.5 418.0 79.0 22.0
1146.5 418.0 79.0 22.0
1151.5 418.0 79.0 22.0
1151.5 418.0 79.0 22.0
1166.5 418.0 79.0 22.0
1166.5 418.0 79.0 22.0
1166.5 418.0 79.0 22.0
1166.5 418.0 79.0 22.0
1166.5 418.0 79.0 22.0
1166.5 418.0 79.0 22.0
1166.5 418.0 79.0 22.0
1156.5 418.0 79.0 22.0
1151.5 418.0 79.0 22.0
1151.5 418.0 79.0 22.0
1146.5 418.0 79.0 22.0
1136.5 418.0 79.0 22.0
1131.5 418.0 79.0 22.0
1131.5 418.0 79.0 22.0
1131.5 418.0 79.0 22.0
1121.5 418.0 79.0 22.0
1126.5 418.0 79.0 22.0
1126.5 418.0 79.0 22.0
1131.5 418.0 79.0 22.0
1146.5 418.0 79.0 22.0
1146.5 418.0 79.0 22.0
1161.5 418.0 79.0 22.0
1161.5 413.0 79.0 22.0
1166.5 413.0 79.0 22.0
1171.5 413.0 79.0 22.0
1171.5 413.0 79.0 22.0
1176.5 413.0 79.0 22.0
1176.5 413.0 79.0 22.0
1181.5 413.0 79.0 22.0
1181.5 413.0 79.0 22.0
1186.5 413.0 79.0 22.0
1186.5 413.0 79.0 22.0
1186.5 413.0 79.0 22.0
1186.5 408.0 79.0 22.0
1186.5 408.0 79.0 22.0
1186.5 408.0 79.0 22.0
1171.5 408.0 79.0 22.0
1171.5 408.0 79.0 22.0
1161.5 413.0 79.0 22.0
1151.5 413.0 79.0 22.0
1146.5 413.0 79.0 22.0
1146.5 413.0 79.0 22.0
1146.5 413.0 79.0 22.0
1151.5 413.0 79.0 22.0
1151.5 413.0 79.0 22.0
1141.5 413.0 79.0 22.0
1141.5 408.0 79.0 22.0
1141.5 408.0 79.0 22.0
1126.5 408.0 79.0 22.0
1126.5 408.0 79.0 22.0
1126.5 408.0 79.0 22.0
1111.5 408.0 79.0 22.0
1111.5 408.0 79.0 22.0
1096.5 408.0 79.0 22.0
1096.5 408.0 79.0 22.0
1091.5 408.0 79.0 22.0
1091.5 408.0 79.0 22.0
1081.5 408.0 79.0 22.0
1081.5 408.0 79.0 22.0
1076.5 408.0 79.0 22.0
1076.5 408.0 79.0 22.0
1076.5 408.0 79.0 22.0
1086.5 408.0 79.0 22.0
1086.5 408.0 79.0 22.0
1086.5 408.0 79.0 22.0
1086.5 408.0 79.0 22.0
1086.5 408.0 79.0 22.0
1071.5 408.0 79.0 22.0
1056.5 408.0 79.0 22.0
1056.5 408.0 79.0 22.0
1056.5 408.0 79.0 22.0
1071.5 408.0 79.0 22.0
1071.5 408.0 79.0 22.0
1076.5 408.0 79.0 22.0
1076.5 408.0 79.0 22.0
1081.5 408.0 79.0 22.0
1081.5 408.0 79.0 22.0
1086.5 408.0 79.0 22.0
1086.5 408.0 79.0 22.0
1086.5 408.0 79.0 22.0
1086.5 408.0 79.0 22.0
1081.5 408.0 79.0 22.0
1071.5 408.0 79.0 22.0
1066.5 408.0 79.0 22.0
1061.5 408.0 79.0 22.0
1056.5 408.0 79.0 22.0
1051.5 408.0 79.0 22.0
1051.5 408.0 79.0 22.0
1051.5 408.0 79.0 22.0
1051.5 408.0 79.0 22.0
1051.5 408.0 79.0 22.0
1046.5 408.0 79.0 22.0
1046.5 408.0 79.0 22.0
1046.5 408.0 79.0 22.0
1041.5 408.0 79.0 22.0
1036.5 408.0 79.0 22.0
1036.5 408.0 79.0 22.0
1031.5 408.0 79.0 22.0
1031.5 408.0 79.0 22.0
1031.5 408.0 79.0 22.0
1026.5 408.0 79.0 22.0
1026.5 408.0 79.0 22.0
1011.4999999999999 408.0 79.0 22.0
1011.4999999999999 408.0 79.0 22.0
1006.4999999999999 408.0 79.0 22.0
1006.4999999999999 408.0 79.0 22.0
1011.4999999999999 408.0 79.0 22.0
1026.5 408.0 79.0 22.0
1036.5 408.0 79.0 22.0
1031.5 408.0 79.0 22.0
1031.5 408.0 79.0 22.0
1031.5 408.0 79.0 22.0
1016.4999999999999 408.0 79.0 22.0
1016.4999999999999 408.0 79.0 22.0
1016.4999999999999 408.0 79.0 22.0
1011.4999999999999 408.0 79.0 22.0
1011.4999999999999 408.0 79.0 22.0
1011.4999999999999 408.0 79.0 22.0
996.4999999999999 408.0 79.0 22.0
991.4999999999999 408.0 79.0 22.0
991.4999999999999 408.0 79.0 22.0
976.4999999999999 408.0 79.0 22.0
976.4999999999999 408.0 79.0 22.0
961.4999999999999 408.0 79.0 22.0
961.4999999999999 408.0 79.0 22.0
966.4999999999999 408.0 79.0 22.0
966.4999999999999 408.0 79.0 22.0
966.4999999999999 408.0 79.0 22.0
981.4999999999999 408.0 79.0 22.0
986.4999999999999 408.0 79.0 22.0
986.4999999999999 408.0 79.0 22.0
986.4999999999999 408.0 79.0 22.0
986.4999999999999 408.0 79.0 22.0
996.4999999999999 408.0 79.0 22.0
996.4999999999999 408.0 79.0 22.0
996.4999999999999 408.0 79.0 22.0
996.4999999999999 408.0 79.0 22.0
996.4999999999999 408.0 79.0 22.0
996.4999999999999 408.0 79.0 22.0
996.4999999999999 408.0 79.0 22.0
996.4999999999999 408.0 79.0 22.0
981.4999999999999 408.0 79.0 22.0
981.4999999999999 408.0 79.0 22.0
981.4999999999999 408.0 79.0 22.0
976.4999999999999 408.0 79.0 22.0
981.4999999999999 408.0 79.0 22.0
981.4999999999999 408.0 79.0 22.0
