1552.5 537.0 91.0 22.0
1552.5 537.0 91.0 22.0
1557.5 537.0 91.0 22.0
1577.5 537.0 91.0 22.0
1582.5 537.0 91.0 22.0
1572.5 537.0 91.0 22.0
1557.5 537.0 91.0 22.0
1562.5 537.0 91.0 22.0
1547.5 537.0 91.0 22.0
1532.5 537.0 91.0 22.0
1537.5 542.0 91.0 22.0
1537.5 542.0 91.0 22.0
1537.5 537.0 91.0 22.0
1537.5 537.0 91.0 22.0
1532.5 542.0 91.0 22.0
1527.5 537.0 91.0 22.0
1532.5 537.0 91.0 22.0
1532.5 542.0 91.0 22.0
1532.5 537.0 91.0 22.0
1527.5 537.0 91.0 22.0
1527.5 537.0 91.0 22.0
1527.5 532.0 91.0 22.0
1522.5 532.0 91.0 22.0
1522.5 532.0 91.0 22.0
1522.5 537.0 91.0 22.0
1522.5 537.0 91.0 22.0
1517.5 532.0 91.0 22.0
1517.5 537.0 91.0 22.0
1517.5 527.0 91.0 22.0
1517.5 527.0 91.0 22.0
1512.5 527.0 91.0 22.0
1512.5 527.0 91.0 22.0
1512.5 527.0 91.0 22.0
1512.5 532.0 91.0 22.0
1512.5 532.0 91.0 22.0
1512.5 532.0 91.0 22.0
1497.5 532.0 91.0 22.0
1497.5 532.0 91.0 22.0
1482.5 532.0 91.0 22.0
1482.5 532.0 91.0 22.0
1482.5 537.0 91.0 22.0
1477.5 537.0 91.0 22.0
1457.5 537.0 91.0 22.0
1452.5 537.0 91.0 22.0
1437.5 537.0 91.0 22.0
1437.5 537.0 91.0 22.0
1437.5 537.0 91.0 22.0
1437.5 537.0 91.0 22.0
1437.5 537.0 91.0 22.0
1432.5 537.0 91.0 22.0
1402.5 537.0 91.0 22.0
1372.5 537.0 91.0 22.0
1357.5 537.0 91.0 22.0
1357.5 537.0 91.0 22.0
1347.5 537.0 91.0 22.0
1347.5 542.0 91.0 22.0
1347.5 542.0 91.0 22.0
1347.5 542.0 91.0 22.0
1342.5 547.0 91.0 22.0
1342.5 547.0 91.0 22.0
1342.5 547.0 91.0 22.0
1342.5 542.0 91.0 22.0
1342.5 542.0 91.0 22.0
1342.5 542.0 91.0 22.0
1342.5 542.0 91.0 22.0
1342.5 542.0 91.0 22.0
1342.5 542.0 91.0 22.0
1337.5 542.0 91.0 22.0
1337.5 542.0 91.0 22.0
1337.5 542.0 91.0 22.0
1337.5 542.0 91.0 22.0
1332.5 542.0 91.0 22.0
1332.5 542.0 91.0 22.0
1332.5 542.0 91.0 22.0
1332.5 542.0 91.0 22.0
1332.5 547.0 91.0 22.0
1337.5 542.0 91.0 22.0
1337.5 537.0 91.0 22.0
1337.5 542.0 91.0 22.0
1337.5 542.0 91.0 22.0
1337.5 542.0 91.0 22.0
1337.5 542.0 91.0 22.0
1337.5 542.0 91.0 22.0
1337.5 542.0 91.0 22.0
1332.5 542.0 91.0 22.0
1332.5 542.0 91.0 22.0
1327.5 542.0 91.0 22.0
1327.5 547.0 91.0 22.0
1327.5 547.0 91.0 22.0
1327.5 542.0 91.0 22.0
1327.5 542.0 91.0 22.0
1327.5 542.0 91.0 22.0
1322.5 547.0 91.0 22.0
1322.5 547.0 91.0 22.0
1322.5 547.0 91.0 22.0
1317.5 547.0 91.0 22.0
1317.5 547.0 91.0 22.0
1317.5 547.0 91.0 22.0
1317.5 542.0 91.0 22.0
1307.5 542.0 91.0 22.0
1292.5 542.0 91.0 22.0
1262.5000000000002 542.0 91.0 22.0
1262.5000000000002 547.0 91.0 22.0
1252.5000000000002 547.0 91.0 22.0
1252.5000000000002 542.0 91.0 22.0
1252.5000000000002 542.0 91.0 22.0
1232.5000000000002 542.0 91.0 22.0
1232.5000000000002 547.0 91.0 22.0
1232.5000000000002 547.0 91.0 22.0
1232.5000000000002 542.0 91.0 22.0
1227.5000000000002 542.0 91.0 22.0
1227.5000000000002 542.0 91.0 22.0
1227.5000000000002 542.0 91.0 22.0
1227.5000000000002 542.0 91.0 22.0
1217.5000000000002 542.0 91.0 22.0
1217.5000000000002 532.0 91.0 22.0
1217.5000000000002 537.0 91.0 22.0
1217.5000000000002 532.0 91.0 22.0
1217.5000000000002 542.0 91.0 22.0
1217.5000000000002 532.0 91.0 22.0
1217.5000000000002 532.0 91.0 22.0
1217.5000000000002 537.0 91.0 22.0
1217.5000000000002 537.0 91.0 22.0
1217.5000000000002 542.0 91.0 22.0
1212.5000000000002 542.0 91.0 22.0
1212.5000000000002 547.0 91.0 22.0
1212.5000000000002 552.0 91.0 22.0
1212.5000000000002 552.0 91.0 22.0
1212.5000000000002 547.0 91.0 22.0
1212.5000000000002 552.0 91.0 22.0
1212.5000000000002 542.0 91.0 22.0
1207.5000000000002 542.0 91.0 22.0
1207.5000000000002 542.0 91.0 22.0
1202.5000000000002 542.0 91.0 22.0
1202.5000000000002 542.0 91.0 22.0
1202.5000000000002 552.0 91.0 22.0
1197.5000000000002 557.0 91.0 22.0
1197.5000000000002 552.0 91.0 22.0
1197.5000000000002 552.0 91.0 22.0
1197.5000000000002 557.0 91.0 22.0
1192.5000000000002 552.0 91.0 22.0
1192.5000000000002 547.0 91.0 22.0
1192.5000000000002 547.0 91.0 22.0
1187.5000000000002 547.0 91.0 22.0
1187.5000000000002 547.0 91.0 22.0
1187.5000000000002 547.0 91.0 22.0
1187.5000000000002 552.0 91.0 22.0
1187.5000000000002 552.0 91.0 22.0
1182.5000000000002 552.0 91.0 22.0
1172.5000000000002 552.0 91.0 22.0
1182.5000000000002 547.0 91.0 22.0
1182.5000000000002 547.0 91.0 22.0
1182.5000000000002 547.0 91.0 22.0
1182.5000000000002 547.0 91.0 22.0
1182.5000000000002 547.0 91.0 22.0
1182.5000000000002 552.0 91.0 22.0
1182.5000000000002 552.0 91.0 22.0
1182.5000000000002 552.0 91.0 22.0
1167.5000000000002 547.0 91.0 22.0
1152.5000000000002 547.0 91.0 22.0
1152.5000000000002 547.0 91.0 22.0
1152.5000000000002 547.0 91.0 22.0
1147.5000000000002 552.0 91.0 22.0
1147.5000000000002 552.0 91.0 22.0
1147.5000000000002 552.0 91.0 22.0
1147.5000000000002 552.0 91.0 22.0
1147.5000000000002 552.0 91.0 22.0
1147.5000000000002 552.0 91.0 22.0
1147.5000000000002 552.0 91.0 22.0
1147.5000000000002 552.0 91.0 22.0
1142.5000000000002 552.0 91.0 22.0
1142.5000000000002 552.0 91.0 22.0
1142.5000000000002 552.0 91.0 22.0
1142.5000000000002 552.0 91.0 22.0
1137.5000000000002 552.0 91.0 22.0
1137.5000000000002 552.0 91.0 22.0
1137.5000000000002 552.0 91.0 22.0
1137.5000000000002 552.0 91.0 22.0
1132.5000000000002 552.0 91.0 22.0
1132.5000000000002 552.0 91.0 22.0
1132.5000000000002 552.0 91.0 22.0
1132.5000000000002 552.0 91.0 22.0
1127.5000000000002 552.0 91.0 22.0
1127.5000000000002 552.0 91.0 22.0
1122.5000000000002 552.0 91.0 22.0
1122.5000000000002 542.0 91.0 22.0
1122.5000000000002 547.0 91.0 22.0
1122.5000000000002 557.0 91.0 22.0
1107.5000000000002 552.0 91.0 22.0
1107.5000000000002 552.0 91.0 22.0
1107.5000000000002 562.0 91.0 22.0
1107.5000000000002 567.0 91.0 22.0
1107.5000000000002 562.0 91.0 22.0
1107.5000000000002 562.0 91.0 22.0
1107.5000000000002 562.0 91.0 22.0
1112.5000000000002 557.0 91.0 22.0
1112.5000000000002 557.0 91.0 22.0
1112.5000000000002 557.0 91.0 22.0
1112.5000000000002 557.0 91.0 22.0
1112.5000000000002 562.0 91.0 22.0
1077.5000000000002 562.0 91.0 22.0
1077.5000000000002 562.0 91.0 22.0
1077.5000000000002 562.0 91.0 22.0
1062.5000000000002 557.0 91.0 22.0
1057.5000000000002 557.0 91.0 22.0
1057.5000000000002 557.0 91.0 22.0
1057.5000000000002 557.0 91.0 22.0
1057.5000000000002 562.0 91.0 22.0
1057.5000000000002 562.0 91.0 22.0
1057.5000000000002 562.0 91.0 22.0
1057.5000000000002 557.0 91.0 22.0
1057.5000000000002 557.0 91.0 22.0
1057.5000000000002 557.0 91.0 22.0
1057.5000000000002 552.0 91.0 22.0
1057.5000000000002 552.0 91.0 22.0
1062.5000000000002 552.0 91.0 22.0
1062.5000000000002 552.0 91.0 22.0
1047.5000000000002 552.0 91.0 22.0
1047.5000000000002 552.0 91.0 22.0
1047.5000000000002 557.0 91.0 22.0
1047.5000000000002 557.0 91.0 22.0
1047.5000000000002 552.0 91.0 22.0
1047.5000000000002 557.0 91.0 22.0
1047.5000000000002 557.0 91.0 22.0
1047.5000000000002 557.0 91.0 22.0
1047.5000000000002 557.0 91.0 22.0
1047.5000000000002 552.0 91.0 22.0
1047.5000000000002 557.0 91.0 22.0
1047.5000000000002 557.0 91.0 22.0
1047.5000000000002 557.0 91.0 22.0
1047.5000000000002 557.0 91.0 22.0
1042.5000000000002 557.0 91.0 22.0
1037.5000000000002 557.0 91.0 22.0
1037.5000000000002 557.0 91.0 22.0
1032.5000000000002 552.0 91.0 22.0
1027.5000000000002 552.0 91.0 22.0
1012.5000000000001 552.0 91.0 22.0
1012.5000000000001 552.0 91.0 22.0
1012.5000000000001 552.0 91.0 22.0
1012.5000000000001 552.0 91.0 22.0
1012.5000000000001 552.0 91.0 22.0
1012.5000000000001 552.0 91.0 22.0
1027.5000000000002 552.0 91.0 22.0
1012.5000000000001 557.0 91.0 22.0
1012.5000000000001 552.0 91.0 22.0
1012.5000000000001 552.0 91.0 22.0
1012.5000000000001 552.0 91.0 22.0
1012.5000000000001 552.0 91.0 22.0
1012.5000000000001 552.0 91.0 22.0
1007.5000000000001 552.0 91.0 22.0
1007.5000000000001 552.0 91.0 22.0
1002.5000000000001 557.0 91.0 22.0
1002.5000000000001 557.0 91.0 22.0
1002.5000000000001 557.0 91.0 22.0
1002.5000000000001 557.0 91.0 22.0
997.5000000000001 557.0 91.0 22.0
992.5000000000001 552.0 91.0 22.0
992.5000000000001 557.0 91.0 22.0
992.5000000000001 557.0 91.0 22.0
992.5000000000001 557.0 91.0 22.0
987.5000000000001 552.0 91.0 22.0
987.5000000000001 557.0 91.0 22.0
987.5000000000001 557.0 91.0 22.0
987.5000000000001 557.0 91.0 22.0
987.5000000000001 557.0 91.0 22.0
982.5000000000001 557.0 91.0 22.0
982.5000000000001 557.0 91.0 22.0
982.5000000000001 557.0 91.0 22.0
982.5000000000001 557.0 91.0 22.0
977.5000000000001 557.0 91.0 22.0
977.5000000000001 557.0 91.0 22.0
977.5000000000001 557.0 91.0 22.0
972.5000000000001 557.0 91.0 22.0
972.5000000000001 557.0 91.0 22.0
972.5000000000001 557.0 91.0 22.0
972.5000000000001 557.0 91.0 22.0
972.5000000000001 557.0 91.0 22.0
972.5000000000001 557.0 91.0 22.0
972.5000000000001 557.0 91.0 22.0
972.5000000000001 557.0 91.0 22.0
952.5000000000001 557.0 91.0 22.0
952.5000000000001 557.0 91.0 22.0
952.5000000000001 557.0 91.0 22.0
952.5000000000001 557.0 91.0 22.0
957.5000000000001 557.0 91.0 22.0
957.5000000000001 557.0 91.0 22.0
957.5000000000001 557.0 91.0 22.0
952.5000000000001 557.0 91.0 22.0
937.5000000000001 557.0 91.0 22.0
942.5000000000001 557.0 91.0 22.0
942.5000000000001 557.0 91.0 22.0
942.5000000000001 557.0 91.0 22.0
942.5000000000001 557.0 91.0 22.0
942.5000000000001 557.0 91.0 22.0
942.5000000000001 557.0 91.0 22.0
942.5000000000001 557.0 91.0 22.0
937.5000000000001 557.0 91.0 22.0
937.5000000000001 557.0 91.0 22.0
937.5000000000001 557.0 91.0 22.0
937.5000000000001 557.0 91.0 22.0
892.5000000000001 557.0 91.0 22.0
892.5000000000001 557.0 91.0 22.0
887.5000000000001 557.0 91.0 22.0
887.5000000000001 557.0 91.0 22.0
882.5000000000001 557.0 91.0 22.0
877.5000000000001 557.0 91.0 22.0
877.5000000000001 557.0 91.0 22.0
877.5000000000001 557.0 91.0 22.0
872.5000000000001 557.0 91.0 22.0
867.5000000000001 557.0 91.0 22.0
867.5000000000001 557.0 91.0 22.0
867.5000000000001 557.0 91.0 22.0
867.5000000000001 557.0 91.0 22.0
862.5000000000001 557.0 91.0 22.0
862.5000000000001 557.0 91.0 22.0
862.5000000000001 557.0 91.0 22.0
862.5000000000001 557.0 91.0 22.0
847.5000000000001 557.0 91.0 22.0
847.5000000000001 557.0 91.0 22.0
847.5000000000001 557.0 91.0 22.0
847.5000000000001 557.0 91.0 22.0
852.5000000000001 557.0 91.0 22.0
852.5000000000001 557.0 91.0 22.0
852.5000000000001 557.0 91.0 22.0
852.5000000000001 557.0 91.0 22.0
852.5000000000001 557.0 91.0 22.0
847.5000000000001 557.0 91.0 22.0
847.5000000000001 557.0 91.0 22.0
847.5000000000001 557.0 91.0 22.0
847.5000000000001 557.0 91.0 22.0
847.5000000000001 552.0 91.0 22.0
847.5000000000001 557.0 91.0 22.0
847.5000000000001 557.0 91.0 22.0
842.5000000000001 557.0 91.0 22.0
842.5000000000001 557.0 91.0 22.0
842.5000000000001 557.0 91.0 22.0
842.5000000000001 557.0 91.0 22.0
827.5000000000001 557.0 91.0 22.0
827.5000000000001 557.0 91.0 22.0
827.5000000000001 557.0 91.0 22.0
827.5000000000001 557.0 91.0 22.0
827.5000000000001 557.0 91.0 22.0
822.5000000000001 552.0 91.0 22.0
807.5000000000001 552.0 91.0 22.0
812.5000000000001 552.0 91.0 22.0
812.5000000000001 552.0 91.0 22.0
812.5000000000001 552.0 91.0 22.0
812.5000000000001 552.0 91.0 22.0
807.5000000000001 552.0 91.0 22.0
807.5000000000001 552.0 91.0 22.0
807.5000000000001 552.0 91.0 22.0
807.5000000000001 552.0 91.0 22.0
807.5000000000001 552.0 91.0 22.0
807.5000000000001 552.0 91.0 22.0
807.5000000000001 552.0 91.0 22.0
807.5000000000001 552.0 91.0 22.0
802.5000000000001 552.0 91.0 22.0
802.5000000000001 552.0 91.0 22.0
802.5000000000001 552.0 91.0 22.0
802.5000000000001 552.0 91.0 22.0
802.5000000000001 552.0 91.0 22.0
802.5000000000001 552.0 91.0 22.0
802.5000000000001 552.0 91.0 22.0
797.5000000000001 552.0 91.0 22.0
792.5000000000001 552.0 91.0 22.0
797.5000000000001 552.0 91.0 22.0
797.5000000000001 552.0 91.0 22.0
797.5000000000001 552.0 91.0 22.0
782.5000000000001 557.0 91.0 22.0
782.5000000000001 557.0 91.0 22.0
782.5000000000001 557.0 91.0 22.0
782.5000000000001 557.0 91.0 22.0
782.5000000000001 557.0 91.0 22.0
777.5000000000001 552.0 91.0 22.0
777.5000000000001 557.0 91.0 22.0
777.5000000000001 557.0 91.0 22.0
777.5000000000001 557.0 91.0 22.0
782.5000000000001 557.0 91.0 22.0
782.5000000000001 557.0 91.0 22.0
767.5000000000001 557.0 91.0 22.0
767.5000000000001 557.0 91.0 22.0
782.5000000000001 557.0 91.0 22.0
782.5000000000001 557.0 91.0 22.0
782.5000000000001 557.0 91.0 22.0
782.5000000000001 562.0 91.0 22.0
772.5000000000001 557.0 91.0 22.0
772.5000000000001 557.0 91.0 22.0
772.5000000000001 557.0 91.0 22.0
757.5000000000001 557.0 91.0 22.0
757.5000000000001 557.0 91.0 22.0
757.5000000000001 557.0 91.0 22.0
757.5000000000001 557.0 91.0 22.0
757.5000000000001 557.0 91.0 22.0
757.5000000000001 557.0 91.0 22.0
757.5000000000001 557.0 91.0 22.0
757.5000000000001 557.0 91.0 22.0
752.5000000000001 557.0 91.0 22.0
752.5000000000001 557.0 91.0 22.0
752.5000000000001 552.0 91.0 22.0
747.5000000000001 552.0 91.0 22.0
