253.0 603.0 60.0 40.0
273.0 603.0 60.0 40.0
298.0 603.0 60.0 40.0
323.0 608.0 60.0 40.0
333.0 618.0 60.0 40.0
358.0 618.0 60.0 40.0
358.0 613.0 60.0 40.0
358.0 613.0 60.0 40.0
353.0 613.0 60.0 40.0
353.0 613.0 60.0 40.0
353.0 613.0 60.0 40.0
353.0 613.0 60.0 40.0
353.0 613.0 60.0 40.0
353.0 608.0 60.0 40.0
353.0 608.0 60.0 40.0
353.0 608.0 60.0 40.0
353.0 608.0 60.0 40.0
353.0 608.0 60.0 40.0
348.0 608.0 60.0 40.0
348.0 608.0 60.0 40.0
348.0 608.0 60.0 40.0
348.0 608.0 60.0 40.0
348.0 608.0 60.0 40.0
348.0 608.0 60.0 40.0
348.0 608.0 60.0 40.0
348.0 608.0 60.0 40.0
348.0 608.0 60.0 40.0
348.0 608.0 60.0 40.0
348.0 608.0 60.0 40.0
348.0 608.0 60.0 40.0
348.0 608.0 60.0 40.0
348.0 608.0 60.0 40.0
348.0 608.0 60.0 40.0
348.0 608.0 60.0 40.0
348.0 603.0 60.0 40.0
348.0 583.0 60.0 40.0
348.0 578.0 60.0 40.0
348.0 578.0 60.0 40.0
348.0 578.0 60.0 40.0
348.0 578.0 60.0 40.0
348.0 578.0 60.0 40.0
348.0 583.0 60.0 40.0
348.0 583.0 60.0 40.0
348.0 583.0 60.0 40.0
348.0 583.0 60.0 40.0
348.0 583.0 60.0 40.0
348.0 583.0 60.0 40.0
348.0 583.0 60.0 40.0
348.0 583.0 60.0 40.0
348.0 583.0 60.0 40.0
348.0 583.0 60.0 40.0
348.0 583.0 60.0 40.0
348.0 583.0 60.0 40.0
348.0 583.0 60.0 40.0
348.0 583.0 60.0 40.0
348.0 583.0 60.0 40.0
348.0 583.0 60.0 40.0
348.0 583.0 60.0 40.0
348.0 583.0 60.0 40.0
348.0 578.0 60.0 40.0
348.0 578.0 60.0 40.0
348.0 578.0 60.0 40.0
348.0 573.0 60.0 40.0
348.0 573.0 60.0 40.0
348.0 573.0 60.0 40.0
348.0 578.0 60.0 40.0
348.0 583.0 60.0 40.0
348.0 588.0 60.0 40.0
348.0 593.0 60.0 40.0
348.0 598.0 60.0 40.0
348.0 608.0 60.0 40.0
