1346.5 450.5 153.0 49.0
1341.5 450.5 153.0 49.0
1331.5 450.5 153.0 49.0
1326.5 450.5 153.0 49.0
1316.5 450.5 153.0 49.0
1301.5 450.5 153.0 49.0
1301.5 455.5 153.0 49.0
1291.5 455.5 153.0 49.0
1276.5 455.5 153.0 49.0
1271.5 455.5 153.0 49.0
1266.5 455.5 153.0 49.0
1261.5 455.5 153.0 49.0
1251.5 455.5 153.0 49.0
1246.5 455.5 153.0 49.0
1236.5 455.5 153.0 49.0
1231.5 460.5 153.0 49.0
1221.5 460.5 153.0 49.0
1216.5 460.5 153.0 49.0
1201.5 460.5 153.0 49.0
1191.5 460.5 153.0 49.0
1191.5 460.5 153.0 49.0
1186.5 460.5 153.0 49.0
1181.5 460.5 153.0 49.0
1166.5 460.5 153.0 49.0
1161.5 460.5 153.0 49.0
1151.5 460.5 153.0 49.0
1146.5 460.5 153.0 49.0
1136.5 460.5 153.0 49.0
1131.5 460.5 153.0 49.0
1126.5 460.5 153.0 49.0
1121.5 460.5 153.0 49.0
1106.5 460.5 153.0 49.0
1101.5 460.5 153.0 49.0
1096.5 460.5 153.0 49.0
1081.5 460.5 153.0 49.0
1081.5 460.5 153.0 49.0
1066.5 465.5 153.0 49.0
1061.5 465.5 153.0 49.0
1056.5 465.5 153.0 49.0
1046.5 465.5 153.0 49.0
1041.5 465.5 153.0 49.0
1036.5 465.5 153.0 49.0
1026.5 465.5 153.0 49.0
1011.5 465.5 153.0 49.0
1006.5 465.5 153.0 49.0
996.5 465.5 153.0 49.0
991.5 470.5 153.0 49.0
981.5 470.5 153.0 49.0
976.5 470.5 153.0 49.0
966.5 470.5 153.0 49.0
966.5 470.5 153.0 49.0
956.5 470.5 153.0 49.0
946.5 470.5 153.0 49.0
941.5 465.5 153.0 49.0
936.5 470.5 153.0 49.0
931.5 470.5 153.0 49.0
921.5 470.5 153.0 49.0
946.5 480.5 153.0 49.0
936.5 475.5 153.0 49.0
921.5 475.5 153.0 49.0
916.5 475.5 153.0 49.0
921.5 475.5 153.0 49.0
916.5 480.5 153.0 49.0
946.5 485.5 153.0 49.0
951.5 485.5 153.0 49.0
946.5 480.5 153.0 49.0
941.5 475.5 153.0 49.0
931.5 480.5 153.0 49.0
931.5 480.5 153.0 49.0
921.5 480.5 153.0 49.0
916.5 480.5 153.0 49.0
911.5 480.5 153.0 49.0
921.5 480.5 153.0 49.0
916.5 485.5 153.0 49.0
916.5 485.5 153.0 49.0
916.5 485.5 153.0 49.0
916.5 485.5 153.0 49.0
916.5 485.5 153.0 49.0
911.5 485.5 153.0 49.0
911.5 485.5 153.0 49.0
916.5 485.5 153.0 49.0
916.5 485.5 153.0 49.0
916.5 485.5 153.0 49.0
921.5 485.5 153.0 49.0
926.5 485.5 153.0 49.0
931.5 485.5 153.0 49.0
941.5 485.5 153.0 49.0
941.5 485.5 153.0 49.0
926.5 485.5 153.0 49.0
921.5 485.5 153.0 49.0
911.5 485.5 153.0 49.0
901.5 480.5 153.0 49.0
891.5 480.5 153.0 49.0
881.5 485.5 153.0 49.0
871.5 485.5 153.0 49.0
861.5 480.5 153.0 49.0
856.5 480.5 153.0 49.0
841.5 480.5 153.0 49.0
836.5 485.5 153.0 49.0
836.5 485.5 153.0 49.0
781.5 485.5 153.0 49.0
766.5 485.5 153.0 49.0
756.5 485.5 153.0 49.0
751.5 485.5 153.0 49.0
741.5 490.5 153.0 49.0
736.5 490.5 153.0 49.0
731.5 490.5 153.0 49.0
716.5 490.5 153.0 49.0
701.5 490.5 153.0 49.0
701.5 490.5 153.0 49.0
691.5 490.5 153.0 49.0
686.5 490.5 153.0 49.0
686.5 495.5 153.0 49.0
686.5 495.5 153.0 49.0
696.5 495.5 153.0 49.0
711.5 500.5 153.0 49.0
731.5 495.5 153.0 49.0
731.5 495.5 153.0 49.0
721.5 495.5 153.0 49.0
716.5 495.5 153.0 49.0
716.5 495.5 153.0 49.0
711.5 495.5 153.0 49.0
706.5 495.5 153.0 49.0
701.5 495.5 153.0 49.0
691.5 495.5 153.0 49.0
681.5 495.5 153.0 49.0
681.5 495.5 153.0 49.0
676.5 495.5 153.0 49.0
676.5 495.5 153.0 49.0
661.5 495.5 153.0 49.0
656.5 495.5 153.0 49.0
656.5 495.5 153.0 49.0
646.5 500.5 153.0 49.0
656.5 500.5 153.0 49.0
661.5 500.5 153.0 49.0
661.5 500.5 153.0 49.0
661.5 500.5 153.0 49.0
656.5 500.5 153.0 49.0
646.5 500.5 153.0 49.0
651.5 500.5 153.0 49.0
651.5 500.5 153.0 49.0
656.5 500.5 153.0 49.0
651.5 500.5 153.0 49.0
651.5 500.5 153.0 49.0
661.5 500.5 153.0 49.0
666.5 500.5 153.0 49.0
671.5 500.5 153.0 49.0
671.5 500.5 153.0 49.0
671.5 500.5 153.0 49.0
681.5 500.5 153.0 49.0
681.5 500.5 153.0 49.0
676.5 500.5 153.0 49.0
671.5 500.5 153.0 49.0
671.5 500.5 153.0 49.0
671.5 500.5 153.0 49.0
666.5 500.5 153.0 49.0
666.5 500.5 153.0 49.0
686.5 500.5 153.0 49.0
686.5 500.5 153.0 49.0
686.5 500.5 153.0 49.0
691.5 500.5 153.0 49.0
696.5 500.5 153.0 49.0
691.5 500.5 153.0 49.0
686.5 500.5 153.0 49.0
681.5 500.5 153.0 49.0
671.5 500.5 153.0 49.0
666.5 500.5 153.0 49.0
661.5 500.5 153.0 49.0
656.5 500.5 153.0 49.0
651.5 500.5 153.0 49.0
641.5 500.5 153.0 49.0
641.5 500.5 153.0 49.0
631.5000000000001 500.5 153.0 49.0
631.5000000000001 500.5 153.0 49.0
621.5000000000001 500.5 153.0 49.0
611.5000000000001 500.5 153.0 49.0
606.5000000000001 505.5 153.0 49.0
596.5000000000001 505.5 153.0 49.0
596.5000000000001 505.5 153.0 49.0
596.5000000000001 505.5 153.0 49.0
581.5000000000001 505.5 153.0 49.0
576.5000000000001 505.5 153.0 49.0
566.5000000000001 505.5 153.0 49.0
566.5000000000001 505.5 153.0 49.0
566.5000000000001 510.5 153.0 49.0
556.5000000000001 505.5 153.0 49.0
556.5000000000001 505.5 153.0 49.0
546.5000000000001 505.5 153.0 49.0
531.5000000000001 505.5 153.0 49.0
531.5000000000001 505.5 153.0 49.0
506.5000000000001 510.5 153.0 49.0
491.5000000000001 505.5 153.0 49.0
491.5000000000001 505.5 153.0 49.0
496.5000000000001 505.5 153.0 49.0
496.5000000000001 510.5 153.0 49.0
491.5000000000001 510.5 153.0 49.0
501.5000000000001 505.5 153.0 49.0
536.5000000000001 505.5 153.0 49.0
541.5000000000001 505.5 153.0 49.0
556.5000000000001 505.5 153.0 49.0
