1104.0 522.0 80.0 24.0
1094.0 522.0 80.0 24.0
1089.0 522.0 80.0 24.0
1094.0 522.0 80.0 24.0
1099.0 522.0 80.0 24.0
1099.0 527.0 80.0 24.0
1104.0 527.0 80.0 24.0
1104.0 527.0 80.0 24.0
1109.0 527.0 80.0 24.0
1109.0 527.0 80.0 24.0
1109.0 527.0 80.0 24.0
1114.0 527.0 80.0 24.0
1124.0 527.0 80.0 24.0
1129.0 527.0 80.0 24.0
1129.0 527.0 80.0 24.0
1139.0 522.0 80.0 24.0
1139.0 522.0 80.0 24.0
1139.0 522.0 80.0 24.0
1149.0 522.0 80.0 24.0
1149.0 522.0 80.0 24.0
1164.0 527.0 80.0 24.0
1164.0 527.0 80.0 24.0
1164.0 527.0 80.0 24.0
1174.0 527.0 80.0 24.0
1159.0 527.0 80.0 24.0
1174.0 527.0 80.0 24.0
1169.0 527.0 80.0 24.0
1169.0 527.0 80.0 24.0
1169.0 527.0 80.0 24.0
1169.0 527.0 80.0 24.0
1149.0 527.0 80.0 24.0
1134.0 527.0 80.0 24.0
1129.0 527.0 80.0 24.0
1119.0 527.0 80.0 24.0
1114.0 527.0 80.0 24.0
1099.0 532.0 80.0 24.0
1089.0 532.0 80.0 24.0
1074.0 532.0 80.0 24.0
1069.0 532.0 80.0 24.0
1069.0 532.0 80.0 24.0
1059.0 532.0 80.0 24.0
1054.0 532.0 80.0 24.0
1054.0 532.0 80.0 24.0
1054.0 532.0 80.0 24.0
1044.0 532.0 80.0 24.0
1044.0 532.0 80.0 24.0
1034.0 532.0 80.0 24.0
1039.0 532.0 80.0 24.0
1039.0 532.0 80.0 24.0
1024.0 532.0 80.0 24.0
1009.0 532.0 80.0 24.0
999.0 532.0 80.0 24.0
994.0 532.0 80.0 24.0
984.0 532.0 80.0 24.0
969.0 532.0 80.0 24.0
964.0 532.0 80.0 24.0
949.0 532.0 80.0 24.0
959.0 532.0 80.0 24.0
959.0 532.0 80.0 24.0
949.0 532.0 80.0 24.0
939.0 532.0 80.0 24.0
924.0 532.0 80.0 24.0
914.0 532.0 80.0 24.0
909.0 532.0 80.0 24.0
909.0 537.0 80.0 24.0
909.0 532.0 80.0 24.0
909.0 532.0 80.0 24.0
909.0 532.0 80.0 24.0
904.0 532.0 80.0 24.0
899.0 537.0 80.0 24.0
894.0 537.0 80.0 24.0
879.0 537.0 80.0 24.0
874.0 537.0 80.0 24.0
859.0 537.0 80.0 24.0
859.0 537.0 80.0 24.0
844.0 537.0 80.0 24.0
829.0 537.0 80.0 24.0
829.0 537.0 80.0 24.0
804.0 542.0 80.0 24.0
779.0 542.0 80.0 24.0
764.0 542.0 80.0 24.0
749.0 542.0 80.0 24.0
749.0 542.0 80.0 24.0
749.0 542.0 80.0 24.0
749.0 542.0 80.0 24.0
749.0 542.0 80.0 24.0
749.0 542.0 80.0 24.0
749.0 542.0 80.0 24.0
754.0 542.0 80.0 24.0
754.0 542.0 80.0 24.0
764.0 542.0 80.0 24.0
769.0 542.0 80.0 24.0
769.0 537.0 80.0 24.0
774.0 542.0 80.0 24.0
774.0 542.0 80.0 24.0
774.0 542.0 80.0 24.0
784.0 542.0 80.0 24.0
784.0 542.0 80.0 24.0
784.0 542.0 80.0 24.0
789.0 537.0 80.0 24.0
804.0 537.0 80.0 24.0
819.0 537.0 80.0 24.0
819.0 537.0 80.0 24.0
819.0 537.0 80.0 24.0
819.0 537.0 80.0 24.0
819.0 537.0 80.0 24.0
824.0 537.0 80.0 24.0
829.0 537.0 80.0 24.0
834.0 537.0 80.0 24.0
834.0 537.0 80.0 24.0
834.0 542.0 80.0 24.0
839.0 542.0 80.0 24.0
844.0 542.0 80.0 24.0
844.0 542.0 80.0 24.0
859.0 542.0 80.0 24.0
859.0 542.0 80.0 24.0
859.0 542.0 80.0 24.0
859.0 542.0 80.0 24.0
874.0 537.0 80.0 24.0
874.0 537.0 80.0 24.0
874.0 537.0 80.0 24.0
874.0 537.0 80.0 24.0
874.0 537.0 80.0 24.0
864.0 537.0 80.0 24.0
864.0 537.0 80.0 24.0
874.0 542.0 80.0 24.0
874.0 542.0 80.0 24.0
874.0 542.0 80.0 24.0
879.0 542.0 80.0 24.0
879.0 537.0 80.0 24.0
879.0 537.0 80.0 24.0
879.0 537.0 80.0 24.0
889.0 537.0 80.0 24.0
889.0 537.0 80.0 24.0
894.0 537.0 80.0 24.0
899.0 537.0 80.0 24.0
899.0 537.0 80.0 24.0
904.0 537.0 80.0 24.0
904.0 537.0 80.0 24.0
904.0 537.0 80.0 24.0
909.0 537.0 80.0 24.0
914.0 537.0 80.0 24.0
914.0 537.0 80.0 24.0
909.0 537.0 80.0 24.0
914.0 537.0 80.0 24.0
914.0 537.0 80.0 24.0
919.0 537.0 80.0 24.0
924.0 537.0 80.0 24.0
929.0 537.0 80.0 24.0
934.0 537.0 80.0 24.0
939.0 537.0 80.0 24.0
944.0 537.0 80.0 24.0
949.0 537.0 80.0 24.0
944.0 537.0 80.0 24.0
944.0 537.0 80.0 24.0
949.0 537.0 80.0 24.0
954.0 537.0 80.0 24.0
944.0 537.0 80.0 24.0
959.0 537.0 80.0 24.0
964.0 537.0 80.0 24.0
964.0 537.0 80.0 24.0
964.0 542.0 80.0 24.0
964.0 542.0 80.0 24.0
959.0 542.0 80.0 24.0
959.0 542.0 80.0 24.0
969.0 542.0 80.0 24.0
974.0 542.0 80.0 24.0
974.0 537.0 80.0 24.0
974.0 537.0 80.0 24.0
979.0 537.0 80.0 24.0
989.0 537.0 80.0 24.0
989.0 537.0 80.0 24.0
994.0 537.0 80.0 24.0
994.0 537.0 80.0 24.0
999.0 537.0 80.0 24.0
1004.0 537.0 80.0 24.0
1009.0 537.0 80.0 24.0
1024.0 537.0 80.0 24.0
1024.0 537.0 80.0 24.0
1024.0 537.0 80.0 24.0
1024.0 537.0 80.0 24.0
1024.0 537.0 80.0 24.0
1024.0 537.0 80.0 24.0
1024.0 537.0 80.0 24.0
1034.0 537.0 80.0 24.0
1034.0 537.0 80.0 24.0
1039.0 537.0 80.0 24.0
1039.0 537.0 80.0 24.0
1044.0 537.0 80.0 24.0
1054.0 537.0 80.0 24.0
1054.0 532.0 80.0 24.0
1054.0 537.0 80.0 24.0
1054.0 537.0 80.0 24.0
1064.0 537.0 80.0 24.0
1064.0 537.0 80.0 24.0
1064.0 537.0 80.0 24.0
1079.0 537.0 80.0 24.0
1079.0 537.0 80.0 24.0
1079.0 537.0 80.0 24.0
1079.0 537.0 80.0 24.0
1084.0 537.0 80.0 24.0
1084.0 537.0 80.0 24.0
1089.0 537.0 80.0 24.0
1089.0 537.0 80.0 24.0
1094.0 537.0 80.0 24.0
1104.0 537.0 80.0 24.0
1104.0 532.0 80.0 24.0
1109.0 532.0 80.0 24.0
1109.0 537.0 80.0 24.0
1109.0 537.0 80.0 24.0
1114.0 532.0 80.0 24.0
1119.0 532.0 80.0 24.0
1129.0 532.0 80.0 24.0
1124.0 532.0 80.0 24.0
1139.0 532.0 80.0 24.0
1134.0 532.0 80.0 24.0
1134.0 532.0 80.0 24.0
1149.0 532.0 80.0 24.0
1144.0 532.0 80.0 24.0
1149.0 532.0 80.0 24.0
1149.0 537.0 80.0 24.0
1149.0 537.0 80.0 24.0
1149.0 537.0 80.0 24.0
1154.0 537.0 80.0 24.0
1154.0 532.0 80.0 24.0
1159.0 532.0 80.0 24.0
1159.0 532.0 80.0 24.0
1164.0 532.0 80.0 24.0
1169.0 532.0 80.0 24.0
1169.0 532.0 80.0 24.0
1174.0 532.0 80.0 24.0
1174.0 532.0 80.0 24.0
1174.0 532.0 80.0 24.0
1179.0 532.0 80.0 24.0
1184.0 532.0 80.0 24.0
1194.0 532.0 80.0 24.0
1194.0 532.0 80.0 24.0
1194.0 532.0 80.0 24.0
1194.0 532.0 80.0 24.0
1194.0 532.0 80.0 24.0
1199.0 532.0 80.0 24.0
1204.0 532.0 80.0 24.0
1214.0 532.0 80.0 24.0
1219.0 532.0 80.0 24.0
1219.0 532.0 80.0 24.0
1219.0 532.0 80.0 24.0
1219.0 532.0 80.0 24.0
1224.0 532.0 80.0 24.0
1229.0 532.0 80.0 24.0
1229.0 532.0 80.0 24.0
1229.0 532.0 80.0 24.0
1229.0 532.0 80.0 24.0
1229.0 532.0 80.0 24.0
1239.0 532.0 80.0 24.0
1244.0 532.0 80.0 24.0
1244.0 532.0 80.0 24.0
1254.0 532.0 80.0 24.0
1264.0 532.0 80.0 24.0
1264.0 532.0 80.0 24.0
1279.0 532.0 80.0 24.0
1269.0 532.0 80.0 24.0
1269.0 532.0 80.0 24.0
1269.0 532.0 80.0 24.0
1269.0 532.0 80.0 24.0
1269.0 532.0 80.0 24.0
1284.0 532.0 80.0 24.0
1284.0 532.0 80.0 24.0
1284.0 527.0 80.0 24.0
1284.0 527.0 80.0 24.0
1284.0 527.0 80.0 24.0
1299.0 527.0 80.0 24.0
1294.0 522.0 80.0 24.0
1294.0 522.0 80.0 24.0
1294.0 527.0 80.0 24.0
1294.0 527.0 80.0 24.0
1299.0 527.0 80.0 24.0
1299.0 527.0 80.0 24.0
1299.0 522.0 80.0 24.0
1304.0 527.0 80.0 24.0
1314.0 527.0 80.0 24.0
1329.0 527.0 80.0 24.0
1329.0 527.0 80.0 24.0
1334.0 527.0 80.0 24.0
1334.0 527.0 80.0 24.0
1334.0 527.0 80.0 24.0
1334.0 527.0 80.0 24.0
1334.0 527.0 80.0 24.0
1334.0 527.0 80.0 24.0
1339.0 527.0 80.0 24.0
1339.0 527.0 80.0 24.0
1339.0 527.0 80.0 24.0
1349.0 527.0 80.0 24.0
1349.0 527.0 80.0 24.0
1349.0 527.0 80.0 24.0
1364.0 527.0 80.0 24.0
1364.0 527.0 80.0 24.0
1364.0 527.0 80.0 24.0
1364.0 527.0 80.0 24.0
1364.0 527.0 80.0 24.0
1369.0 527.0 80.0 24.0
1384.0 527.0 80.0 24.0
1384.0 527.0 80.0 24.0
1379.0 527.0 80.0 24.0
1389.0 527.0 80.0 24.0
1389.0 527.0 80.0 24.0
1389.0 527.0 80.0 24.0
1389.0 527.0 80.0 24.0
1394.0 527.0 80.0 24.0
1404.0 527.0 80.0 24.0
1414.0 522.0 80.0 24.0
1414.0 522.0 80.0 24.0
1429.0 527.0 80.0 24.0
1429.0 522.0 80.0 24.0
1429.0 522.0 80.0 24.0
1429.0 527.0 80.0 24.0
1429.0 527.0 80.0 24.0
1429.0 527.0 80.0 24.0
1429.0 527.0 80.0 24.0
1429.0 527.0 80.0 24.0
1434.0 527.0 80.0 24.0
1439.0 527.0 80.0 24.0
1449.0 527.0 80.0 24.0
1449.0 522.0 80.0 24.0
1454.0 522.0 80.0 24.0
1454.0 522.0 80.0 24.0
1459.0 517.0 80.0 24.0
1464.0 517.0 80.0 24.0
1464.0 522.0 80.0 24.0
1464.0 522.0 80.0 24.0
1464.0 522.0 80.0 24.0
1469.0 522.0 80.0 24.0
1484.0 522.0 80.0 24.0
1489.0 527.0 80.0 24.0
1489.0 527.0 80.0 24.0
1489.0 522.0 80.0 24.0
1489.0 522.0 80.0 24.0
1489.0 522.0 80.0 24.0
1494.0 522.0 80.0 24.0
1499.0 517.0 80.0 24.0
1499.0 517.0 80.0 24.0
1499.0 522.0 80.0 24.0
1499.0 522.0 80.0 24.0
1504.0 522.0 80.0 24.0
1509.0 522.0 80.0 24.0
1509.0 527.0 80.0 24.0
1514.0 522.0 80.0 24.0
1514.0 522.0 80.0 24.0
1514.0 522.0 80.0 24.0
1529.0 522.0 80.0 24.0
1529.0 522.0 80.0 24.0
1529.0 522.0 80.0 24.0
1529.0 522.0 80.0 24.0
1534.0 522.0 80.0 24.0
1539.0 522.0 80.0 24.0
1539.0 522.0 80.0 24.0
1544.0 522.0 80.0 24.0
1544.0 522.0 80.0 24.0
1544.0 522.0 80.0 24.0
1544.0 522.0 80.0 24.0
1554.0 527.0 80.0 24.0
1554.0 522.0 80.0 24.0
1554.0 527.0 80.0 24.0
1554.0 527.0 80.0 24.0
1554.0 527.0 80.0 24.0
1564.0 527.0 80.0 24.0
1569.0 527.0 80.0 24.0
1569.0 527.0 80.0 24.0
1569.0 527.0 80.0 24.0
1574.0 527.0 80.0 24.0
1579.0 527.0 80.0 24.0
1584.0 527.0 80.0 24.0
1584.0 527.0 80.0 24.0
1594.0 527.0 80.0 24.0
1594.0 522.0 80.0 24.0
1599.0 522.0 80.0 24.0
1599.0 527.0 80.0 24.0
1599.0 527.0 80.0 24.0
1609.0 527.0 80.0 24.0
1609.0 527.0 80.0 24.0
1609.0 527.0 80.0 24.0
1614.0 527.0 80.0 24.0
1614.0 527.0 80.0 24.0
1619.0 527.0 80.0 24.0
1619.0 527.0 80.0 24.0
1619.0 527.0 80.0 24.0
1619.0 527.0 80.0 24.0
1619.0 527.0 80.0 24.0
1624.0 527.0 80.0 24.0
1624.0 527.0 80.0 24.0
1604.0 527.0 80.0 24.0
1569.0 527.0 80.0 24.0
1509.0 527.0 80.0 24.0
1469.0 527.0 80.0 24.0
1434.0 532.0 80.0 24.0
1419.0 532.0 80.0 24.0
1389.0 532.0 80.0 24.0
1384.0 532.0 80.0 24.0
1354.0 537.0 80.0 24.0
1324.0 537.0 80.0 24.0
1304.0 537.0 80.0 24.0
