1316.0 660.0 22.0 30.0
1316.0 660.0 22.0 30.0
1311.0 660.0 22.0 30.0
1311.0 660.0 22.0 30.0
1311.0 660.0 22.0 30.0
1306.0 660.0 22.0 30.0
1306.0 660.0 22.0 30.0
1301.0 660.0 22.0 30.0
1301.0 660.0 22.0 30.0
1301.0 660.0 22.0 30.0
1306.0 655.0 22.0 30.0
1311.0 655.0 22.0 30.0
1311.0 655.0 22.0 30.0
1311.0 655.0 22.0 30.0
1311.0 655.0 22.0 30.0
1311.0 655.0 22.0 30.0
1311.0 655.0 22.0 30.0
1311.0 655.0 22.0 30.0
1311.0 655.0 22.0 30.0
1311.0 655.0 22.0 30.0
1311.0 655.0 22.0 30.0
1311.0 655.0 22.0 30.0
1311.0 655.0 22.0 30.0
1311.0 655.0 22.0 30.0
1311.0 655.0 22.0 30.0
1311.0 655.0 22.0 30.0
1311.0 655.0 22.0 30.0
1311.0 655.0 22.0 30.0
1311.0 655.0 22.0 30.0
1311.0 655.0 22.0 30.0
1311.0 655.0 22.0 30.0
1311.0 655.0 22.0 30.0
1311.0 655.0 22.0 30.0
1311.0 655.0 22.0 30.0
1311.0 655.0 22.0 30.0
1311.0 655.0 22.0 30.0
1311.0 655.0 22.0 30.0
1311.0 655.0 22.0 30.0
1311.0 655.0 22.0 30.0
1311.0 655.0 22.0 30.0
1311.0 655.0 22.0 30.0
1311.0 655.0 22.0 30.0
1311.0 655.0 22.0 30.0
1311.0 655.0 22.0 30.0
1311.0 655.0 22.0 30.0
1311.0 655.0 22.0 30.0
1311.0 655.0 22.0 30.0
1311.0 655.0 22.0 30.0
1311.0 655.0 22.0 30.0
1311.0 655.0 22.0 30.0
1311.0 655.0 22.0 30.0
1311.0 655.0 22.0 30.0
1311.0 655.0 22.0 30.0
1311.0 655.0 22.0 30.0
1311.0 655.0 22.0 30.0
1311.0 655.0 22.0 30.0
1311.0 655.0 22.0 30.0
1311.0 655.0 22.0 30.0
1311.0 655.0 22.0 30.0
1311.0 655.0 22.0 30.0
1311.0 655.0 22.0 30.0
1311.0 655.0 22.0 30.0
1311.0 655.0 22.0 30.0
1311.0 655.0 22.0 30.0
1311.0 655.0 22.0 30.0
1311.0 655.0 22.0 30.0
1311.0 655.0 22.0 30.0
1311.0 655.0 22.0 30.0
1311.0 655.0 22.0 30.0
1311.0 655.0 22.0 30.0
1311.0 655.0 22.0 30.0
1311.0 655.0 22.0 30.0
1311.0 655.0 22.0 30.0
1311.0 655.0 22.0 30.0
1311.0 655.0 22.0 30.0
1311.0 655.0 22.0 30.0
1311.0 655.0 22.0 30.0
1311.0 655.0 22.0 30.0
1311.0 655.0 22.0 30.0
1311.0 655.0 22.0 30.0
1311.0 655.0 22.0 30.0
1311.0 655.0 22.0 30.0
1311.0 655.0 22.0 30.0
1311.0 655.0 22.0 30.0
1311.0 655.0 22.0 30.0
1311.0 655.0 22.0 30.0
1311.0 655.0 22.0 30.0
1311.0 655.0 22.0 30.0
1311.0 655.0 22.0 30.0
1311.0 655.0 22.0 30.0
1311.0 655.0 22.0 30.0
1311.0 655.0 22.0 30.0
1311.0 655.0 22.0 30.0
1311.0 655.0 22.0 30.0
1311.0 655.0 22.0 30.0
1311.0 655.0 22.0 30.0
1311.0 655.0 22.0 30.0
1311.0 655.0 22.0 30.0
1311.0 655.0 22.0 30.0
1311.0 655.0 22.0 30.0
1311.0 655.0 22.0 30.0
1311.0 655.0 22.0 30.0
1311.0 655.0 22.0 30.0
1311.0 655.0 22.0 30.0
1311.0 655.0 22.0 30.0
1311.0 655.0 22.0 30.0
1311.0 655.0 22.0 30.0
1311.0 655.0 22.0 30.0
1311.0 655.0 22.0 30.0
1311.0 655.0 22.0 30.0
1311.0 655.0 22.0 30.0
1311.0 655.0 22.0 30.0
1311.0 655.0 22.0 30.0
1311.0 655.0 22.0 30.0
1311.0 655.0 22.0 30.0
1311.0 655.0 22.0 30.0
1311.0 655.0 22.0 30.0
1311.0 655.0 22.0 30.0
1311.0 655.0 22.0 30.0
1311.0 655.0 22.0 30.0
1311.0 655.0 22.0 30.0
1311.0 655.0 22.0 30.0
1311.0 655.0 22.0 30.0
1311.0 655.0 22.0 30.0
1311.0 655.0 22.0 30.0
1311.0 655.0 22.0 30.0
1311.0 655.0 22.0 30.0
1311.0 655.0 22.0 30.0
1311.0 655.0 22.0 30.0
1311.0 655.0 22.0 30.0
1311.0 655.0 22.0 30.0
1311.0 655.0 22.0 30.0
1311.0 655.0 22.0 30.0
1311.0 655.0 22.0 30.0
1311.0 655.0 22.0 30.0
1311.0 655.0 22.0 30.0
1311.0 655.0 22.0 30.0
1311.0 655.0 22.0 30.0
1311.0 655.0 22.0 30.0
1311.0 655.0 22.0 30.0
1311.0 655.0 22.0 30.0
1311.0 655.0 22.0 30.0
1311.0 655.0 22.0 30.0
1311.0 655.0 22.0 30.0
1311.0 655.0 22.0 30.0
1311.0 655.0 22.0 30.0
1311.0 655.0 22.0 30.0
1311.0 655.0 22.0 30.0
1311.0 655.0 22.0 30.0
1311.0 655.0 22.0 30.0
