1310.5 596.0 137.0 300.0
1170.5 586.0 137.0 300.0
1125.5 581.0 137.0 300.0
1115.5 586.0 137.0 300.0
1115.5 581.0 137.0 300.0
1115.5 581.0 137.0 300.0
1115.5 581.0 137.0 300.0
1115.5 581.0 137.0 300.0
1115.5 581.0 137.0 300.0
1115.5 581.0 137.0 300.0
1115.5 581.0 137.0 300.0
1115.5 581.0 137.0 300.0
1115.5 581.0 137.0 300.0
1115.5 581.0 137.0 300.0
1115.5 581.0 137.0 300.0
1115.5 581.0 137.0 300.0
1115.5 581.0 137.0 300.0
1115.5 581.0 137.0 300.0
1115.5 576.0 137.0 300.0
1115.5 581.0 137.0 300.0
1115.5 581.0 137.0 300.0
1115.5 581.0 137.0 300.0
1115.5 581.0 137.0 300.0
1115.5 581.0 137.0 300.0
1115.5 581.0 137.0 300.0
1120.5 581.0 137.0 300.0
1120.5 576.0 137.0 300.0
1120.5 576.0 137.0 300.0
1120.5 576.0 137.0 300.0
1120.5 576.0 137.0 300.0
1125.5 596.0 137.0 300.0
1125.5 601.0 137.0 300.0
1130.5 561.0 137.0 300.0
1015.5000000000001 596.0 137.0 300.0
960.5000000000001 581.0 137.0 300.0
940.5000000000001 586.0 137.0 300.0
935.5000000000001 576.0 137.0 300.0
930.5000000000001 571.0 137.0 300.0
935.5000000000001 576.0 137.0 300.0
940.5000000000001 591.0 137.0 300.0
930.5000000000001 586.0 137.0 300.0
925.5000000000001 586.0 137.0 300.0
915.5000000000001 591.0 137.0 300.0
925.5000000000001 566.0 137.0 300.0
925.5000000000001 561.0 137.0 300.0
925.5000000000001 566.0 137.0 300.0
925.5000000000001 571.0 137.0 300.0
930.5000000000001 571.0 137.0 300.0
925.5000000000001 576.0 137.0 300.0
925.5000000000001 571.0 137.0 300.0
925.5000000000001 576.0 137.0 300.0
930.5000000000001 571.0 137.0 300.0
905.5000000000001 586.0 137.0 300.0
885.5000000000001 576.0 137.0 300.0
870.5000000000001 576.0 137.0 300.0
865.5000000000001 576.0 137.0 300.0
865.5000000000001 576.0 137.0 300.0
855.5000000000001 576.0 137.0 300.0
875.5000000000001 566.0 137.0 300.0
905.5000000000001 546.0 137.0 300.0
920.5000000000001 571.0 137.0 300.0
905.5000000000001 571.0 137.0 300.0
900.5000000000001 586.0 137.0 300.0
900.5000000000001 591.0 137.0 300.0
900.5000000000001 591.0 137.0 300.0
900.5000000000001 591.0 137.0 300.0
905.5000000000001 596.0 137.0 300.0
905.5000000000001 591.0 137.0 300.0
905.5000000000001 591.0 137.0 300.0
905.5000000000001 591.0 137.0 300.0
905.5000000000001 586.0 137.0 300.0
905.5000000000001 591.0 137.0 300.0
905.5000000000001 591.0 137.0 300.0
905.5000000000001 591.0 137.0 300.0
905.5000000000001 591.0 137.0 300.0
905.5000000000001 591.0 137.0 300.0
905.5000000000001 586.0 137.0 300.0
905.5000000000001 591.0 137.0 300.0
905.5000000000001 586.0 137.0 300.0
900.5000000000001 591.0 137.0 300.0
900.5000000000001 591.0 137.0 300.0
900.5000000000001 591.0 137.0 300.0
900.5000000000001 591.0 137.0 300.0
905.5000000000001 591.0 137.0 300.0
905.5000000000001 586.0 137.0 300.0
900.5000000000001 591.0 137.0 300.0
900.5000000000001 586.0 137.0 300.0
900.5000000000001 591.0 137.0 300.0
900.5000000000001 591.0 137.0 300.0
900.5000000000001 591.0 137.0 300.0
900.5000000000001 586.0 137.0 300.0
900.5000000000001 586.0 137.0 300.0
900.5000000000001 591.0 137.0 300.0
900.5000000000001 586.0 137.0 300.0
900.5000000000001 591.0 137.0 300.0
900.5000000000001 591.0 137.0 300.0
900.5000000000001 586.0 137.0 300.0
900.5000000000001 591.0 137.0 300.0
900.5000000000001 591.0 137.0 300.0
900.5000000000001 591.0 137.0 300.0
900.5000000000001 591.0 137.0 300.0
900.5000000000001 591.0 137.0 300.0
900.5000000000001 591.0 137.0 300.0
900.5000000000001 591.0 137.0 300.0
900.5000000000001 591.0 137.0 300.0
900.5000000000001 591.0 137.0 300.0
900.5000000000001 591.0 137.0 300.0
900.5000000000001 591.0 137.0 300.0
900.5000000000001 591.0 137.0 300.0
900.5000000000001 591.0 137.0 300.0
900.5000000000001 586.0 137.0 300.0
900.5000000000001 591.0 137.0 300.0
905.5000000000001 591.0 137.0 300.0
900.5000000000001 586.0 137.0 300.0
900.5000000000001 591.0 137.0 300.0
905.5000000000001 586.0 137.0 300.0
910.5000000000001 586.0 137.0 300.0
910.5000000000001 591.0 137.0 300.0
920.5000000000001 586.0 137.0 300.0
950.5000000000001 546.0 137.0 300.0
1035.5 586.0 137.0 300.0
1100.5 576.0 137.0 300.0
1120.5 566.0 137.0 300.0
1135.5 551.0 137.0 300.0
1195.5 526.0 137.0 300.0
1270.5 490.99999999999994 137.0 300.0
1285.5 470.99999999999994 137.0 300.0
1295.5 505.99999999999994 137.0 300.0
1365.5 591.0 137.0 300.0
1370.5 656.0 137.0 300.0
1340.5 651.0 137.0 300.0
1275.5 591.0 137.0 300.0
1275.5 556.0 137.0 300.0
1265.5 505.99999999999994 137.0 300.0
1220.5 510.99999999999994 137.0 300.0
1170.5 521.0 137.0 300.0
1140.5 445.99999999999994 137.0 300.0
1165.5 345.99999999999994 137.0 300.0
1135.5 295.99999999999994 137.0 300.0
1050.5 350.99999999999994 137.0 300.0
1060.5 385.99999999999994 137.0 300.0
1135.5 390.99999999999994 137.0 300.0
1240.5 435.99999999999994 137.0 300.0
1220.5 425.99999999999994 137.0 300.0
1165.5 500.99999999999994 137.0 300.0
1210.5 551.0 137.0 300.0
1140.5 546.0 137.0 300.0
1115.5 551.0 137.0 300.0
1095.5 505.99999999999994 137.0 300.0
1090.5 505.99999999999994 137.0 300.0
985.5000000000001 505.99999999999994 137.0 300.0
980.5000000000001 475.99999999999994 137.0 300.0
1030.5 460.99999999999994 137.0 300.0
1015.5000000000001 415.99999999999994 137.0 300.0
1070.5 365.99999999999994 137.0 300.0
1120.5 405.99999999999994 137.0 300.0
1125.5 440.99999999999994 137.0 300.0
1005.5000000000001 546.0 137.0 300.0
900.5000000000001 601.0 137.0 300.0
825.5000000000001 606.0 137.0 300.0
860.5000000000001 571.0 137.0 300.0
945.5000000000001 516.0 137.0 300.0
1005.5000000000001 510.99999999999994 137.0 300.0
1075.5 465.99999999999994 137.0 300.0
1115.5 495.99999999999994 137.0 300.0
1180.5 500.99999999999994 137.0 300.0
1155.5 526.0 137.0 300.0
1085.5 546.0 137.0 300.0
1070.5 551.0 137.0 300.0
1055.5 541.0 137.0 300.0
