810.0 465.0 122.0 116.0
805.0 460.0 122.0 116.0
795.0 450.0 122.0 116.0
790.0 440.0 122.0 116.0
785.0 435.0 122.0 116.0
780.0 430.0 122.0 116.0
770.0 420.0 122.0 116.0
765.0 415.0 122.0 116.0
760.0 405.0 122.0 116.0
755.0 400.0 122.0 116.0
750.0 390.0 122.0 116.0
745.0 385.0 122.0 116.0
735.0 375.0 122.0 116.0
730.0 370.0 122.0 116.0
725.0 365.0 122.0 116.0
720.0 360.0 122.0 116.0
715.0 355.0 122.0 116.0
715.0 360.0 122.0 116.0
715.0 360.0 122.0 116.0
720.0 365.0 122.0 116.0
720.0 365.0 122.0 116.0
715.0 365.0 122.0 116.0
715.0 365.0 122.0 116.0
715.0 365.0 122.0 116.0
715.0 370.0 122.0 116.0
715.0 375.0 122.0 116.0
715.0 375.0 122.0 116.0
710.0 380.0 122.0 116.0
705.0 380.0 122.0 116.0
710.0 385.0 122.0 116.0
710.0 385.0 122.0 116.0
705.0 385.0 122.0 116.0
705.0 390.0 122.0 116.0
705.0 390.0 122.0 116.0
700.0 385.0 122.0 116.0
695.0 385.0 122.0 116.0
695.0 380.0 122.0 116.0
690.0 375.0 122.0 116.0
690.0 375.0 122.0 116.0
685.0 375.0 122.0 116.0
685.0 370.0 122.0 116.0
685.0 375.0 122.0 116.0
690.0 380.0 122.0 116.0
690.0 385.0 122.0 116.0
690.0 390.0 122.0 116.0
690.0 390.0 122.0 116.0
695.0 395.0 122.0 116.0
700.0 405.0 122.0 116.0
705.0 415.0 122.0 116.0
710.0 425.0 122.0 116.0
715.0 440.0 122.0 116.0
730.0 455.0 122.0 116.0
735.0 465.0 122.0 116.0
740.0 475.0 122.0 116.0
750.0 500.0 122.0 116.0
760.0 520.0 122.0 116.0
765.0 535.0 122.0 116.0
770.0 550.0 122.0 116.0
775.0 565.0 122.0 116.0
780.0 575.0 122.0 116.0
785.0 580.0 122.0 116.0
780.0 580.0 122.0 116.0
775.0 575.0 122.0 116.0
770.0 565.0 122.0 116.0
765.0 560.0 122.0 116.0
760.0 555.0 122.0 116.0
755.0 550.0 122.0 116.0
755.0 545.0 122.0 116.0
745.0 540.0 122.0 116.0
745.0 535.0 122.0 116.0
740.0 535.0 122.0 116.0
740.0 535.0 122.0 116.0
745.0 550.0 122.0 116.0
750.0 570.0 122.0 116.0
750.0 575.0 122.0 116.0
