1717.9999999999998 803.0 96.0 44.0
1717.9999999999998 808.0 96.0 44.0
1702.9999999999998 808.0 96.0 44.0
1692.9999999999998 813.0 96.0 44.0
1687.9999999999998 813.0 96.0 44.0
1667.9999999999998 813.0 96.0 44.0
1652.9999999999998 813.0 96.0 44.0
1637.9999999999998 813.0 96.0 44.0
1627.9999999999998 813.0 96.0 44.0
1622.9999999999998 813.0 96.0 44.0
1612.9999999999998 813.0 96.0 44.0
1607.9999999999998 808.0 96.0 44.0
1587.9999999999998 808.0 96.0 44.0
1577.9999999999998 808.0 96.0 44.0
1567.9999999999998 808.0 96.0 44.0
1552.9999999999998 808.0 96.0 44.0
1537.9999999999998 813.0 96.0 44.0
1522.9999999999998 813.0 96.0 44.0
1517.9999999999998 818.0 96.0 44.0
1517.9999999999998 813.0 96.0 44.0
1512.9999999999998 813.0 96.0 44.0
1492.9999999999998 813.0 96.0 44.0
1477.9999999999998 813.0 96.0 44.0
1477.9999999999998 813.0 96.0 44.0
1467.9999999999998 813.0 96.0 44.0
1457.9999999999998 813.0 96.0 44.0
1442.9999999999998 813.0 96.0 44.0
1427.9999999999998 813.0 96.0 44.0
1412.9999999999998 818.0 96.0 44.0
1412.9999999999998 818.0 96.0 44.0
1412.9999999999998 818.0 96.0 44.0
1392.9999999999998 818.0 96.0 44.0
1377.9999999999998 818.0 96.0 44.0
1362.9999999999998 818.0 96.0 44.0
1357.9999999999998 818.0 96.0 44.0
1347.9999999999998 818.0 96.0 44.0
1342.9999999999998 818.0 96.0 44.0
1327.9999999999998 818.0 96.0 44.0
1327.9999999999998 823.0 96.0 44.0
1312.9999999999998 818.0 96.0 44.0
1292.9999999999998 818.0 96.0 44.0
1287.9999999999998 818.0 96.0 44.0
1273.0 818.0 96.0 44.0
1268.0 823.0 96.0 44.0
1263.0 823.0 96.0 44.0
1253.0 823.0 96.0 44.0
1238.0 823.0 96.0 44.0
1223.0 823.0 96.0 44.0
1218.0 818.0 96.0 44.0
1213.0 818.0 96.0 44.0
1208.0 818.0 96.0 44.0
1203.0 818.0 96.0 44.0
1203.0 818.0 96.0 44.0
1203.0 818.0 96.0 44.0
1188.0 818.0 96.0 44.0
1188.0 818.0 96.0 44.0
1168.0 818.0 96.0 44.0
1168.0 823.0 96.0 44.0
1168.0 823.0 96.0 44.0
1168.0 828.0 96.0 44.0
1163.0 828.0 96.0 44.0
1158.0 828.0 96.0 44.0
1158.0 828.0 96.0 44.0
1158.0 823.0 96.0 44.0
1158.0 823.0 96.0 44.0
1158.0 823.0 96.0 44.0
1153.0 823.0 96.0 44.0
1153.0 818.0 96.0 44.0
1153.0 818.0 96.0 44.0
1153.0 818.0 96.0 44.0
1153.0 818.0 96.0 44.0
1153.0 818.0 96.0 44.0
1148.0 818.0 96.0 44.0
1143.0 823.0 96.0 44.0
1138.0 823.0 96.0 44.0
1138.0 823.0 96.0 44.0
1138.0 823.0 96.0 44.0
1143.0 823.0 96.0 44.0
1143.0 823.0 96.0 44.0
1138.0 823.0 96.0 44.0
1133.0 823.0 96.0 44.0
1138.0 823.0 96.0 44.0
1138.0 823.0 96.0 44.0
1138.0 823.0 96.0 44.0
1138.0 818.0 96.0 44.0
1138.0 818.0 96.0 44.0
1138.0 818.0 96.0 44.0
1138.0 818.0 96.0 44.0
1138.0 818.0 96.0 44.0
1138.0 818.0 96.0 44.0
1143.0 818.0 96.0 44.0
1143.0 818.0 96.0 44.0
1138.0 818.0 96.0 44.0
1138.0 818.0 96.0 44.0
1138.0 818.0 96.0 44.0
1138.0 818.0 96.0 44.0
1138.0 818.0 96.0 44.0
1138.0 818.0 96.0 44.0
1138.0 818.0 96.0 44.0
1138.0 818.0 96.0 44.0
