686.5 370.99999999999994 117.0 346.0
661.5 365.99999999999994 117.0 346.0
641.5 360.99999999999994 117.0 346.0
631.5 355.99999999999994 117.0 346.0
621.5 380.99999999999994 117.0 346.0
621.5 395.99999999999994 117.0 346.0
626.5 395.99999999999994 117.0 346.0
626.5 360.99999999999994 117.0 346.0
621.5 345.99999999999994 117.0 346.0
631.5 350.99999999999994 117.0 346.0
641.5 355.99999999999994 117.0 346.0
661.5 365.99999999999994 117.0 346.0
671.5 360.99999999999994 117.0 346.0
691.5 375.99999999999994 117.0 346.0
701.5 370.99999999999994 117.0 346.0
716.5 385.99999999999994 117.0 346.0
736.5 415.99999999999994 117.0 346.0
746.5 435.99999999999994 117.0 346.0
746.5 445.99999999999994 117.0 346.0
746.5 471.0000000000001 117.0 346.0
746.5 521.0000000000001 117.0 346.0
746.5 541.0000000000001 117.0 346.0
756.5 566.0000000000001 117.0 346.0
756.5 546.0000000000001 117.0 346.0
751.5 521.0000000000001 117.0 346.0
751.5 526.0000000000001 117.0 346.0
756.5 516.0000000000001 117.0 346.0
756.5 521.0000000000001 117.0 346.0
756.5 526.0000000000001 117.0 346.0
751.5 511.0000000000001 117.0 346.0
751.5 491.0000000000001 117.0 346.0
756.5 501.0000000000001 117.0 346.0
761.5 501.0000000000001 117.0 346.0
766.5 491.0000000000001 117.0 346.0
771.5 501.0000000000001 117.0 346.0
776.5 491.0000000000001 117.0 346.0
781.5 496.0000000000001 117.0 346.0
791.5 506.0000000000001 117.0 346.0
796.5 516.0000000000001 117.0 346.0
801.5 526.0000000000001 117.0 346.0
806.5 536.0000000000001 117.0 346.0
806.5 531.0000000000001 117.0 346.0
806.5 541.0000000000001 117.0 346.0
811.5 551.0000000000001 117.0 346.0
811.5 536.0000000000001 117.0 346.0
816.5 536.0000000000001 117.0 346.0
821.5 536.0000000000001 117.0 346.0
821.5 536.0000000000001 117.0 346.0
826.5 546.0000000000001 117.0 346.0
826.5 551.0000000000001 117.0 346.0
821.5 551.0000000000001 117.0 346.0
816.5 551.0000000000001 117.0 346.0
816.5 556.0000000000001 117.0 346.0
811.5 556.0000000000001 117.0 346.0
801.5 551.0000000000001 117.0 346.0
801.5 561.0000000000001 117.0 346.0
796.5 571.0000000000001 117.0 346.0
791.5 566.0000000000001 117.0 346.0
781.5 561.0000000000001 117.0 346.0
771.5 566.0000000000001 117.0 346.0
766.5 566.0000000000001 117.0 346.0
761.5 566.0000000000001 117.0 346.0
756.5 566.0000000000001 117.0 346.0
751.5 586.0000000000001 117.0 346.0
741.5 591.0000000000001 117.0 346.0
736.5 596.0000000000001 117.0 346.0
726.5 586.0000000000001 117.0 346.0
716.5 571.0000000000001 117.0 346.0
711.5 571.0000000000001 117.0 346.0
706.5 571.0000000000001 117.0 346.0
706.5 561.0000000000001 117.0 346.0
701.5 551.0000000000001 117.0 346.0
701.5 551.0000000000001 117.0 346.0
696.5 556.0000000000001 117.0 346.0
691.5 551.0000000000001 117.0 346.0
681.5 536.0000000000001 117.0 346.0
681.5 531.0000000000001 117.0 346.0
676.5 526.0000000000001 117.0 346.0
671.5 526.0000000000001 117.0 346.0
666.5 511.0000000000001 117.0 346.0
661.5 511.0000000000001 117.0 346.0
661.5 506.0000000000001 117.0 346.0
661.5 506.0000000000001 117.0 346.0
666.5 511.0000000000001 117.0 346.0
666.5 511.0000000000001 117.0 346.0
681.5 516.0000000000001 117.0 346.0
696.5 516.0000000000001 117.0 346.0
706.5 516.0000000000001 117.0 346.0
721.5 521.0000000000001 117.0 346.0
736.5 526.0000000000001 117.0 346.0
741.5 531.0000000000001 117.0 346.0
741.5 526.0000000000001 117.0 346.0
736.5 521.0000000000001 117.0 346.0
751.5 521.0000000000001 117.0 346.0
756.5 521.0000000000001 117.0 346.0
766.5 521.0000000000001 117.0 346.0
771.5 526.0000000000001 117.0 346.0
776.5 526.0000000000001 117.0 346.0
791.5 531.0000000000001 117.0 346.0
791.5 531.0000000000001 117.0 346.0
801.5 536.0000000000001 117.0 346.0
806.5 531.0000000000001 117.0 346.0
811.5 526.0000000000001 117.0 346.0
811.5 526.0000000000001 117.0 346.0
816.5 531.0000000000001 117.0 346.0
821.5 521.0000000000001 117.0 346.0
821.5 521.0000000000001 117.0 346.0
841.5 521.0000000000001 117.0 346.0
856.5 531.0000000000001 117.0 346.0
851.5 526.0000000000001 117.0 346.0
851.5 516.0000000000001 117.0 346.0
866.5 521.0000000000001 117.0 346.0
866.5 516.0000000000001 117.0 346.0
881.5 516.0000000000001 117.0 346.0
886.5 506.0000000000001 117.0 346.0
891.5 506.0000000000001 117.0 346.0
896.5 506.0000000000001 117.0 346.0
891.5 496.0000000000001 117.0 346.0
886.5 491.0000000000001 117.0 346.0
881.5 486.0000000000001 117.0 346.0
876.5 491.0000000000001 117.0 346.0
876.5 496.0000000000001 117.0 346.0
866.5 486.0000000000001 117.0 346.0
841.5 486.0000000000001 117.0 346.0
816.5 486.0000000000001 117.0 346.0
801.5 486.0000000000001 117.0 346.0
781.5 491.0000000000001 117.0 346.0
761.5 501.0000000000001 117.0 346.0
766.5 506.0000000000001 117.0 346.0
761.5 506.0000000000001 117.0 346.0
756.5 506.0000000000001 117.0 346.0
756.5 506.0000000000001 117.0 346.0
751.5 506.0000000000001 117.0 346.0
761.5 506.0000000000001 117.0 346.0
756.5 501.0000000000001 117.0 346.0
751.5 496.0000000000001 117.0 346.0
746.5 511.0000000000001 117.0 346.0
746.5 506.0000000000001 117.0 346.0
741.5 501.0000000000001 117.0 346.0
741.5 501.0000000000001 117.0 346.0
746.5 501.0000000000001 117.0 346.0
751.5 496.0000000000001 117.0 346.0
756.5 496.0000000000001 117.0 346.0
761.5 506.0000000000001 117.0 346.0
766.5 521.0000000000001 117.0 346.0
771.5 526.0000000000001 117.0 346.0
781.5 526.0000000000001 117.0 346.0
786.5 531.0000000000001 117.0 346.0
776.5 526.0000000000001 117.0 346.0
771.5 531.0000000000001 117.0 346.0
766.5 526.0000000000001 117.0 346.0
781.5 526.0000000000001 117.0 346.0
806.5 526.0000000000001 117.0 346.0
816.5 531.0000000000001 117.0 346.0
826.5 536.0000000000001 117.0 346.0
826.5 546.0000000000001 117.0 346.0
821.5 561.0000000000001 117.0 346.0
821.5 561.0000000000001 117.0 346.0
811.5 581.0000000000001 117.0 346.0
816.5 576.0000000000001 117.0 346.0
791.5 576.0000000000001 117.0 346.0
801.5 571.0000000000001 117.0 346.0
786.5 581.0000000000001 117.0 346.0
776.5 601.0000000000001 117.0 346.0
776.5 621.0000000000001 117.0 346.0
781.5 631.0000000000001 117.0 346.0
791.5 631.0000000000001 117.0 346.0
786.5 631.0000000000001 117.0 346.0
791.5 646.0000000000001 117.0 346.0
791.5 666.0000000000001 117.0 346.0
801.5 661.0000000000001 117.0 346.0
796.5 661.0000000000001 117.0 346.0
806.5 671.0000000000001 117.0 346.0
816.5 686.0000000000001 117.0 346.0
821.5 686.0000000000001 117.0 346.0
831.5 691.0000000000001 117.0 346.0
836.5 696.0000000000001 117.0 346.0
841.5 701.0000000000001 117.0 346.0
851.5 711.0000000000001 117.0 346.0
866.5 716.0000000000001 117.0 346.0
891.5 711.0000000000001 117.0 346.0
916.5 721.0000000000001 117.0 346.0
941.5 726.0000000000001 117.0 346.0
951.5 731.0000000000001 117.0 346.0
961.5 736.0000000000001 117.0 346.0
991.5 731.0000000000001 117.0 346.0
1016.5 726.0000000000001 117.0 346.0
1041.5 726.0000000000001 117.0 346.0
1076.5 721.0000000000001 117.0 346.0
1101.5 726.0000000000001 117.0 346.0
1121.5 721.0000000000001 117.0 346.0
1156.5 711.0000000000001 117.0 346.0
1171.5 711.0000000000001 117.0 346.0
1191.5 711.0000000000001 117.0 346.0
1211.5 706.0000000000001 117.0 346.0
1241.5 701.0000000000001 117.0 346.0
1266.5 701.0000000000001 117.0 346.0
1296.5 701.0000000000001 117.0 346.0
1336.5 701.0000000000001 117.0 346.0
1381.5 691.0000000000001 117.0 346.0
1406.5 691.0000000000001 117.0 346.0
1426.5 691.0000000000001 117.0 346.0
1431.5 691.0000000000001 117.0 346.0
1441.5 691.0000000000001 117.0 346.0
1441.5 696.0000000000001 117.0 346.0
1446.5 696.0000000000001 117.0 346.0
1446.5 696.0000000000001 117.0 346.0
