708.0 499.5 86.0 243.0
713.0 504.5 86.0 243.0
708.0 509.5 86.0 243.0
703.0 509.5 86.0 243.0
693.0 509.5 86.0 243.0
678.0 509.5 86.0 243.0
673.0 519.5 86.0 243.0
668.0 529.5 86.0 243.0
653.0 524.5 86.0 243.0
643.0 524.5 86.0 243.0
638.0 519.5 86.0 243.0
633.0 514.5 86.0 243.0
628.0 514.5 86.0 243.0
618.0 514.5 86.0 243.0
608.0 509.49999999999994 86.0 243.0
603.0 519.5 86.0 243.0
603.0 519.5 86.0 243.0
603.0 514.5 86.0 243.0
598.0 514.5 86.0 243.0
598.0 504.49999999999994 86.0 243.0
598.0 494.49999999999994 86.0 243.0
598.0 484.49999999999994 86.0 243.0
588.0 484.49999999999994 86.0 243.0
583.0 474.49999999999994 86.0 243.0
573.0 469.49999999999994 86.0 243.0
568.0 469.49999999999994 86.0 243.0
558.0 459.49999999999994 86.0 243.0
548.0 459.49999999999994 86.0 243.0
538.0 454.49999999999994 86.0 243.0
523.0 454.49999999999994 86.0 243.0
523.0 449.49999999999994 86.0 243.0
518.0 439.49999999999994 86.0 243.0
508.0 434.49999999999994 86.0 243.0
513.0 434.49999999999994 86.0 243.0
513.0 434.49999999999994 86.0 243.0
523.0 449.49999999999994 86.0 243.0
538.0 439.49999999999994 86.0 243.0
553.0 444.49999999999994 86.0 243.0
568.0 439.49999999999994 86.0 243.0
583.0 424.49999999999994 86.0 243.0
593.0 419.49999999999994 86.0 243.0
598.0 409.49999999999994 86.0 243.0
608.0 414.49999999999994 86.0 243.0
618.0 409.49999999999994 86.0 243.0
623.0 399.49999999999994 86.0 243.0
628.0 419.49999999999994 86.0 243.0
628.0 434.49999999999994 86.0 243.0
623.0 434.49999999999994 86.0 243.0
618.0 434.49999999999994 86.0 243.0
608.0 429.49999999999994 86.0 243.0
603.0 434.49999999999994 86.0 243.0
598.0 434.49999999999994 86.0 243.0
593.0 449.49999999999994 86.0 243.0
588.0 449.49999999999994 86.0 243.0
583.0 449.49999999999994 86.0 243.0
573.0 449.49999999999994 86.0 243.0
568.0 454.49999999999994 86.0 243.0
563.0 459.49999999999994 86.0 243.0
553.0 464.49999999999994 86.0 243.0
548.0 459.49999999999994 86.0 243.0
548.0 459.49999999999994 86.0 243.0
563.0 459.49999999999994 86.0 243.0
588.0 464.49999999999994 86.0 243.0
618.0 469.49999999999994 86.0 243.0
648.0 464.49999999999994 86.0 243.0
668.0 469.49999999999994 86.0 243.0
683.0 469.49999999999994 86.0 243.0
693.0 474.49999999999994 86.0 243.0
708.0 479.49999999999994 86.0 243.0
723.0 479.49999999999994 86.0 243.0
723.0 474.49999999999994 86.0 243.0
723.0 469.49999999999994 86.0 243.0
723.0 479.49999999999994 86.0 243.0
723.0 489.49999999999994 86.0 243.0
723.0 494.49999999999994 86.0 243.0
718.0 489.49999999999994 86.0 243.0
708.0 494.49999999999994 86.0 243.0
713.0 494.49999999999994 86.0 243.0
723.0 499.49999999999994 86.0 243.0
733.0 494.49999999999994 86.0 243.0
743.0 489.49999999999994 86.0 243.0
753.0 489.49999999999994 86.0 243.0
748.0 484.49999999999994 86.0 243.0
753.0 499.49999999999994 86.0 243.0
753.0 499.49999999999994 86.0 243.0
748.0 499.49999999999994 86.0 243.0
743.0 494.49999999999994 86.0 243.0
738.0 504.49999999999994 86.0 243.0
733.0 504.49999999999994 86.0 243.0
723.0 499.49999999999994 86.0 243.0
708.0 494.49999999999994 86.0 243.0
728.0 499.49999999999994 86.0 243.0
698.0 499.49999999999994 86.0 243.0
673.0 499.49999999999994 86.0 243.0
693.0 494.49999999999994 86.0 243.0
673.0 499.49999999999994 86.0 243.0
653.0 489.49999999999994 86.0 243.0
653.0 489.49999999999994 86.0 243.0
653.0 494.49999999999994 86.0 243.0
648.0 499.49999999999994 86.0 243.0
643.0 489.49999999999994 86.0 243.0
643.0 479.49999999999994 86.0 243.0
658.0 479.49999999999994 86.0 243.0
673.0 484.49999999999994 86.0 243.0
678.0 489.49999999999994 86.0 243.0
683.0 484.49999999999994 86.0 243.0
668.0 479.49999999999994 86.0 243.0
663.0 489.49999999999994 86.0 243.0
653.0 499.49999999999994 86.0 243.0
643.0 494.49999999999994 86.0 243.0
638.0 484.49999999999994 86.0 243.0
633.0 469.49999999999994 86.0 243.0
633.0 459.49999999999994 86.0 243.0
638.0 449.49999999999994 86.0 243.0
643.0 444.49999999999994 86.0 243.0
648.0 434.49999999999994 86.0 243.0
638.0 424.49999999999994 86.0 243.0
628.0 429.49999999999994 86.0 243.0
618.0 439.49999999999994 86.0 243.0
623.0 434.49999999999994 86.0 243.0
633.0 429.49999999999994 86.0 243.0
633.0 424.49999999999994 86.0 243.0
633.0 404.49999999999994 86.0 243.0
638.0 399.49999999999994 86.0 243.0
638.0 409.49999999999994 86.0 243.0
633.0 404.49999999999994 86.0 243.0
638.0 394.49999999999994 86.0 243.0
648.0 399.49999999999994 86.0 243.0
663.0 409.49999999999994 86.0 243.0
673.0 404.49999999999994 86.0 243.0
668.0 404.49999999999994 86.0 243.0
653.0 399.49999999999994 86.0 243.0
633.0 374.49999999999994 86.0 243.0
638.0 374.49999999999994 86.0 243.0
648.0 379.49999999999994 86.0 243.0
663.0 384.49999999999994 86.0 243.0
688.0 369.49999999999994 86.0 243.0
688.0 379.49999999999994 86.0 243.0
678.0 389.49999999999994 86.0 243.0
668.0 399.49999999999994 86.0 243.0
663.0 404.49999999999994 86.0 243.0
658.0 404.49999999999994 86.0 243.0
653.0 394.49999999999994 86.0 243.0
653.0 394.49999999999994 86.0 243.0
653.0 419.49999999999994 86.0 243.0
653.0 414.49999999999994 86.0 243.0
663.0 414.49999999999994 86.0 243.0
678.0 429.49999999999994 86.0 243.0
693.0 439.49999999999994 86.0 243.0
698.0 439.49999999999994 86.0 243.0
698.0 444.49999999999994 86.0 243.0
693.0 444.49999999999994 86.0 243.0
693.0 439.49999999999994 86.0 243.0
693.0 429.49999999999994 86.0 243.0
703.0 434.49999999999994 86.0 243.0
713.0 449.49999999999994 86.0 243.0
723.0 449.49999999999994 86.0 243.0
738.0 454.49999999999994 86.0 243.0
748.0 474.49999999999994 86.0 243.0
753.0 484.49999999999994 86.0 243.0
743.0 499.49999999999994 86.0 243.0
733.0 504.49999999999994 86.0 243.0
728.0 494.49999999999994 86.0 243.0
733.0 489.49999999999994 86.0 243.0
738.0 489.49999999999994 86.0 243.0
743.0 494.49999999999994 86.0 243.0
738.0 499.49999999999994 86.0 243.0
738.0 494.49999999999994 86.0 243.0
758.0 509.49999999999994 86.0 243.0
768.0 524.5 86.0 243.0
778.0 544.5 86.0 243.0
778.0 554.5 86.0 243.0
778.0 559.5 86.0 243.0
768.0 554.5 86.0 243.0
763.0 549.5 86.0 243.0
763.0 569.5 86.0 243.0
763.0 569.5 86.0 243.0
768.0 554.5 86.0 243.0
778.0 574.5 86.0 243.0
773.0 614.5 86.0 243.0
788.0 644.4999999999999 86.0 243.0
788.0 629.5 86.0 243.0
783.0 604.5 86.0 243.0
788.0 609.5 86.0 243.0
783.0 609.5 86.0 243.0
783.0 609.5 86.0 243.0
783.0 639.5 86.0 243.0
778.0 609.5 86.0 243.0
753.0 589.5 86.0 243.0
753.0 589.5 86.0 243.0
748.0 589.5 86.0 243.0
738.0 584.5 86.0 243.0
733.0 574.5 86.0 243.0
728.0 574.5 86.0 243.0
733.0 584.5 86.0 243.0
728.0 574.5 86.0 243.0
723.0 574.5 86.0 243.0
698.0 594.5 86.0 243.0
678.0 589.5 86.0 243.0
668.0 554.5 86.0 243.0
648.0 634.5 86.0 243.0
648.0 659.4999999999999 86.0 243.0
643.0 654.4999999999999 86.0 243.0
623.0 689.4999999999999 86.0 243.0
613.0 719.4999999999999 86.0 243.0
608.0 734.4999999999999 86.0 243.0
613.0 734.4999999999999 86.0 243.0
608.0 729.4999999999999 86.0 243.0
613.0 729.4999999999999 86.0 243.0
618.0 704.4999999999999 86.0 243.0
628.0 709.4999999999999 86.0 243.0
613.0 699.4999999999999 86.0 243.0
603.0 694.4999999999999 86.0 243.0
588.0 694.4999999999999 86.0 243.0
578.0 684.4999999999999 86.0 243.0
573.0 674.4999999999999 86.0 243.0
573.0 629.5 86.0 243.0
568.0 604.5 86.0 243.0
573.0 559.5 86.0 243.0
573.0 594.5 86.0 243.0
568.0 589.5 86.0 243.0
568.0 639.5 86.0 243.0
573.0 644.4999999999999 86.0 243.0
588.0 634.5 86.0 243.0
603.0 634.5 86.0 243.0
613.0 634.5 86.0 243.0
633.0 669.4999999999999 86.0 243.0
633.0 664.4999999999999 86.0 243.0
618.0 659.4999999999999 86.0 243.0
598.0 649.4999999999999 86.0 243.0
578.0 649.4999999999999 86.0 243.0
568.0 654.4999999999999 86.0 243.0
563.0 654.4999999999999 86.0 243.0
563.0 654.4999999999999 86.0 243.0
578.0 639.5 86.0 243.0
578.0 634.5 86.0 243.0
568.0 629.5 86.0 243.0
558.0 629.5 86.0 243.0
553.0 649.4999999999999 86.0 243.0
543.0 684.4999999999999 86.0 243.0
543.0 674.4999999999999 86.0 243.0
553.0 674.4999999999999 86.0 243.0
548.0 669.4999999999999 86.0 243.0
543.0 664.4999999999999 86.0 243.0
538.0 659.4999999999999 86.0 243.0
533.0 644.4999999999999 86.0 243.0
523.0 639.5 86.0 243.0
518.0 609.5 86.0 243.0
503.0 604.5 86.0 243.0
483.0 564.5 86.0 243.0
468.0 559.5 86.0 243.0
453.0 519.5 86.0 243.0
443.0 524.5 86.0 243.0
438.0 619.5 86.0 243.0
428.0 619.5 86.0 243.0
433.0 624.5 86.0 243.0
463.0 659.4999999999999 86.0 243.0
473.0 649.4999999999999 86.0 243.0
478.0 639.5 86.0 243.0
488.0 644.4999999999999 86.0 243.0
483.0 639.5 86.0 243.0
468.0 639.5 86.0 243.0
453.0 624.5 86.0 243.0
453.0 619.5 86.0 243.0
443.0 619.5 86.0 243.0
433.0 614.5 86.0 243.0
438.0 619.5 86.0 243.0
463.0 619.5 86.0 243.0
443.0 609.5 86.0 243.0
488.0 594.5 86.0 243.0
543.0 589.5 86.0 243.0
553.0 594.5 86.0 243.0
553.0 594.5 86.0 243.0
543.0 614.5 86.0 243.0
528.0 619.5 86.0 243.0
523.0 629.5 86.0 243.0
508.0 624.5 86.0 243.0
513.0 659.4999999999999 86.0 243.0
513.0 669.4999999999999 86.0 243.0
498.0 664.4999999999999 86.0 243.0
503.0 674.4999999999999 86.0 243.0
498.0 684.4999999999999 86.0 243.0
483.0 679.4999999999999 86.0 243.0
473.0 679.4999999999999 86.0 243.0
468.0 684.4999999999999 86.0 243.0
468.0 684.4999999999999 86.0 243.0
458.0 684.4999999999999 86.0 243.0
463.0 704.4999999999999 86.0 243.0
463.0 709.4999999999999 86.0 243.0
463.0 709.4999999999999 86.0 243.0
453.0 719.4999999999999 86.0 243.0
443.0 724.4999999999999 86.0 243.0
433.0 719.4999999999999 86.0 243.0
433.0 724.4999999999999 86.0 243.0
448.0 724.4999999999999 86.0 243.0
448.0 689.4999999999999 86.0 243.0
433.0 699.4999999999999 86.0 243.0
428.0 724.4999999999999 86.0 243.0
428.0 654.4999999999999 86.0 243.0
483.0 629.5 86.0 243.0
543.0 589.5 86.0 243.0
558.0 639.5 86.0 243.0
563.0 659.4999999999999 86.0 243.0
578.0 664.4999999999999 86.0 243.0
603.0 639.5 86.0 243.0
613.0 634.5 86.0 243.0
613.0 684.4999999999999 86.0 243.0
618.0 699.4999999999999 86.0 243.0
638.0 689.4999999999999 86.0 243.0
678.0 674.4999999999999 86.0 243.0
693.0 654.4999999999999 86.0 243.0
688.0 719.4999999999999 86.0 243.0
688.0 744.4999999999999 86.0 243.0
698.0 739.4999999999999 86.0 243.0
718.0 719.4999999999999 86.0 243.0
723.0 719.4999999999999 86.0 243.0
718.0 754.4999999999999 86.0 243.0
733.0 759.4999999999999 86.0 243.0
758.0 754.4999999999999 86.0 243.0
778.0 739.4999999999999 86.0 243.0
