815.5 558.5 101.0 95.0
805.5 553.5 101.0 95.0
805.5 548.5 101.0 95.0
795.5 548.5 101.0 95.0
790.5 548.5 101.0 95.0
775.5 548.5 101.0 95.0
770.5 548.5 101.0 95.0
760.5 553.5 101.0 95.0
755.5 553.5 101.0 95.0
745.5 553.5 101.0 95.0
735.5 548.5 101.0 95.0
725.5 558.5 101.0 95.0
715.5 558.5 101.0 95.0
710.5 553.5 101.0 95.0
700.5 553.5 101.0 95.0
695.5 548.5 101.0 95.0
685.5 538.5 101.0 95.0
675.5 528.5 101.0 95.0
665.5 523.5 101.0 95.0
660.5 513.5 101.0 95.0
655.5 508.5 101.0 95.0
645.5 508.5 101.0 95.0
635.5 508.5 101.0 95.0
630.5 508.5 101.0 95.0
625.5 508.5 101.0 95.0
620.5 513.5 101.0 95.0
615.5 513.5 101.0 95.0
610.5 513.5 101.0 95.0
600.5 503.5 101.0 95.0
590.5 493.5 101.0 95.0
580.5 483.5 101.0 95.0
575.5 478.5 101.0 95.0
570.5 473.5 101.0 95.0
565.5 468.5 101.0 95.0
560.5 463.5 101.0 95.0
555.5 463.5 101.0 95.0
555.5 463.5 101.0 95.0
555.5 468.5 101.0 95.0
550.5 473.5 101.0 95.0
545.5 478.5 101.0 95.0
540.5 478.5 101.0 95.0
535.5 473.5 101.0 95.0
530.5 463.5 101.0 95.0
520.5 458.5 101.0 95.0
515.5 453.5 101.0 95.0
510.5 448.5 101.0 95.0
505.5 443.5 101.0 95.0
500.5 443.5 101.0 95.0
500.5 443.5 101.0 95.0
500.5 443.5 101.0 95.0
495.5 438.5 101.0 95.0
485.5 438.5 101.0 95.0
485.5 438.5 101.0 95.0
485.5 448.5 101.0 95.0
485.5 453.5 101.0 95.0
480.5 458.5 101.0 95.0
475.5 458.5 101.0 95.0
470.5 458.5 101.0 95.0
465.5 458.5 101.0 95.0
460.5 453.5 101.0 95.0
455.5 448.5 101.0 95.0
450.5 448.5 101.0 95.0
445.5 448.5 101.0 95.0
445.5 448.5 101.0 95.0
445.5 453.5 101.0 95.0
435.5 448.5 101.0 95.0
435.5 443.5 101.0 95.0
430.5 438.5 101.0 95.0
430.5 438.5 101.0 95.0
430.5 438.5 101.0 95.0
435.5 433.5 101.0 95.0
440.5 438.5 101.0 95.0
440.5 433.5 101.0 95.0
435.5 428.5 101.0 95.0
435.5 428.5 101.0 95.0
425.5 428.5 101.0 95.0
430.5 433.5 101.0 95.0
425.5 433.5 101.0 95.0
425.5 433.5 101.0 95.0
420.5 433.5 101.0 95.0
415.5 428.5 101.0 95.0
405.5 423.5 101.0 95.0
400.5 413.5 101.0 95.0
395.5 413.5 101.0 95.0
395.5 418.5 101.0 95.0
390.5 423.5 101.0 95.0
385.5 418.5 101.0 95.0
380.5 418.5 101.0 95.0
375.5 418.5 101.0 95.0
365.5 413.5 101.0 95.0
360.5 413.5 101.0 95.0
350.5 408.5 101.0 95.0
345.5 403.5 101.0 95.0
340.5 398.5 101.0 95.0
335.5 393.5 101.0 95.0
330.5 393.5 101.0 95.0
325.5 388.5 101.0 95.0
320.5 383.5 101.0 95.0
315.49999999999994 383.5 101.0 95.0
305.49999999999994 378.5 101.0 95.0
300.49999999999994 373.5 101.0 95.0
295.49999999999994 368.5 101.0 95.0
290.49999999999994 368.5 101.0 95.0
290.49999999999994 373.5 101.0 95.0
290.49999999999994 378.5 101.0 95.0
290.49999999999994 383.5 101.0 95.0
285.49999999999994 393.5 101.0 95.0
285.49999999999994 393.5 101.0 95.0
280.49999999999994 393.5 101.0 95.0
280.49999999999994 393.5 101.0 95.0
280.49999999999994 393.5 101.0 95.0
280.49999999999994 388.5 101.0 95.0
275.49999999999994 388.5 101.0 95.0
285.49999999999994 388.5 101.0 95.0
285.49999999999994 388.5 101.0 95.0
290.49999999999994 393.5 101.0 95.0
280.49999999999994 393.5 101.0 95.0
285.49999999999994 393.5 101.0 95.0
285.49999999999994 403.5 101.0 95.0
285.49999999999994 403.5 101.0 95.0
285.49999999999994 403.5 101.0 95.0
290.49999999999994 403.5 101.0 95.0
285.49999999999994 403.5 101.0 95.0
285.49999999999994 403.5 101.0 95.0
280.49999999999994 408.5 101.0 95.0
285.49999999999994 418.5 101.0 95.0
280.49999999999994 428.5 101.0 95.0
280.49999999999994 428.5 101.0 95.0
280.49999999999994 433.5 101.0 95.0
280.49999999999994 443.5 101.0 95.0
275.49999999999994 453.5 101.0 95.0
275.49999999999994 458.5 101.0 95.0
275.49999999999994 468.5 101.0 95.0
270.49999999999994 468.5 101.0 95.0
265.49999999999994 473.5 101.0 95.0
265.49999999999994 473.5 101.0 95.0
260.49999999999994 473.5 101.0 95.0
255.49999999999994 473.5 101.0 95.0
250.49999999999994 473.5 101.0 95.0
245.49999999999994 473.5 101.0 95.0
245.49999999999994 478.5 101.0 95.0
240.49999999999994 478.5 101.0 95.0
250.49999999999994 488.5 101.0 95.0
255.49999999999994 503.5 101.0 95.0
260.49999999999994 513.5 101.0 95.0
260.49999999999994 513.5 101.0 95.0
265.49999999999994 523.5 101.0 95.0
270.49999999999994 528.5 101.0 95.0
270.49999999999994 528.5 101.0 95.0
270.49999999999994 528.5 101.0 95.0
270.49999999999994 533.5 101.0 95.0
275.49999999999994 533.5 101.0 95.0
