1258.5 515.5 207.0 217.0
1248.5 505.5 207.0 217.0
1233.5 495.5 207.0 217.0
1228.5 500.5 207.0 217.0
1208.5 480.5 207.0 217.0
1193.5 460.5 207.0 217.0
1173.5 440.5 207.0 217.0
1158.5 420.5 207.0 217.0
1143.5 400.5 207.0 217.0
1133.5 390.5 207.0 217.0
1128.5 415.5 207.0 217.0
1123.5 430.5 207.0 217.0
1108.5 425.5 207.0 217.0
1098.5 420.5 207.0 217.0
1083.5 415.5 207.0 217.0
1063.5 395.5 207.0 217.0
1048.5 380.5 207.0 217.0
1038.5 380.5 207.0 217.0
1023.5 365.5 207.0 217.0
1003.5 350.5 207.0 217.0
988.5 330.5 207.0 217.0
973.5 320.5 207.0 217.0
963.5 310.5 207.0 217.0
953.5 300.5 207.0 217.0
938.5 285.5 207.0 217.0
923.5 275.5 207.0 217.0
913.5 270.5 207.0 217.0
908.5 260.5 207.0 217.0
898.5 270.5 207.0 217.0
893.5 280.5 207.0 217.0
883.5 285.5 207.0 217.0
878.5 285.5 207.0 217.0
868.5 285.5 207.0 217.0
858.5 270.5 207.0 217.0
848.5 265.5 207.0 217.0
838.5 260.5 207.0 217.0
833.5 255.49999999999997 207.0 217.0
823.5 240.49999999999997 207.0 217.0
818.5 240.49999999999997 207.0 217.0
808.5 240.49999999999997 207.0 217.0
803.5 250.49999999999997 207.0 217.0
793.5 245.49999999999997 207.0 217.0
793.5 245.49999999999997 207.0 217.0
793.5 250.49999999999997 207.0 217.0
793.5 265.5 207.0 217.0
798.5 265.5 207.0 217.0
793.5 260.5 207.0 217.0
793.5 250.49999999999997 207.0 217.0
788.5 245.49999999999997 207.0 217.0
788.5 235.49999999999997 207.0 217.0
793.5 225.49999999999997 207.0 217.0
803.5 230.49999999999997 207.0 217.0
818.5 255.49999999999997 207.0 217.0
828.5 265.5 207.0 217.0
838.5 280.5 207.0 217.0
843.5 300.5 207.0 217.0
853.5 300.5 207.0 217.0
853.5 295.5 207.0 217.0
858.5 300.5 207.0 217.0
863.5 310.5 207.0 217.0
868.5 315.5 207.0 217.0
873.5 310.5 207.0 217.0
873.5 310.5 207.0 217.0
883.5 315.5 207.0 217.0
898.5 325.5 207.0 217.0
893.5 320.5 207.0 217.0
893.5 315.5 207.0 217.0
893.5 315.5 207.0 217.0
898.5 310.5 207.0 217.0
898.5 300.5 207.0 217.0
898.5 300.5 207.0 217.0
898.5 300.5 207.0 217.0
898.5 295.5 207.0 217.0
898.5 305.5 207.0 217.0
898.5 315.5 207.0 217.0
898.5 320.5 207.0 217.0
893.5 320.5 207.0 217.0
878.5 320.5 207.0 217.0
873.5 325.5 207.0 217.0
868.5 320.5 207.0 217.0
863.5 320.5 207.0 217.0
853.5 315.5 207.0 217.0
843.5 305.5 207.0 217.0
838.5 305.5 207.0 217.0
833.5 325.5 207.0 217.0
838.5 325.5 207.0 217.0
828.5 320.5 207.0 217.0
838.5 325.5 207.0 217.0
838.5 320.5 207.0 217.0
833.5 310.5 207.0 217.0
833.5 310.5 207.0 217.0
838.5 320.5 207.0 217.0
838.5 315.5 207.0 217.0
838.5 315.5 207.0 217.0
828.5 305.5 207.0 217.0
833.5 295.5 207.0 217.0
828.5 295.5 207.0 217.0
