880.0 453.00000000000006 32.0 58.0
890.0 453.00000000000006 32.0 58.0
905.0 453.00000000000006 32.0 58.0
915.0 448.00000000000006 32.0 58.0
930.0 448.00000000000006 32.0 58.0
945.0 448.00000000000006 32.0 58.0
960.0 453.00000000000006 32.0 58.0
970.0 453.00000000000006 32.0 58.0
980.0 453.00000000000006 32.0 58.0
990.0 458.00000000000006 32.0 58.0
1000.0 458.00000000000006 32.0 58.0
1010.0 463.00000000000006 32.0 58.0
1020.0 463.00000000000006 32.0 58.0
1025.0 463.00000000000006 32.0 58.0
1035.0 468.00000000000006 32.0 58.0
1045.0 468.00000000000006 32.0 58.0
1050.0 468.00000000000006 32.0 58.0
1055.0 468.00000000000006 32.0 58.0
1065.0 468.00000000000006 32.0 58.0
1070.0 463.00000000000006 32.0 58.0
1075.0 458.00000000000006 32.0 58.0
1085.0 458.00000000000006 32.0 58.0
1090.0 453.00000000000006 32.0 58.0
1100.0 448.00000000000006 32.0 58.0
1105.0 448.00000000000006 32.0 58.0
1115.0 453.00000000000006 32.0 58.0
1120.0 453.00000000000006 32.0 58.0
1125.0 453.00000000000006 32.0 58.0
1130.0 453.00000000000006 32.0 58.0
1135.0 448.00000000000006 32.0 58.0
1135.0 448.00000000000006 32.0 58.0
1140.0 448.00000000000006 32.0 58.0
1140.0 448.00000000000006 32.0 58.0
1140.0 453.00000000000006 32.0 58.0
1140.0 448.00000000000006 32.0 58.0
1140.0 448.00000000000006 32.0 58.0
1140.0 448.00000000000006 32.0 58.0
1140.0 448.00000000000006 32.0 58.0
1140.0 448.00000000000006 32.0 58.0
1140.0 448.00000000000006 32.0 58.0
1140.0 448.00000000000006 32.0 58.0
1140.0 448.00000000000006 32.0 58.0
1140.0 448.00000000000006 32.0 58.0
1140.0 448.00000000000006 32.0 58.0
1140.0 448.00000000000006 32.0 58.0
1140.0 448.00000000000006 32.0 58.0
1140.0 448.00000000000006 32.0 58.0
1140.0 448.00000000000006 32.0 58.0
1140.0 448.00000000000006 32.0 58.0
1140.0 448.00000000000006 32.0 58.0
1140.0 443.00000000000006 32.0 58.0
1145.0 443.00000000000006 32.0 58.0
1145.0 443.00000000000006 32.0 58.0
1145.0 443.00000000000006 32.0 58.0
1145.0 443.00000000000006 32.0 58.0
1145.0 443.00000000000006 32.0 58.0
1145.0 443.00000000000006 32.0 58.0
1150.0 443.00000000000006 32.0 58.0
1150.0 443.00000000000006 32.0 58.0
1150.0 438.00000000000006 32.0 58.0
1150.0 438.00000000000006 32.0 58.0
1150.0 438.00000000000006 32.0 58.0
1150.0 438.00000000000006 32.0 58.0
1150.0 438.00000000000006 32.0 58.0
1150.0 438.00000000000006 32.0 58.0
1150.0 438.00000000000006 32.0 58.0
1150.0 438.00000000000006 32.0 58.0
1150.0 438.00000000000006 32.0 58.0
1150.0 438.00000000000006 32.0 58.0
1150.0 438.00000000000006 32.0 58.0
1150.0 438.00000000000006 32.0 58.0
1150.0 438.00000000000006 32.0 58.0
1150.0 438.00000000000006 32.0 58.0
1150.0 438.00000000000006 32.0 58.0
1150.0 438.00000000000006 32.0 58.0
1150.0 438.00000000000006 32.0 58.0
1150.0 438.00000000000006 32.0 58.0
1150.0 438.00000000000006 32.0 58.0
1150.0 438.00000000000006 32.0 58.0
1150.0 438.00000000000006 32.0 58.0
1150.0 438.00000000000006 32.0 58.0
1150.0 438.00000000000006 32.0 58.0
1150.0 438.00000000000006 32.0 58.0
1150.0 438.00000000000006 32.0 58.0
1150.0 443.00000000000006 32.0 58.0
1150.0 443.00000000000006 32.0 58.0
1150.0 443.00000000000006 32.0 58.0
1150.0 443.00000000000006 32.0 58.0
1150.0 443.00000000000006 32.0 58.0
1150.0 443.00000000000006 32.0 58.0
1150.0 443.00000000000006 32.0 58.0
1150.0 443.00000000000006 32.0 58.0
1145.0 443.00000000000006 32.0 58.0
1145.0 443.00000000000006 32.0 58.0
1145.0 443.00000000000006 32.0 58.0
1145.0 443.00000000000006 32.0 58.0
1145.0 443.00000000000006 32.0 58.0
1145.0 443.00000000000006 32.0 58.0
1145.0 443.00000000000006 32.0 58.0
1145.0 443.00000000000006 32.0 58.0
