1041.5 591.0 121.0 134.0
1041.5 586.0 121.0 134.0
1036.5 576.0 121.0 134.0
1031.5 566.0 121.0 134.0
1026.5 546.0 121.0 134.0
1026.5 536.0 121.0 134.0
1026.5 531.0 121.0 134.0
1031.5 531.0 121.0 134.0
1026.5 521.0 121.0 134.0
1021.5 510.99999999999994 121.0 134.0
1021.5 505.99999999999994 121.0 134.0
1021.5 495.99999999999994 121.0 134.0
1021.5 490.99999999999994 121.0 134.0
1021.5 495.99999999999994 121.0 134.0
1026.5 495.99999999999994 121.0 134.0
1026.5 490.99999999999994 121.0 134.0
1026.5 485.99999999999994 121.0 134.0
1036.5 485.99999999999994 121.0 134.0
1041.5 490.99999999999994 121.0 134.0
1041.5 490.99999999999994 121.0 134.0
1041.5 480.99999999999994 121.0 134.0
1046.5 480.99999999999994 121.0 134.0
1046.5 475.99999999999994 121.0 134.0
1046.5 470.99999999999994 121.0 134.0
1051.5 475.99999999999994 121.0 134.0
1056.5 480.99999999999994 121.0 134.0
1056.5 475.99999999999994 121.0 134.0
1051.5 470.99999999999994 121.0 134.0
1051.5 470.99999999999994 121.0 134.0
1046.5 460.99999999999994 121.0 134.0
1046.5 460.99999999999994 121.0 134.0
1041.5 455.99999999999994 121.0 134.0
1036.5 455.99999999999994 121.0 134.0
1036.5 450.99999999999994 121.0 134.0
1031.5 445.99999999999994 121.0 134.0
1031.5 450.99999999999994 121.0 134.0
1031.5 445.99999999999994 121.0 134.0
1026.5 440.99999999999994 121.0 134.0
1026.5 445.99999999999994 121.0 134.0
1026.5 450.99999999999994 121.0 134.0
1026.5 445.99999999999994 121.0 134.0
1021.5 440.99999999999994 121.0 134.0
1021.5 445.99999999999994 121.0 134.0
1021.5 445.99999999999994 121.0 134.0
1016.5 445.99999999999994 121.0 134.0
1016.5 445.99999999999994 121.0 134.0
1011.5 440.99999999999994 121.0 134.0
1011.5 440.99999999999994 121.0 134.0
1011.5 440.99999999999994 121.0 134.0
1011.5 440.99999999999994 121.0 134.0
1011.5 440.99999999999994 121.0 134.0
1011.5 440.99999999999994 121.0 134.0
1011.5 440.99999999999994 121.0 134.0
1011.5 440.99999999999994 121.0 134.0
1016.5 450.99999999999994 121.0 134.0
1016.5 465.99999999999994 121.0 134.0
1021.5 475.99999999999994 121.0 134.0
1016.5 480.99999999999994 121.0 134.0
1016.5 480.99999999999994 121.0 134.0
1011.5 475.99999999999994 121.0 134.0
1001.5 465.99999999999994 121.0 134.0
991.5 455.99999999999994 121.0 134.0
986.5 445.99999999999994 121.0 134.0
981.5 440.99999999999994 121.0 134.0
986.5 450.99999999999994 121.0 134.0
986.5 455.99999999999994 121.0 134.0
986.5 460.99999999999994 121.0 134.0
981.5 465.99999999999994 121.0 134.0
976.5 460.99999999999994 121.0 134.0
971.5 465.99999999999994 121.0 134.0
971.5 465.99999999999994 121.0 134.0
966.5 460.99999999999994 121.0 134.0
961.5 460.99999999999994 121.0 134.0
956.5 460.99999999999994 121.0 134.0
951.5 460.99999999999994 121.0 134.0
951.5 465.99999999999994 121.0 134.0
956.5 475.99999999999994 121.0 134.0
956.5 485.99999999999994 121.0 134.0
956.5 485.99999999999994 121.0 134.0
951.5 475.99999999999994 121.0 134.0
946.5 475.99999999999994 121.0 134.0
946.5 470.99999999999994 121.0 134.0
941.5 465.99999999999994 121.0 134.0
936.5 460.99999999999994 121.0 134.0
936.5 460.99999999999994 121.0 134.0
936.5 460.99999999999994 121.0 134.0
936.5 455.99999999999994 121.0 134.0
931.5 450.99999999999994 121.0 134.0
936.5 470.99999999999994 121.0 134.0
936.5 470.99999999999994 121.0 134.0
936.5 470.99999999999994 121.0 134.0
941.5 475.99999999999994 121.0 134.0
941.5 480.99999999999994 121.0 134.0
941.5 485.99999999999994 121.0 134.0
941.5 490.99999999999994 121.0 134.0
946.5 500.99999999999994 121.0 134.0
946.5 495.99999999999994 121.0 134.0
941.5 490.99999999999994 121.0 134.0
941.5 485.99999999999994 121.0 134.0
941.5 485.99999999999994 121.0 134.0
931.5 475.99999999999994 121.0 134.0
931.5 475.99999999999994 121.0 134.0
931.5 475.99999999999994 121.0 134.0
931.5 475.99999999999994 121.0 134.0
926.5 475.99999999999994 121.0 134.0
931.5 500.99999999999994 121.0 134.0
936.5 500.99999999999994 121.0 134.0
931.5 495.99999999999994 121.0 134.0
931.5 500.99999999999994 121.0 134.0
931.5 505.99999999999994 121.0 134.0
931.5 510.99999999999994 121.0 134.0
936.5 521.0 121.0 134.0
931.5 521.0 121.0 134.0
931.5 521.0 121.0 134.0
926.5 516.0 121.0 134.0
926.5 510.99999999999994 121.0 134.0
921.5 505.99999999999994 121.0 134.0
916.5 495.99999999999994 121.0 134.0
916.5 490.99999999999994 121.0 134.0
911.5 490.99999999999994 121.0 134.0
911.5 495.99999999999994 121.0 134.0
911.5 495.99999999999994 121.0 134.0
911.5 495.99999999999994 121.0 134.0
906.5 495.99999999999994 121.0 134.0
906.5 495.99999999999994 121.0 134.0
906.5 500.99999999999994 121.0 134.0
906.5 500.99999999999994 121.0 134.0
901.5 500.99999999999994 121.0 134.0
901.5 495.99999999999994 121.0 134.0
896.5 485.99999999999994 121.0 134.0
891.5 480.99999999999994 121.0 134.0
891.5 480.99999999999994 121.0 134.0
881.5 470.99999999999994 121.0 134.0
881.5 475.99999999999994 121.0 134.0
881.5 480.99999999999994 121.0 134.0
886.5 480.99999999999994 121.0 134.0
886.5 495.99999999999994 121.0 134.0
886.5 495.99999999999994 121.0 134.0
881.5 495.99999999999994 121.0 134.0
881.5 490.99999999999994 121.0 134.0
876.5 490.99999999999994 121.0 134.0
876.5 480.99999999999994 121.0 134.0
876.5 485.99999999999994 121.0 134.0
871.5 485.99999999999994 121.0 134.0
871.5 485.99999999999994 121.0 134.0
871.5 485.99999999999994 121.0 134.0
871.5 495.99999999999994 121.0 134.0
871.5 500.99999999999994 121.0 134.0
871.5 500.99999999999994 121.0 134.0
866.5 500.99999999999994 121.0 134.0
866.5 500.99999999999994 121.0 134.0
861.5 500.99999999999994 121.0 134.0
861.5 495.99999999999994 121.0 134.0
861.5 495.99999999999994 121.0 134.0
861.5 500.99999999999994 121.0 134.0
856.5 500.99999999999994 121.0 134.0
856.5 500.99999999999994 121.0 134.0
851.5 495.99999999999994 121.0 134.0
851.5 495.99999999999994 121.0 134.0
851.5 505.99999999999994 121.0 134.0
851.5 510.99999999999994 121.0 134.0
851.5 510.99999999999994 121.0 134.0
851.5 521.0 121.0 134.0
846.5 521.0 121.0 134.0
841.5 516.0 121.0 134.0
836.5 510.99999999999994 121.0 134.0
836.5 510.99999999999994 121.0 134.0
831.5 510.99999999999994 121.0 134.0
826.5 505.99999999999994 121.0 134.0
826.5 505.99999999999994 121.0 134.0
821.5 500.99999999999994 121.0 134.0
816.5 495.99999999999994 121.0 134.0
816.5 495.99999999999994 121.0 134.0
811.5 500.99999999999994 121.0 134.0
816.5 500.99999999999994 121.0 134.0
811.5 500.99999999999994 121.0 134.0
806.5 505.99999999999994 121.0 134.0
806.5 510.99999999999994 121.0 134.0
806.5 516.0 121.0 134.0
806.5 510.99999999999994 121.0 134.0
801.5 510.99999999999994 121.0 134.0
801.5 516.0 121.0 134.0
796.5 516.0 121.0 134.0
796.5 516.0 121.0 134.0
791.5 510.99999999999994 121.0 134.0
786.5 510.99999999999994 121.0 134.0
781.5 505.99999999999994 121.0 134.0
776.5 505.99999999999994 121.0 134.0
776.5 505.99999999999994 121.0 134.0
771.5 500.99999999999994 121.0 134.0
766.5 495.99999999999994 121.0 134.0
766.5 500.99999999999994 121.0 134.0
766.5 505.99999999999994 121.0 134.0
771.5 526.0 121.0 134.0
771.5 526.0 121.0 134.0
771.5 531.0 121.0 134.0
766.5 536.0 121.0 134.0
766.5 536.0 121.0 134.0
761.5 531.0 121.0 134.0
756.5 531.0 121.0 134.0
761.5 531.0 121.0 134.0
761.5 531.0 121.0 134.0
761.5 541.0 121.0 134.0
761.5 541.0 121.0 134.0
756.5 536.0 121.0 134.0
756.5 531.0 121.0 134.0
751.5 531.0 121.0 134.0
751.5 526.0 121.0 134.0
746.5 526.0 121.0 134.0
746.5 526.0 121.0 134.0
756.5 546.0 121.0 134.0
756.5 556.0 121.0 134.0
756.5 546.0 121.0 134.0
756.5 546.0 121.0 134.0
756.5 541.0 121.0 134.0
751.5 546.0 121.0 134.0
746.5 546.0 121.0 134.0
746.5 551.0 121.0 134.0
746.5 556.0 121.0 134.0
741.5 556.0 121.0 134.0
741.5 551.0 121.0 134.0
736.5 551.0 121.0 134.0
736.5 556.0 121.0 134.0
736.5 551.0 121.0 134.0
736.5 546.0 121.0 134.0
731.5 551.0 121.0 134.0
736.5 556.0 121.0 134.0
731.5 556.0 121.0 134.0
741.5 566.0 121.0 134.0
746.5 576.0 121.0 134.0
741.5 581.0 121.0 134.0
741.5 571.0 121.0 134.0
741.5 586.0 121.0 134.0
741.5 581.0 121.0 134.0
736.5 571.0 121.0 134.0
736.5 576.0 121.0 134.0
741.5 576.0 121.0 134.0
741.5 581.0 121.0 134.0
741.5 581.0 121.0 134.0
741.5 576.0 121.0 134.0
736.5 571.0 121.0 134.0
736.5 571.0 121.0 134.0
736.5 571.0 121.0 134.0
731.5 566.0 121.0 134.0
731.5 561.0 121.0 134.0
731.5 561.0 121.0 134.0
731.5 561.0 121.0 134.0
731.5 561.0 121.0 134.0
736.5 561.0 121.0 134.0
741.5 561.0 121.0 134.0
741.5 561.0 121.0 134.0
741.5 556.0 121.0 134.0
741.5 556.0 121.0 134.0
741.5 561.0 121.0 134.0
746.5 556.0 121.0 134.0
746.5 551.0 121.0 134.0
751.5 556.0 121.0 134.0
746.5 556.0 121.0 134.0
751.5 556.0 121.0 134.0
756.5 561.0 121.0 134.0
756.5 561.0 121.0 134.0
761.5 566.0 121.0 134.0
761.5 571.0 121.0 134.0
766.5 571.0 121.0 134.0
766.5 576.0 121.0 134.0
771.5 576.0 121.0 134.0
766.5 576.0 121.0 134.0
766.5 576.0 121.0 134.0
766.5 576.0 121.0 134.0
766.5 581.0 121.0 134.0
771.5 586.0 121.0 134.0
771.5 586.0 121.0 134.0
771.5 591.0 121.0 134.0
771.5 591.0 121.0 134.0
771.5 591.0 121.0 134.0
771.5 591.0 121.0 134.0
771.5 591.0 121.0 134.0
771.5 591.0 121.0 134.0
771.5 591.0 121.0 134.0
766.5 596.0 121.0 134.0
771.5 596.0 121.0 134.0
766.5 596.0 121.0 134.0
766.5 591.0 121.0 134.0
766.5 591.0 121.0 134.0
766.5 591.0 121.0 134.0
766.5 596.0 121.0 134.0
771.5 596.0 121.0 134.0
766.5 591.0 121.0 134.0
771.5 596.0 121.0 134.0
771.5 596.0 121.0 134.0
771.5 596.0 121.0 134.0
771.5 596.0 121.0 134.0
771.5 601.0 121.0 134.0
776.5 606.0 121.0 134.0
781.5 616.0 121.0 134.0
786.5 626.0 121.0 134.0
791.5 626.0 121.0 134.0
791.5 626.0 121.0 134.0
791.5 626.0 121.0 134.0
791.5 621.0 121.0 134.0
791.5 621.0 121.0 134.0
791.5 621.0 121.0 134.0
786.5 621.0 121.0 134.0
781.5 616.0 121.0 134.0
786.5 616.0 121.0 134.0
781.5 616.0 121.0 134.0
786.5 621.0 121.0 134.0
791.5 626.0 121.0 134.0
791.5 621.0 121.0 134.0
786.5 621.0 121.0 134.0
786.5 621.0 121.0 134.0
786.5 626.0 121.0 134.0
786.5 621.0 121.0 134.0
786.5 621.0 121.0 134.0
786.5 621.0 121.0 134.0
786.5 626.0 121.0 134.0
791.5 626.0 121.0 134.0
791.5 626.0 121.0 134.0
791.5 621.0 121.0 134.0
791.5 626.0 121.0 134.0
791.5 631.0 121.0 134.0
791.5 626.0 121.0 134.0
786.5 631.0 121.0 134.0
786.5 631.0 121.0 134.0
791.5 631.0 121.0 134.0
786.5 631.0 121.0 134.0
786.5 636.0 121.0 134.0
791.5 646.0 121.0 134.0
796.5 651.0 121.0 134.0
796.5 651.0 121.0 134.0
796.5 651.0 121.0 134.0
796.5 651.0 121.0 134.0
791.5 646.0 121.0 134.0
796.5 646.0 121.0 134.0
791.5 646.0 121.0 134.0
796.5 651.0 121.0 134.0
796.5 651.0 121.0 134.0
796.5 646.0 121.0 134.0
801.5 651.0 121.0 134.0
801.5 656.0 121.0 134.0
811.5 666.0 121.0 134.0
806.5 661.0 121.0 134.0
811.5 666.0 121.0 134.0
811.5 661.0 121.0 134.0
816.5 656.0 121.0 134.0
816.5 661.0 121.0 134.0
821.5 661.0 121.0 134.0
826.5 666.0 121.0 134.0
836.5 671.0 121.0 134.0
836.5 676.0 121.0 134.0
836.5 676.0 121.0 134.0
841.5 676.0 121.0 134.0
841.5 676.0 121.0 134.0
841.5 681.0 121.0 134.0
841.5 676.0 121.0 134.0
841.5 681.0 121.0 134.0
841.5 681.0 121.0 134.0
846.5 686.0 121.0 134.0
846.5 691.0 121.0 134.0
851.5 691.0 121.0 134.0
851.5 691.0 121.0 134.0
846.5 691.0 121.0 134.0
846.5 691.0 121.0 134.0
851.5 691.0 121.0 134.0
851.5 691.0 121.0 134.0
851.5 686.0 121.0 134.0
846.5 686.0 121.0 134.0
846.5 686.0 121.0 134.0
846.5 691.0 121.0 134.0
851.5 691.0 121.0 134.0
846.5 691.0 121.0 134.0
846.5 686.0 121.0 134.0
851.5 686.0 121.0 134.0
851.5 691.0 121.0 134.0
851.5 691.0 121.0 134.0
846.5 686.0 121.0 134.0
851.5 691.0 121.0 134.0
846.5 691.0 121.0 134.0
851.5 691.0 121.0 134.0
856.5 696.0 121.0 134.0
856.5 696.0 121.0 134.0
856.5 696.0 121.0 134.0
861.5 696.0 121.0 134.0
861.5 696.0 121.0 134.0
861.5 701.0 121.0 134.0
861.5 701.0 121.0 134.0
856.5 701.0 121.0 134.0
856.5 701.0 121.0 134.0
861.5 701.0 121.0 134.0
856.5 701.0 121.0 134.0
856.5 701.0 121.0 134.0
856.5 701.0 121.0 134.0
856.5 701.0 121.0 134.0
861.5 701.0 121.0 134.0
