900.5 325.99999999999994 293.0 396.0
905.5 325.99999999999994 293.0 396.0
905.5 330.99999999999994 293.0 396.0
910.5 330.99999999999994 293.0 396.0
910.5 330.99999999999994 293.0 396.0
915.5 335.99999999999994 293.0 396.0
925.5 340.99999999999994 293.0 396.0
945.5 345.99999999999994 293.0 396.0
955.5 350.99999999999994 293.0 396.0
955.5 350.99999999999994 293.0 396.0
950.5 345.99999999999994 293.0 396.0
930.5 340.99999999999994 293.0 396.0
900.5 335.99999999999994 293.0 396.0
860.5 345.99999999999994 293.0 396.0
845.5 350.99999999999994 293.0 396.0
880.5 350.99999999999994 293.0 396.0
935.5 355.99999999999994 293.0 396.0
965.5 360.99999999999994 293.0 396.0
970.5 370.99999999999994 293.0 396.0
940.5 365.99999999999994 293.0 396.0
915.5 350.99999999999994 293.0 396.0
910.5 350.99999999999994 293.0 396.0
940.5 345.99999999999994 293.0 396.0
970.5 340.99999999999994 293.0 396.0
985.5 340.99999999999994 293.0 396.0
980.5 345.99999999999994 293.0 396.0
980.5 360.99999999999994 293.0 396.0
995.5 370.99999999999994 293.0 396.0
1060.5 355.99999999999994 293.0 396.0
1175.4999999999998 340.99999999999994 293.0 396.0
1320.4999999999998 375.99999999999994 293.0 396.0
1415.4999999999998 395.99999999999994 293.0 396.0
1445.4999999999998 400.99999999999994 293.0 396.0
1450.4999999999998 400.99999999999994 293.0 396.0
1475.4999999999998 395.99999999999994 293.0 396.0
1490.4999999999998 395.99999999999994 293.0 396.0
1475.4999999999998 385.99999999999994 293.0 396.0
1370.4999999999998 405.99999999999994 293.0 396.0
1235.4999999999998 400.99999999999994 293.0 396.0
1075.4999999999998 430.99999999999994 293.0 396.0
925.4999999999998 420.99999999999994 293.0 396.0
785.4999999999998 435.99999999999994 293.0 396.0
525.4999999999999 350.99999999999994 293.0 396.0
385.4999999999999 320.99999999999994 293.0 396.0
300.4999999999999 306.0 293.0 396.0
220.4999999999999 306.0 293.0 396.0
200.4999999999999 306.0 293.0 396.0
240.4999999999999 291.0 293.0 396.0
370.4999999999999 286.0 293.0 396.0
495.4999999999999 291.0 293.0 396.0
565.4999999999999 320.99999999999994 293.0 396.0
585.4999999999999 340.99999999999994 293.0 396.0
575.4999999999999 335.99999999999994 293.0 396.0
580.4999999999999 335.99999999999994 293.0 396.0
600.4999999999999 335.99999999999994 293.0 396.0
620.4999999999999 335.99999999999994 293.0 396.0
630.4999999999999 316.0 293.0 396.0
760.4999999999998 325.99999999999994 293.0 396.0
845.4999999999998 360.99999999999994 293.0 396.0
835.4999999999998 405.99999999999994 293.0 396.0
865.4999999999998 400.99999999999994 293.0 396.0
895.4999999999998 390.99999999999994 293.0 396.0
905.4999999999998 390.99999999999994 293.0 396.0
880.4999999999998 425.99999999999994 293.0 396.0
805.4999999999998 415.99999999999994 293.0 396.0
765.4999999999998 405.99999999999994 293.0 396.0
760.4999999999998 415.99999999999994 293.0 396.0
800.4999999999998 420.99999999999994 293.0 396.0
815.4999999999998 415.99999999999994 293.0 396.0
790.4999999999998 400.99999999999994 293.0 396.0
750.4999999999998 375.99999999999994 293.0 396.0
775.4999999999998 340.99999999999994 293.0 396.0
795.4999999999998 330.99999999999994 293.0 396.0
800.4999999999998 335.99999999999994 293.0 396.0
790.4999999999998 340.99999999999994 293.0 396.0
765.4999999999998 360.99999999999994 293.0 396.0
780.4999999999998 375.99999999999994 293.0 396.0
810.4999999999998 365.99999999999994 293.0 396.0
865.4999999999998 350.99999999999994 293.0 396.0
895.4999999999998 340.99999999999994 293.0 396.0
890.4999999999998 355.99999999999994 293.0 396.0
845.4999999999998 350.99999999999994 293.0 396.0
815.4999999999998 350.99999999999994 293.0 396.0
790.4999999999998 345.99999999999994 293.0 396.0
800.4999999999998 340.99999999999994 293.0 396.0
800.4999999999998 335.99999999999994 293.0 396.0
780.4999999999998 330.99999999999994 293.0 396.0
745.4999999999998 320.99999999999994 293.0 396.0
695.4999999999998 330.99999999999994 293.0 396.0
660.4999999999998 340.99999999999994 293.0 396.0
645.4999999999998 345.99999999999994 293.0 396.0
655.4999999999998 345.99999999999994 293.0 396.0
700.4999999999998 350.99999999999994 293.0 396.0
755.4999999999998 355.99999999999994 293.0 396.0
800.4999999999998 345.99999999999994 293.0 396.0
820.4999999999998 345.99999999999994 293.0 396.0
795.4999999999998 340.99999999999994 293.0 396.0
735.4999999999998 345.99999999999994 293.0 396.0
670.4999999999998 340.99999999999994 293.0 396.0
635.4999999999999 335.99999999999994 293.0 396.0
820.4999999999998 320.99999999999994 293.0 396.0
920.4999999999998 340.99999999999994 293.0 396.0
975.4999999999998 345.99999999999994 293.0 396.0
965.4999999999998 345.99999999999994 293.0 396.0
885.4999999999998 335.99999999999994 293.0 396.0
780.4999999999998 330.99999999999994 293.0 396.0
680.4999999999998 330.99999999999994 293.0 396.0
605.4999999999999 325.99999999999994 293.0 396.0
520.4999999999999 316.0 293.0 396.0
415.4999999999999 316.0 293.0 396.0
320.4999999999999 316.0 293.0 396.0
280.4999999999999 316.0 293.0 396.0
285.4999999999999 306.0 293.0 396.0
360.4999999999999 316.0 293.0 396.0
450.4999999999999 320.99999999999994 293.0 396.0
520.4999999999999 325.99999999999994 293.0 396.0
545.4999999999999 325.99999999999994 293.0 396.0
515.4999999999999 330.99999999999994 293.0 396.0
510.4999999999999 330.99999999999994 293.0 396.0
530.4999999999999 330.99999999999994 293.0 396.0
590.4999999999999 335.99999999999994 293.0 396.0
640.4999999999998 340.99999999999994 293.0 396.0
635.4999999999999 340.99999999999994 293.0 396.0
600.4999999999999 335.99999999999994 293.0 396.0
575.4999999999999 330.99999999999994 293.0 396.0
540.4999999999999 311.0 293.0 396.0
490.4999999999999 281.0 293.0 396.0
550.4999999999999 296.0 293.0 396.0
570.4999999999999 335.99999999999994 293.0 396.0
575.4999999999999 365.99999999999994 293.0 396.0
595.4999999999999 365.99999999999994 293.0 396.0
640.4999999999998 375.99999999999994 293.0 396.0
675.4999999999998 380.99999999999994 293.0 396.0
660.4999999999998 390.99999999999994 293.0 396.0
625.4999999999999 385.99999999999994 293.0 396.0
600.4999999999999 375.99999999999994 293.0 396.0
600.4999999999999 380.99999999999994 293.0 396.0
635.4999999999999 385.99999999999994 293.0 396.0
680.4999999999998 390.99999999999994 293.0 396.0
695.4999999999998 385.99999999999994 293.0 396.0
655.4999999999998 395.99999999999994 293.0 396.0
610.4999999999999 380.99999999999994 293.0 396.0
585.4999999999999 380.99999999999994 293.0 396.0
580.4999999999999 390.99999999999994 293.0 396.0
585.4999999999999 390.99999999999994 293.0 396.0
580.4999999999999 385.99999999999994 293.0 396.0
550.4999999999999 370.99999999999994 293.0 396.0
500.4999999999999 360.99999999999994 293.0 396.0
510.4999999999999 345.99999999999994 293.0 396.0
545.4999999999999 345.99999999999994 293.0 396.0
620.4999999999999 375.99999999999994 293.0 396.0
685.4999999999998 385.99999999999994 293.0 396.0
740.4999999999998 385.99999999999994 293.0 396.0
840.4999999999998 400.99999999999994 293.0 396.0
950.4999999999998 400.99999999999994 293.0 396.0
1070.4999999999998 405.99999999999994 293.0 396.0
1170.4999999999998 390.99999999999994 293.0 396.0
1240.4999999999998 395.99999999999994 293.0 396.0
1310.4999999999998 400.99999999999994 293.0 396.0
1345.4999999999998 410.99999999999994 293.0 396.0
1380.4999999999998 405.99999999999994 293.0 396.0
1435.4999999999998 400.99999999999994 293.0 396.0
1455.4999999999998 390.99999999999994 293.0 396.0
1410.4999999999998 385.99999999999994 293.0 396.0
1250.4999999999998 345.99999999999994 293.0 396.0
1100.4999999999998 350.99999999999994 293.0 396.0
955.4999999999998 350.99999999999994 293.0 396.0
860.4999999999998 335.99999999999994 293.0 396.0
825.4999999999998 306.0 293.0 396.0
790.4999999999998 306.0 293.0 396.0
735.4999999999998 306.0 293.0 396.0
670.4999999999998 320.99999999999994 293.0 396.0
650.4999999999998 320.99999999999994 293.0 396.0
665.4999999999998 325.99999999999994 293.0 396.0
740.4999999999998 330.99999999999994 293.0 396.0
800.4999999999998 325.99999999999994 293.0 396.0
815.4999999999998 340.99999999999994 293.0 396.0
805.4999999999998 330.99999999999994 293.0 396.0
715.4999999999998 335.99999999999994 293.0 396.0
615.4999999999999 325.99999999999994 293.0 396.0
510.4999999999999 320.99999999999994 293.0 396.0
405.4999999999999 320.99999999999994 293.0 396.0
300.4999999999999 340.99999999999994 293.0 396.0
205.4999999999999 345.99999999999994 293.0 396.0
155.4999999999999 335.99999999999994 293.0 396.0
125.49999999999989 340.99999999999994 293.0 396.0
165.4999999999999 311.0 293.0 396.0
260.4999999999999 306.0 293.0 396.0
390.4999999999999 311.0 293.0 396.0
520.4999999999999 335.99999999999994 293.0 396.0
620.4999999999999 365.99999999999994 293.0 396.0
690.4999999999998 370.99999999999994 293.0 396.0
740.4999999999998 360.99999999999994 293.0 396.0
790.4999999999998 360.99999999999994 293.0 396.0
855.4999999999998 355.99999999999994 293.0 396.0
940.4999999999998 360.99999999999994 293.0 396.0
1015.4999999999998 375.99999999999994 293.0 396.0
1055.4999999999998 370.99999999999994 293.0 396.0
1060.4999999999998 370.99999999999994 293.0 396.0
1025.4999999999998 370.99999999999994 293.0 396.0
925.4999999999998 355.99999999999994 293.0 396.0
955.4999999999998 370.99999999999994 293.0 396.0
975.4999999999998 375.99999999999994 293.0 396.0
965.4999999999998 370.99999999999994 293.0 396.0
920.4999999999998 360.99999999999994 293.0 396.0
885.4999999999998 360.99999999999994 293.0 396.0
885.4999999999998 355.99999999999994 293.0 396.0
930.4999999999998 355.99999999999994 293.0 396.0
995.4999999999998 370.99999999999994 293.0 396.0
1030.4999999999998 375.99999999999994 293.0 396.0
1035.4999999999998 385.99999999999994 293.0 396.0
1005.4999999999998 375.99999999999994 293.0 396.0
945.4999999999998 370.99999999999994 293.0 396.0
895.4999999999998 370.99999999999994 293.0 396.0
870.4999999999998 380.99999999999994 293.0 396.0
855.4999999999998 385.99999999999994 293.0 396.0
840.4999999999998 365.99999999999994 293.0 396.0
815.4999999999998 360.99999999999994 293.0 396.0
795.4999999999998 355.99999999999994 293.0 396.0
760.4999999999998 360.99999999999994 293.0 396.0
755.4999999999998 370.99999999999994 293.0 396.0
760.4999999999998 370.99999999999994 293.0 396.0
770.4999999999998 370.99999999999994 293.0 396.0
785.4999999999998 365.99999999999994 293.0 396.0
785.4999999999998 360.99999999999994 293.0 396.0
735.4999999999998 340.99999999999994 293.0 396.0
585.4999999999999 325.99999999999994 293.0 396.0
435.4999999999999 340.99999999999994 293.0 396.0
355.4999999999999 345.99999999999994 293.0 396.0
340.4999999999999 335.99999999999994 293.0 396.0
410.4999999999999 335.99999999999994 293.0 396.0
535.4999999999999 345.99999999999994 293.0 396.0
620.4999999999999 350.99999999999994 293.0 396.0
610.4999999999999 360.99999999999994 293.0 396.0
550.4999999999999 360.99999999999994 293.0 396.0
520.4999999999999 360.99999999999994 293.0 396.0
525.4999999999999 360.99999999999994 293.0 396.0
530.4999999999999 360.99999999999994 293.0 396.0
530.4999999999999 345.99999999999994 293.0 396.0
525.4999999999999 330.99999999999994 293.0 396.0
525.4999999999999 335.99999999999994 293.0 396.0
555.4999999999999 335.99999999999994 293.0 396.0
615.4999999999999 340.99999999999994 293.0 396.0
715.4999999999998 330.99999999999994 293.0 396.0
820.4999999999998 335.99999999999994 293.0 396.0
895.4999999999998 355.99999999999994 293.0 396.0
930.4999999999998 360.99999999999994 293.0 396.0
935.4999999999998 365.99999999999994 293.0 396.0
930.4999999999998 360.99999999999994 293.0 396.0
930.4999999999998 360.99999999999994 293.0 396.0
940.4999999999998 360.99999999999994 293.0 396.0
945.4999999999998 360.99999999999994 293.0 396.0
950.4999999999998 360.99999999999994 293.0 396.0
930.4999999999998 365.99999999999994 293.0 396.0
870.4999999999998 345.99999999999994 293.0 396.0
730.4999999999998 350.99999999999994 293.0 396.0
530.4999999999999 325.99999999999994 293.0 396.0
365.4999999999999 325.99999999999994 293.0 396.0
260.4999999999999 325.99999999999994 293.0 396.0
220.4999999999999 316.0 293.0 396.0
210.4999999999999 320.99999999999994 293.0 396.0
195.4999999999999 316.0 293.0 396.0
180.4999999999999 301.0 293.0 396.0
175.4999999999999 286.0 293.0 396.0
195.4999999999999 276.0 293.0 396.0
245.4999999999999 286.0 293.0 396.0
330.4999999999999 311.0 293.0 396.0
425.4999999999999 316.0 293.0 396.0
490.4999999999999 320.99999999999994 293.0 396.0
520.4999999999999 330.99999999999994 293.0 396.0
570.4999999999999 320.99999999999994 293.0 396.0
620.4999999999999 325.99999999999994 293.0 396.0
690.4999999999998 345.99999999999994 293.0 396.0
725.4999999999998 355.99999999999994 293.0 396.0
735.4999999999998 365.99999999999994 293.0 396.0
740.4999999999998 370.99999999999994 293.0 396.0
735.4999999999998 375.99999999999994 293.0 396.0
760.4999999999998 400.99999999999994 293.0 396.0
785.4999999999998 420.99999999999994 293.0 396.0
780.4999999999998 435.99999999999994 293.0 396.0
775.4999999999998 430.99999999999994 293.0 396.0
760.4999999999998 420.99999999999994 293.0 396.0
755.4999999999998 420.99999999999994 293.0 396.0
760.4999999999998 420.99999999999994 293.0 396.0
780.4999999999998 380.99999999999994 293.0 396.0
800.4999999999998 360.99999999999994 293.0 396.0
810.4999999999998 360.99999999999994 293.0 396.0
815.4999999999998 375.99999999999994 293.0 396.0
825.4999999999998 375.99999999999994 293.0 396.0
820.4999999999998 370.99999999999994 293.0 396.0
820.4999999999998 360.99999999999994 293.0 396.0
830.4999999999998 350.99999999999994 293.0 396.0
840.4999999999998 355.99999999999994 293.0 396.0
840.4999999999998 360.99999999999994 293.0 396.0
835.4999999999998 360.99999999999994 293.0 396.0
840.4999999999998 355.99999999999994 293.0 396.0
790.4999999999998 340.99999999999994 293.0 396.0
720.4999999999998 355.99999999999994 293.0 396.0
640.4999999999998 345.99999999999994 293.0 396.0
580.4999999999999 340.99999999999994 293.0 396.0
