1258.0 827.0 44.0 70.0
1263.0 827.0 44.0 70.0
1268.0 827.0 44.0 70.0
1278.0 827.0 44.0 70.0
1278.0 827.0 44.0 70.0
1288.0 827.0 44.0 70.0
1293.0 827.0 44.0 70.0
1298.0 822.0 44.0 70.0
1303.0 822.0 44.0 70.0
1313.0 817.0 44.0 70.0
1313.0 817.0 44.0 70.0
1318.0 817.0 44.0 70.0
1328.0 812.0 44.0 70.0
1338.0 807.0 44.0 70.0
1348.0 797.0 44.0 70.0
1348.0 792.0 44.0 70.0
1348.0 792.0 44.0 70.0
1348.0 787.0 44.0 70.0
1353.0 787.0 44.0 70.0
1358.0 787.0 44.0 70.0
1358.0 787.0 44.0 70.0
1368.0 787.0 44.0 70.0
1378.0 787.0 44.0 70.0
1378.0 787.0 44.0 70.0
1378.0 777.0 44.0 70.0
1383.0 767.0 44.0 70.0
1388.0 767.0 44.0 70.0
1393.0 762.0 44.0 70.0
1398.0 762.0 44.0 70.0
1408.0 757.0 44.0 70.0
1413.0 747.0 44.0 70.0
1418.0 747.0 44.0 70.0
1423.0 762.0 44.0 70.0
1428.0 762.0 44.0 70.0
1433.0 762.0 44.0 70.0
1438.0 752.0 44.0 70.0
1443.0 752.0 44.0 70.0
1448.0 747.0 44.0 70.0
1443.0 747.0 44.0 70.0
1443.0 742.0 44.0 70.0
1448.0 732.0 44.0 70.0
1453.0 732.0 44.0 70.0
1458.0 732.0 44.0 70.0
1458.0 717.0 44.0 70.0
1448.0 712.0 44.0 70.0
1448.0 712.0 44.0 70.0
1453.0 707.0 44.0 70.0
1458.0 702.0 44.0 70.0
1463.0 702.0 44.0 70.0
1473.0 692.0 44.0 70.0
1468.0 677.0 44.0 70.0
1468.0 677.0 44.0 70.0
1468.0 677.0 44.0 70.0
1478.0 677.0 44.0 70.0
1493.0 672.0 44.0 70.0
1503.0 662.0 44.0 70.0
1508.0 667.0 44.0 70.0
1513.0 667.0 44.0 70.0
1513.0 667.0 44.0 70.0
1518.0 667.0 44.0 70.0
1518.0 667.0 44.0 70.0
1528.0 667.0 44.0 70.0
1528.0 672.0 44.0 70.0
1528.0 677.0 44.0 70.0
1528.0 682.0 44.0 70.0
1533.0 677.0 44.0 70.0
1533.0 677.0 44.0 70.0
1533.0 677.0 44.0 70.0
1533.0 677.0 44.0 70.0
1533.0 677.0 44.0 70.0
1533.0 677.0 44.0 70.0
1533.0 682.0 44.0 70.0
1533.0 682.0 44.0 70.0
1533.0 682.0 44.0 70.0
1533.0 682.0 44.0 70.0
1533.0 682.0 44.0 70.0
1533.0 682.0 44.0 70.0
