708.5 128.5 159.0 209.0
703.5 128.5 159.0 209.0
698.5 128.5 159.0 209.0
693.5 133.5 159.0 209.0
683.5 133.5 159.0 209.0
678.5 128.5 159.0 209.0
678.5 128.5 159.0 209.0
673.5 133.5 159.0 209.0
673.5 133.5 159.0 209.0
658.5 138.5 159.0 209.0
653.5 138.5 159.0 209.0
633.5 138.5 159.0 209.0
608.5 128.5 159.0 209.0
563.5 128.5 159.0 209.0
513.5 123.50000000000001 159.0 209.0
453.49999999999994 118.50000000000001 159.0 209.0
393.49999999999994 113.50000000000001 159.0 209.0
358.49999999999994 113.50000000000001 159.0 209.0
293.5 113.50000000000001 159.0 209.0
238.49999999999997 118.50000000000001 159.0 209.0
223.49999999999997 113.50000000000001 159.0 209.0
233.49999999999997 113.50000000000001 159.0 209.0
258.5 108.50000000000001 159.0 209.0
413.49999999999994 43.500000000000014 159.0 209.0
443.49999999999994 -46.499999999999986 159.0 209.0
378.49999999999994 -61.499999999999986 159.0 209.0
358.49999999999994 -56.499999999999986 159.0 209.0
343.49999999999994 -51.499999999999986 159.0 209.0
343.49999999999994 -66.49999999999999 159.0 209.0
328.49999999999994 -66.49999999999999 159.0 209.0
293.5 -66.49999999999999 159.0 209.0
318.5 -51.499999999999986 159.0 209.0
313.5 -66.49999999999999 159.0 209.0
303.5 -66.49999999999999 159.0 209.0
288.5 -66.49999999999999 159.0 209.0
283.5 -61.499999999999986 159.0 209.0
238.49999999999997 123.50000000000001 159.0 209.0
268.5 138.5 159.0 209.0
303.5 113.50000000000001 159.0 209.0
323.49999999999994 118.50000000000001 159.0 209.0
338.49999999999994 138.5 159.0 209.0
353.49999999999994 133.5 159.0 209.0
363.49999999999994 133.5 159.0 209.0
403.49999999999994 223.49999999999997 159.0 209.0
428.49999999999994 248.49999999999997 159.0 209.0
448.49999999999994 248.49999999999997 159.0 209.0
453.49999999999994 263.5 159.0 209.0
443.49999999999994 373.49999999999994 159.0 209.0
433.49999999999994 388.49999999999994 159.0 209.0
433.49999999999994 153.49999999999997 159.0 209.0
433.49999999999994 68.49999999999997 159.0 209.0
423.49999999999994 238.49999999999997 159.0 209.0
463.49999999999994 258.5 159.0 209.0
468.49999999999994 238.49999999999997 159.0 209.0
468.49999999999994 233.49999999999997 159.0 209.0
468.49999999999994 238.49999999999997 159.0 209.0
468.49999999999994 238.49999999999997 159.0 209.0
468.49999999999994 238.49999999999997 159.0 209.0
468.49999999999994 238.49999999999997 159.0 209.0
473.49999999999994 253.49999999999997 159.0 209.0
488.49999999999994 328.49999999999994 159.0 209.0
483.49999999999994 478.49999999999994 159.0 209.0
468.49999999999994 653.5 159.0 209.0
463.49999999999994 773.5 159.0 209.0
468.49999999999994 683.5 159.0 209.0
478.49999999999994 503.49999999999994 159.0 209.0
478.49999999999994 343.49999999999994 159.0 209.0
478.49999999999994 248.49999999999997 159.0 209.0
458.49999999999994 248.49999999999997 159.0 209.0
443.49999999999994 253.49999999999997 159.0 209.0
443.49999999999994 248.49999999999997 159.0 209.0
448.49999999999994 243.49999999999997 159.0 209.0
448.49999999999994 248.49999999999997 159.0 209.0
438.49999999999994 253.49999999999997 159.0 209.0
428.49999999999994 253.49999999999997 159.0 209.0
423.49999999999994 253.49999999999997 159.0 209.0
428.49999999999994 258.5 159.0 209.0
453.49999999999994 258.5 159.0 209.0
523.5 263.5 159.0 209.0
623.5 273.5 159.0 209.0
713.5 263.5 159.0 209.0
783.5 273.5 159.0 209.0
843.5 283.5 159.0 209.0
923.5 283.5 159.0 209.0
1003.5 298.5 159.0 209.0
1093.5 308.5 159.0 209.0
1088.5 398.49999999999994 159.0 209.0
988.5 488.49999999999994 159.0 209.0
843.5 488.49999999999994 159.0 209.0
888.5 508.49999999999994 159.0 209.0
1008.5 533.5 159.0 209.0
1143.5 463.49999999999994 159.0 209.0
1303.5000000000002 443.49999999999994 159.0 209.0
1448.5000000000002 388.49999999999994 159.0 209.0
1473.5000000000002 353.49999999999994 159.0 209.0
1428.5000000000002 333.49999999999994 159.0 209.0
1368.5000000000002 443.49999999999994 159.0 209.0
1278.5 453.49999999999994 159.0 209.0
1178.5 448.49999999999994 159.0 209.0
1063.5 358.49999999999994 159.0 209.0
