930.5 182.5 113.0 149.0
940.5 187.5 113.0 149.0
945.5 187.5 113.0 149.0
950.5 187.5 113.0 149.0
955.5 187.5 113.0 149.0
960.5 187.5 113.0 149.0
980.5 187.5 113.0 149.0
975.5 197.5 113.0 149.0
965.5 197.5 113.0 149.0
970.5 202.5 113.0 149.0
975.5 197.5 113.0 149.0
965.5 192.5 113.0 149.0
960.5 187.5 113.0 149.0
945.5 187.5 113.0 149.0
900.5 187.5 113.0 149.0
830.5 192.5 113.0 149.0
780.5 187.5 113.0 149.0
745.5 192.5 113.0 149.0
730.5 192.5 113.0 149.0
720.5 192.5 113.0 149.0
710.5 192.5 113.0 149.0
715.5 197.5 113.0 149.0
730.5 197.5 113.0 149.0
755.5 197.5 113.0 149.0
800.5 202.5 113.0 149.0
825.5 227.5 113.0 149.0
825.5 312.50000000000006 113.0 149.0
815.5 382.5 113.0 149.0
815.5 282.50000000000006 113.0 149.0
815.5 107.50000000000003 113.0 149.0
805.5 92.50000000000003 113.0 149.0
800.5 217.50000000000003 113.0 149.0
800.5 207.50000000000003 113.0 149.0
795.5 182.50000000000003 113.0 149.0
800.5 217.50000000000003 113.0 149.0
795.5 257.50000000000006 113.0 149.0
790.5 122.50000000000003 113.0 149.0
790.5 87.50000000000003 113.0 149.0
790.5 212.50000000000003 113.0 149.0
790.5 187.50000000000003 113.0 149.0
790.5 182.50000000000003 113.0 149.0
785.5 182.50000000000003 113.0 149.0
780.5 187.50000000000003 113.0 149.0
780.5 192.50000000000003 113.0 149.0
785.5 192.50000000000003 113.0 149.0
785.5 192.50000000000003 113.0 149.0
775.5 177.50000000000003 113.0 149.0
720.5 147.50000000000003 113.0 149.0
690.5 157.50000000000003 113.0 149.0
680.5 152.50000000000003 113.0 149.0
690.5 157.50000000000003 113.0 149.0
725.5 157.50000000000003 113.0 149.0
770.5 162.50000000000003 113.0 149.0
810.5 157.50000000000003 113.0 149.0
835.5 157.50000000000003 113.0 149.0
765.5 182.50000000000003 113.0 149.0
740.5 182.50000000000003 113.0 149.0
685.5 202.50000000000003 113.0 149.0
645.5 212.50000000000003 113.0 149.0
655.5 222.50000000000003 113.0 149.0
630.5 217.50000000000003 113.0 149.0
640.5 222.50000000000003 113.0 149.0
630.5 222.50000000000003 113.0 149.0
645.5 227.50000000000003 113.0 149.0
625.5 217.50000000000003 113.0 149.0
615.5 212.50000000000003 113.0 149.0
620.5 212.50000000000003 113.0 149.0
590.5 222.50000000000003 113.0 149.0
530.5 252.50000000000003 113.0 149.0
515.5 267.50000000000006 113.0 149.0
535.5 257.50000000000006 113.0 149.0
580.5 257.50000000000006 113.0 149.0
610.5 257.50000000000006 113.0 149.0
645.5 262.50000000000006 113.0 149.0
690.5 262.50000000000006 113.0 149.0
745.5 257.50000000000006 113.0 149.0
805.5 252.50000000000003 113.0 149.0
850.5 257.50000000000006 113.0 149.0
885.5 267.50000000000006 113.0 149.0
930.5 267.50000000000006 113.0 149.0
935.5 257.50000000000006 113.0 149.0
910.5 257.50000000000006 113.0 149.0
900.5 262.50000000000006 113.0 149.0
905.5 252.50000000000003 113.0 149.0
940.5 247.50000000000003 113.0 149.0
960.5 252.50000000000003 113.0 149.0
935.5 262.50000000000006 113.0 149.0
910.5 257.50000000000006 113.0 149.0
870.5 252.50000000000003 113.0 149.0
865.5 247.50000000000003 113.0 149.0
890.5 252.50000000000003 113.0 149.0
930.5 242.50000000000003 113.0 149.0
925.5 232.50000000000003 113.0 149.0
895.5 237.50000000000003 113.0 149.0
845.5 242.50000000000003 113.0 149.0
805.5 242.50000000000003 113.0 149.0
780.5 242.50000000000003 113.0 149.0
765.5 237.50000000000003 113.0 149.0
740.5 237.50000000000003 113.0 149.0
725.5 237.50000000000003 113.0 149.0
