1991.5 810.0 33.0 28.0
1986.5 810.0 33.0 28.0
1986.5 815.0 33.0 28.0
1986.5 815.0 33.0 28.0
1986.5 815.0 33.0 28.0
1986.5 815.0 33.0 28.0
1986.5 820.0 33.0 28.0
1986.5 815.0 33.0 28.0
1986.5 815.0 33.0 28.0
1986.5 815.0 33.0 28.0
1986.5 815.0 33.0 28.0
1986.5 815.0 33.0 28.0
1986.5 815.0 33.0 28.0
1986.5 815.0 33.0 28.0
1986.5 815.0 33.0 28.0
1986.5 815.0 33.0 28.0
1986.5 815.0 33.0 28.0
1986.5 815.0 33.0 28.0
1986.5 815.0 33.0 28.0
1986.5 815.0 33.0 28.0
1986.5 815.0 33.0 28.0
1986.5 815.0 33.0 28.0
1986.5 815.0 33.0 28.0
1986.5 815.0 33.0 28.0
1986.5 815.0 33.0 28.0
1986.5 815.0 33.0 28.0
1986.5 815.0 33.0 28.0
1986.5 815.0 33.0 28.0
1986.5 815.0 33.0 28.0
1986.5 815.0 33.0 28.0
1986.5 815.0 33.0 28.0
1986.5 815.0 33.0 28.0
1986.5 815.0 33.0 28.0
1986.5 815.0 33.0 28.0
1981.5 815.0 33.0 28.0
1986.5 815.0 33.0 28.0
1986.5 815.0 33.0 28.0
1986.5 815.0 33.0 28.0
1986.5 815.0 33.0 28.0
1986.5 815.0 33.0 28.0
1986.5 815.0 33.0 28.0
1986.5 815.0 33.0 28.0
1986.5 815.0 33.0 28.0
1986.5 815.0 33.0 28.0
1986.5 815.0 33.0 28.0
1986.5 815.0 33.0 28.0
1986.5 815.0 33.0 28.0
1986.5 815.0 33.0 28.0
1986.5 815.0 33.0 28.0
1986.5 815.0 33.0 28.0
1986.5 815.0 33.0 28.0
1986.5 815.0 33.0 28.0
1986.5 815.0 33.0 28.0
1986.5 815.0 33.0 28.0
1986.5 815.0 33.0 28.0
1986.5 815.0 33.0 28.0
1986.5 815.0 33.0 28.0
1986.5 815.0 33.0 28.0
1986.5 815.0 33.0 28.0
1986.5 815.0 33.0 28.0
1986.5 815.0 33.0 28.0
1986.5 815.0 33.0 28.0
1986.5 815.0 33.0 28.0
1986.5 815.0 33.0 28.0
1986.5 815.0 33.0 28.0
1986.5 815.0 33.0 28.0
1986.5 815.0 33.0 28.0
1986.5 815.0 33.0 28.0
1986.5 815.0 33.0 28.0
1986.5 815.0 33.0 28.0
1986.5 815.0 33.0 28.0
1986.5 815.0 33.0 28.0
1986.5 815.0 33.0 28.0
1986.5 815.0 33.0 28.0
1986.5 815.0 33.0 28.0
1986.5 815.0 33.0 28.0
1986.5 815.0 33.0 28.0
1986.5 815.0 33.0 28.0
1986.5 815.0 33.0 28.0
1986.5 815.0 33.0 28.0
1986.5 815.0 33.0 28.0
1986.5 815.0 33.0 28.0
1986.5 815.0 33.0 28.0
1986.5 815.0 33.0 28.0
1986.5 815.0 33.0 28.0
1986.5 815.0 33.0 28.0
1986.5 815.0 33.0 28.0
1986.5 815.0 33.0 28.0
1986.5 815.0 33.0 28.0
1986.5 815.0 33.0 28.0
1986.5 815.0 33.0 28.0
1986.5 815.0 33.0 28.0
1986.5 815.0 33.0 28.0
1986.5 815.0 33.0 28.0
1986.5 815.0 33.0 28.0
1986.5 815.0 33.0 28.0
1986.5 815.0 33.0 28.0
1986.5 815.0 33.0 28.0
