1518,506,78,28
1518,502,80,29
1519,498,83,30
1522,502,80,29
1524,498,80,29
1523,495,76,27
1523,494,75,27
1523,491,76,27
1520,488,76,27
1523,486,74,26
1526,489,71,25
1525,486,74,26
1530,489,71,25
1531,492,72,26
1530,488,74,26
1530,489,75,27
1529,491,76,27
1528,488,76,27
1530,490,75,27
1530,488,76,27
1530,485,74,26
1528,485,74,26
1527,483,76,27
1525,485,80,29
1526,487,76,27
1523,483,80,29
1520,480,76,27
1509,477,80,29
1513,476,76,27
1515,485,74,26
1509,475,76,27
1499,465,80,29
1497,465,83,30
1493,460,86,31
1494,460,84,30
1495,463,86,31
1497,466,84,30
1497,466,84,30
1498,468,84,30
1501,466,84,30
1497,461,86,31
1497,462,84,30
1497,457,84,30
1495,452,84,30
1491,450,81,29
1485,450,83,30
1483,446,83,30
1482,447,84,30
1483,449,88,32
1485,448,84,30
1486,447,84,30
1484,446,88,32
1483,439,91,33
1484,438,91,33
1484,433,91,33
1487,434,88,32
1487,430,88,32
1486,425,90,32
1486,425,88,32
1489,426,84,30
1486,421,81,29
1484,422,84,30
1483,418,88,32
1478,412,90,32
1476,414,86,31
1470,420,83,30
1471,423,80,29
1470,428,80,29
1462,420,81,29
1458,410,81,29
1462,405,80,29
1458,396,81,29
1460,383,80,29
1455,377,81,29
1455,373,81,29
1456,377,80,29
1455,380,83,30
1452,379,83,30
1455,383,80,29
1454,382,80,29
1455,379,76,27
1456,379,75,27
1457,375,75,27
1455,368,75,27
1454,369,75,27
1453,374,75,27
1450,372,75,27
1448,369,72,26
1446,367,75,27
1446,363,72,26
1442,365,75,27
1441,365,75,27
1437,363,75,27
1438,361,75,27
1437,363,75,27
1435,364,75,27
1435,368,75,27
1435,369,75,27
1435,368,75,27
1434,369,75,27
1434,373,75,27
1434,370,74,26
1433,373,75,27
1431,371,74,26
1430,367,75,27
1429,365,75,27
1428,364,75,27
1429,366,75,27
1427,363,75,27
1426,365,75,27
1426,365,75,27
1425,364,75,27
1422,364,75,27
1420,361,75,27
1420,358,74,26
1418,361,75,27
1411,360,74,26
1411,355,75,27
1410,352,75,27
1408,347,76,27
1408,344,75,27
1406,343,75,27
1404,345,75,27
1399,348,75,27
1399,350,75,27
1390,363,74,26
1388,371,75,27
1388,370,76,27
1389,373,75,27
1389,374,75,27
1388,371,75,27
1387,372,76,27
1386,376,75,27
1386,377,75,27
1387,378,75,27
1387,383,75,27
1385,397,76,27
1385,393,75,27
1385,390,75,27
1384,389,75,27
1383,388,75,27
1384,388,75,27
1383,389,75,27
1383,390,75,27
1384,398,75,27
1382,403,76,27
1381,402,75,27
1382,403,75,27
1381,404,75,27
1380,403,75,27
1379,400,75,27
1378,400,75,27
1378,400,75,27
1376,399,75,27
1377,401,75,27
1377,407,75,27
1375,404,75,27
1375,403,75,27
1375,408,74,26
1374,408,75,27
1373,408,75,27
1368,415,75,27
1369,413,75,27
1369,416,75,27
1370,419,75,27
1368,415,75,27
1370,418,76,27
1372,420,75,27
1371,420,75,27
1375,419,75,27
1376,419,75,27
1377,419,75,27
1378,415,75,27
1381,419,75,27
1380,418,75,27
1378,413,75,27
1376,417,75,27
1373,416,75,27
1369,418,75,27
1367,421,75,27
1365,418,75,27
1362,421,72,26
1362,422,75,27
1360,420,75,27
1359,421,75,27
1360,425,75,27
1361,425,75,27
1361,422,75,27
1361,419,75,27
1361,416,75,27
1360,414,75,27
1364,418,75,27
1364,417,75,27
1365,413,72,26
1364,417,75,27
1364,420,75,27
1366,427,75,27
1366,431,75,27
1366,430,75,27
1366,432,75,27
1365,433,75,27
1366,432,75,27
1365,435,75,27
1366,437,72,26
1365,438,75,27
1364,439,75,27
1363,438,75,27
1363,439,75,27
1363,439,75,27
1362,438,75,27
1361,437,75,27
1361,440,75,27
1362,440,75,27
1363,437,75,27
1363,436,75,27
1363,435,76,27
1364,433,75,27
1363,429,75,27
1364,429,75,27
1365,429,75,27
1366,429,75,27
1366,431,75,27
1369,427,74,26
1369,426,75,27
1370,426,75,27
1370,426,75,27
1376,425,75,27
1382,423,72,26
1381,422,75,27
1384,418,72,26
1382,415,75,27
1385,417,75,27
1385,417,75,27
1384,419,75,27
1383,422,75,27
1382,425,76,27
1382,427,75,27
1381,430,75,27
1379,429,75,27
1378,428,75,27
1377,429,75,27
1375,429,75,27
1372,428,74,26
1368,430,75,27
1359,431,75,27
1353,428,76,27
1352,427,75,27
1351,427,75,27
1349,426,75,27
1346,430,75,27
1348,435,74,26
1347,436,75,27
1346,436,75,27
1345,437,75,27
1346,440,75,27
1346,438,72,26
1345,438,74,26
1345,441,75,27
1346,443,75,27
1345,443,75,27
1344,443,75,27
1345,441,75,27
1345,441,76,27
1345,443,76,27
1345,443,75,27
1346,440,75,27
1346,439,75,27
1345,437,75,27
1346,434,72,26
1346,433,71,25
1347,435,71,25
1345,434,72,26
1345,435,75,27
1345,436,75,27
1345,438,75,27
1344,440,75,27
1343,440,75,27
1344,438,74,26
1344,438,74,26
1343,432,75,27
1343,429,72,26
1344,430,69,25
1345,427,67,24
1347,425,65,23
1347,425,67,24
1345,426,69,25
1344,426,71,25
1343,426,71,25
1340,426,71,25
1336,425,74,26
1336,426,75,27
1337,425,75,27
1336,425,75,27
1340,427,72,26
1339,430,75,27
1339,431,75,27
1340,434,75,27
1341,440,75,27
1341,442,75,27
1340,447,75,27