1276,375,256,100
1283,374,245,98
1297,382,250,98
1314,375,245,93
1328,370,243,93
1342,372,241,95
1359,367,238,94
1378,375,241,93
1387,379,243,98
1414,356,228,93
1423,324,231,96
1404,275,224,97
1399,244,227,100
1406,234,229,93
1409,211,219,94
1406,201,220,91
1402,208,216,90
1397,208,221,93
1406,224,215,93
1407,244,212,93
1409,253,216,95
1407,258,211,97
1406,270,213,95
1413,280,205,88
1411,282,217,85
1418,267,207,89
1430,287,200,90
1440,308,204,84
1449,313,196,85
1447,311,200,90
1447,303,207,86
1454,299,200,88
1463,308,201,84
1475,296,196,90
1478,291,202,88
1483,280,197,90
1482,292,194,82
1476,298,197,84
1475,305,193,86
1475,308,191,88
1483,294,195,86
1490,298,186,84
1495,322,185,84
1499,327,184,79
1501,337,193,78
1501,351,194,76
1519,363,185,78
1523,367,186,79
1530,374,184,81
1526,382,190,79
1530,392,183,80
1538,406,175,76
1544,399,175,78
1551,392,174,71
1557,394,180,78
1569,408,176,79
1585,424,171,75
1597,436,172,79
1599,463,170,78
1599,482,174,79
1597,494,174,73
1594,475,174,80
1595,458,174,79
1599,434,165,81
1590,418,169,83
1575,398,167,76
1557,368,169,73
1545,356,162,74
1532,342,155,75
1509,336,155,74
1494,327,158,71
1478,325,155,76
1464,327,155,78
1454,324,152,72
1452,325,149,73
1447,332,150,73
1452,341,145,65
1447,336,150,75
1444,344,148,74
1438,344,149,78
1428,341,150,72
1423,322,138,83
1418,324,148,74
1425,327,148,72
1425,327,144,74
1432,325,136,71
1430,334,139,67
1430,330,143,75
1433,336,145,65
1433,325,138,74
1437,329,138,70
1437,332,138,67
1437,332,138,69
1440,332,135,69
1449,327,134,72
1438,334,142,71
1442,336,138,70
1442,332,140,69
1444,330,136,66
1440,334,143,69
1445,342,133,68
1445,337,131,71
1444,327,131,76
1451,325,118,71
1442,322,124,69
1447,329,117,62
1451,324,112,65
1442,320,117,67
1435,322,122,64
1435,317,119,67
1433,324,119,60
1438,329,118,63
1437,332,122,66
1433,334,123,64
1430,337,124,66
1430,342,126,66
1430,344,122,67
1430,348,121,67
1423,349,119,66
1423,351,121,64
1426,353,114,62
1416,353,122,62
1425,360,110,60
1426,365,107,59
1423,363,109,61
1425,365,112,59
1423,367,110,58
1423,368,110,59
1418,367,110,60
1407,356,114,59
1402,349,111,64
1394,353,110,55
1388,355,111,53
1390,355,111,51
1385,353,116,53
1387,360,108,53
1387,361,108,50
1383,358,109,53
1385,361,107,52
1380,360,112,55
1375,360,120,55
1371,355,112,53
1356,349,115,52
1349,346,105,52
1340,339,111,48
1332,334,110,52
1328,330,114,54
1321,332,112,50
1321,329,104,50
1311,330,119,49
1302,330,114,50
1294,332,120,50
1302,332,119,55
1307,336,114,56
1316,342,117,54
1319,353,109,46
1321,353,111,48
1325,356,105,50
1332,360,110,51
1330,360,117,50
1332,356,113,50
1342,358,105,50
1347,361,102,47
1345,365,112,46
1351,367,115,46
1356,372,110,46
1363,380,115,45
1364,377,118,50
1373,377,124,55
1375,386,117,51
1383,391,105,50
1375,392,113,49
1371,405,124,43
1375,406,117,43
1371,408,119,41
1376,410,119,41
1376,411,119,44
1380,410,112,41
1378,417,110,39
1378,415,112,46
1382,420,113,43
1382,418,113,43
1382,422,106,39
1376,418,109,43
1375,422,113,45
1376,424,104,39
1380,430,112,38
1382,430,108,42
1383,425,107,47
1387,430,98,40
1380,427,105,41
1371,422,109,43
1375,422,94,41
1364,418,109,43
1366,415,105,41
1359,410,104,45
1356,406,100,45
1349,403,103,48
1351,401,105,48
1337,399,110,49
1333,394,112,50
1332,389,110,57
1338,398,87,44
1333,394,97,43
1323,392,95,45
1316,394,110,45
1318,389,115,48
1319,391,109,46
1318,391,114,46
1309,384,121,48
1304,386,117,51
1307,384,114,52
1313,384,101,46
1316,387,98,47
1309,382,104,52
1302,380,109,52