835,679,23,18
830,679,23,18
820,679,23,18
815,679,23,18
810,679,23,18
800,684,23,18
795,684,23,18
789,689,24,19
784,693,24,19
785,699,23,18
795,699,23,18
795,699,23,18
790,704,23,18
780,709,23,18
779,709,23,18
770,714,23,18
764,718,24,19
755,723,25,19
754,724,24,19
749,728,24,19
744,732,25,19
740,735,24,19
735,739,24,19
729,742,24,19
724,744,25,19
720,749,24,19
715,753,24,19
715,754,23,18
710,748,24,19
710,739,23,18
700,719,23,18
694,714,24,19
685,720,23,18
680,724,23,18
675,729,23,18
670,733,22,17
664,734,22,17
656,739,22,17
650,743,22,17
645,745,22,17
640,749,21,17
630,754,22,17
626,755,21,16
620,760,21,16
611,764,21,17
605,768,22,17
600,769,21,17
595,774,22,17
586,779,22,17
580,779,23,18
574,784,24,19
569,785,24,19
564,789,24,19
559,794,24,19
549,798,25,19
545,802,24,19
539,803,25,19
535,809,24,19
529,813,24,19
525,815,24,19
520,819,24,19
515,823,24,19
510,828,24,19
505,833,24,19
503,833,25,19
499,839,24,19
494,844,24,19
489,848,24,19
485,849,23,18
475,854,24,19