1482,541,132,65
1466,548,133,69
1454,551,133,69
1457,558,123,64
1449,556,124,66
1445,553,126,72
1444,558,120,67
1433,560,124,64
1433,560,121,62
1437,558,122,66
1437,563,127,69
1444,563,120,66
1451,563,117,67
1445,565,121,69
1447,567,119,62
1447,568,122,64
1442,567,121,69
1432,574,125,65
1428,580,117,68
1426,591,112,62
1413,611,108,64
1411,624,110,65
1395,634,111,58
1385,634,121,67
1382,648,117,63
1380,649,114,61
1382,655,110,58
1385,658,114,53
1394,661,110,56
1404,668,107,56
1413,667,110,62
1413,670,113,59
1423,672,107,58
1423,674,114,55
1433,672,111,60
1437,674,110,60
1445,680,118,62
1447,680,122,64
1459,684,126,64
1469,684,113,62
1487,686,119,58
1495,689,123,57
1511,687,117,61
1545,687,130,61
1549,644,120,48
1552,642,131,56
1559,641,131,57
1582,636,120,62
1588,644,114,57
1592,642,110,61
1595,656,121,47
1601,649,110,52
1597,646,109,53
1594,651,119,47
1594,646,124,57
1597,648,129,51
1592,649,129,52
1601,653,120,48
1606,660,119,45
1601,661,120,49
1606,667,117,46
1606,667,113,48
1607,668,112,47
1607,670,114,47
1609,674,107,43
1618,675,103,43
1649,661,117,45
1675,653,108,41
1682,627,112,45
1690,630,109,44
1711,611,119,45
1704,611,126,45
1697,610,119,43
1675,603,115,41