1064,378,26,16
1049,378,27,16
1035,378,26,16
1024,378,26,16
1014,373,25,16
999,368,27,16
999,368,26,16
1009,368,26,16
1009,368,26,16
1014,373,26,16
1014,373,26,16
1009,373,25,16
1014,373,25,16
1009,373,27,16
1000,373,25,16
998,373,27,16
1003,378,26,16
999,378,27,17
998,373,27,16
989,378,25,16
984,383,26,16
974,383,25,16
969,383,25,15
975,388,25,15
964,392,25,16
960,393,25,15
959,403,26,16
959,413,26,16
974,428,27,16
973,443,27,17
969,453,26,16
969,463,27,16
959,463,25,16
949,463,25,16
939,463,25,16
935,459,25,15
930,459,25,15
919,458,25,16
905,458,25,15
894,458,25,16
889,458,25,16
879,463,25,16
870,463,25,16
859,463,25,16
850,459,25,16
839,463,26,16
839,463,26,16
840,473,26,16
835,473,25,15
829,473,26,16
824,478,25,16
833,488,25,16
834,493,27,16
834,499,26,16
833,508,27,16
834,518,27,16
834,522,25,16
829,528,25,16
819,528,25,16
809,528,25,16
804,529,25,15
796,533,24,15
790,533,25,15
785,539,24,14
780,548,25,15
785,549,24,15
780,558,25,15
774,558,25,15
770,558,24,15
760,563,25,15
760,559,24,14
755,559,25,15
749,558,25,15
745,563,25,15
744,558,25,15
734,558,25,16
724,558,26,16
729,558,26,16
720,558,25,16
710,558,25,16
700,558,26,16
704,558,26,16
695,558,25,16
694,558,26,16
699,558,25,16
704,558,27,16
704,558,27,17
699,558,26,16
694,558,26,16
690,558,25,15
689,558,26,16
679,558,25,16
669,558,25,16
659,558,25,16
659,563,27,16
665,563,25,16
679,563,25,15
679,563,25,16
669,563,25,16
664,563,25,16
664,568,25,16
659,568,25,15
669,568,26,16
669,568,26,16
679,569,25,15
684,574,25,15
680,573,25,15
675,578,25,15
680,579,25,15
679,578,25,16
669,583,25,16
664,583,25,16
664,583,25,16
654,583,25,16
630,583,25,15
619,583,26,16
614,583,25,16
609,583,26,16
599,583,25,16
599,583,26,16
589,583,25,16
580,583,25,15
574,583,25,15
564,583,25,16
555,583,25,15
544,583,25,16
544,583,25,16
560,584,25,15
565,583,25,15
560,583,25,15
554,583,25,16
554,583,27,16
549,583,25,16
549,583,25,16
550,583,25,15
554,583,25,16
554,583,26,16
554,583,26,16
550,588,25,15
549,588,26,16
549,588,25,16
545,588,25,15
544,583,26,16
544,583,25,16
534,578,25,16
540,578,25,15
549,573,25,15
559,573,26,16
559,568,27,16
559,573,26,16
559,573,26,16
554,573,25,16
550,573,25,16
550,573,25,15
548,573,25,15
544,573,25,16
550,578,25,15
545,578,25,15
550,583,24,15
564,583,25,15
574,588,25,15
594,578,26,16
614,568,25,16
619,563,26,16
619,548,27,17
615,543,26,16
610,538,25,15
605,538,25,15
600,538,25,15
590,533,25,15
580,533,25,16
575,538,25,15
570,538,25,15
565,538,25,15
560,543,25,15
555,543,24,15
555,548,25,15
554,548,25,15
550,548,25,15
549,548,26,16
539,553,25,16
540,558,25,15
539,558,25,16
535,563,25,15
534,568,25,15
544,573,25,15
550,578,25,15
555,584,24,14
566,589,23,14
566,589,23,14
566,594,23,14
561,595,23,14
552,594,23,14
547,599,23,14
536,599,24,14
537,604,23,14
541,604,23,14
532,605,23,14
536,604,23,14
536,609,23,14
536,609,23,14
526,614,23,14
517,614,23,14
517,614,23,14
511,614,23,14
502,620,23,14
501,619,23,14
492,620,23,14
482,625,22,14
477,624,23,14
472,624,23,14
461,630,23,14
452,629,23,14
457,629,23,14
446,635,23,14
437,634,23,14
436,634,23,14
422,634,22,14
411,634,23,14
406,638,24,15
400,638,25,15
390,638,25,15
385,643,25,15
379,643,25,15
381,654,24,15
375,653,25,15
365,648,25,15
364,648,25,16
360,648,25,15
350,648,25,15
340,648,25,15
340,653,25,16
334,653,25,15
325,652,26,16
315,653,25,16
310,653,25,15
305,653,25,15
295,659,24,15
291,659,24,14
285,659,24,15