1348,455,153,49
1343,456,150,48
1334,456,153,49
1327,457,150,48
1316,457,153,49
1308,457,151,49
1300,457,155,49
1291,458,153,49
1282,458,155,49
1278,458,151,49
1271,458,151,49
1262,459,151,49
1255,459,150,48
1249,461,147,47
1240,461,150,48
1233,462,147,47
1225,462,150,48
1217,462,151,49
1209,462,155,49
1198,462,158,50
1190,463,158,50
1183,463,155,49
1177,464,151,49
1169,464,151,49
1162,464,155,49
1156,465,151,49
1149,466,149,48
1140,465,151,49
1132,465,151,49
1124,465,151,49
1119,466,149,48
1110,465,151,49
1102,465,151,49
1093,466,151,49
1085,466,155,49
1078,467,151,49
1070,467,155,49
1062,469,153,49
1056,469,153,49
1046,469,156,50
1040,469,155,49
1032,471,151,49
1026,471,151,49
1017,471,151,49
1007,471,153,49
1000,472,151,49
993,473,150,48
984,472,153,49
975,472,155,49
969,473,151,49
962,473,151,49
955,474,150,48
947,473,151,49
937,472,153,49
930,473,155,49
921,473,155,49
915,473,151,49
946,482,151,49
936,480,155,49
917,479,155,49
913,478,156,50
909,478,159,51
917,478,162,52
945,485,162,52
947,487,161,51
945,481,162,52
935,480,166,53
928,481,162,52
921,482,161,51
915,482,164,53
911,483,161,51
908,484,162,52
908,485,162,52
912,485,164,53
913,485,161,51
915,486,158,50
917,487,155,49
915,487,155,49
910,487,155,49
909,487,158,50
910,487,161,51
914,488,158,50
917,487,158,50
923,487,156,50
929,487,155,49
938,487,156,50
945,487,158,50
944,487,155,49
931,487,153,49
920,487,153,49
908,487,153,49
898,486,153,49
887,485,156,50
880,486,153,49
870,486,153,49
862,486,153,49
855,486,151,49
847,487,150,48
836,487,153,49
830,488,151,49
768,491,151,49
760,491,150,48
750,491,153,49
740,491,155,49
733,492,151,49
725,492,151,49
716,492,155,49
707,492,156,50
699,493,155,49
688,492,158,50
683,492,156,50
680,493,158,50
680,494,158,50
678,495,159,51
686,497,162,52
713,504,159,51
723,494,162,52
722,495,161,51
716,495,158,50
709,495,161,51
708,497,158,50
703,496,155,49
699,495,158,50
697,496,156,50
686,495,159,51
678,495,159,51
669,495,162,52
666,497,161,51
661,498,161,51
650,497,164,53
643,498,161,51
637,498,162,52
642,499,166,53
647,499,167,54
653,499,166,53
655,498,169,54
650,498,169,54
643,498,167,54
641,498,169,54
638,498,167,54
637,499,166,53
638,498,167,54
644,499,164,53
649,499,166,53
656,498,167,54
658,498,166,53
659,498,167,54
664,498,164,53
666,498,167,54
668,498,166,53
668,498,162,52
666,499,159,51
663,500,158,50
662,499,159,51
662,499,161,51
658,498,164,53
655,498,167,54
665,499,166,53
670,498,167,54
670,498,167,54
673,498,169,54
682,499,166,53
677,498,167,54
669,498,166,53
660,498,166,53
653,498,166,53
644,498,166,53
638,498,166,53
634,498,166,53
631,499,166,53
625,499,167,54
617,500,166,53
608,500,166,53
604,500,166,53
596,501,166,53
589,500,169,54
583,501,166,53
575,502,164,53
570,502,161,51
566,504,158,50
559,504,156,50
548,504,158,50
539,504,161,51
536,503,161,51
542,503,158,50
549,505,155,49
519,515,158,50
520,522,161,51
497,511,164,53
491,509,167,54
486,510,164,53
484,510,161,51
483,510,162,52
476,511,166,53
469,513,162,52
471,515,159,51
469,513,162,52
467,511,159,51
473,510,156,50
480,509,153,49