892,720,20,30
892,720,20,30
892,720,20,30
893,720,20,30
893,720,20,30
893,720,20,30
894,719,21,31
895,720,21,31
896,720,20,30
896,720,20,30
897,720,20,30
897,720,20,30
897,720,20,30
897,720,20,30
897,720,20,30
898,720,20,30
898,720,20,30
899,720,20,31
900,720,20,31
901,720,20,31
901,720,20,31
902,720,20,30
902,720,20,30
902,720,20,30
902,720,20,30
902,720,20,30
903,720,20,30
903,720,20,30
904,720,20,30
904,720,20,30
905,720,20,31
906,720,20,31
906,720,20,30
907,720,20,30
907,720,20,30
907,720,20,30
907,720,20,30
907,720,20,30
908,720,20,30
908,720,20,30
909,720,20,31
909,720,20,31
911,720,20,31
911,720,20,31
911,720,20,31
912,720,20,30
912,720,20,30
912,720,20,30
912,719,20,31
912,719,20,31
913,719,20,31
914,719,20,31
914,719,20,31
915,719,21,31
916,719,20,30
916,719,20,30
916,719,20,30
917,719,20,30
917,719,20,30
917,719,20,30
917,719,20,30
918,719,20,31
918,719,20,31
919,719,20,31
919,719,21,31
920,719,20,31
921,719,20,31
921,720,20,30
921,720,20,30
922,720,20,30
922,720,20,30
922,720,20,30
923,720,20,30
923,719,20,31
923,719,20,31
924,719,21,31
925,719,20,31
926,720,20,30
926,720,20,30
926,720,20,30
927,720,20,30
927,720,20,30
927,720,20,30
927,719,20,31
928,719,20,31
928,719,20,31
929,719,20,31
929,719,21,31
930,719,20,31
931,720,20,30
931,720,20,30
931,720,20,30
932,720,20,30
932,719,20,30
932,719,20,31
932,719,20,31
933,719,20,31
933,719,20,30
935,720,19,29
935,720,19,29