780,560,44,25
779,559,45,26
778,559,46,26
776,558,47,27
775,558,48,27
775,558,47,27
775,558,47,27
774,558,46,26
774,558,45,26
773,558,46,26
772,558,46,26
774,559,45,26
772,560,46,26
771,560,47,27
770,560,47,27
770,561,46,26
769,561,45,26
769,561,44,25
768,561,44,25
768,561,44,25
769,562,44,25
769,563,44,25
768,564,44,25
770,564,44,25
769,564,45,26
769,564,44,25
767,564,43,25
767,563,42,24
766,563,41,24
761,559,42,24
757,562,42,24
753,561,41,24
756,558,41,24
760,552,41,23
759,552,41,23
763,553,40,23
764,550,40,23
764,551,41,23
762,553,41,23
764,557,41,24
763,557,41,23
762,562,41,24
762,563,42,24
761,563,41,24
760,562,42,24
756,562,43,24
755,562,44,25
755,562,44,25
753,562,44,25
750,562,44,25
748,561,44,25
740,563,44,25
742,559,43,25
742,558,43,24
739,557,43,24
738,557,43,24
738,557,44,25
740,557,44,25
743,556,44,25
745,556,44,25
746,557,44,25
745,562,44,25
743,566,45,26
741,567,44,25
739,566,44,25
736,565,45,26
736,566,44,25
736,566,45,26
737,567,45,26
732,566,45,26
728,569,44,25
725,566,44,25
726,565,44,25
728,566,44,25
731,561,44,25
730,561,44,25
729,561,43,25
728,561,44,25
730,563,43,25
731,563,44,25
729,561,43,25
726,561,42,24
726,560,41,24
721,560,42,24
720,561,42,24
719,561,42,24
718,562,41,23
719,562,42,24
717,563,43,24
720,564,42,24
719,566,43,24
719,565,43,24
719,566,43,24
717,565,43,24
717,565,42,24
714,564,43,24
713,563,43,24
712,564,43,24
711,564,43,25
710,564,43,25
684,563,44,25
683,564,44,25
684,565,43,25
683,565,43,25
683,567,43,24
682,566,43,25
682,566,44,25
681,566,45,26
681,566,44,25
679,566,45,26
679,566,44,25
679,566,44,25
678,566,45,26
676,566,46,26
676,566,45,26
676,567,44,25
675,567,44,25
674,567,44,25
673,567,44,25
672,567,44,25
671,566,44,25
670,565,44,25
668,564,45,26
667,564,45,26
666,564,45,26
666,563,45,26
666,564,44,25
667,564,44,25
668,565,44,25
667,566,44,25
667,566,44,25
665,565,44,25
664,565,44,25
663,566,44,25
663,565,44,25
662,566,44,25
660,565,44,25
659,565,44,25
657,565,44,25
656,564,44,25
655,565,43,25
654,564,44,25
652,564,44,25
651,564,44,25
651,565,44,25
650,565,45,26
648,565,46,26
646,564,46,26
644,564,46,26
644,564,45,26
642,564,46,26
640,563,47,27
640,563,46,26
639,563,46,26
637,563,47,27
636,562,48,27
635,562,49,28
635,562,49,28
635,563,49,28
635,563,49,28
635,563,49,28
635,564,49,28
635,564,49,28
635,565,50,28
634,565,51,29
633,566,51,29
632,565,52,29
630,564,53,30
628,564,53,30
627,564,53,30
626,565,53,30
625,564,53,30
624,564,54,31
624,564,54,31
623,564,55,31
622,564,54,31
622,564,53,30
622,565,53,30
621,565,53,30
620,565,53,30
619,565,52,29
617,563,52,29
616,563,51,29
614,563,51,29
614,562,51,29
613,563,50,28
613,563,49,28
613,564,49,28
612,564,49,28
611,564,49,28
611,565,48,27
610,565,47,27
609,565,47,27
608,565,47,27
607,565,47,27
606,565,47,27
605,565,46,26
603,564,46,26
602,564,47,27
600,563,46,26
590,562,46,26
585,562,46,26
583,562,47,27
577,564,47,27
579,560,48,27
579,560,47,27
578,561,46,26
579,561,47,27
581,562,46,26
583,561,45,26
584,557,46,26
583,557,46,26
583,556,46,26
580,556,47,27
578,554,46,26
574,553,46,26
570,554,47,27
568,558,47,27
569,558,47,27
566,557,46,26
566,558,46,26
567,559,47,27
567,560,47,27
566,560,47,27
566,560,47,27
566,560,47,27
565,559,47,27
563,560,46,26
562,559,47,27
561,559,47,27
561,559,48,27
562,559,47,27
564,558,46,26
565,557,46,26
565,557,46,26
563,557,47,27
561,561,47,27
560,560,47,27
559,559,48,27
557,559,48,27
557,559,48,27
555,559,48,27
553,557,48,27
552,558,47,27
552,558,47,27
551,559,48,27
552,560,48,27
553,561,47,27
552,560,48,27
551,560,47,27
549,560,47,27
549,560,47,27
548,561,47,27
549,563,46,26
544,559,47,27
542,559,47,27
540,559,47,27
539,560,47,27
540,561,46,26
539,563,46,26
540,563,47,27
541,564,46,26
540,564,45,26
538,564,45,26
536,564,44,25
535,564,45,26
534,564,45,26
534,564,45,26
534,564,44,25
533,564,44,25
531,564,44,25
530,564,44,25
530,564,43,25
529,564,44,25
529,564,44,25
526,561,43,25
524,562,44,25
521,562,44,25
519,562,44,25
517,562,44,25
516,563,44,25
516,564,44,25
516,564,45,26
517,565,45,26
517,566,46,26
516,567,46,26
515,567,46,26
514,566,46,26
514,567,45,26
513,567,46,26
512,567,46,26
512,568,45,26
508,566,46,26
506,565,47,27
504,565,47,27
503,564,47,27
503,564,47,27
501,565,48,27
501,565,47,27
499,565,47,27