1104,524,80,24
1105,525,81,24
1108,526,82,25
1109,527,82,25
1112,526,82,25
1115,527,81,24
1117,527,82,25
1120,528,81,24
1123,528,81,24
1126,529,79,24
1130,529,78,23
1135,529,76,23
1138,529,76,23
1141,529,76,23
1144,528,76,23
1147,527,78,23
1150,527,78,23
1153,527,78,23
1158,528,76,23
1161,528,76,23
1164,529,75,23
1165,529,75,22
1170,529,75,23
1174,529,76,23
1175,528,76,23
1176,528,75,23
1179,529,76,23
1179,529,75,23
1180,529,75,23
1169,529,74,22
1156,532,74,22
1142,531,75,23
1133,531,77,23
1122,532,78,24
1111,532,79,24
1104,533,78,24
1096,533,78,23
1085,533,76,23
1076,534,75,23
1070,534,76,23
1059,534,76,23
1057,533,76,23
1058,537,76,23
1058,532,78,23
1053,534,78,23
1048,534,78,24
1046,535,78,24
1045,535,77,23
1039,536,77,23
1030,536,76,23
1016,535,78,23
1005,535,77,23
991,536,75,23
985,536,76,23
980,536,76,23
969,536,77,23
960,536,77,23
957,536,77,23
954,536,75,23
949,536,75,22
939,537,75,23
929,537,75,23
919,538,74,22
909,540,72,22
908,540,71,21
911,540,71,21
913,539,72,22
911,540,72,22
906,540,72,22
902,541,72,22
895,541,73,22
887,542,75,22
877,541,76,23
865,542,75,23
856,542,75,23
847,543,74,22
831,544,74,22
816,544,73,22
793,546,73,22
773,546,74,22
755,547,75,23
743,546,77,23
747,546,78,24
749,546,78,24
753,546,78,24
755,545,78,24
758,544,78,24
763,544,77,23
766,544,76,23
769,544,76,23
772,544,76,23
775,544,76,23
778,544,76,23
781,543,76,23
784,543,76,23
787,543,75,23
791,544,75,22
793,545,75,23
796,544,76,23
798,544,75,23
819,544,74,22
821,544,73,22
825,544,72,22
828,544,72,22
829,544,73,22
833,545,72,22
835,545,72,22
839,545,72,22
842,545,74,22
845,545,73,22
847,545,73,22
849,545,72,22
851,546,72,22
853,546,70,21
860,546,72,22
862,546,72,22
865,543,73,22
866,547,74,22
868,543,75,23
869,542,77,23
873,544,76,23
875,544,75,23
878,544,74,22
882,544,75,22
886,544,74,22
892,546,72,22
893,544,72,22
894,548,71,21
895,545,72,22
898,543,71,21
899,544,72,22
900,544,74,22
911,542,72,22
913,542,72,22
915,543,70,21
918,543,71,21
920,540,70,21
923,542,72,22
926,541,72,22
929,540,73,22
931,540,75,22
934,540,75,23
937,539,75,23
941,540,75,23
945,540,75,23
948,540,75,23
952,540,75,22
955,541,75,22
957,541,75,23
960,541,75,23
963,542,75,23
966,541,77,23
970,541,76,23
973,541,76,23
977,540,76,23
980,541,75,23
982,541,75,23
985,546,74,22
987,542,73,22
991,543,72,22
994,542,72,22
996,545,74,22
997,545,75,22
1000,545,75,22
1002,544,75,23
1004,543,76,23
1007,546,76,23
1010,540,76,23
1013,542,75,23
1015,542,76,23
1018,543,75,23
1022,543,74,22
1026,543,72,22
1030,544,71,21
1032,541,72,22
1034,542,73,22
1037,541,74,22
1040,541,74,22
1043,541,74,22
1045,541,75,23
1048,541,75,23
1052,541,74,22
1054,541,75,23
1057,541,75,23
1060,541,75,23
1063,541,75,22
1067,541,75,22
1069,540,75,23
1073,540,74,22
1076,540,72,22
1080,539,71,21
1082,540,72,22
1084,539,73,22
1087,539,72,22
1089,539,73,22
1092,539,73,22
1095,539,74,22
1097,540,73,22
1100,541,73,22
1103,541,75,22
1112,540,75,23
1115,540,75,23
1118,538,75,23
1123,538,74,22
1127,539,72,22
1131,539,71,21
1133,538,72,22
1138,538,71,21
1138,539,72,22
1143,539,71,21
1145,537,72,22
1147,537,73,22
1151,537,73,22
1154,536,75,22
1157,536,76,23
1160,536,76,23
1163,536,76,23
1166,536,76,23
1169,536,76,23
1172,536,76,23
1175,536,77,23
1178,536,76,23
1181,536,76,23
1185,536,76,23
1188,536,76,23
1191,536,76,23
1194,536,76,23
1197,536,76,23
1199,536,76,23
1203,536,75,22
1206,536,74,22
1209,536,74,22
1211,537,74,22
1214,537,74,22
1217,538,74,22
1219,538,74,22
1221,537,75,23
1224,538,75,23
1226,537,77,23
1228,538,78,23
1232,538,76,23
1235,538,76,23
1238,537,76,23
1241,537,76,23
1244,536,76,23
1248,535,76,23
1251,535,75,22
1254,535,75,23
1257,535,76,23
1260,535,77,23
1263,535,75,23
1267,535,75,22
1271,536,73,22
1274,536,73,22
1277,535,75,22
1280,536,73,22
1283,535,75,22
1285,535,75,23
1288,535,75,23
1292,535,74,22
1296,535,72,22
1299,535,71,21
1301,534,72,22
1303,535,74,22
1306,534,74,22
1310,534,72,22
1313,535,71,21
1316,528,72,22
1318,529,73,22
1319,530,75,22
1322,529,76,23
1325,525,75,23
1328,529,75,23
1332,530,75,22
1335,531,73,22
1337,530,74,22
1342,529,72,22
1344,529,72,22
1346,530,73,22
1350,529,74,22
1353,530,74,22
1355,531,75,23
1357,530,77,23
1361,530,76,23
1364,530,76,23
1368,530,75,22
1371,531,73,22
1374,531,73,22
1377,531,75,22
1380,531,73,22
1383,531,73,22
1386,530,75,22
1389,531,73,22
1392,530,73,22
1395,530,73,22
1398,531,73,22
1401,531,74,22
1404,530,75,22
1407,530,74,22
1410,530,73,22
1419,530,73,22
1422,530,74,22
1424,530,75,23
1427,529,77,23
1430,529,77,23
1433,529,76,23
1436,529,76,23
1440,529,75,23
1444,529,74,22
1447,527,75,22
1450,527,76,23
1452,531,76,23
1456,529,76,23
1460,526,75,23
1463,530,74,22
1467,530,73,22
1470,529,74,22
1473,530,73,22
1475,529,73,22
1480,528,72,22
1483,528,72,22
1487,528,71,21
1489,527,72,22
1492,526,74,22
1493,527,75,23
1497,522,77,23
1500,522,76,23
1503,526,76,23
1507,527,75,22
1509,527,76,23
1512,527,76,23
1514,529,75,23
1518,530,74,22
1521,529,72,22
1524,526,72,22
1527,525,72,22
1530,524,72,22
1531,525,73,22
1536,517,73,22
1537,518,73,22
1541,523,75,22
1544,527,74,22
1547,529,75,22
1550,529,74,22
1551,528,75,23
1554,527,75,23
1559,525,74,22
1562,525,74,22
1563,525,75,23
1567,526,74,22
1571,526,74,22
1573,525,75,22
1575,527,75,23
1579,527,74,22
1582,528,74,22
1584,527,75,23
1588,528,74,22
1590,528,75,23
1593,527,77,23
1595,527,78,24
1598,528,78,23
1602,528,77,23
1604,528,78,24
1608,529,77,23
1611,529,75,23
1615,530,75,23
1619,530,74,22
1622,531,74,22
1625,531,73,22
1628,530,75,22
1630,530,76,23
1633,528,76,23
1636,528,76,23
1640,527,76,23
1642,527,78,23
1646,528,76,23
1650,529,77,23
1653,528,76,23
1656,528,76,23
1657,528,75,22
1660,529,75,23
1663,530,75,23
1665,529,74,22
1666,529,73,22
1669,528,72,22
1672,529,72,22
1673,529,73,22
1674,530,73,22
1645,530,72,22
1601,531,72,22
1554,531,74,22
1513,532,75,23
1482,532,77,23
1459,533,77,23
1438,533,77,23
1418,534,77,23
1394,535,77,23
1368,537,75,23
1350,538,74,22
1338,538,75,22