1056,444,79,22
1051,450,81,22
1044,450,82,23
1041,445,82,23
1035,449,82,23
1030,448,82,23
1024,447,82,23
1019,449,82,23
1013,451,82,23
1007,455,81,23
1002,452,82,23
997,452,82,23
992,457,81,22
987,456,80,22
982,456,78,22
978,456,80,22
974,457,78,22
967,455,78,22
962,455,80,22
957,456,80,22
952,456,80,22
946,456,80,22
941,456,81,23
936,457,82,23
929,456,82,23
923,456,81,22
919,457,80,22
915,460,78,22
910,460,78,22
904,458,80,22
899,459,78,22
894,459,78,22
888,458,80,22
882,458,80,22
877,459,78,22
871,458,80,22
866,458,80,22
860,460,80,22
855,460,78,22
849,460,78,22
844,460,80,22
839,460,78,22
834,459,80,22
827,459,81,23
823,458,82,23
819,459,82,23
813,459,82,23
807,459,83,23
802,460,83,23
797,460,83,23
790,462,82,23
784,462,84,23
780,462,82,23
775,462,81,23
770,462,80,22
765,462,78,22
760,462,78,22
755,462,78,22
749,462,80,22
742,461,81,23
737,461,81,22
732,462,82,23
726,462,81,22
720,463,82,23
715,463,81,23
709,463,82,23
703,463,82,23
698,463,82,23
693,463,82,23
687,463,82,23
682,463,82,23
676,463,82,23
671,463,82,23
665,463,81,23
660,463,82,23
655,463,82,23
649,463,82,23
644,463,82,23
638,463,84,23
632,464,82,23
627,464,82,23
621,464,82,23
615,464,82,23
610,464,82,23
605,464,82,23
598,464,83,23
592,464,85,24
586,464,86,24
582,465,85,24
575,465,85,24
570,465,85,24
563,465,86,24
557,464,88,25
552,465,86,24
547,465,85,24
541,465,85,24
534,467,86,24
531,462,84,23
524,462,82,23
518,461,84,23
4489,461,86,23
483,461,87,23
478,462,85,23
472,463,85,23
466,463,83,22
461,463,83,22
454,464,85,23
448,464,87,23
444,463,85,23
439,464,83,22
431,467,82,22
426,463,83,22
432,463,83,22
441,463,83,22
463,463,83,22
502,463,83,22
539,462,83,22
578,458,83,22
599,458,85,23
621,459,83,22
635,459,82,22
650,458,80,21
666,457,79,21
685,455,78,21
706,455,79,21
723,455,81,22
738,454,82,22
761,450,83,22
782,450,85,23
805,450,85,23
829,450,85,23
844,450,83,22
859,450,83,22
880,449,83,22
897,449,82,22
911,446,83,22
926,445,85,23
936,445,87,23
947,445,85,23
956,445,87,23
963,445,87,23
967,445,89,24
969,444,90,24
974,445,89,24
978,445,87,23
985,444,87,23
999,444,85,23
1017,444,83,22
1034,441,85,23
1050,441,87,23
1064,441,87,23
1080,441,85,23
1100,437,87,23
1117,438,87,23
1139,438,89,24
1160,438,87,23
1180,438,88,23
1200,438,88,23
1221,437,89,24
1242,434,89,24
1261,434,87,23
1279,434,89,24
1296,434,87,23
1307,434,85,23
1319,434,83,22
1330,434,83,22
1339,434,83,22
1348,434,83,22
1359,434,82,22
1370,434,80,21
1382,434,80,21
1394,431,81,22
1402,431,81,22
1407,430,81,22
1411,431,81,22
1415,431,81,22
1416,430,81,22
1420,430,81,22
1426,430,81,22
1433,430,81,22
1440,430,81,22
1452,429,81,22
1460,429,83,22
1469,429,82,22
1475,429,72,21
1481,429,83,22
1475,429,83,22
1469,429,81,22
1461,429,83,22
1454,429,83,22
1447,430,83,22
1439,430,83,22
1433,429,83,22
1425,430,83,22
1420,430,83,22
1412,430,83,22
1405,430,82,21
1399,430,83,22
1392,430,83,22
1385,430,83,22
1345,430,90,22
1338,431,92,22
1330,431,92,22
1324,431,92,22
1317,433,91,22
1311,433,91,22
1303,433,91,22
1296,433,91,22
1288,434,91,22
1280,434,93,23
1269,434,93,23
1264,434,93,23
1260,434,91,22
1255,434,91,22
1246,434,93,23
1240,434,93,23
1234,434,93,23
1225,435,93,23
1220,435,91,22
1212,435,91,22
1205,435,93,23
1200,435,93,23
1198,435,93,23
1200,436,91,22
1201,436,92,22
1202,436,92,22
1198,436,92,22
1196,437,91,22
1191,437,91,22
1187,438,89,22
1184,439,89,22
1182,438,89,22
1181,437,89,22
1182,436,89,22
1186,436,91,22
1189,436,89,22
1192,436,91,22
1191,436,91,22
1193,437,89,22
1193,437,91,22
1192,438,89,22
1195,438,89,22
1197,438,89,22
1193,437,89,22
1187,437,89,22
1180,436,91,22
1173,436,89,22
1168,436,91,22
1161,436,93,23
1155,436,95,23
1146,436,96,24
1138,436,98,24
1131,436,98,24
1124,435,100,25
1117,435,100,25
1109,436,98,24
1101,436,100,25
1094,436,102,25
1087,436,100,25
1080,436,102,25
1074,436,104,26
1066,436,102,25
1059,436,104,26
1053,435,107,26
1046,435,109,27
1048,435,109,27
1059,436,109,27
1068,436,109,27
1071,436,109,27
1073,437,107,26
1079,437,107,26
1083,437,107,26
1087,436,107,26
1095,436,107,26
1102,436,104,26
1106,436,102,25
1109,436,104,26
1110,436,104,26
1109,436,102,25
1110,436,104,26
1108,436,104,26
1104,436,104,26
1103,436,104,26
1105,436,104,26
1106,436,102,25
1107,436,102,25
1109,436,100,25
1110,436,100,25
1113,436,102,25
1117,436,100,25
1118,436,102,25
1115,436,102,25
1110,436,104,26
1099,437,102,25
1092,437,103,25
1083,437,104,26
1075,436,107,26
1067,436,107,26
1059,436,109,27
1051,436,107,26
1025,439,110,26
1019,439,112,27
1009,440,112,27
1001,440,112,27
993,441,110,26
985,441,110,26
976,440,112,27
967,440,114,27
960,440,112,27
951,440,112,27
943,440,114,27
930,439,117,28
926,436,117,28
916,436,116,27
912,435,118,28
909,436,116,27
902,440,114,27
893,440,117,28
887,440,118,28
879,442,116,27
875,443,113,27
874,444,111,26
874,445,110,26
881,446,110,26
894,446,108,25
910,445,110,26
923,442,112,27
930,443,110,26
931,443,112,27
937,443,114,27
948,443,112,27
958,443,112,27
966,444,110,26
966,444,108,25
961,444,110,26
958,444,108,25
962,444,108,25
972,442,109,26
980,442,109,26
990,441,110,26
992,440,110,26
1023,440,111,26
995,440,113,27
995,440,116,27
1001,441,116,27
1006,441,116,27
1014,441,114,27
1018,439,114,27
1022,439,112,27
1025,438,112,27
1023,439,112,27
1023,438,112,27
1023,438,112,27
1021,438,114,27
1019,438,117,28
1017,438,117,28
1017,438,117,28
1018,438,114,27
1017,438,112,27
1018,438,114,27
1021,438,112,27
1033,437,114,27
1047,436,117,28
1059,435,116,27
1070,435,117,28
1077,435,114,27
1084,435,112,27
1091,434,110,26
1102,434,108,25
1110,432,109,26
1109,431,110,26
1108,431,110,26
1105,431,112,27
1110,431,114,27
1124,431,112,27
1138,431,110,26
1149,428,112,27
1155,428,110,26
1162,428,112,27
1171,425,111,26
1183,424,112,27
1200,423,112,27
1211,423,110,26
1220,423,110,26
1229,422,112,27
1233,422,110,26
1225,422,110,26
1215,421,112,27
1205,421,112,27
1195,421,110,26
1181,420,110,26
1175,420,108,25
1162,420,106,25
1155,420,107,25
1145,420,107,25
1136,421,107,25
1127,421,109,26
1117,421,111,26
1110,421,113,27
1099,421,116,27
1065,421,125,27
1060,421,128,28
1060,420,130,28
1073,421,128,28
1084,421,125,27
1085,422,124,27
1083,422,126,27
1071,421,129,28
1064,421,131,28
1076,422,129,28
1079,422,131,28
1091,422,129,28
1104,421,126,27
1105,421,125,27
1103,422,123,26
1094,422,125,27
1091,422,126,27
1089,422,129,28
1094,421,131,28
1101,422,129,28
1111,421,126,27
1122,421,126,27
1137,421,124,27
1152,421,126,27
1168,420,124,27
1171,421,121,26
1173,420,124,27
1178,419,121,26
1174,419,121,26
1174,419,119,26
1181,418,118,25
1191,418,120,26
1198,417,120,26
1198,417,120,26
1190,416,123,26
1189,416,124,27
1181,416,126,27
1173,417,126,27
1165,417,129,28
1165,416,131,28
1169,416,129,28
1168,416,126,27
1175,416,126,27
1176,415,125,27
1171,415,125,27
1165,415,125,27
1165,416,124,27
1161,416,126,27
1153,416,125,27
1147,416,126,27
1146,416,129,28
1157,414,126,27
1155,414,128,28
1173,413,128,28
1172,412,128,28
1170,412,128,28
1169,412,125,27
1167,413,124,27
1161,413,125,27
1158,413,125,27
1154,413,128,28
1150,413,125,27
1148,413,125,27
1145,413,128,28
1133,413,128,28
1127,412,128,28
1127,412,128,28
1125,411,130,28
1120,411,133,29
1126,412,133,29
1130,411,133,29
1136,412,134,29
1149,410,133,29
1149,410,131,28
1158,410,129,28
1162,410,126,27
1166,409,129,28
1172,409,131,28
1174,408,130,28
1177,408,130,28
1183,408,128,28
1188,408,125,27
1189,407,128,28
1190,407,125,27
1189,407,123,26
1189,407,120,26
1190,407,120,26
1186,407,120,26
1180,407,120,26
1172,407,120,26
1163,407,121,26
1160,408,119,26
1155,408,118,25
1151,408,118,25
1150,407,119,26
1153,407,121,26
1155,408,119,26
1153,408,119,26
1152,408,120,26
1146,407,120,26
1133,407,128,26
1126,408,125,25
1124,408,123,25
1121,408,121,24
1110,408,121,24
1100,407,122,25
1095,408,122,25
1091,408,124,25
1086,408,125,25
1083,408,125,25
1074,408,123,25
1071,408,122,25
1070,408,124,25
1075,408,125,25
1079,407,128,26
1083,408,125,25
1085,407,128,26
1081,407,128,26
1071,407,128,26
1065,408,125,25
1058,408,128,26
1050,407,129,26
1046,408,131,27
1056,408,128,26
1068,407,131,27
1079,405,133,27
1083,405,132,27
1079,404,129,26
1082,404,127,26
1087,404,127,26
1089,403,127,26
1085,404,127,26
1082,404,127,26
1084,403,127,26
1077,403,127,26
1072,403,124,25
1059,403,127,26
1054,404,127,26
1049,404,127,26
1043,404,127,26
1042,404,127,26
1048,404,127,26
1049,403,127,26
1044,403,128,26
1039,403,128,26
1039,402,129,26
1040,403,129,26
1039,403,129,26
1028,403,129,26
1027,403,127,26
1024,404,124,25
1022,404,127,26
1020,404,124,25
1018,404,127,26
1015,404,127,26
1008,404,124,25
1000,404,122,25
1000,404,124,25
1000,404,127,26
1013,404,124,25
1024,404,124,25
1028,403,125,25
1025,403,128,26
1026,403,125,25
1021,403,128,26
1016,403,125,25
1010,403,128,26
1007,403,128,26
1004,402,129,26
999,402,131,27
996,402,133,27
986,402,133,27
976,402,133,27
973,402,131,27
967,402,131,27
962,403,128,26
957,403,125,25
961,403,124,25
959,403,125,25
958,403,127,26
970,403,128,26
982,403,127,26
986,403,124,25
984,403,127,26
989,403,128,26
994,403,128,26
996,402,128,26
998,403,125,25
996,403,123,25
990,403,125,25
989,402,128,26
988,403,128,26
983,402,131,27
983,402,131,27
982,403,128,26
978,402,131,27
970,402,132,27
971,403,129,26
978,403,127,26
972,403,129,26