980,408,80,100
982,408,80,100
986,404,78,98
984,390,80,100
984,383,82,102
984,375,82,102
987,362,83,104
990,355,85,106
995,358,83,104
997,356,83,104
993,340,85,106
995,332,85,106
1001,335,83,104
1005,325,82,102
1005,318,82,102
1005,314,80,100
1004,309,80,100
1004,304,82,102
1000,291,85,106
996,277,87,108
985,254,85,106
984,245,85,106
988,242,83,104
990,233,82,102
986,224,85,106
986,225,85,106
982,222,85,106
983,222,83,104
983,218,85,106
987,225,85,106
989,227,85,106
987,218,88,110
979,188,85,106
981,194,85,106
986,202,85,106
991,211,83,104
992,217,87,108
992,222,90,113
992,224,90,113
991,227,94,117
994,235,96,120
998,244,96,120
1003,254,94,117
1005,262,94,117
1008,269,98,122
1011,274,94,117
1012,276,90,113
1011,277,94,117
1014,283,96,120
1015,284,96,120
1015,275,96,120
1016,271,94,117
1020,278,96,120
1024,287,96,120
1027,295,94,117
1027,294,98,122
1028,297,98,122
1032,303,94,117
1037,313,94,117
1039,320,96,120
1043,332,94,117
1043,331,98,122
1046,336,98,122
1049,344,98,122
1047,344,96,120
1043,341,99,124
1039,346,101,127
1040,355,106,132
1040,364,108,135
1041,371,110,137
1043,378,106,132
1044,385,106,132
1046,391,110,137
1046,394,114,143
1051,402,110,137
1052,405,114,143
1054,406,110,137
1057,410,110,137
1060,418,114,143
1064,427,114,143
1076,429,100,145
1078,439,97,152
1080,442,88,142
1083,449,86,143
1085,455,84,146
1076,460,78,139
1099,461,84,149
1116,484,72,138
1102,486,83,146
1109,510,78,134
1104,518,83,133
1107,506,81,138
1099,506,91,145
1104,505,93,162
1107,513,97,147
1111,530,84,133
1126,546,81,129
1128,558,91,136
1121,565,92,129
1138,575,100,176
1149,580,96,171
1157,599,83,157
1147,579,93,172
1149,587,98,173
1159,603,100,172
1152,615,114,181
1163,627,106,178
1168,639,112,178
1164,649,114,171
1164,651,112,181
1151,653,134,189
1157,658,128,179
1159,656,123,186
1161,661,124,192
1166,674,122,189
1166,668,131,193
1163,665,127,183
1169,658,133,193
1182,663,131,188
1185,656,129,181
1199,653,122,181
1211,656,121,193
1214,661,128,200
1223,665,124,202
1228,656,129,209
1223,653,134,207
1230,655,136,201
1238,660,135,200
1251,677,136,198
1266,686,136,210
1285,696,124,209
1290,706,136,211
1306,715,131,209
1325,708,119,203
1326,679,121,220
1330,672,124,227
1325,625,134,254
1326,610,135,234
1328,624,141,232
1328,624,150,237
1340,615,143,233
1335,627,157,229
1347,620,152,243
1344,615,163,243
1356,615,163,245
1363,615,163,241
1373,596,162,246
1390,579,155,245
1388,556,159,254
1385,529,159,258
1378,494,157,255
1390,505,155,253
1392,510,164,260
1390,529,176,251
1401,542,170,264
1409,537,166,269
1414,546,168,279
1425,567,170,281
1433,579,173,274
1438,556,168,285
1435,530,174,278
1442,536,176,275
1449,501,170,297
1468,505,177,293
1487,537,181,280
1495,567,174,294
1509,579,169,293
1525,582,170,293
1533,539,174,335
1530,530,176,300
1538,484,171,300
1545,432,181,324
1564,408,169,307
1588,408,169,316
1597,398,181,319
1601,410,182,326
1607,432,188,317
1619,411,183,342
1616,394,185,340
1618,425,196,333
1618,372,183,338
1602,370,195,347
1602,405,200,339
1619,408,194,348
1599,365,200,343
1595,367,206,358
1590,344,197,359
1588,342,197,363
1597,396,197,378
1607,465,195,376
1621,536,193,381
1642,589,191,376
1651,660,206,386
1666,732,207,348
1685,794,199,286
1704,853,182,227
1723,929,157,151
1730,1003,150,77