1271,510,36,66
1271,509,37,69
1272,509,38,70
1273,507,38,70
1275,509,38,70
1276,511,38,70
1278,511,40,73
1279,513,39,71
1281,516,38,70
1282,516,40,73
1283,516,40,73
1283,518,38,70
1282,520,40,73
1281,518,38,70
1282,516,39,71
1283,516,40,73
1285,516,40,73
1288,515,38,70
1289,516,37,69
1289,518,37,69
1288,522,37,69
1288,520,39,71
1288,520,40,73
1289,522,39,71
1294,524,37,69
1298,524,37,69
1300,526,37,67
1303,527,37,67
1306,528,37,67
1309,530,37,67
1311,531,38,70
1315,531,40,73
1318,529,39,71
1323,528,39,71
1326,531,38,70
1331,535,37,69
1333,537,37,67
1336,537,37,69
1340,537,37,69
1343,534,39,71
1346,536,39,71
1347,535,40,73
1352,535,41,76
1356,534,42,77
1359,536,41,76
1365,536,40,73
1370,534,39,71
1375,535,37,69
1380,535,37,69
1384,535,37,69
1385,535,37,69
1385,535,37,69
1384,529,39,71
1385,524,41,74
1386,523,39,71
1389,520,37,69
1387,517,37,69
1385,512,38,70
1383,510,37,67
1380,507,38,70
1377,501,40,73
1376,497,40,73
1372,496,38,70
1367,493,39,71
1365,491,38,70
1362,488,39,71
1360,486,38,70
1357,481,39,71
1352,474,41,74
1350,469,40,73
1346,463,41,74
1343,460,41,74
1339,456,40,73
1335,453,38,70
1330,448,38,70
1324,443,38,70
1320,439,38,70
1320,438,37,69
1320,433,38,70
1317,430,40,73
1310,424,41,74
1309,421,40,73
1306,419,38,70
1303,419,37,69
1298,416,37,69
1293,413,39,71
1287,412,38,70
1283,408,39,71
1280,408,40,73
1276,402,41,76
1274,397,43,79
1272,396,41,76
1271,393,40,73
1266,388,41,74
1264,386,39,71
1261,381,39,71
1259,380,40,73
1251,379,39,71
1248,376,40,73
1245,373,40,73
1240,369,40,73
1233,362,40,73
1226,358,39,71
1216,351,39,71
1208,344,39,71
1200,339,41,74
1195,333,41,76
1185,329,41,76
1178,326,41,76
1172,323,41,74
1169,324,40,73
1161,323,41,76
1157,320,41,74
1152,319,40,73
1143,315,41,74
1138,312,40,73
1127,308,39,71
1122,305,37,69
1117,301,38,70
1113,302,37,69
1105,299,39,71
1099,298,40,73
1095,298,38,70
1090,296,38,70
1085,293,38,70
1080,292,40,73
1073,289,40,73
1067,287,41,76
1063,289,40,73
1057,288,38,70
1052,286,40,73
1044,284,41,74
1038,285,40,73
1030,284,41,74
1023,284,39,71
1017,281,40,73
1012,279,38,70
1005,277,39,71
998,276,40,73
990,276,41,74
984,276,39,71
978,274,38,70
971,275,38,70
963,274,38,70
956,272,39,71
949,272,38,70
942,270,38,70
935,266,38,70
927,264,38,70
919,260,38,70
915,256,39,71
908,254,40,73
900,251,41,74
894,250,40,73
886,248,39,71
879,248,38,70
873,246,39,71
864,246,38,70
858,243,39,71
853,244,38,70
845,245,37,67
836,243,38,70
831,245,37,67
823,243,38,70
816,240,37,67
809,238,38,70
801,231,40,73
796,229,41,76
790,230,41,74
783,227,41,76
773,231,31,72
767,227,32,75
761,222,33,76
754,222,34,78
747,221,32,75
741,217,32,75
736,214,34,78
730,211,34,78
722,208,35,81
717,210,34,78
709,205,35,81
704,202,35,81
699,205,34,78
689,203,34,79
683,204,33,76
679,207,32,73
670,202,33,76
663,203,34,78
656,200,35,81
649,200,34,79
643,199,34,79
637,197,33,76
629,194,34,79
621,193,36,83
612,191,36,84
610,194,36,83
609,195,36,83
602,195,34,79
596,191,36,83
590,189,34,79
583,188,34,78
578,184,32,75
572,180,33,76
566,173,34,79
561,172,34,79
552,170,34,79
547,164,36,83
544,164,36,83
546,165,34,79
559,165,34,79
583,176,35,81
599,182,35,81
612,191,35,81
626,214,34,78
629,228,35,81
632,252,36,83
629,267,36,84
624,269,36,83
617,276,37,86
610,276,39,90
611,295,40,93
617,328,39,90
616,335,37,86
613,342,36,84
607,346,35,81
602,347,34,79
597,346,34,79
589,346,34,79
582,346,34,78
573,340,35,81
566,339,34,79
559,335,35,81
552,334,36,83
542,332,36,84
535,332,35,81
529,332,34,78
520,329,34,79
514,328,34,78
506,328,32,75
498,327,32,75
490,323,34,78
482,323,34,79
475,319,36,83
469,319,35,81
461,317,35,81
453,314,36,83
446,312,34,79
439,308,34,79
432,303,35,81
425,302,36,83
417,301,36,83
411,297,34,79
405,295,34,79
399,289,36,83
392,284,36,84
385,282,38,88
378,275,39,91
369,274,39,91
360,270,41,95
355,267,41,95
348,265,41,95
340,265,39,91
333,262,39,91
326,262,38,88
319,260,36,84
312,258,37,86
305,260,36,83
302,263,34,79
307,284,35,81
311,302,34,78
319,319,33,76
322,329,34,78
318,332,32,75
312,333,34,78
308,334,32,75
304,330,34,78
301,330,35,81
293,328,36,84
287,324,36,84
290,331,35,81
287,333,36,83
282,333,34,79
275,336,33,76
267,335,34,78
261,333,34,79
257,336,33,76
258,337,34,78
264,349,35,81
264,355,36,84
261,359,36,83
256,362,35,81
249,363,34,78
244,360,34,78
238,360,32,75
231,355,32,75
227,352,33,76
226,353,32,75
226,352,33,76
227,354,34,78
225,357,33,76
224,360,34,79
221,364,35,81
219,367,36,84
218,375,35,81
212,379,35,81
207,379,36,83
204,378,36,83
203,378,35,81
221,398,36,84
224,408,36,83
229,417,36,84
226,421,36,84
225,425,36,84
222,425,35,81
221,427,36,84
228,437,35,81
234,445,36,83
239,462,36,84
235,463,35,81
233,463,36,83
227,464,36,84
224,465,36,84
226,471,35,81
228,481,34,79
229,483,34,78
238,500,35,81
239,507,36,83
240,513,37,86
241,517,36,84
248,523,35,81
250,530,34,78
249,532,32,75
245,528,34,78
244,530,35,81
247,533,36,84
252,538,38,88
261,544,39,90
271,549,39,90
279,557,37,86
279,558,37,86
279,558,36,83
280,561,36,84
284,566,35,81
283,566,34,79
285,569,35,81
285,569,34,78
287,567,35,81
293,574,34,79
300,580,33,76
300,584,34,79
301,587,33,76
298,585,34,78
296,586,34,78
294,583,34,79
294,582,34,79
293,585,34,79
293,583,34,79
293,584,34,78
290,583,34,78
291,585,32,75
291,586,32,75
291,588,32,75
308,604,33,76
308,609,34,78
303,611,32,75
304,614,32,75
302,615,33,76
305,618,34,78
304,622,34,79
304,628,35,81
302,627,35,81
306,627,34,78
306,624,34,79
309,629,34,78
312,633,33,76
310,634,32,75
317,643,32,73
315,640,33,76
312,639,34,79
316,646,34,78
307,646,34,79
303,645,34,79
300,643,35,81
298,641,35,81
299,645,35,81
295,646,35,81
296,642,36,83
304,645,36,83
314,644,34,79
322,636,36,83
320,636,35,81
320,633,34,79
320,629,34,79
317,626,36,83
316,621,36,84
314,620,35,81
316,621,34,79
312,619,36,83
318,620,35,81
331,620,34,79
331,617,34,79
338,620,34,79
337,621,34,78
338,622,34,79
338,624,34,78
339,625,32,75
337,625,33,76
333,625,32,75
331,621,34,78
330,619,34,79
330,619,36,83
331,618,36,83
331,618,36,83
332,618,35,81
336,620,34,79
343,624,34,78
359,634,34,79
357,634,34,78
364,635,33,76
363,632,34,78
362,629,32,75
360,626,32,75
360,622,34,78
357,621,33,76
355,622,32,75
355,621,33,76
354,620,34,79
355,622,34,78
353,621,33,76
352,623,34,78
357,623,32,75
358,622,34,78
358,620,35,81
362,623,34,78
361,624,34,78
359,623,32,75
360,618,33,76
360,613,34,79
358,605,35,81
357,604,34,79
353,599,35,81
354,594,36,83
354,594,35,81
354,594,35,81
351,594,35,81
350,598,34,79
348,598,33,76
351,599,32,75
353,602,34,78
355,605,32,75
354,605,32,75
351,604,33,76
348,602,34,78
343,600,34,79
339,595,35,81
337,592,35,81
332,590,36,83
328,587,34,79
328,588,34,78
324,589,32,75
320,585,33,76
318,586,32,75
319,588,32,75
317,586,34,78
314,586,33,76
311,587,33,76
310,584,33,76
310,584,32,75
310,584,33,76
311,581,34,79
312,579,34,79
311,576,33,76
312,575,32,75