645,551,68,105
652,555,68,105
677,553,69,107
681,545,72,111
696,540,75,116
711,540,72,111
719,533,72,111
733,531,71,109
738,506,68,105
748,485,71,109
761,476,68,105
769,457,71,109
784,444,69,107
797,429,67,103
816,415,65,101
826,394,65,101
831,353,68,105
833,310,65,101
839,283,67,103
842,247,69,107
852,236,68,105
860,232,69,107
868,228,68,105
879,227,69,107
890,229,68,105
897,227,68,105
908,226,68,105
915,226,68,105
928,232,67,103
933,229,68,105
945,228,67,103
955,226,68,105
962,224,68,105
974,224,67,103
984,223,65,101
993,227,63,97
995,241,65,101
995,244,68,105
998,241,65,101
1011,240,63,97
1011,236,65,101
1017,234,68,105
1026,230,69,107
1033,227,68,105
1041,225,65,101
1046,222,67,103
1052,219,68,105
1062,220,67,103
1069,218,68,105
1080,221,67,103
1089,219,65,101
1101,220,64,99
1112,225,63,97
1119,225,65,101
1128,227,64,99
1134,225,67,103
1143,221,69,107
1152,224,71,109
1161,222,68,105
1168,223,67,103
1172,220,68,105
1177,219,69,107
1181,218,69,107
1185,214,68,105
1190,215,65,101
1193,211,68,105
1197,209,68,105
1200,213,67,103
1202,214,68,105
1204,215,68,105
1210,230,65,101
1212,235,67,103
1215,242,65,101
1217,249,64,99
1219,254,63,97