273.0 372.0 42.0 25.0
283.5617109525 369.7569755555 41.86242084935 24.6474825284
299.893746356 365.5511181165 41.783439779549994 24.5002864717
311.9857809105 364.72169238050003 41.3441873001 24.42005907785
325.34059741699997 361.729989289 41.23718472735 24.3376211537
338.176460715 361.42906602899996 41.125425962250006 24.09175253285
354.515782043 358.8818426365 41.074866894150006 24.0109621135
365.22979982450005 355.644808008 40.9635917685 23.99260199135
377.81986511900004 354.13208837900004 40.807126132149996 23.82288917215
394.06303600549995 351.3922729875 40.51865648055 23.8171189683
410.14611746699995 350.22425495050004 40.3904683823 23.67830618545
418.9903704475 348.57122450299994 40.13124387325 23.623107618149998
432.71362408050004 346.023341218 39.9644789782 23.619794087499997
445.515676089 341.7120038885 39.7872672317 23.71284111125
460.90989600800003 340.3658518345 39.6542724399 23.63623437945
474.2699556085 341.58264501300005 39.555354124750004 23.526586219
485.9969467535 337.47501909150003 39.50378372555 23.674819428550002
500.449960645 334.0118424285 39.2514358422 23.6646189904
512.945477795 333.3546359255 39.195200738349996 23.8078311136
523.69505075 330.384623743 38.9162165201 23.7864374826
536.054832965 330.1442456675 38.797754286949996 23.93678777745
551.6426231199999 327.250533799 38.68080643935 23.89512247015
564.0950542 322.6511201245 38.68578369615 23.902961927550002
575.597810635 319.838463695 38.5176423997 23.905059673300002
588.3938096100001 319.715099057 38.57739179045 23.9541402024
599.55480011 316.3988936725 38.508578854999996 23.99621747725
612.857060415 311.735431065 38.44064990015 24.0982346698
628.5386073899999 308.430876895 38.36728825705 24.08187920895
637.368111695 307.66060895100003 38.4378255457 24.1789664015
652.85248275 304.245065823 38.34032550665 24.054733390499997
665.923424005 303.2566750705 38.4657689069 24.07819165725
676.7180293299999 299.933383159 38.4839243833 24.074169766049998
690.127078735 299.2765626455 38.523029775 24.155987742799997
701.728062455 296.240901583 38.4740454877 24.101819461999998
715.9195681049999 290.4234332965 38.52183342665 24.1720115733
726.4730100849999 286.8839372055 38.4086313759 24.25838509895
739.19552529 284.5036283385 38.48872993635 24.1329520373
749.395521775 284.6952662195 38.461553433 24.260999505999997
761.7329162350001 282.144376683 38.46876185085 24.252395042499998
776.659305865 277.0800745465 38.5451998254 24.348856945500003
788.81399417 273.31929244649996 38.498321570849996 24.40084565525
799.568799785 271.60878835 38.5247764518 24.4653388598
811.4584057000001 267.458131541 38.53296963285 24.5336678389
824.602851505 264.5879982665 38.51913217485 24.56446706465
836.4600217349999 263.3195092235 38.61014144895 24.62764044445
850.2965319099999 258.99270420650004 38.6766908845 24.7699771072
860.7114579 256.22004776250003 38.7559285901 24.7667364006
874.37646634 251.00686198399998 38.69431115365 24.8753994001
885.5104642599999 247.3407690785 38.7710591384 24.897813796500003
897.3107987599999 244.8077719095 38.9892984269 24.867802935599997
912.5743923699999 244.570012902 39.15034733575 25.116072037050003
922.871749175 239.113353316 39.212772866150004 24.91561721175
935.20926519 235.7628662745 39.298277818399995 25.0952772662
948.586086195 233.9752589385 39.387838597300004 24.9741899198
959.6491868549999 230.0389498125 39.576346255299995 24.88082440475
972.49884592 227.280353071 39.6710202092 24.92006598855
983.82470945 225.891874376 39.66519246865 24.7728605022
996.762334015 221.130088657 39.80382637195 24.827900592200002
1007.7621307699999 217.9235861535 39.8511977325 24.9334350525
1021.87381396 212.06099007 39.87453690185 24.941895177750002
1031.90276429 211.5747103745 39.982657228149996 25.1272487944
1043.945862735 208.466812405 40.055142717 25.244821329649998
1057.199607105 201.4234862485 40.172052800399996 25.404868559649998
1068.7579770950001 200.767140721 40.2835976603 25.408866366799998
1081.7799162000001 197.713177242 40.4844399116 25.51399700665
1094.4920227100001 191.3174356395 40.55516811185 25.4964226033
1108.178014945 190.4571699245 40.845931260499995 25.491069288600002
1118.012419615 187.224285436 41.0459168165 25.58797346175
1129.16164728 182.16433216399997 41.1365732674 25.75054735495
1143.11565141 178.147004134 41.26454518955 25.8599993022
1155.4628121 174.0723870725 41.438763086200005 25.92916482185
1169.085638925 170.897923046 41.3297081021 25.996694802
1177.074252025 166.11271648950003 41.5633981588 26.17726589395
1183.80370094 162.0624281025 41.668561471299995 26.2337796549
1190.64948375 158.797166616 41.610274915 26.413372540300003
1194.4479411 157.8642845555 41.9622542182 26.7005929165
1193.678664885 153.686277492 42.25233519715 26.81137974475
1193.17906654 148.487678976 42.168173358349996 26.87492128195
1187.221098435 145.05664303999998 42.449986295200006 26.938132971450003
1177.7259723 142.91607162949998 43.02603651775 26.90728669555
1167.186516905 136.507102354 43.1663736986 26.8671828111
1150.671789245 137.278366954 43.673534594900005 27.120098806
1129.58059906 129.74932635049998 44.44135801795 27.16181797305
1110.63416688 125.9733574765 44.39668293685 27.326874662549997
1080.94455384 124.315453592 44.5958196425 27.610219727100002
1056.0255378450001 118.791959182 45.13564069704999 27.7159510698
1035.8413134 114.5618257305 45.6098684974 27.74566963625
1018.579067955 112.65832876350001 45.674144961799996 28.10175348115
1006.653194305 112.07669226249999 45.85302430015 28.089983918599998
991.3361602499999 108.09595145450001 46.38305518065 28.19391424125
982.126834165 103.11515881 46.27685572115 28.39637602465
968.010195655 99.2332789055 46.537894935299995 28.57104139565
961.7128237049999 96.61569344749999 46.580474404250005 28.5369659759
960.673351085 90.404042821 46.78473881235 28.46297686645
967.7774275 89.880063131 47.04921109115 28.64717158665
968.188000585 85.883286592 47.04252327255 28.86357643385
970.9045046 78.0757885505 47.0421915485 28.908222654250004
974.6633591 76.763346318 47.42414978195 28.867576650700002
976.51568978 71.57074580049999 47.7747523587 29.22901337765
980.4202704950001 69.9089112325 47.84040496615 29.481298963999997
987.3566343900001 64.6525884465 47.842509517399996 29.5159418768
996.7560065099999 59.8471372805 47.849657468349996 29.63757599085
1003.74334127 56.56286829 48.08719050315 29.59698278085
1006.3813038799999 53.9939540875 48.215670921 29.6389092158
1012.8087653599999 47.727012676799994 48.3154260223 29.85556044865
1022.626959795 40.972865963249994 48.4480219957 30.094829174100003
1049.482554075 38.4841513352 48.45320058345 30.4089661585
1070.68774122 32.574385563999996 48.57268615355 30.48745548185
1090.1001454500001 30.2696240283 48.8091443071 30.7797449118
1106.0058376000002 22.2697536948 49.126450839200004 30.8610766986
1119.120489645 20.3785377616 49.543470589799995 31.0218405003
1136.147628505 14.215224929200001 50.131316712 31.2575111606
1150.7506036300001 13.4670440861 50.903682074 31.575645686949997
1167.14112324 7.6268831218 51.4099084275 31.48291617765
1182.22445765 1.9326173601749999 51.497478793000006 31.337149002350003
1197.660390915 -2.988077244875 51.978581841 30.950260991
1214.89277838 0.0445812994865 52.393555652 30.0707881239
1223.8180398250001 -3.048429979565 52.593776448 29.195813360449996
1223.835019405 -3.47734050508 52.838344998500006 28.01440970665
1219.833547035 -6.7422773491 53.034021284000005 27.090266684
