723.0 277.0 314.0 93.0
743.2779473799999 276.39219039299996 315.44827024700004 93.7177365395
768.0373588250001 276.438923845 315.7919078445 93.87951925799999
791.4808180750001 276.32677998599996 315.83790905850003 94.1483015375
809.9253012600001 272.0786364635 315.7997866535 94.371966656
824.132790405 276.390518068 314.56740842199997 94.118434891
843.6759175100001 278.432508886 313.0713303785 93.78522049
850.64958326 273.4200547665 311.981731684 94.37630891250001
849.36148469 261.483020822 310.5416385045 95.070759447
838.163989175 253.191342179 309.3092411975 95.69425186749999
845.9389359249999 255.23924022749998 307.474331549 95.47202681850001
862.0556312150001 254.6495581185 306.5923935345 95.346633956
874.4380589799999 260.3351791325 304.2937449365 94.418275772
894.5205127849999 271.9798392805 303.072707697 94.39140396399999
910.08814635 282.7627190175 302.5620704915 94.0972716295
919.832038815 289.4900091 302.087144552 93.589050489
934.456368205 290.40086167799996 300.7911171455 92.968878422
945.885672655 298.124206343 300.0956676405 92.672179789
957.6424153099999 300.3676606455 297.728143806 91.6787373575
968.61272977 300.1052596025 296.05712589300003 90.7030308875
978.80360117 304.5476902375 294.026674422 89.791501105
990.444787015 312.048134389 293.319613464 89.5901197795
1002.134180705 318.94211586250003 293.2229301985 89.0616141115
1020.85492363 322.2934225035 292.710080854 88.82852940250001
1036.11682265 324.4703837435 291.2272291525 87.95837113350001
1046.990518075 326.01255801950003 290.057826244 87.6242179405
1054.851665565 332.1622615325 289.3803946305 87.7174602705
1065.27290649 329.95423703150004 287.616336247 87.1485326045
1070.52886777 331.28706290049996 285.85287568 86.189375995
1076.7622822600001 337.860484661 284.8569136935 85.8231851985
1085.50476446 339.80129033750006 283.411248917 85.232731142
1104.06597203 350.124069426 282.0404157455 84.73464711
1110.0019630299998 350.656110221 280.0276365845 83.900258111
1119.812996825 349.1453000885 279.022214543 83.194117305
1127.713897695 353.057385241 277.012848246 82.61003915
1130.177222475 361.2526995695 276.0575559005 82.5596348845
1141.20905955 368.41660993 276.090971292 82.44910635449999
1152.3363227999998 372.5616371545 275.743367917 82.0463936905
1160.80443567 379.8154448765 274.515335176 82.4097852585
1167.26273217 367.27982981049996 273.4501136705 82.66057863
1179.81427957 363.261396145 272.6394739975 82.056005935
1190.7117223100001 359.605921382 271.2588548435 81.39859193950001
1202.994586965 363.172421911 270.5008190115 81.39214730500001
1213.3134874549999 369.64558371000004 269.3014918855 81.3397576205
1218.11240481 367.6087189425 267.633071493 80.593669362
1231.189987885 375.926910959 266.991622667 80.4029815145
1250.082569035 381.87861122949994 266.8317007705 80.25952043849999
1260.878178825 385.5939775365 266.04247667749996 79.972776077
1281.057223065 390.7673744865 264.8576018075 79.8684403065
1292.22585415 395.821935496 263.4786279435 79.619119687
1298.428113285 386.23407009150003 262.4419803765 79.716934975
1314.544367055 382.15879196049997 261.313386632 79.206865498
1320.516042065 381.0739359215 258.839093616 78.335571289
1340.094941515 380.03135671850004 258.767621298 77.816838859
1350.44224172 382.974889057 257.399054164 77.403888517
1353.791080625 382.331920964 255.882195999 76.659485006
1361.739651755 383.2706032475 255.083624948 76.3122790415
1367.70938137 380.8677872735 253.580597702 75.776623011
1366.63685022 379.61237845600004 251.75025647599998 75.131297472
1366.0736845650001 379.7478742745 250.1595685315 74.5169912465
1357.2121835799999 382.4193828805 249.1580040045 74.2033898215
1363.144596395 397.298196497 248.248939848 74.2117119805
1368.40274992 401.64995591599995 246.769240697 73.8013399595
1363.484344845 399.75150130149996 245.635152327 73.4176597435
1364.0126987200001 400.61694992900004 245.07029619899998 73.1002273765
1362.154392835 401.5804876085 243.788522712 72.72664342499999
1360.12461594 404.96374953249995 242.78140575700002 72.702493013
1352.662181395 411.748566949 241.6605553595 72.60556665850001
1357.442462855 415.08413394549996 240.45455390299998 72.292900888
1348.6451075650002 417.830436654 239.38047128600002 72.030549052
1349.14471851 425.975849529 237.8704713745 72.3294725095
1341.689662545 423.67232030499997 237.1147687185 72.1403587965
1333.0530780899999 426.3564737535 235.846615148 71.797785666
1332.960241145 426.2683006515 234.60246352399997 71.3771609065
1334.1908297500001 429.1433781525 233.7173924765 70.90963739
1331.94336108 431.4453675625 232.1845695335 70.56829749650001
1334.64038749 436.6412034035 231.015785589 70.36424437950001
1348.7213159199998 445.07482533549995 230.70317843499998 70.2477490455
1357.9749326699998 452.9934386 229.3428216525 70.3904218735
1344.5874078299998 480.56043234900005 228.3307928535 70.1239983555
1329.50813401 491.54087026 227.4938165655 70.4451068775
1315.30130275 497.7822324335 227.546855402 70.223851315
1297.732238395 505.70068558 226.904292101 70.110784442
1270.50811302 531.515535495 226.61734980399999 69.967980304
1265.4681297099999 537.2048989350001 225.35619477950002 69.622475576
1258.57335118 533.4754078000001 224.0856546865 69.352101725
1239.202842105 518.596591245 222.55884568150003 69.449913173
1246.948788925 513.132747185 221.8280452875 69.10396287900001
1258.09919639 513.6092377699999 221.603957313 68.7127618215
1268.172778565 515.899240305 221.886157096 68.5109762805
1285.11430298 512.05489975 222.25410418799999 68.35822644950001
1298.727874545 513.505293155 221.35877550099997 68.1752854605
1318.14265285 511.170695745 221.5539288535 68.1468685805
1331.720433055 507.65238994500004 219.6347081275 67.834915791
1343.711022255 511.23912759 217.8307946555 67.544936924
1358.835446645 509.07449124000004 215.55161078400002 67.556704673
1373.89012264 508.513661385 213.30284647149998 68.0186504255
1391.500697755 505.95046734999994 212.30821342500002 68.580309376
1399.4286713 505.150086065 208.784071936 69.751777395
1414.81009145 500.279950695 203.35971193700001 72.22268543300001
1436.13438881 497.27700965099996 192.42543472249997 76.023836268
1459.41257227 489.98783410100003 181.56756209449998 81.80158488949999
1464.82691618 483.730259926 169.8746198095 87.77616431749999
1479.478256445 482.4776137715 162.59559578699998 92.423115037
1485.71863793 477.7017660325 160.295551829 94.62298624900001
