671.0 230.0 36.0 18.0
677.961649305 229.921911097 35.0281192593 18.54312280585
686.007333485 226.66845579 34.617226754149996 18.86171922325
691.2970796950001 226.5035321155 34.06259869995 19.0364219682
698.45180738 226.0727982835 33.81552634425 19.0370278341
708.383951915 225.4168652775 33.40723696795 19.072058481
715.8480502099999 224.18418599199998 32.86524531495 19.15996938075
724.361233635 222.59837867800002 32.34981762585 19.02561421465
729.655947345 223.927306388 31.99272878325 19.0817488377
737.08778007 224.15114328049998 31.92559680155 18.8991174904
746.75871951 222.3689662915 31.76872602605 19.002683795899998
755.490189615 219.70823541000001 31.6955946189 18.8190125966
760.7081237149999 220.995066996 31.319264321000002 18.9219650715
768.60028949 218.12026873050002 31.082063838799996 18.987222111599998
778.0867776549999 219.310717123 30.8492644898 18.97454468795
785.434999495 219.866031925 30.4085962596 19.06048230715
791.4856530550001 220.0496694645 30.3327298008 19.00771951965
800.307058335 218.306305505 30.1939711014 19.091679742500002
808.3621539850001 216.01447987 29.813752120350003 19.1821393695
817.165365605 213.127209891 29.760956588649996 19.019786426350002
826.4661333150001 212.251314729 29.5306263726 19.086431753
832.213858715 214.8452034055 29.25846394365 19.1498331202
841.01436131 213.11815214799998 29.211728413350002 19.0783868901
848.8465899 211.354015788 29.63205285335 18.8827654443
856.3906947099999 212.1720420525 29.704279567 18.770152280650002
864.93240511 212.15870285249997 29.455097439750002 18.9076028468
872.67703261 211.4913349935 29.384053637799997 18.8093861179
880.7126633500001 210.371004665 29.3271958429 18.70118614545
887.287552275 209.43831212549998 29.0818440084 18.6671481834
897.024303325 208.33080040150003 29.09269666715 18.6531845433
905.328018655 206.06353816350003 28.92387641745 18.82099225175
912.3784615300001 206.492943848 28.8400017461 18.91684039375
921.8041004050001 206.1650458065 28.55925297815 18.8355965561
928.5844084999999 205.38089478749998 28.46899265605 18.7417996379
933.6022870850001 205.00842888649998 28.38026203335 18.68345572895
940.4854464250001 203.9117016055 28.25095285885 18.650570713300002
951.278945575 202.2356192135 28.3362893796 18.6663741048
959.412879675 204.9715023705 28.303964490450003 18.7266823834
966.5280426200001 201.1503204505 28.401459364249998 18.561651879950002
976.2759766649999 200.58774097650002 28.338581810100003 18.5017177036
983.87890587 199.3816459765 28.26152487715 18.626069589300002
989.67046143 198.56526136 28.3378064093 18.5679282334
997.7546027850001 197.12259538200001 28.1460813231 18.6568997538
1008.13963391 200.06020530650002 28.0177242603 18.76495413275
1016.53358631 197.86544653800001 28.0704800281 18.65202502895
1024.6451697 197.706173185 27.91952057845 18.8252181919
1031.28266246 197.0216855845 27.82975227795 18.7628902012
1040.02413617 195.77443456499998 27.8464293523 18.6580823183
1047.175583925 194.65044268100002 27.864521028699997 18.710228092250002
1058.3466673799999 194.00281599599998 28.037141387650003 18.62606430365
1067.00626868 191.8666453225 27.8969626141 18.7990335277
1074.50082598 193.26257846299998 27.7196644663 18.95205700375
1080.73804397 189.145235797 27.91553840855 18.7830783873
1089.979925345 188.38033755499998 27.795229360199997 18.85589169395
1097.35538096 187.553648025 27.738247071900002 18.8440422571
1106.87195547 190.2184846515 27.66252867195 18.822874620300002
1116.5605719149999 188.59817629449998 27.6543466043 19.0432634604
1124.37938613 186.663384758 27.6492234858 19.1235015707
1131.1024637 187.3148977955 27.731559735850002 19.0043840459
1140.51915959 186.62975904349997 27.613093175699998 19.0803278716
1147.67755053 185.99283276249997 27.58608340855 18.97130755465
1157.943680235 184.76322318849998 27.608474646799998 18.8819502805
1166.6469737500001 183.5683226955 27.609842581050003 19.01885031595
1174.0697709449998 182.23833791549998 27.61435487755 18.945534757049998
1180.725665175 183.84152982749998 27.6043305018 18.92822400715
1190.546158355 179.9743923225 27.607447718899998 18.8998254629
1198.351871055 179.1564217435 27.6954445959 18.7471462201
1209.980933985 177.9191837795 27.7260715227 18.541532171
1218.1902360450001 179.45749958800002 27.77927552565 18.590447268000002
1227.156253565 178.11068042750003 27.918305923050003 18.60942004525
1234.6299563 180.3853822325 27.72368128815 18.6411403223
1241.731310395 177.6321724835 27.904263829149997 18.54274274885
1251.40159266 178.0928023625 28.083836471599998 18.51514356435
1259.93249075 177.3245692435 27.90613154195 18.47786475945
1267.1438607 176.4814492395 27.895429092150003 18.35042279095
1275.598831505 173.5214491365 28.00969151975 18.3014321715
1286.517834515 174.490875052 27.87579009385 18.5293256015
1294.5194857000001 172.08586231249998 27.808732317549996 18.709156142
1301.600178265 173.0987397615 27.747106882849998 18.805582383199997
1312.03488306 168.38140658499998 27.7625692863 18.677731633
1321.62781339 167.16852980049998 27.688083735600003 18.63954487045
1329.58737123 170.575721605 27.595961793199997 18.60785546745
1338.01000622 171.3900531115 27.663184794450004 18.5178494575
1346.829884235 168.3115952215 27.7352724676 18.5604930569
1355.77884487 166.37727289050002 27.73378057575 18.7353882194
1364.43864275 165.48567141549998 27.728414568300003 18.6012251097
1371.700640825 164.16226901800002 27.7556151302 18.55746372115
1381.208440365 162.69408638049998 27.8463576472 18.349200265100002
1389.173667965 163.02268494999998 27.863308392500002 18.49459708265
1397.900540235 164.9956515525 27.609571326450002 18.73145731035
1410.2527104 160.14174333900002 27.69078657465 18.6727550337
1417.4804733400001 159.6948688205 27.427055387750002 18.7470246077
1425.89210673 160.840517435 27.396394817199997 18.644511047050003
1437.6577167 157.320427116 27.386670565450004 18.80950649705
1444.538344205 157.9375206275 27.37131316145 18.9039937482
1452.878479685 159.1431957975 27.4483349399 18.895037566699997
1464.3402113849997 155.237388737 27.416637483800002 18.77592820775
1473.093318705 157.089201342 27.17432646795 18.83549360535
1480.489348435 154.0064897585 27.249317714150003 18.7593563362
1491.92698092 155.261603582 27.294967118549998 18.90418610525
1498.461048575 156.01722001849998 27.43586941555 18.77707660985
1508.464147785 151.100816393 27.67452304335 18.76455493385
1519.3397993150002 151.579413151 27.7293613465 18.6780578853
1525.69498785 151.34916148 27.6383817564 18.5653938578
1537.1284978049998 147.948518549 27.72671016665 18.5449373794
1543.92913054 149.0078778985 27.8261778733 18.61628005015
1551.58704511 146.8694204885 27.681802165049998 18.73246137015
1563.0503451000002 148.302136641 27.64099592475 18.68878904705
1573.454540855 144.08388217 27.5153766184 18.842544611850002
1584.124844705 143.0710012485 27.6082300084 18.65225918275
1591.67838889 144.6120689385 27.5844987896 18.512461363
1598.8534194 146.0368511095 27.59759867 18.5253195352
1609.10940055 141.202376244 27.4867358853 18.6058585526
1618.93069758 139.949737962 27.3232860865 18.68675150385
1628.0821982349999 141.93610932849998 27.28449246595 18.709336752800002
1636.21332812 139.198682674 27.50718795415 18.5500533061
1647.6155807149999 140.0289481535 27.3944591059 18.57360984125
1654.9665164449998 140.87997277099998 27.342404670949996 18.6054591406
1666.7499866 136.78960151549998 27.245953757 18.65867738595
1672.6451802650001 135.4512763285 27.25415135375 18.56628295055
1681.55708014 136.8997979405 27.174035873100003 18.49748593645
1691.724218545 133.438934127 27.3913226681 18.46563839165
1699.70383362 133.9920316655 27.26846634305 18.41556977615
1712.3882586900002 134.1140682345 27.0044497958 18.6576687639
1721.294218635 134.82677803299998 27.0780988297 18.635064444050002
1733.7277789199998 133.6271922015 26.88569850145 18.7543514686
1742.208471845 130.9290614195 27.044267683149997 18.65352395075
1749.333324165 127.9611490685 26.9913087953 18.5881996676
1759.9647100900002 129.2037524945 26.88474421635 18.6468534814
1769.982651215 129.279203889 26.8037482911 18.693802772599998
1779.7779067400002 130.402341258 26.93674613775 18.56714957495
1789.0722018899999 130.9786048975 26.91247551705 18.61522304315
1798.34263478 126.539140306 26.8580821178 18.62147059875
1807.4124782550002 126.7201983815 26.92780195645 18.478290156299998
1816.26721311 124.34304654949999 26.9692147204 18.319059406050002
1828.29257667 125.872256794 26.860934796349998 18.27623633625
1837.19632009 122.327927924 26.884760703300003 18.32095405315
1845.56277086 121.6158515705 26.87137875135 18.3189290701
1857.477720375 120.231837122 26.921758541149998 18.307680367550002
1864.634092355 121.56626962749999 27.01085578135 18.2189597939
1877.06742542 116.0333091765 26.931592980799998 18.3018564948
1884.4313267250002 116.71519153 26.90943171215 18.41680360195
1893.15197807 120.95911089799999 26.71855627955 18.64947449265
1899.26843336 118.008662732 27.075277785399997 18.44928379395
1900.112130735 117.83854597999999 27.2715073958 18.418961358849998
1895.737085015 115.764251525 27.80259615755 18.2437495398
1878.45417902 118.4099772215 28.5698949529 17.89815942785
1847.7235158049998 116.00075995899999 29.61435533815 17.7301019853
1825.16419626 111.521537431 29.644832280000003 17.7263735955
1828.6004752650001 112.625175708 28.8498025185 18.180517681399998
1822.102483965 117.4895653395 28.165726764749998 18.7016505689
1824.6266475549999 121.796520292 27.57693962975 19.06113258145
1823.699205275 126.03881699200001 26.708491807399998 19.638004621900002
