835.0 679.0 23.0 18.0
829.9330137200001 677.319047465 22.66286532265 18.0840945197
819.951243235 678.07000023 22.44644375765 18.2273594131
816.03756456 678.252605295 22.348691937349997 18.18537356605
808.712178495 680.20871831 22.15756152335 18.335697065650002
804.75494904 685.2581452100001 21.979240866650002 18.4106585872
794.7497215650001 687.9659742 21.8144488581 18.393478862549998
786.9391354549999 689.19522582 21.682741651550003 18.420315212
785.493568225 694.1228758299999 21.565343263800003 18.392380269249998
786.6456980300001 697.7204769499999 21.284878798500003 18.30971395765
793.1565063200001 697.192043405 21.20028225625 18.1376668405
794.489699985 699.642464865 21.1014241583 17.9648638067
787.086355505 704.6186737649999 20.94369006555 18.06266172805
783.4113828549999 708.00524353 20.8288104825 18.0343766193
778.57912441 711.247475465 20.7442713488 17.8805436121
773.184749565 713.0940119500001 20.5914592491 17.78117846375
763.8133055100001 721.208301145 20.557082798000003 17.89218446245
759.141889315 722.83350412 20.3816841221 17.9073313772
754.198145375 727.5520095900001 20.244456553150002 18.0763830508
749.8384301650001 730.4973798599999 19.9691745757 18.23711538045
747.6599414650001 731.644845445 19.9893828385 18.1034675788
740.2998239750001 736.256878885 19.7703452213 18.1128927934
736.57211841 740.2062391050001 19.86213007845 17.9492802298
731.788018955 742.06480861 19.8230944638 17.814225732
728.2239038800001 746.9608059 19.639426959399998 17.86152393515
721.3657738249999 750.5528390000001 19.856985227 17.6433578841
719.081371795 752.5778694 19.85343619285 17.4723083412
714.06055782 755.723276845 19.86051518015 17.35896894525
713.4280395400001 749.5959803200001 19.6384385494 17.21383082765
709.4189960900001 740.80105349 19.416808351449998 17.1872495978
702.1771609300001 722.007567215 19.139202847700002 17.2294040676
696.87955116 720.28518868 19.090696197699998 16.98734556695
688.5802177850001 722.8678947100001 18.9669950839 16.8482931076
684.1093245950001 724.213829775 18.920073723599998 16.829348983950002
678.67970355 728.90310853 18.7038458138 16.92543379105
672.55896263 732.975022815 18.673513798800002 16.75942386375
664.84800639 735.245188355 18.67903540025 16.7219390337
660.966377295 740.875138215 18.5931284833 16.81618786885
651.100423675 745.3886386300001 18.5726143558 16.8489734554
644.887254675 748.0835004150001 18.554193601599998 16.8174448847
641.428174145 750.734714975 18.47446244355 16.73826111855
632.977309685 754.92639649 18.3972856804 16.72897592175
627.3565008749999 757.92155744 18.2816450668 16.672972254850002
620.481589535 759.7563853849999 18.1323137607 16.777460341199998
616.309515585 764.542879525 18.13059204895 16.69476428845
605.94253973 768.194526635 18.1392788376 16.557382048850002
599.413564535 769.90088415 18.13771981655 16.4991274039
596.62099507 774.6442445600001 18.00963882515 16.5468344851
588.1959461600001 778.305515925 18.05711478895 16.45411225355
583.26685616 780.89460409 18.04448548615 16.44038241175
577.44319266 785.642534745 18.1765671075 16.31394755565
571.0653588800001 789.5045494 17.9882651291 16.39286374525
564.24795919 792.417728025 17.905971659549998 16.4259690081
561.88809268 793.81216059 17.71692269595 16.55529284925
554.578276245 797.6108093 17.752211424149998 16.4644055009
550.276793125 800.7220411599999 17.8340901216 16.22129664705
546.76629501 807.00671918 17.5608222813 16.40674963175
538.06263577 807.688210115 17.7760370161 16.21283332905
532.662167635 812.2771207799999 17.71982280015 16.1029388027
528.252387785 815.27873297 17.61193046635 16.02158110785
522.634334035 820.679075315 17.6819909565 15.9720067715
518.37487205 825.0347958049999 17.6742158721 15.8691486706
517.1572959800001 827.2300101400001 17.62201626315 15.7825768626
511.52005522499996 833.00970238 17.58869840775 15.80756485825
506.90615038 837.9537513549999 17.5694561472 15.8517083548
502.660713 841.8827218449999 17.4107636902 15.91265465415
498.866939925 844.7749552800001 17.3285921141 16.00810644385
489.16317812450006 847.510672485 17.466580230399998 15.719249770849999
484.1887120225 853.103612135 17.3022594919 15.84387670825
478.16516030099996 856.785579045 17.260448328149998 15.73056440205
