1482.0 541.0 132.0 65.0
1470.6032334249999 545.942021435 131.806949557 64.491616217
1456.37637862 550.65392377 131.7297785435 64.3194301955
1452.550430655 557.798395615 131.8700471825 63.938328919499995
1450.37060421 556.865138605 131.395481955 63.9023305935
1447.3494669850002 555.78491318 131.24345424450001 63.607699191500004
1437.827362365 554.77013559 131.07341501049999 63.4293481455
1434.42470345 560.843218075 130.4028257885 63.1369289925
1433.28085826 562.478504565 129.850240603 62.928492719999994
1437.221153475 563.39830365 129.3518680235 63.24831742
1440.06545415 561.09119552 128.9964222685 63.2781518365
1444.31450144 566.121704065 128.6143539305 63.0373153695
1448.8290840900002 565.65323726 127.89086845150001 63.0355268895
1449.7560867900002 567.125898775 126.91222398400001 62.7255410215
1447.942243135 563.6442504299999 126.5220429625 62.599858166500006
1450.4181589 566.18758233 125.6644264505 62.516414435499996
1445.1828097 571.70216119 125.215207572 62.49082596
1436.5506333150001 576.0897027899999 124.731427974 61.9838426965
1430.4841626300001 582.66104694 123.572648314 61.376295453500006
1426.53819277 588.348290135 122.9173459325 60.923588042
1408.0766683799998 610.163316725 121.6782705125 60.680450949000004
1406.0152279600002 622.706151025 121.477209571 60.519369740500004
1395.96766046 631.680544155 121.04068666 60.2586158165
1391.32869894 636.695596545 120.68634709999999 59.9773142465
1386.2918647800002 647.627361565 120.471852852 59.876138676500005
1385.39367362 648.1997745399999 120.115508514 59.6058676825
1382.683581635 652.814667705 119.69214112450001 59.2080776065
1384.5573838550001 660.642074645 118.526121178 58.999772792499996
1394.635051745 659.213816755 118.237565399 59.001905095
1403.411246615 667.62668856 117.23865898550001 58.6850143855
1411.87239645 669.5762033799999 116.469919484 58.865089071999996
1418.1000272649999 670.453841295 116.19068728100001 58.7593261435
1424.5584757200002 672.829009675 115.685186747 58.5312770805
1428.9038043849998 672.8902414050001 115.001763391 58.414293941000004
1433.9774495699999 674.3185621700001 114.17243438 58.269916766499996
1441.44437756 677.5347961299999 113.64282849 58.055649705
1452.962904275 682.3681468799999 113.7757208805 57.962260215499995
1464.118852165 685.53658868 113.2809614515 58.1524030865
1466.077496585 690.3270402149999 112.677041868 57.7130627655
1473.76298595 692.04957964 112.05334968900002 57.567171395
1488.8941915550001 694.62588446 111.8828550145 57.9416385335
1499.61317031 693.245539655 111.80525096449999 57.659021182
1519.7401297600002 698.038508075 112.12820587750001 57.5302728295
1539.25719899 697.157449215 111.92914919 57.397252907500004
1543.69063355 651.272805315 112.417363737 57.484639676
1551.657031935 648.3346161 112.368917349 57.1481282545
1559.2603913849998 650.59821462 112.52147659849999 56.4800011065
1572.6310249950002 647.8523462750001 112.207836583 56.133036999000005
1579.0922383700001 650.4236859 112.0751657815 55.853530575
1582.80264291 654.797466685 111.52591512500001 55.121002242
1590.28855259 655.927015775 111.15654618600001 54.4282121045
1590.037613335 656.011776865 110.70670208050001 53.8544073725
1594.290018335 651.635281655 110.5399238075 53.5777703685
1593.044614565 651.5578490350001 110.26071457249999 53.078475649000005
1594.3989664700002 652.941083005 109.6200462045 52.436542356000004
1599.2220505700002 655.5968720149999 109.5001652375 52.053374193500005
1597.369722895 656.1707718949999 109.49763407100001 51.442567583
1600.04143723 657.61302586 109.46303119550001 50.8739857005
1602.127644995 657.903622175 109.3394523175 50.406412003999996
1606.74205922 662.976237975 109.714546398 50.164151032999996
1606.57605591 667.4976314600001 110.12418367800001 50.154791419000006
1607.9678190999998 668.21217767 110.0015114805 49.80802868079999
1607.2084189 669.2952370950001 109.825315342 49.6541722216
1610.45712965 670.36449997 110.4807978115 49.46682829785
1610.38416434 672.7621456200001 110.9139325655 49.1815662667
1615.546139305 676.842042825 111.0913517555 48.9682659499
1640.8107355050001 665.497667625 111.60685313549999 49.27971700535
1664.4738714050002 653.608416645 111.787215164 49.71614557375
1674.7444954900002 633.138777625 113.02621363200001 49.861207135549996
1684.602448355 631.54801046 114.2338385175 49.80483838215
1702.09951095 620.17805906 115.38302925349998 50.118047511499995
1699.284058075 612.9988562550001 115.90188132099999 49.532855839899995
1692.3212816599998 606.7914325 116.401357187 48.65436025215
1676.4780676149999 602.99719503 116.82022676300001 48.1053176807
