1143.0 555.0 47.0 115.0
1143.673035885 552.08934601 48.474239049400005 114.08879389799999
1143.685243415 561.4579407800001 49.13408141875 114.0174334785
1141.51799948 539.8218515 49.995928311300005 114.1047013655
1137.962387125 532.889800615 51.3761676325 113.791904491
1137.869141485 533.21173637 52.3903036225 114.5073372545
1141.314498805 535.02335385 53.6899305155 114.508364463
1141.063283175 522.84475211 54.4524094625 115.08481144
1145.814281485 527.52854492 54.97598977 115.738734862
1148.32891455 514.230650135 55.767681100999994 116.58414382149999
1145.463791565 503.16011574000004 56.674678476000004 117.25229585999999
1117.12475466 500.132553425 57.0727775685 117.4477597645
1118.14480808 509.58418781 57.2636047485 118.719189126
1111.0789001800001 524.4173725400001 57.0146278495 119.0542561715
1108.25779778 538.54617606 57.5300042525 119.5467726315
1099.97079373 546.20274753 58.510880422 120.31079145
1099.678429695 547.7856326 59.5828283365 120.8527614005
1098.8554236500001 541.309745325 60.556001757500006 121.9849027725
1102.51328765 539.907497035 60.979336111 123.42309250950001
1107.301287615 544.486159485 61.96197112 124.31550763300001
1111.529170115 528.12852966 63.13396262250001 125.4038884185
1104.67975785 515.97891475 64.123615239 125.757816764
1121.38213917 516.466429025 64.51252153 127.06888636049999
1130.184216015 515.257572015 64.8453212355 128.4831228365
1142.1711551600001 525.71100074 65.062978897 129.7348540575
1149.64999857 535.553196575 65.524653135 130.5564669935
1155.86248295 539.088094785 65.6973492045 132.029499407
1153.895722725 539.597440195 66.1833919085 133.5972958175
1146.54924479 528.1773802299999 67.2472314505 135.62876980049998
1140.6472190949999 528.71721887 68.183646919 136.6365226175
1134.914881655 518.4942418300001 68.639268753 136.391257106
1141.70123547 536.1213164549999 69.79001368249999 136.71593290500002
1135.990244545 541.95111537 70.937937113 136.136140495
1135.32634038 551.709662095 70.984414781 137.32906447599999
1131.75887448 550.60913447 71.0690137375 137.3087255405
1125.46140584 542.229040745 72.011489993 136.69804797999998
1121.04748187 540.957087775 72.0398533275 136.7088344065
1124.987930125 547.05084792 72.045370625 136.732791387
1116.825914975 550.625630005 72.080031471 136.70641515350002
1121.08333278 565.772171055 72.102929782 136.77401965250002
1131.00330306 579.10636691 72.10224730350001 136.7757900375
1133.8479795150001 607.917837125 71.979212382 136.98170705200002
1134.94377615 612.021285365 71.9713922135 136.991890141
1137.867911175 609.404817775 71.969109534 136.997788181
1142.78221711 619.773881295 71.981182991 136.991232833
1132.093246115 626.07460302 71.9738577825 137.0777094695
1114.734000695 621.02766828 71.924032095 137.5030267485
1123.287339205 617.14052078 71.9250057875 137.50198967
1126.42153115 617.184619505 71.93274163 137.506136344
1126.700392925 597.04584656 71.93972944449999 137.507074653
1132.085605595 581.462172675 71.940947976 137.505590485
1138.10152983 566.809992065 71.94181129350001 137.504839724
1128.0156900299999 559.830826705 71.927410752 137.790151148
1136.50987044 562.21711173 71.931140863 137.78989793699998
1142.703753385 550.34482017 71.935697683 137.78072592499998
1140.98818394 553.8647063999999 71.9543498445 137.7739765625
1136.085022145 550.796956695 71.955262852 137.7732351245
1130.047180605 543.669072435 71.9553112535 137.77312746799998
1127.17453527 534.692010175 71.9550503135 137.772849431
1121.7157053 540.2389534 71.9553796315 137.771519224
1124.85967543 546.664402475 71.957205278 137.7709231215
1119.56771106 541.772742205 71.957591205 137.7706893165
1118.484156695 541.933423765 71.967201969 137.7678171875
1123.5855075700001 551.45585598 71.9690325965 137.766732234
1128.53655803 556.17626622 71.970949435 137.765503703
1134.1418719150001 562.97619107 71.9741488545 137.76434394700001
1135.6078694100001 572.15692564 71.9751374555 137.76442635249998
1134.8875079 575.943242535 71.975758419 137.76416385
1115.50982322 600.2583064099999 72.1456969705 138.05754530299998
1123.651177065 598.150352775 72.150460919 138.0538765335
1123.468967295 596.829210785 72.153698313 138.037289178
1128.63620083 598.866783835 72.1578828615 138.029830151
1129.4102188 598.541825515 72.1579579095 138.02974847250002
1119.3346929099998 596.5636406149999 72.5810567515 139.411849719
1102.0080972 595.124933385 72.77420928549999 139.7781619265
1086.4188233 584.4374622299999 72.8654773575 140.3195633725
1090.84307964 578.84531161 72.8656985905 140.319308728
1075.41514451 561.2871132099999 73.0628879875 140.392437608
1068.829352035 543.883560805 73.1836506515 140.760998379
1068.87313571 548.068851175 73.1850484145 140.759920392
1053.19009804 539.4724885749999 73.286591284 140.6884315525
1044.0043876500001 551.868872765 73.287000013 140.68835367449998
1037.34726552 562.32425977 73.28716494700001 140.6884139285
1033.517400015 549.7219112399999 73.29574607549999 140.684381065
1018.2972882900001 543.186232295 73.1374436905 140.904630734
1013.80547497 531.62975255 72.9657984995 140.899742657
1032.164060435 542.39604307 73.01815619 140.8889258665
1042.09745894 544.905949185 73.01819698 140.8890303075
1051.119468245 559.24612958 73.019248513 140.88859186000002
1048.3547176 556.6131131049999 73.042891617 140.8677023155
1071.2606822 555.26992436 72.975857281 140.908549035
1106.08619077 532.48733982 72.7340086605 140.7016987655
1126.1656875049998 528.6177409100001 72.7676031895 140.7856807285
1137.1023702749999 525.183935735 72.79924397 140.89484535
1132.94997434 523.190453925 72.8060468455 140.884414532
1140.7061254750001 523.765652575 72.8080611005 140.881475707
