892.0 720.0 20.0 30.0
891.6741725049999 720.02289775 20.17087702005 30.203884843900003
890.81567937 717.4682763449999 20.30516749905 30.477883155100002
890.04721954 720.4256708050001 20.373027123599996 30.646267426099996
889.9094600450001 717.90925602 20.47570045365 31.00858978405
891.78024256 717.9096000449999 20.53210104025 31.0556458598
894.210209675 717.627277575 20.573457317149998 31.10915044655
892.7294312150001 718.33569888 20.6067891699 31.07012272535
892.122688335 719.127825305 20.512527386050003 31.026088749750002
895.70743161 719.003036405 20.541197762699998 30.926914498650003
895.300044165 719.51938762 20.50300083805 30.88200201565
895.297994485 720.02894919 20.4674256056 30.838967684799997
893.526742735 718.3854466050001 20.4801264578 30.95380750635
894.08682314 718.4698981949999 20.50618509155 30.9834402373
895.0053171650001 718.67417359 20.62659182375 31.0071741989
896.5625224350001 718.7240250399999 20.785538084050003 31.114537683050003
898.83259736 718.6871703200001 20.885372530700003 31.1815426811
897.4154480999999 719.094927405 20.867772750900002 31.094202474750002
896.3490904399999 719.49241835 20.7504636398 31.0072569353
899.8332523649999 719.271573705 20.700094187250002 30.886230840499998
898.887935725 720.421731575 20.50550189415 30.8792951023
898.708093775 720.3277925049999 20.333315655350003 30.79489781475
900.2304674449999 717.97437 20.277490573149997 30.931125012149998
898.6988192299999 721.20968566 20.268016694000003 30.98368783235
902.21718889 717.9590257899999 20.411896317100002 31.302515775350003
902.90357019 718.5044992999999 20.472786350150002 31.2334851659
900.21513686 718.9917822450001 20.42600229235 31.2582995679
901.690103405 719.100260945 20.48148831695 31.38054751315
903.909832585 719.095625195 20.56832943605 31.49533776965
902.57990914 719.84085316 20.483212367150003 31.50928483665
901.2615480750001 720.633741995 20.34595281245 31.35563724335
904.5791383300001 720.8296331299999 20.43544887365 31.12759826525
904.34722388 720.969264285 20.34857550485 31.0841628636
904.11120211 721.3435375 20.27043299495 30.998155015200002
906.86973834 718.4627575899999 20.355538212200003 31.2017423843
907.10996853 717.9181963550001 20.358795436900003 31.14753595565
907.65861808 718.413920355 20.3812040961 31.041699330900002
905.2593530299999 719.496309915 20.350966057150004 30.98544305915
906.511961665 719.22685926 20.3834684714 31.044754554949996
908.131515865 718.9259073 20.543519422049997 31.208347984449997
906.694707545 719.54321319 20.439781312949997 31.1451350229
909.65081723 719.09842745 20.52652714895 31.28921095975
909.4652965500001 719.379108095 20.468644678449998 31.23871995635
908.9082065050001 720.01481432 20.28103423485 31.15860660765
908.379905915 720.6656311099999 20.147534668499997 31.1070690179
910.482876585 717.64879634 20.14629641835 31.39296069385
910.646409105 716.6069379149999 20.0981944216 31.298780923949998
909.9732456649999 720.367554285 20.08434476105 31.24217195225
909.0118015500001 717.63960098 20.238480203599998 31.38549016875
910.42192649 716.590819275 20.37530765045 31.425005824449997
911.295872005 720.093435485 20.586140775900002 31.301419028450002
913.64740772 718.031407345 20.856446962200003 31.41046671145
912.6283341200001 716.420480475 20.792018240450002 31.520608392899998
911.3146791949999 720.309508575 20.81764553915 31.28937861495
914.9305341950001 718.2256291250001 20.7313129029 31.3769711729
914.782337085 716.70851599 20.6481201092 31.3675758282
913.9503106300001 720.4994472200001 20.584198313900004 31.33551444115
913.778034425 718.9303010650001 20.48675796265 31.281735778
914.0511066700001 717.162927 20.43528088875 31.328813069
914.61381995 715.173053125 20.44718434095 31.347246613499998
914.456848065 718.240841165 20.5519421124 31.22499743305
915.8332765299999 716.20724579 20.610573287050002 31.2417886084
916.95118567 719.5742515400001 20.727271854349997 31.2349455893
919.3112189 717.91032339 20.8237621506 31.2631429494
917.7990220700001 716.7198426900001 20.77001783855 31.1075286989
916.472417725 720.735023445 20.7051875985 31.00435229525
920.43970774 718.87151922 20.633650821049997 30.8899092969
920.08205332 717.5901903650001 20.516367197199997 30.821589830549996
919.912545935 716.615722905 20.35175710875 30.74521076895
917.84499126 718.5808840699999 20.313238582449998 30.8970557642
919.63540894 719.459233745 20.358472347449997 30.894676429849998
922.106446675 720.1925623149999 20.4402058827 30.92138851475
923.080215735 719.048223645 20.5785870164 30.8200293965
920.6298675150001 718.68575478 20.47124210525 30.699171489
920.3373603750001 720.173460725 20.5568238917 30.7776019149
922.8917497150001 719.17323246 20.702617345849998 30.783854065
922.2635644449999 718.581593485 20.6148515375 30.679353579150003
923.5747492999999 719.792998335 20.517304103449998 30.6693984157
925.560530135 715.824628435 20.45366241045 30.87246939595
924.92472322 719.97507891 20.35316727225 30.7772754262
923.14758173 716.764320825 20.3960881647 30.9791797711
922.2923180700001 721.054418545 20.44045390025 30.9154668508
923.0810083350001 720.16437231 20.436166290200003 30.9245074452
924.1921367250001 719.398186115 20.51059603035 30.81944568035
925.097359465 718.35778914 20.5769448109 30.830378071400002
926.59712163 717.3380387349999 20.60147856505 30.86041255715
928.39626409 716.26228809 20.63898314155 30.93212535505
925.974171735 720.67311683 20.58782338585 30.656069971100003
927.330681745 716.759183395 20.60225269075 30.89322604965
926.1083607099999 720.8540744050001 20.47651494335 30.704457351
927.9943835250001 717.03018051 20.340875031499998 30.855983304549998
929.840476225 718.691168795 20.24076913975 30.74461975075
931.38448315 720.27204385 20.143742203050003 30.65917783985
929.87383577 716.8309601149999 20.13022314915 30.6915741864
932.52849132 718.3258720599999 20.04920971515 30.58935605355
930.8432491249999 719.833072785 20.097430430099998 30.494691767000003
930.529455745 715.8927726100001 20.05222813 30.549252671949997
929.74272404 717.2296542949999 20.01717608125 30.29742606885
934.51470949 718.546670705 20.022155879 30.029835240649998
935.343957815 720.0409299400001 19.8698743131 29.674135603649997
