402.0 493.0 157.0 28.0
405.05528727250004 498.2072813295 156.9820944065 29.178472333499997
408.797968474 496.35933162050003 156.580877693 30.0984876422
411.521970037 496.49378831900003 156.4687704165 31.228452186650003
411.94807213300004 498.1996622775 156.398081187 32.1567673436
413.1279133005 496.019309436 156.6370298645 32.536388073400005
413.4943468435 496.92760832799996 156.825625278 33.2396498898
417.2017000565 501.227811265 156.5529530735 33.711419177050004
417.016325445 497.8773715335 156.438216742 34.0636074671
416.6840797965 499.0420471755 157.05208067299998 34.6767912994
422.51862400699997 497.4469094505 156.85120283650002 34.949302555
425.38451681 490.809444043 156.70515652 35.4477172788
426.5131152715 487.430148467 156.033650445 35.47096925325
422.3020385125 492.4182283565 155.10668161950002 36.0282726962
425.690002096 487.792769793 154.8837230845 35.9428938286
428.115132732 471.8516626475 154.9971302895 35.99084664985
431.69440510949994 468.70484670300004 154.86439057500002 35.94538199065
430.51981404049997 476.612484845 155.223903496 36.28136565545
435.58029801149996 481.68389919050003 155.1648778115 36.6403379747
439.0163730505 491.2632004825 155.570806646 36.8609882851
441.4884271255 500.63004675 155.9450893795 37.169091753450004
444.340969785 501.89746103 156.348455107 37.2634815526
447.035056823 499.91474157100004 156.26123623450002 36.97215992585
448.079300536 502.29218879999996 156.3682144865 37.0091141348
450.790669526 500.913326815 155.894261366 36.78721984085
453.2141939275 500.44769474500004 156.786650955 36.79119373855
453.035213345 501.223642865 157.16051708749998 36.78731414245
455.44157802999996 504.40193722 157.1125767505 36.8165436623
460.31201646200003 502.77914767 157.1890836345 36.78052881355
461.212846148 502.61155406999995 157.855706531 36.88986430645
458.23502707750004 505.88557942 158.411652337 36.96682427145
467.025055577 505.578196575 158.147207568 37.021012144
465.021140549 504.49161685999997 158.3666078485 36.97736274375
465.938953774 501.66286016500004 158.1273309095 36.7657353755
466.94973781 499.9752230485 157.97184665 36.7583318777
470.220747347 503.58075693 158.115377388 36.92063780535
474.23290477800003 503.102001965 158.489869414 37.11625324365
473.1064042115 505.18067453500004 158.9328659585 37.5019464016
474.634640561 501.64867346 158.346833033 37.28483472175
477.842457803 503.80260491999996 158.3181587395 37.45021256845
483.79963146800003 501.552719915 158.06131724649998 37.52632056585
481.2077747065 505.73632678499996 158.601447483 37.74243394235
487.021091955 505.55262085000004 159.192250542 37.82010870185
486.828495277 507.96085919 159.492381404 37.8527969286
489.0289746205 512.41022836 160.232623247 37.8565074123
491.95262857700004 508.55160199 159.9046581535 37.8499572433
490.779129 508.38328046500004 160.544055118 38.1365887136
491.82355147149997 509.17326393999997 160.874485615 38.18718113575
497.07269668450004 508.557752525 160.3685131485 38.223190692900005
496.96127235299997 508.65597168500005 160.02711940849997 38.196681438
497.8889978125 508.702534155 160.356093388 38.40086787035
501.918326475 507.92845314 159.6558689235 38.1537145147
502.803630785 505.15427416 159.61290095500001 38.09569447855
505.94248978999997 505.78306159500005 158.8944687725 38.18550960195
508.76046758999996 504.55735206500003 159.101184464 38.241362296350005
509.33957083499996 503.84059332 159.597515873 38.27154356835
515.3118856350001 505.526907875 159.7302569535 38.36689136785
511.95240159 508.545803145 159.5048550665 38.58717667405
515.444509805 507.32377489500004 159.259312216 38.5186836652
517.020923455 506.254678595 159.137545752 38.26987079295
524.1749336099999 507.062405095 158.724162031 38.45162778735
522.737683075 507.61979258499997 158.446584114 38.457423990500004
528.18369138 508.014599395 157.983271895 38.4539740839
529.5980227700001 509.33238127000004 158.3849656385 38.4071700389
527.484283885 505.95439108 158.840312401 38.3788209792
533.85487675 505.40130319 158.644793268 38.451351553449996
532.5232014649999 503.858201525 159.1873979015 38.5828287602
535.636294575 502.9785658 158.94983779449998 38.495847236450004
534.644422425 502.338213065 158.635380925 38.204738317
538.634743505 505.28226210500003 159.27356378500002 38.5285455184
543.94812773 508.34087854000006 159.007038418 38.628743340549995
544.607667565 507.983643695 158.91617903600002 38.5622023609
547.98448409 507.93655880000006 159.1588424735 38.79068454515
546.993954875 509.32000755499996 159.69892671949998 39.0049219549
548.513855605 508.81658217 159.63346589649998 39.079486433
552.561821085 506.816779555 159.071556726 38.7370755538
551.94398897 503.550830955 159.116151873 38.602153319450004
553.885568265 505.395343275 159.01589725099998 38.7472131772
558.75125658 507.89326728 158.8300630385 39.026134731300004
559.332573035 505.2075206 158.3915321415 38.7054375298
559.17297291 504.348989675 158.1980576535 38.6282478476
560.432162375 502.70553471 157.973452731 38.4195069971
563.99201325 505.688620365 158.22036516400001 38.74376145415
565.035745835 504.74320718 158.4661300235 38.598287628499996
568.216372695 504.641643525 158.7734938475 38.562157370499996
567.996991965 503.85823348499997 158.986218406 38.658586428
572.779647935 503.71954751 158.7168866635 38.8576615474
574.96232595 503.13728183499995 157.8729505345 39.0976406546
575.566695395 501.10735057 158.005813487 39.075735490999996
577.9954365799999 504.81342284 157.7360975775 39.36962222555
581.874970665 506.73114533 157.3181711375 39.4855238102
583.75925893 506.578363545 158.003393249 39.5559917346
584.3927322449999 502.69633365 157.7805128865 39.473276933950004
586.50910054 503.019376505 157.835649688 39.0753650898
589.006335325 499.3454777015 157.905061986 38.85761913455
588.302949315 497.843697303 158.38392021800001 39.046732637649995
591.49058872 497.95427585749997 158.240468003 39.022513281500004
593.62771246 496.38327526300003 157.58010207450002 38.815113668049996
598.4409408949999 498.3706607875 157.2814483715 38.732537881
601.2955645750001 495.51663073249995 157.344448758 38.47031463235
642.16060597 504.729355085 156.174394549 38.47614267005
644.737818095 501.788886045 156.348438711 38.39746469835
644.1663670600001 501.81576913500004 156.324966004 38.301827910949996
648.11222453 498.96588410950005 156.4595589075 38.15771449405
647.8169225800001 500.267341395 156.9849308485 38.31788892225
653.4131295100001 500.051784165 156.6009837515 38.435403513850005
654.16434251 499.4227582355 156.477750729 38.48622138465
657.4683767250001 499.189378434 156.1905805215 38.199574585899995
655.93480144 500.624571765 156.796690243 38.157492948649995
659.4940098799999 498.678652567 157.033798829 38.265127402750004
659.32990449 497.306891698 157.070236113 38.162207273250004
661.2393214150001 501.20732164000003 157.2891364255 38.56244404805
665.39973962 501.318857725 157.067838734 38.348917149849996
665.46879353 501.56372755 156.91335821799998 38.3237913715
667.9441393950001 501.19056946999996 156.345845546 38.2134862234
669.666327525 497.50401556649996 156.3080433495 38.2216872713
673.6484210899999 499.7606158 156.11818019499998 37.9938163304
675.352199655 500.85133585999995 155.855835095 37.8941242759
678.99422278 502.71943308 155.785223035 37.68615881835
680.26045285 499.905424281 155.3808505505 37.48859524955
683.15017985 502.133287785 155.366171517 37.32919073995
681.4135865449999 500.14354035499997 155.633324049 36.88003855595
687.37606074 502.038531605 154.9640034665 36.765739227249995
686.2879364849999 502.367713625 155.9364347905 36.3711312502
689.549413125 501.284233735 155.86836758 36.388367711549996
693.71040352 499.80675235649994 156.139530629 36.3212677366
696.5043491199999 498.697505286 156.2637022345 36.33597360895
694.9268416699999 502.8865207 156.72069564699999 36.6103842849
698.1538591599999 500.64919023500005 156.631405672 36.3502742951
698.935189885 502.26556826 157.128612787 36.3306288299
702.14227499 499.2345372415 156.6825342665 36.26801243775
702.745147245 500.42706819499995 157.285480743 36.48290168505
704.88921092 502.01101600500004 157.02014631600002 36.53386776315
708.27041596 499.92337855000005 156.8782670455 36.20982000605
708.51701198 500.81766191500003 157.005061302 36.14939123315
709.635093955 501.39500730000003 156.9641720315 36.16607088025
714.1864744 501.461792915 157.05372503 36.25015882235
714.8929044199999 501.43201146 156.7660942265 36.139572089
717.1098822800001 501.46850764500005 157.148855659 36.0641712192
718.0127487599999 501.51039156 157.129052766 36.11256233425
720.64392911 501.9362091 156.904846727 36.3653603434
726.216384135 498.940292254 156.4278998335 36.3646039103
728.0998960850001 499.92689715349997 156.45458512099998 36.38568726045
726.6500664749999 500.604436115 157.1656436895 36.3501048521
727.195677065 501.33568054 157.189105179 36.48344431285
729.8263133749999 501.262418705 157.35489955149998 36.505011655450005
735.975834875 501.52702656 157.2028425805 36.6279395802
737.654736075 501.67722241 157.3426532475 36.47646551395
736.332072975 502.25193654000003 158.3255192965 36.24885956605
737.843132125 498.4652018435 158.7645034955 36.14623286605
742.372598715 498.899561306 158.928025671 36.20202522875
743.0469124399999 499.34968768799996 159.32433865849998 36.1769748664
742.625046225 502.510657575 159.425178305 36.279741685350004
749.4863009649999 500.31876314 159.409320429 36.438089148
748.898070705 499.119898525 159.7310030205 36.08874691385
750.017748005 501.171464445 160.0446760505 36.18334337725
753.8210960700001 499.6564645695 160.0497277145 36.1727473792
754.7741430450001 498.015095994 159.678840613 36.00832083265
756.77681969 499.84778881700004 160.212058292 36.321710412499996
760.1485584149999 498.485948649 159.69208511099998 36.26774263435
761.490522035 500.54473382 159.482036716 36.5833779394
765.67533443 498.48571172699997 158.655278468 36.61853983815
763.0562592699999 498.2207012325 158.69512068 36.54245766335
768.64111837 497.62206593350004 158.5678178645 36.621846114899995
771.7110272950001 496.166599298 158.332909814 36.52393718785
770.4331886 499.372242818 158.4927837055 36.584356985599996
778.2366426250001 496.3972327545 157.5953287475 36.65846407
778.05657235 496.96835870900003 157.8124459195 37.016504012
779.87083621 492.9823441715 157.3357758625 36.92130132535
783.3415015549999 492.3085525345 157.0855231135 36.95878774155
784.136812095 490.825847312 156.953812116 36.9625522671
785.4284016949999 493.536670866 157.0033808865 37.208972879950004
790.267908445 491.6896680395 157.07611354899998 36.934565676800005
792.120986835 489.564675638 156.6954228345 36.7301142609
790.66307047 491.3843317855 156.628388876 36.82984653385
797.85592566 493.055366553 156.518364782 37.1684993721
795.6737974099999 490.68177864200004 156.334868027 36.957369203249996
801.179884765 491.561396534 156.097936701 37.1984782758
803.027578525 487.48742183950003 155.4581420625 37.1512249867
803.107470515 486.4268597435 154.9647665085 37.1659364945
806.3236745300001 487.8616629785 155.5518618355 37.2789409551
810.491814935 486.2067478115 155.311661744 37.1429602762
810.3136852 489.0145478685 155.767945014 37.2509413499
812.540801025 486.36750818400003 155.46139568499999 37.1728202656
811.25440283 488.0859658405 155.41499569249999 37.21866360145
817.2202230150001 484.98153550200004 154.8746888705 37.0635131201
817.462137905 484.1974995785 154.74418852099998 37.1308899434
820.034739445 481.70218860399996 154.571114113 37.056956336
825.5583054599999 484.4498998025 154.1507625955 37.4423975229
821.99654923 483.6814295745 154.3446748635 37.36357334265
825.2183291599999 488.4765801405 154.963781628 37.624112595199996
828.980096185 486.993060259 154.7260123115 37.36496207045
831.994173515 488.44151577499997 155.092356312 37.4238954213
835.5831665799999 487.57521901750005 154.74200983650002 37.1382362659
834.2400731399999 489.3702720695 154.7555617285 37.053755274800004
839.713855525 486.8780420785 154.443431253 36.8602357875
840.8299147 489.4958302655 154.5918115925 36.9160847916
838.9368815900001 489.25820468899997 154.8703514525 36.94387134395
845.1088159699999 489.6915474395 154.62301572799998 37.05576945165
847.4608942250001 490.291301682 154.83268143200002 37.0410158109
866.5318276749999 489.4708151175 154.5493597535 37.0635717382
866.83375109 487.8026201995 154.6573350415 36.9910365031
868.4159988700001 489.780578605 155.16374372299998 37.1298808983
872.77872675 487.17097931250004 155.4916321045 37.101911916199995
871.22699927 486.022807469 155.562258464 37.0916450081
877.3305654799999 490.6326794585 155.3272971105 37.161377446850004
879.66145062 489.87754119 155.2620555825 37.26126416355
879.472360255 489.0428643305 155.4046665845 37.310901680650005
880.9553549499999 488.2693656515 155.3405592085 37.43976701645
883.3102894900001 488.764184688 155.2512712225 37.4309136903
882.5883052400001 489.33589416049995 155.60551792549998 37.489915370000006
883.135946515 490.1763670795 155.708540485 37.6728443545
886.8162332100001 491.3096841115 156.11677608000002 37.7604664532
892.78602459 489.2798597605 155.6270291225 37.532272191349996
889.50228024 492.2412328985 155.78810044600002 37.64076054105
892.7952245500001 491.118634047 155.68038680400002 37.31708317895
893.068094965 493.04745490000005 155.6925211265 37.4414260572
895.2543311649999 490.8842344615 155.6355824645 37.2803659894
898.692706265 492.1096557765 155.893754201 37.4589548916
901.470335785 489.3241370495 155.4746882915 37.281228882
906.19623783 488.0173412025 155.005822034 37.1457047042
903.2665671899999 487.375304754 155.400683006 37.060486298200004
905.838333075 482.759272958 154.9703897135 36.827596858549995
906.06386755 484.16291263200003 155.5438813245 37.09816290845
912.15475579 483.7784400055 155.59761667249998 37.1182623816
913.6471738749999 484.67898697450005 155.70673081200002 37.2883994863
913.0342135850001 486.274907043 156.406312451 37.46205930165
915.072122985 484.949273872 156.284892255 37.1856392673
919.730585175 486.5441302745 156.2246021535 37.64156029115
921.7691869150001 486.4255191415 156.0365288015 37.737424547399996
925.46916799 487.814547529 156.65679775799998 38.02091887195
925.32413849 494.012658382 156.5732863 38.28714295055
926.3901559 494.43232180949997 156.21019155300002 38.0336229791
929.95780724 499.9969482145 156.429389163 38.2767163602
929.41952012 496.79261496649997 155.49982240449998 38.033971478400005
933.468663205 494.51896315 155.3282782485 37.90352102745
932.01319948 494.2858580785 155.504234427 38.063448325
938.93430232 494.19106358299996 155.2168746485 38.07189949445
937.5738558 494.4042456605 155.5434269045 37.918167673149995
938.3469457 494.95543897150003 155.2741040185 37.75732019865
941.277081225 494.9397738875 155.04245082900002 37.9829539384
946.524301815 494.64406165649996 154.9972357915 37.8619760691
949.195708135 494.878266577 155.13318450399998 37.91547067085
948.3952546800001 496.1916214125 155.778556654 38.18661906775
950.3579982949999 493.51045475600006 156.130501365 38.0698835921
954.1022945 493.8514893995 156.720101879 38.02033313915
953.7747870750001 494.1603812565 156.7840445735 37.966872209900004
956.6592879899999 494.0651301885 156.579766393 37.67054989215
960.8423164750001 493.6952106215 156.2906425185 37.48522987765
962.8220189900001 492.7020900625 156.623677026 37.296084976850004
961.49948022 492.7699190915 157.0046938335 37.2632794377
962.6512371299999 492.557358579 157.28127218150001 37.43566857555
964.7510527500001 494.118849338 158.1258594975 37.61953588745
966.715781845 493.3325135725 158.7702679625 37.93344234095
970.43200099 497.11038431299994 159.545666416 38.60107863875
971.1860515550001 493.3666213825 159.309327202 38.626649288500005
974.70240891 494.3396577905 158.77712860100002 38.66883364945
979.8680992200001 494.81983976649997 158.2795274975 38.8535446917
979.99394504 493.810943877 158.507266646 38.826906817150004
985.31753028 493.82491297 158.04513858849998 38.84889211515
983.841675685 492.3035929275 157.808765231 38.8104563717
982.236695135 493.294074222 158.56225951049998 39.0427884489
985.395604005 492.4523851835 158.8508902635 39.22996923615
992.4729887850001 491.18252650700003 158.28979055 39.1843285721
990.483934185 490.161253663 158.257681239 39.3915974613
996.58394911 493.3004671945 158.03691453049998 39.69789096875
994.136915245 491.0288046355 157.982646304 39.73679164915
999.525867315 488.932982841 157.817911111 39.9714712887
1002.397756765 490.772328855 157.6620541885 40.26157217325
1003.2408677799999 487.252297848 157.22660756850001 40.246576989199994
1006.034921415 486.46883037450004 157.202984669 40.3802495272
1010.3621078250001 485.44488199299997 157.46182059400002 40.3323932749
1010.8030073650001 483.2546085605 157.525441315 40.2977123429
1014.22068767 482.588269965 157.2114087155 40.440750424149996
1013.34141804 481.8627734525 157.257940045 40.20191300045
1014.610945325 480.4896576715 156.886664131 40.297456732250005
1018.6546162550001 479.93494097049995 156.52871995750002 40.201864103149994
1019.755539045 483.542387993 157.7833580585 40.85532063565
1021.3087493400001 484.266301408 157.5209211065 40.861354513150005
1019.007792 484.20752365699997 158.208949088 40.754182449750004
1025.56175203 481.76398121349996 158.2537561325 40.75816806735
1030.31105156 480.19533612350006 158.6080783115 40.753458972800004
1028.56551753 480.06556863000003 158.900261725 40.896674434999994
1027.399757655 483.79685891450004 159.388576825 41.3827033131
1034.76124425 482.9959118315 159.314525253 41.54293701435
1034.52377465 482.93530662750004 159.67504579750002 41.93982117615
1036.9345279249999 482.164800762 160.39067073599998 42.00338250665
1040.30535684 484.1740238285 160.283760913 42.0721582891
1038.1678912300001 483.141792534 160.1685507315 42.20232756205
1046.438911395 484.9071119535 159.873378151 42.49963736715
1045.037132675 483.37061860349996 159.550258905 42.453249627350004
1050.862979405 485.8481169875 159.4931582745 42.548944794650005
1047.4992754349998 485.6810545425 158.8959172085 42.3227722855
1052.89752049 489.6996319265 158.6761605595 42.7212770678
1057.17522979 489.85122754850005 159.2711150235 42.7851347184
1056.193049035 489.718359012 158.47060107800002 42.34120986555
1056.04695765 493.1736205035 158.258358387 42.7065840824
1060.672075205 493.9798866005 158.190377414 42.902408889499995
1062.34424418 494.742064033 158.09452493749998 42.8891902324
1064.829824185 491.2598692205 156.707172212 43.35834478975001
1094.611285985 523.171102495 156.3862421345 45.116910333999996
1099.157162 536.58338466 155.550534911 46.88811931185
1100.61877581 533.7407871949999 154.9317555015 48.35392578915
1097.1006879850001 532.15820748 154.315277304 49.5207903615
1099.482151215 524.588342305 154.0330501775 50.416510387500004
1102.1338625849999 532.0115774149999 154.7580036125 51.031617877500004
1099.942035675 530.8485386899999 154.83466253 51.6033801135
1099.678787635 531.600503225 155.6831238995 52.161805980000004
1097.232259315 528.723826695 155.3540848965 52.836539607
1101.69598973 525.81873278 156.0499443225 53.3618278785
1104.36417446 529.245548055 156.8509407235 53.829776959
1105.86098346 523.16800512 158.250733515 54.261629553999995
1107.09515205 529.898087325 160.03058084949998 54.5276303615
1102.079232505 529.674911835 160.573146154 54.935935156999996
1104.4129761000002 530.179500015 161.8344584955 55.400973431000004
1104.80156332 528.1878068599999 163.00965863199997 56.046868622000005
1108.03334961 529.961548945 164.76490379 56.647443764
1103.5625010850001 527.203541805 165.676083684 57.409761836
1117.66773669 528.754795295 168.49334217 57.7531837775
1115.2118741699999 527.75057512 170.770088693 58.096164714
1118.3923218099999 528.30391559 173.2498085995 58.2752265485
1115.946285285 527.988825965 176.442154268 58.278769368
1120.312597105 528.813654245 179.95967185249998 58.381923785999994
1128.562549855 525.3568839750001 183.70197097 58.312080631
1115.6199964549999 527.292551745 187.80588798600002 58.7290779995
1130.057086985 525.1488039000001 193.637086623 58.7523026805
1122.329311985 525.9299083349999 198.0525124875 59.1890953975
1125.4600286 525.15105651 204.4499871715 59.396613046000006
1131.867107705 525.874139925 210.97498984499998 59.6309287315
1130.622655565 523.835410725 218.3841312025 59.6159128985
1132.813652195 522.8021003050001 224.58539130399998 59.884170260999994
1142.832043055 521.84234237 231.6948389625 60.2159232985
1140.241414085 520.678936325 237.800701579 61.239670371
1129.619480005 520.51987098 242.0947426125 62.7500557625
1121.437164405 520.15563557 246.19157875949998 64.4433484715
1114.84037531 517.96396541 247.567747447 66.483769657
1108.72676822 515.8763524 250.35149790199998 68.150977361
1109.5216131949999 512.6133160549999 252.058019339 70.012997215
1112.662566515 510.268216885 254.116066512 71.8842331255
1124.0693959 508.44693427000004 257.926573021 73.1031110525
1110.57212978 507.174072855 258.64872274050003 75.20837281450001
1123.18445529 507.89799911499995 261.8388854785 76.35739745250001
1117.50326004 507.17377015 264.912333966 77.79690934499999
1107.677449215 503.97881710999997 265.293149612 79.2506132295
1109.237911475 502.383105435 266.837659542 80.969018858
1102.830620575 501.94984077500004 267.6874242485 82.32469807
1104.6517500999998 503.705625845 269.324673832 83.654420251
1103.689063045 502.66588746499997 269.95082403600003 84.96505624099998
1105.317257255 498.0459291945 270.0851257655 86.1455044545
1101.35709262 497.65092803000005 270.5754760395 87.68326779700001
1105.88841545 499.8355414245 271.258512078 88.448234529
1110.63059266 500.09327212000005 273.401899157 89.1269812305
1109.912422125 498.896355924 275.8801750705 89.04346649300001
1106.98280139 498.64695341149996 277.8840233395 89.47526749350001
1108.58631523 496.0399524785 279.387245946 89.5583235955
1105.77639885 497.83608772900004 281.8352027005 89.902918692
1106.499721995 496.6502505985 284.10076625 90.408403511
1104.54400306 500.398718415 286.1945488175 90.440153441
1106.29276536 497.0886818745 287.7835338985 90.52398939
1103.283506635 499.79555869850003 288.662762724 90.94248285649999
1101.037870405 497.5938613415 289.7460748305 91.140418224
1103.529940645 498.25052373650004 291.144361033 91.1513798405
1108.7155655850001 498.683265974 292.9321867795 91.27383179200001
1105.75538411 495.778251806 294.216063461 91.240512743
1101.103180365 497.78672475999997 295.4126837015 91.36159460900001
1103.15934539 498.3835479035 296.1253482 91.488683198
1101.625451455 499.158734145 297.05151917 91.577567144
1102.652517805 496.267277345 298.02100972249997 91.364346994
1105.305419405 499.63150478449995 298.645744281 91.16029679249999
1104.5038900749998 499.042874386 299.8835853305 90.736591999
1104.212193795 498.4902466245 300.87685897 90.57543719050001
1104.34160109 497.230394801 302.644574485 90.2553694905
1102.04572644 498.7976376985 303.3582029535 89.695873874
1106.6823648499999 500.90519768999997 304.231606007 89.418608478
1105.32214532 498.638774311 305.43356745299997 88.6873967565
1103.01802077 501.639650415 306.0552746825 88.317480276
1101.62364118 499.9942741945 307.1227849435 87.46117132500001
1098.703526675 502.49325448 307.659383049 87.004414703
1101.280283 499.8794721795 307.7555593425 86.628490504
1098.48810348 502.24468358 308.1995912045 86.5454880115
1101.9619763800001 500.83822455000006 308.6131887965 85.9759915345
1100.230124695 504.52805106 309.3735688465 85.86023564999999
1104.072610535 502.89482264500003 309.759208816 85.57830768900001
1103.22426266 502.02146130000006 310.7548464365 85.1640710665
1103.1871237350001 505.427145745 312.092079855 84.963014878
1100.57784622 501.94241557 311.754043503 84.227179265
1101.01769523 506.118751805 313.666676435 84.18008216049999
1099.226054775 503.56568090999997 314.758687937 83.4508818855
1102.8553461449999 504.765565595 315.774986281 83.7010832215
1100.0594231 503.998404895 316.16382279149997 83.636863724
1101.333578085 503.61706452 316.6561207105 83.41622191
1102.12157075 503.71894337000003 317.4545305675 83.12312480099999
1100.37726761 503.62431754 317.916528897 83.0675498785
1101.8460569600002 503.58758465999995 318.9602262135 82.8958144465
1098.710657495 503.56568464500003 320.6757234355 82.6291061435
1099.617526 506.01015488 321.60014250750004 82.6038815215
1098.830436815 508.013946035 321.989455428 82.8268192345
1098.74613148 506.36239508000006 322.651867456 82.3325829925
1099.9345586450002 504.671069085 323.21939283650005 81.66903542349999
1100.279808465 508.64472589 323.57744394199995 81.597650892
