440.0 370.0 212.0 338.0
439.78220114199996 376.19928719850003 212.165670232 336.2462275985
441.816313208 375.2105535895 212.37746262000002 335.372084901
438.84512642799996 370.390527173 212.3102023365 336.024354281
441.992843669 367.776508835 211.785361117 336.8362855995
444.19976570049994 366.56731510500003 211.93027831799998 339.25454168450005
442.239821853 363.022985065 212.249814975 342.707605548
443.959790355 357.155856601 212.2398612765 347.2742495115
452.73037277900005 350.560930514 213.1210924515 350.660715535
489.24108639049996 340.0878043555 215.798329744 352.610914325
541.276373255 330.6250576565 218.5663228855 353.95432703349996
592.5029382499999 283.2022565355 227.3856700085 361.562292808
653.828162065 268.32275634399997 231.39928335899998 364.001352942
724.25020219 268.77460663299996 232.16035055950002 366.1966557495
770.22195334 258.4861795825 231.358585217 365.234590252
830.541203405 256.2938560305 231.44573769800002 361.1163257725
874.32271953 241.1321931665 230.0160078835 356.68798087150003
914.66502756 220.21633827199997 229.9328336685 354.318699405
937.5297984949999 184.07763252750001 229.4509000035 350.5061348065
966.9938111199999 132.179699873 226.505909375 353.078521511
977.69752273 59.3512426715 225.5406249955 351.8400585275
997.4445581049999 -0.37800426859450004 226.7842904555 348.995835456
995.46546906 -26.1143302961 229.132128336 337.92740755700004
992.08197273 -40.634533475400005 230.6652826195 323.86342503450004
971.696674385 -55.370016986 230.841791229 320.410850163
956.95739881 -51.866352384 231.04091543549998 319.3390880665
953.1925317399999 -69.97636574650001 231.043919203 319.2992849385
970.023100455 -62.416682811 231.12990159350002 318.350297779
992.84416263 -36.20274179475 230.808340607 306.40167383849996
998.568482555 -15.450427777849999 230.116539007 300.4253473865
1001.3213672899999 2.71882791793 226.734814716 300.379417786
1004.663790265 30.923630639000002 222.3486829035 303.843962234
1006.12577778 55.597665637000006 218.290481107 302.3075461915
1004.785137645 87.31154189850001 215.770780845 294.6542768005
1008.21741305 144.1492457985 215.0900803255 291.801940161
1007.83031968 183.77144357100002 215.32360124899998 292.7663414695
1005.9015128650001 212.26331121750002 215.9103897375 292.78879597549997
1003.142686475 222.8808559685 216.492750078 292.1283400825
1006.26635781 211.089083295 216.589779723 293.1560092575
1016.927896455 201.72285561150002 216.51679304 293.40380081349997
1019.9236317499999 195.23147601200003 216.82998899 293.775756391
1029.1375660049998 187.61968651749999 216.7932818955 294.4394370515
1045.3861549849998 179.4667160165 218.05543061400002 294.27961675750004
1084.366800235 165.22240195999998 216.475468611 294.4530364735
1120.26329485 143.52581998 212.92934133749998 289.4070038635
1159.72192169 128.6018360525 209.88089389599998 284.0026808925
1186.365224515 115.7304953525 205.667363757 279.16084572150004
1223.0556019150001 132.195246414 202.483369399 273.1053769325
1252.61643435 141.6221478855 199.6627939065 268.513360343
1277.066756555 137.348948727 197.848767373 266.77193682399997
1294.4915493400001 130.329011138 197.3627967115 267.1874707645
1336.6001090450002 140.5370555435 196.5948216895 266.93028870399996
1377.426639215 142.463864023 196.493164929 266.3037560685
1402.2139982499998 131.728034158 196.56328290099998 269.34283135
1423.7867491700001 127.76406676100001 196.700157137 273.139577504
1434.932329755 125.344790271 196.4389814435 277.08345146700003
1448.4379730399999 123.5768937155 196.9756451395 279.78036561650003
1480.74093485 128.38620419350002 196.7504405995 280.729188854
1513.525954105 134.69472285749998 199.4036391765 282.282780331
1540.08032937 139.202728317 204.0728786655 282.2297145525
1575.3219017449999 146.1710778065 203.32687582799997 281.01332565900003
1597.747759025 144.336169942 200.54657175100002 283.7177261965
1622.4616815050001 143.6553192985 198.2483432195 287.59494674900003
1629.22528885 123.8367903105 200.0935606205 293.3098213555
1649.085905725 113.50535335049999 200.754115135 297.553730611
1679.10293553 105.52223722000001 203.10602555549997 299.9314096605
1704.5703855350002 94.137646745 205.6232416825 303.00723977
1705.150902695 66.6646767055 207.33417742299997 306.02750176850003
1678.124652015 60.596121979 209.75136287600003 309.1190635815
1659.0020316 87.002465774 211.9117339645 312.6850442805
1672.170430795 126.610100072 211.46714261850002 313.862460209
1678.338513 174.1542950015 211.0931829255 321.125038343
1693.04452083 198.29003398049997 212.0393351385 326.9517363895
1697.062063625 243.3603887865 212.758340632 327.1433392065
1694.389075905 274.7938592225 213.16296401 329.11248921649997
1682.6843612100001 299.707493671 213.746449541 330.997494274
1673.327380925 324.3558625705 213.847737702 333.3946986405
1643.0708096 335.6805378745 213.27916889699998 334.11192841800005
1620.5640181449999 344.75938557349997 212.75700229 337.38156176399997
1588.52434128 350.07196385950004 211.157756667 339.6239925205
1566.093222435 347.5512921045 210.335361243 341.20737449750004
1535.06763341 346.87931358550003 209.7752559705 340.500228148
1504.079268655 352.0124818975 211.252303894 337.957293983
1457.64959522 327.72976967 212.023098192 340.579180007
1422.928220615 330.81058267099996 212.8069800995 341.33684816699997
1368.4300266100001 329.02610281100004 212.32113341000002 339.722004571
1305.8655084700001 331.0311923485 212.0675000895 339.50978281749997
1237.531118855 332.9369083715 212.43399352849997 340.8901541995
1183.3512970850002 333.40598896849997 212.61783392849998 341.6025904605
1132.9950433499998 321.6942903535 213.3602896475 341.897614134
1087.357915415 315.522528702 214.32795216 341.64799633900003
1056.021958175 318.8918203565 213.6954639255 342.418268076
1025.959843005 314.919236097 214.19785718949998 344.05530677900003
996.7599810950001 337.11313860449997 214.0732822055 345.084010233
965.29262242 345.3176952115 214.62986122 342.6381217955
936.570718695 350.796765511 214.6822005205 341.69907778649997
908.624060945 343.11095577800006 213.27266587699998 344.088150197
877.201713635 331.2108725675 211.633208111 348.670942898
843.332530605 321.831358506 212.55859604449998 354.01259715149996
805.716089525 323.279638391 215.045475653 357.667874307
738.951966985 308.26865403749997 218.67996613 360.59050922250003
672.4454308500001 305.516531636 223.4167605065 361.90013863750005
606.094896055 293.8276723645 226.4947507405 362.63199852950004
542.46032019 290.63306883949997 227.1600462095 364.532900647
495.720682162 281.6302216445 229.794862607 368.1626194895
462.1118484355 259.39604991749997 232.8690089665 369.3909778625
435.5396599195 238.05593523049998 234.5753199255 369.5266041955
412.4222946935 207.16806932499998 235.736542904 369.61811858399994
398.752105947 177.8209926765 236.7714551065 368.8843266315
373.7377025945 132.642511291 236.0744060775 366.569978988
362.54874559100006 98.3753850325 236.5441134175 363.253342255
345.19911276050004 69.4652869355 235.79177321900002 359.6662525845
325.34778946049994 47.68419042075 234.3418866985 355.268539786
314.40909395799997 21.8157309168 233.66534654999998 351.7881970735
317.833638265 18.12905540475 232.224601831 347.83177053350005
330.11476687299995 4.689444146925 231.04477973000002 342.7844989295
337.081799038 -2.338004754085 229.69755842 335.31548879699994
336.3818006085 -10.35942749835 228.61841425699998 327.5238423565
330.971089244 -12.210376622950001 228.5257676985 318.2578631805
323.185565391 -4.10352775038 228.14208875100002 312.420669153
297.776689536 0.300550326438 226.997200305 309.027307327
253.14813762749998 24.26155680475 227.36997924099998 310.3638613195
216.890269811 68.3623581225 225.8809876545 313.97654438349997
181.2433511515 108.15161633800001 223.7794271205 319.307199284
166.03514876399998 163.21297615950002 220.302992405 321.972653983
152.1302148355 188.176434201 219.91730639899998 318.115001268
144.74623458050002 209.075538079 218.98157461250003 317.4762403395
140.9191530395 203.687491411 217.4131147695 315.188501384
142.1042793 200.7929936245 216.79266736900001 313.754566314
132.0307120975 148.1286859845 214.839464421 312.638484405
144.5980034195 110.877849079 214.56400402949998 315.257079275
172.9494376965 91.6428833825 214.8732600495 317.304902283
195.64839343900002 56.684741649 215.52250838549998 316.8820059905
228.19228317099999 29.7242550114 217.5724421235 316.876469775
258.390227061 -0.0789433392735 219.9265463005 311.41950253249996
288.4007768775 -20.0987306557 218.892701189 300.865161195
333.378493512 -31.979176913499998 218.05946306349998 287.2384930975
370.0783505145 -28.902534723 216.7483554415 275.966981518
407.1591599515 -20.90418769195 214.80024930950003 266.41400642
440.160202562 -18.83334240575 211.2603543365 258.6675565955
474.4495011925 -20.712152397049998 208.950413554 251.4189862465
514.026701795 -11.936893147300001 207.4982407505 248.283921232
559.175586185 -7.624233457700001 206.1852318375 246.1082811005
605.095363145 -8.259626225 206.227892014 244.030974269
648.86336653 -16.5396231213 205.816807745 240.12625720550002
703.04799802 -24.6806227103 205.42815073900002 236.413315058
751.1783540099999 -26.7711787292 205.608008742 231.4400087585
787.53265726 -22.259862779450003 205.4369313795 227.435078012
831.5405559600001 -23.70964605085 205.4625998125 223.78334139700002
888.448187435 -16.836849895449998 204.40354476250002 220.176558468
942.860475325 -6.033087956899999 204.28557979299998 219.6178586545
1001.8801796299999 16.4075984529 204.37559320399998 227.105266105
1052.02055834 41.54180637825 202.469449295 239.9917633865
1072.91023415 64.429833078 200.2073433635 252.78475895500003
1090.79487856 84.7618573095 197.0621903855 260.4163389155
1097.57779661 100.192064168 194.7162332625 262.7553882685
1100.314071705 111.382469976 193.1598151125 262.2682394045
1101.6890518300002 129.334390849 191.782728975 258.97319406049996
1100.165660705 171.52007267 191.44196333499997 256.622849873
1100.437876185 185.1383835085 190.91435865249997 256.287748673
1096.23964449 187.7596426865 190.27218068850001 256.21318506750004
1089.19673636 199.3716459765 190.4488350375 257.9602298075
1083.845785645 203.44372958099999 190.07770114599998 259.740617762
1080.7214856 198.5677664495 190.315582666 261.09200954799996
1094.747552735 166.11687211100002 189.51376721550002 260.313581646
1114.9507190699999 147.75061226100001 188.8057798245 258.239144557
1138.8248030549998 126.858204726 187.810614393 257.6712323375
1166.369369105 115.85480836900001 187.74026537600002 258.98199876949997
1192.661477055 107.8684367555 187.18794311149998 263.8531175865
1208.519729615 88.1119425715 187.35332969249998 272.7453648795
1221.543507455 52.157810885 189.5117235615 279.2062795525
1238.05834171 20.1561459714 193.43759550750002 284.155946783
1241.47561445 11.90855823195 196.89317925699999 286.157500257
1237.358571025 15.5138876862 200.1442533635 289.8241063635
1197.03300621 49.92934579055 201.64152899200002 297.6644628945
1148.319791335 123.95624856250001 201.5143482265 303.8068857435
1099.69111083 192.580512882 202.075988636 307.650781762
1048.0409410299999 250.15661653150002 205.3366184675 311.2261108025
1005.1323123999999 289.0756289835 206.765718959 315.253755226
980.6659023049999 326.0888639605 206.7820708475 320.2502105935
965.8301912950001 354.12991984850004 208.62592119599998 323.009512546
939.152263845 350.4560500215 208.146397953 323.8203533385
941.2320912849999 359.1822158065 207.63241795 323.04461774000004
936.07744957 361.7587759315 207.3545465305 324.8708766765
911.561972555 357.6522610695 206.848781959 330.361986266
855.05362398 338.07924020149994 211.6248669215 339.5275217205
795.271062485 349.83024204400004 212.929962553 343.4610580965
749.89144068 345.63875282749996 213.42692465150003 345.2404945485
737.0463703500001 322.373441688 212.2318786145 348.83697773999995
741.1397758600001 296.580947799 210.8621355835 353.5547361265
739.125670185 242.18446059049998 211.975773847 353.9350298075
727.7051705399999 187.6113341275 215.6441227395 353.142894545
728.359750585 167.5996513675 221.7976021775 350.993679762
710.8528031599999 120.7616976565 225.4019446225 350.8737376455
688.535924885 60.885209508 227.286810362 354.50709719149995
682.58797914 20.0598920402 227.59020325350002 355.9767617185
678.71635689 -15.084397842749999 228.8637741755 349.14519245900004
661.79922464 -32.60320798205 229.829704785 336.76517763050003
645.5087126850001 -37.8463251808 230.289577109 330.231196695
643.088577205 2.733969101535 230.513261285 326.567782004
