1221.0 160.0 147.0 170.0
1232.52305991 177.9497995215 148.36237514549998 169.4347823135
1236.27062638 195.73339680200002 149.2902285925 169.30065170700001
1241.7344613349999 209.526448485 150.297218241 169.6713926945
1249.72229479 229.507179073 151.7510898035 170.8496566375
1251.644002955 215.51017624349998 153.9696537975 172.70916648
1261.645533185 228.31249962 154.901025196 174.57524337350003
1268.27680014 230.167442348 157.089304607 176.8316442075
1272.292262815 241.72661976450001 158.0610820715 179.03842850899997
1287.28592859 228.551181493 160.30393149399998 181.68721242299998
1298.0622205149998 251.18244551 162.0308019295 184.2671963465
1294.9926218300002 262.77670030549996 163.67576159799998 187.52394074
1290.983055975 288.7306138275 165.6506280495 190.7738914185
1274.269140345 309.6357227765 168.6366246575 194.55738324799998
1255.059829255 336.1265252465 170.8327433395 197.45041987899998
1228.638338705 364.7970144375 172.810067427 200.83835876150002
1220.62957177 379.3322900885 175.551688012 205.031301776
1218.0166246449999 399.9713162095 177.5910140895 207.936635204
1200.40802401 412.30339193049997 180.583023999 212.960978927
1189.885624345 429.497715039 183.74868597100001 217.8913280175
1190.68790662 430.051971495 186.434253157 223.097548491
1193.52750223 451.4900280005 188.244992444 227.4719026465
1191.427235385 442.96993977249997 191.03182237750002 231.7106620015
1200.113693115 458.572081708 193.568606014 235.84369784900002
1204.9252692349999 483.77959120950004 194.70737755849999 241.439173626
1211.289739045 496.51880672799996 197.46470420400001 246.086589291
1213.491722365 512.86423843 200.36835575 250.2171107195
1211.3073403449998 497.7200423275 203.270052866 255.32978950499998
1208.7347844849999 485.342807504 206.95430484500002 261.2092045065
1199.316333945 471.179859919 210.42111992350002 267.7788927845
1188.715612445 450.504413564 214.3455185465 272.602794401
1173.471567735 450.51392109650004 219.019183809 279.32093874149996
1160.92746978 441.37726855849996 223.215840734 287.2263928525
1152.9672484300002 453.2306789055 226.948354194 295.778849881
1139.6102156499999 421.4378383835 231.75775971450003 302.954861644
1121.26857098 412.99200487400003 235.37650331150002 311.742969749
1101.9923981700001 388.9724337815 240.094436336 319.353321114
1082.6480310050001 367.7954330805 244.534387245 326.93346158049997
1068.80024296 386.43671734149996 250.092942097 337.31586489800003
1062.60775816 413.53656113600005 254.350993314 349.62827085550003
1056.78466837 440.341709252 259.220684752 360.9384557845
1038.93843294 430.4022673095 264.73612555750003 371.1288289735
1014.661854785 417.76581086299996 271.7818920965 383.268861592
994.582845635 420.8838361315 278.097540901 393.273905164
980.84098937 426.4269281315 284.8336135805 405.4713086975
966.99598714 435.8508935255 292.3046245735 418.4884030535
953.5759720650001 464.06483230050003 298.7961891155 433.9126865055
925.66521302 447.6701543285 305.802862402 447.8349925575
905.989583815 424.069822194 314.2541586205 457.921746923
893.390224515 420.92463887400004 321.95868043300004 469.54839341499996
890.93193845 462.9422183125 330.37243384100003 481.4077851995
894.91100441 467.3878064245 340.5858089645 491.91835904500005
926.852657535 434.49163462949997 351.7724985065 500.909132765
964.4910675900001 448.67717298400004 364.45905902749996 507.176385115
1019.2222794200001 470.02937267 377.5041988835 519.9375490900001
1099.692965895 426.809506683 388.9725431315 537.207897065
1142.74392725 428.0878384545 405.9959280145 539.50507422
1208.32426513 323.08955769100004 423.339761659 547.951359535
1235.0346122400001 193.849046735 440.211221363 548.22150259
1165.0240004500001 267.5005641665 453.9189677655 547.4631961050001
1182.5852466400002 360.094867026 479.37281242399996 544.8966580599999
1207.8592171149999 450.3318732065 497.7343229255 538.85328612
1254.53297114 569.5912373 513.66563253 532.56684212
1387.1008037699999 595.83053298 521.36867535 527.910216795
1509.957296555 609.208016715 521.648559355 526.3697321899999
