1230.0 610.0 83.0 81.0
1229.19398671 619.36821283 84.58251996550001 79.898531034
1230.546121645 621.00958975 85.564094079 79.2090929025
1229.52434912 618.315458915 85.740166208 79.0708411545
1225.04987093 617.72685535 86.06570295099999 78.888478023
1220.420905755 618.6207238 86.75803659050001 79.126813312
1214.196069585 604.37437428 87.6790438685 79.732601265
1205.8419723900001 604.32153491 89.26905210550001 81.349052941
1198.9278022400001 614.365491385 90.7428542235 82.198952762
1193.202309515 611.536908115 92.1638800575 82.40302029349999
1187.33202552 604.59167303 93.0420283995 82.5078748275
1180.82494522 596.30555756 94.16352871599999 82.61199143500001
1167.79745177 593.867875085 94.79658364049999 82.713870187
1163.6570095749998 599.8792834000001 95.3410305565 83.4453958505
1156.18061703 591.381739165 96.28029554599999 83.7962509525
1149.531970495 591.221324495 97.4695127815 84.63395314899999
1137.21447536 588.07182812 98.4849962365 85.66915270850001
1133.78792052 581.830596455 99.20105830600001 86.5720824185
1128.0474757250001 584.5854245 99.483386036 87.72361668100001
1121.1603298 575.933976005 100.0902347905 88.302693044
1115.39822047 574.847331185 100.4777721145 88.80324114849999
1108.70245277 578.300100245 100.7695167265 89.344995353
1106.19785379 568.343771645 100.96962079100001 89.8314172375
1107.8782492349999 567.605722665 100.7478898375 90.54199070099999
1107.761591005 574.3010104150001 101.087689495 91.04150771649999
1117.285223665 582.484721275 102.4108260515 91.3170531355
1134.282465275 584.464789075 104.987067553 91.8788168865
1151.3428092899999 582.5655084 107.434011429 92.31796733750001
1163.869307685 590.935443625 109.4190023975 92.3750849945
1163.001823125 589.7225201 109.6056975455 92.4041796125
1159.12343414 590.226946215 109.608489647 92.42852959749999
1165.50749625 596.6871781049999 109.59833457849999 92.436939483
1167.22255199 604.099970845 109.597737274 92.43750143150001
1166.893499905 605.6455553850001 109.59710373349999 92.438592408
1168.291359635 604.89041471 109.59693059499999 92.4388172075
1168.1589083 598.75512019 109.59676444850001 92.439105137
1163.391291775 590.71050159 109.59633551850001 92.439819705
1150.306933675 589.355354615 109.59604545399999 92.4400579225
1137.739085415 587.667303565 109.594739138 92.44112268
1126.663438785 587.2610282 109.5924667805 92.4421772665
1125.109374665 597.0547641999999 109.591785481 92.442914602
1132.32897627 610.6307420200001 109.51241301050001 92.5073593495
1132.35582194 617.31250327 109.427031774 92.529038055
1135.965472495 625.30228001 109.3715652235 92.536285845
1137.828379295 629.29115556 109.3710132555 92.53717532499999
1153.39439545 624.683931725 109.29856428600002 92.5686718345
1150.09258038 618.376322325 109.2608904635 92.580260125
1142.418607225 605.078359385 109.050903159 92.63846441249999
1136.217821035 601.50566041 109.0084352325 92.6432830585
1129.5093187950001 594.080519985 108.9711359345 92.6640249725
1126.84453193 594.381824055 108.971029018 92.663669624
1124.30965982 593.813640285 108.971154355 92.6633005695
1120.742274075 593.220072435 108.971221646 92.66247413
1117.5783409800001 592.94644569 108.9707532505 92.6615768125
1115.53378993 591.43070941 108.9720891615 92.65938844600001
1115.26244359 588.21005339 108.9730644915 92.657199295
1131.246728565 591.75242313 109.19765322800001 92.90656815
1163.48153251 600.07456462 110.205788265 93.8133909685
1265.22863116 633.460202625 114.2557901875 98.744360971
1245.95255651 636.21816799 117.7691186085 102.2546888135
1231.344769715 639.9903524599999 120.97256434549999 105.778994315
1223.0213936149999 647.6664431250001 123.37300560099999 108.319782634
1205.1079193799999 644.796808435 125.61992768050001 110.847887368
1198.960128735 648.0435179799999 127.554798365 113.0476017515
1202.7858619600001 657.193396495 129.62750695 115.0662490365
1208.29404157 643.8635234100001 132.1633461235 117.777045764
1211.969439575 632.77004048 135.212618856 120.850167358
1208.05284958 615.924076905 137.961789426 123.11774094200001
1208.48405917 607.695327195 140.3655728405 125.7634743815
1206.576099245 597.182812025 143.0346175405 128.64609472450002
1206.904016705 600.2524048299999 145.5105174035 131.52976256300002
1204.07570129 595.144889865 147.9797080285 134.186396868
1200.242927325 591.5803994299999 150.3863702725 136.90046396
1196.3757603249999 574.59944798 153.06891459599998 140.25716225
1192.99635008 559.410456515 155.400789107 143.66310062649998
1187.31696425 540.558976665 157.34547840099998 146.86634874199999
1181.93004444 537.895620915 159.4909306835 149.8934730345
1181.1973341799999 537.131102605 162.296295603 153.559137795
1174.632429235 526.20807869 165.12069393800002 156.908994316
1176.6929686849999 545.69494896 168.4601396755 161.271810636
1158.00703169 552.801543775 171.098390956 164.59006971099998
1125.6817621 551.783679245 173.4429858585 169.4396473715
1103.7761993899999 533.8204519450001 176.966559248 174.80957428250002
1086.196008445 514.70350479 180.91290577750001 180.4228282915
1068.45697014 492.609135319 184.340498543 185.6959591435
1053.358241365 481.0299154245 187.10570625550002 190.626669702
1041.25480425 476.560341348 189.8321932745 195.1426315725
1029.36496155 475.150275416 192.453965329 199.53470271650002
1013.0924113650001 493.492790628 196.31700952 203.54692368599999
992.2001564100001 499.4101708665 199.417758961 209.70960250649998
954.8073725300001 467.65466449999997 202.6307382155 216.4052258745
936.9259963899999 458.70930449649995 206.331718668 221.106660274
919.0680817499999 475.640010373 210.63175031149999 227.133424716
890.515123485 464.366884381 212.808310751 231.12051082699998
850.85917704 463.8609073275 215.69540922000002 236.253562371
829.870816325 454.95254224150005 219.25310390899998 242.098358814
806.691941555 464.44145748750003 221.7898989735 246.303101428
783.54923541 473.3256864745 224.142495766 249.55231636850002
765.45862183 495.0826093895 227.5368756085 254.72395286800003
772.52402008 513.006342325 230.09206051799998 258.752513213
788.176753515 497.5295739765 232.23989196649998 261.9968995415
803.1350281100001 463.178806027 234.38207801250002 265.208626458
786.9092483049999 431.549937903 236.5136572515 268.104941932
775.9636283899999 408.3843257295 238.050754388 270.1624747825
763.8270262499999 432.16097692349996 238.9226976655 271.144857948
740.105504595 433.3557721575 240.4294638655 272.83728676100003
718.58076078 416.17636774749997 241.275564715 273.656070118
695.760796875 426.0102540025 241.316993203 273.724826211
659.968991855 431.670317566 241.35298709850002 273.7921870865
623.804299405 430.821436447 241.42940440499999 273.898047464
588.141008905 418.372809976 241.5112580125 274.015574905
566.730848295 414.7043041685 241.563740237 274.1113173315
568.24428462 408.542893523 241.579603113 274.124195982
632.193140285 415.331527631 241.584923195 274.1301339615
692.6725762450001 434.0532790575 241.5865339385 274.13152965
719.7560379050001 429.928730325 241.66557687800002 274.2054883215
732.4647327399999 411.35619452550003 241.72686051300002 274.24165957900004
762.10112854 399.54035414400005 241.7352207425 274.2481736925
808.4866200650001 360.486838049 242.85122320349998 274.6806317035
857.3044976900001 348.2731215805 242.92090643449998 274.690963918
844.553221915 338.654737505 242.91629812600002 274.69566657449997
856.5883165399999 360.939043477 242.91575065199999 274.6970799515
883.09220713 401.3310970335 242.915445223 274.698090451
868.949515085 451.35643520499997 242.91512497 274.700426732
849.7283538 468.56706174199996 242.91209079249998 274.708582417
838.650017625 439.62842514499994 242.91206322600001 274.7064971715
844.97825396 440.36672258849995 242.912211389 274.7063198205
839.523664095 415.248372588 242.9122610665 274.706273766
822.530782755 376.355638988 242.9124679685 274.70611236900004
812.31866932 347.958190157 242.9130315315 274.705510011
