1444.0 511.0 125.0 119.0
1450.162788435 511.86234499 124.93945953900001 118.58184307900001
1445.914496445 503.74913545 124.42823433199999 117.767377253
1440.6531831300001 500.29166492999997 123.966508433 116.9980492455
1436.9709659750001 515.82987465 123.34253845699999 116.5504198405
1432.107781585 532.65469545 123.07440621699999 116.20528033699999
1428.1121071000002 525.10238693 122.9860964775 115.380399961
1424.356917405 526.009155245 122.763252321 114.7179174705
1421.57057571 526.310047925 122.77394610900001 113.97857919399999
1418.13980956 532.37884324 122.7381199465 113.33297514950002
1416.6971100599999 525.8194380900001 122.30912665350002 112.78618215750001
1411.70693011 522.439035725 122.4650063725 112.33589586900001
1409.63132063 518.480756865 121.98212267800001 111.8282169565
1401.974925985 512.670266675 122.3362731885 111.728245538
1399.767910425 507.028711615 122.706481573 111.1447423095
1393.4705106749998 508.263407375 123.15877804799999 110.51201335049998
1387.14142972 507.76277571 123.76725108049999 109.848331485
1386.5763789100001 499.83823622899996 124.48694783600001 109.52164155700001
1381.99670053 503.426079205 125.39955864699999 109.2005969915
1377.9843495649998 500.42163049000004 126.147653238 108.6355682595
1373.670762155 499.03752057049996 126.0521249695 108.2248542565
1373.05573748 492.9466118725 125.250373154 107.5581177505
1373.001014295 494.56462855300003 124.5422388865 107.43184844849999
1373.488832735 498.4612481435 123.153509568 107.3345462745
1367.395653285 501.85490711 121.71343008150001 107.352588105
1366.140781455 496.69076664 120.115060942 107.30772310100001
1364.646151495 496.673237439 118.327373028 107.1427328815
1360.5520589899998 495.305091644 116.59306547450001 106.60030736750001
1362.141885685 499.17998604499996 115.0396238185 105.7541745735
1357.3185827349998 504.50549478 113.699121474 104.71296273600001
1358.297138665 498.53536406449996 112.1244695055 103.69183378049999
1355.381947915 495.0354904295 110.641735654 102.511714662
1352.44196958 491.5158118045 109.584739902 101.515866955
1355.90097956 491.40986644199995 108.56904760600001 101.00023362
1347.377571725 490.9938525975 107.747587043 100.211140532
1350.0765716750002 492.70187249099996 107.209866742 99.8450114435
1348.3249180050002 487.03250480199995 106.523033367 98.8658043955
1347.8502789899999 486.47716788049996 105.7341899445 98.51391711250001
1347.195253535 484.2545485385 104.8213063875 97.9234644035
1349.0852407349998 479.30261677600004 103.859130037 97.623286796
1350.7207348099998 476.18555483100005 102.7991277945 97.0884541075
1349.8584614800002 475.721877653 102.175747442 96.6105381015
1348.238555145 475.1766243665 101.58292374300001 95.9879029725
1348.6223888250001 468.734179999 100.718570023 95.3741096415
1347.362593405 472.54355542250005 100.01028812199999 94.8033398085
1346.2959353249998 472.609660546 99.53802379400001 94.2794705775
1343.5156972799998 484.318952908 98.84661509300001 93.8147621145
1341.95837363 483.854322796 98.28061704199999 93.5267607195
1343.3736099 491.2601011355 98.219227731 93.035376279
1343.69578078 486.7469686965 97.74307603400001 92.3168598325
1337.64953487 490.028650999 97.18529868499999 91.482379219
1330.31132394 492.959039435 96.740278106 90.896417154
1327.0475563650002 502.088423955 96.567900735 90.95344401749999
1322.966625775 511.519786605 96.43203695400001 91.002707935
1323.37646084 520.06956157 96.0840403805 90.78807885650001
1322.57482954 518.55652892 95.5538430205 90.20390192900001
1318.2644479550002 517.88561327 94.6956034395 89.4342488595
1314.1043299500002 520.578252775 93.9232338465 88.8760634235
1315.7214346599999 518.473599635 93.80313299899998 88.58812478899999
1303.243869065 534.82512862 93.6571567365 88.527661959
1303.9790355100001 538.05024201 93.785472984 88.2039621225
1303.0020181500001 542.2640889649999 93.70918368299999 87.51053564499999
1297.709343175 541.47193556 93.2461116825 87.13204257999999
1296.747386625 537.9293584549999 92.4605741495 86.60455609899999
1291.3605476399998 538.7048576450001 91.86705242100001 86.21019023800001
1289.856091455 536.29191151 91.011683066 85.51558590799999
1290.2572405699998 532.664740875 90.8348915815 85.397026996
1285.86583552 535.203495135 90.576746984 84.99972546149999
1280.7367300199999 532.79043147 90.17557717400001 84.61903450099999
1279.107617585 529.984906435 90.0481094955 84.14013998050001
1278.04045813 540.09852807 89.8021547535 83.73966645499999
1274.51766638 536.8235025700001 89.53661094499999 83.2091110355
1272.454640225 531.74558473 89.7720435905 83.150253529
1273.794543875 529.029921575 90.131412036 82.9570892025
1268.55565596 529.61312328 90.214786216 82.93077941749999
1268.14414095 530.8521416250001 89.668609514 82.2672616015
1264.2120841800001 535.029977645 88.9945638425 81.9041762
1263.115701655 534.955667505 88.35177147799999 81.54919192999999
1262.319893475 534.791634725 87.833004673 81.4087918285
1259.2104195749998 538.484935945 87.38007665399999 81.20673026349999
1257.91977051 545.852094955 87.208277518 81.28205701600001
1252.99440514 546.66281632 86.692069127 80.5960994095
1254.234707655 550.85228125 86.6712148355 80.80926598250001
1248.87783756 555.4561266200001 86.4928328105 80.531134715
1255.82304152 559.46586384 86.98743300800001 79.886750537
1252.31069153 560.99830306 87.007201783 78.8773134075
1253.229802905 566.050212545 86.2966030095 78.3685735875
1251.2487018749998 567.2726901650001 85.3972712745 77.3833610505
1248.20853867 582.08630601 85.43388726350001 77.1848117515
1248.0389336150001 583.3314987250001 84.809886891 76.56061945350001
1245.8755766250001 583.9264844449999 84.229701917 76.152561907
1245.5699827550002 580.001472095 83.530188062 75.771182341
1242.775372815 577.2487434450001 82.62231323099999 75.48793362949999
1242.839061745 579.7897224999999 82.13364277349999 75.4416910995
1239.52661279 580.079937825 81.73109533850001 75.556611367
1243.155856315 583.09309957 82.38379834599999 75.9314666285
1244.406572035 586.261006305 82.52429476 75.3269007185
1245.052760785 593.02394466 82.8529987905 75.257429268
1249.274186995 601.533571025 83.302043615 75.391297564
1244.481346925 600.78300945 82.2689240595 74.419758043
1246.58973677 597.33491648 81.7314686945 73.660380712
1245.6221150400002 604.135459125 81.6955718 73.265902699
1244.271248285 606.920264205 81.23047456249999 72.586604592
1247.93815077 608.286968115 81.4458775425 71.612521097
1236.055563715 607.2507919049999 81.14967011499999 70.997063356
1235.49313749 609.331365235 80.380801614 70.6743584445
1231.79036555 610.544359375 79.3140034845 70.2275991895
1229.173947235 606.550626425 78.74430568150001 69.79042223549999
1229.94876854 609.577252855 78.1160035255 69.967292697
1228.421310895 609.9999573 78.3580937075 70.6388220125
1234.3213930699999 615.38782924 79.5111778305 71.0503381735
1235.13096017 617.659385605 80.541834509 70.77058496250001
1233.2616270600001 617.522769435 81.55267956099999 69.9656351685
1232.21715623 621.66022502 81.90679360800002 69.005107109
1229.049529165 631.09571379 81.013627356 68.30106555
1232.43944324 628.963952565 79.57057480099999 67.576276327
1235.126056975 632.433827075 77.989851367 67.1086478255
1238.657661655 636.0963615850001 77.1576874375 66.82620942599999
1236.92055387 638.987527575 76.3381787105 66.445009449
1235.50542456 635.405649305 75.1362326565 66.021194283
1233.55853333 629.8322751100001 73.940657091 65.365136301
1232.704823725 631.875461975 73.1976386325 65.0079049605
1233.7833465449999 625.9605730149999 73.020472171 64.6771735745
1234.90871115 625.31735511 72.776999141 64.2227870405
1237.99658787 630.21653102 73.103705747 63.734758913
1238.2881758150002 631.56644654 72.6035690695 63.311486414
1240.7912684100002 630.485429345 72.13735660100001 63.104195268
1244.816944435 639.820208915 71.82804502799999 62.882090805999994
1242.2998460200001 636.087977935 71.3961588355 62.392658174
1244.755570035 635.143265055 70.9571440915 62.1343044215
1242.91413312 633.327804485 70.486848663 62.2117025535
1240.146538535 627.5376258699999 69.8429846155 61.9547767145
1241.476645295 623.6447351950001 69.618543593 61.61289563449999
1242.397726425 621.393310445 69.212780197 61.4340494705
1239.856056675 618.59718495 68.9089820535 61.3744650045
1241.4373197749999 616.54197671 68.80010342 61.311280657999994
1238.33099138 614.014236925 68.518936106 61.096384052000005
1239.45852855 612.79275779 68.34900132749999 61.473683699
1240.2230137450001 608.18918521 68.209902374 61.7009880345
1240.69602134 606.360162735 67.8999932265 61.695241468999996
1241.734526735 603.46736939 67.656044662 61.595723050000004
1238.694415035 606.54779006 67.458970064 61.873375517
1239.61610778 603.243844105 67.4183338795 62.0239342215
1241.744537965 608.006775205 67.9426906715 62.532275575
1237.264715775 609.12807097 68.2214299945 62.4876147055
1238.111948215 606.83314293 68.1568304255 62.164513221
1237.278027285 608.0400168250001 68.4034074935 61.5419506405
1234.5161806400001 607.2619324699999 68.3297681635 60.6762524045
1236.76674943 604.685036135 68.298550717 59.712307108999994
1234.6005593300001 601.52494384 67.78824571850001 58.978948597
