1721.0 805.0 96.0 44.0
1712.289807175 804.868720475 95.7825655445 43.88905697115
1696.452491045 808.21342119 96.42121786300001 43.604475388850005
1682.2307015699998 807.595985305 97.22256292349999 43.20946625250001
1669.026137185 805.3697727399999 97.66416492299999 42.79873627205
1652.946794785 807.8375007249999 98.27456889300001 42.78415409045
1640.9410270600001 810.27163378 98.264932241 42.53555410165
1628.45666548 810.867097835 98.7742458525 42.3957579192
1613.9061411500002 809.0690392199999 98.7520731195 42.4318210836
1603.53829216 807.52558241 98.457120331 42.10345442685
1588.78246731 806.567139755 98.30324724500001 41.9954535702
1581.445249615 805.20962017 97.997832725 41.710226597500004
1569.3959579099999 807.7753760400001 98.1245835515 41.577881896250005
1555.071801555 805.125675735 98.875483162 41.4637222083
1537.92843749 807.9705256750001 100.1303552315 41.4052193562
1528.647097 809.368021905 100.714328981 41.3672506578
1521.7421237600001 806.240329255 100.08375614949999 41.47638403255
1514.11404381 808.1266817549999 98.927085713 41.51911615855
1504.86071872 807.3013554700001 98.85188617400001 41.64776598515
1491.39914168 807.616358505 98.8682476545 41.80116755275
1479.0681629100002 808.5343896749999 98.58145192149999 41.703706486899996
1466.09665941 809.9537064599999 98.723427146 41.814677553799996
1461.7571850499999 810.9353213449999 98.47662797250001 41.930311669299996
1452.609283365 812.781964545 98.3295824945 42.1699546033
1442.36187505 809.2533397249999 97.9836302735 41.88103904085
1430.922338565 810.79560137 98.186668465 41.9692039583
1420.3150547199998 812.97943084 98.0798333515 42.0271998557
1408.827196915 811.458135485 97.6885392735 41.71801146205
1398.670349 815.3269100599999 97.339207445 41.6048175625
1390.00445928 816.0764437299999 97.083541443 41.351793752750005
1377.8589418499998 813.95035486 97.0686520495 41.0593789478
1365.013062635 816.9114263199999 96.8061214305 41.1540478318
1358.3189976200001 816.0016719399999 96.06582494899999 40.9246012868
1347.204181605 814.69480405 95.18385536449999 40.71366861555
1338.049095085 816.1118895699999 94.69423522 40.4741616779
1330.884935025 818.380377335 93.8576689445 40.4433626441
1321.545361945 817.560883 92.641966811 40.40659759275
1311.82145255 819.93938403 91.7152813195 40.38558272819999
1303.80126592 817.203565585 91.61685511050001 40.129896663249994
1296.68429555 819.610974185 91.062013318 40.170589909
1287.96251076 821.402940995 90.65153901400001 40.11411047435
1281.0513445749998 817.695315415 89.983026525 40.1411733618
1273.24904452 817.7223366149999 89.3022928255 39.90741773565
1261.49334468 817.2018490649999 88.528826341 39.74205594765
1253.4738639299999 821.7287002 87.564590694 39.7245039524
1245.4943939250002 818.0662814599999 86.7787359925 39.6624825995
1238.36004024 819.50475476 86.4473004295 39.46800139655
1229.895485335 820.27375942 86.52514943550001 39.167299613750004
1223.09820491 822.416838895 86.15748140299999 39.142891379299996
1211.760784825 822.984170335 86.0322987605 39.2081524962
1203.311176905 819.104142265 85.8960812455 38.72680872425
1196.1834083850001 820.7432773150001 85.5041775135 38.6476688073
1189.9171529 822.01072006 85.117328375 38.41822420885
1187.9867087300001 823.47261121 84.0881914555 38.09909347855
1179.523365115 822.884464115 83.70494648399999 38.0853363234
1175.49851324 822.606633225 82.6374492915 37.73043275435
1175.78087181 824.62196584 81.818162524 37.50291423045
1172.2414471250001 824.3742491749999 81.0888924845 37.47881495015
1165.7701802249999 825.1999557199999 80.606458548 37.4624907324
1162.531160705 826.3472522249999 80.318474313 37.5599404062
1156.243876165 827.1424484099999 80.506838333 37.71842272925
1150.62936572 827.0821233549999 79.9358034845 37.7999148875
1143.9305819 826.950277855 79.8416603945 37.7825513802
1138.27578666 822.147612225 79.884486378 37.5130925588
1135.4268192099998 822.4774039250001 79.997801881 37.4671164457
1128.61808987 821.6136386649999 80.43787919750001 37.5025724212
1123.99443764 822.8027140250001 80.69619915300001 37.4550462996
1120.830387175 824.315275865 80.867932627 37.6800265121
1117.751440685 820.6472570699999 81.134822196 37.78893141025
1109.321537285 822.44461054 81.278636741 37.92654181005
1106.4393517150002 822.8644691750001 81.236849912 37.85533347845
1105.4510126700002 823.5942201199999 81.05152029050001 37.7627520231
1100.443880045 824.18495683 80.3659384515 37.7809308373
1100.30056035 820.5927168 79.43384474300001 37.69285323895
1090.880934675 823.8084425850001 78.572526498 37.52344521575
1087.157638915 822.236342315 76.8218340755 37.5555094256
1087.631988335 823.267556925 75.3649841545 37.5574452808
1085.12046759 824.597133985 73.91514945349999 37.4536471136
1082.94152324 822.99071299 72.2358580145 37.837306752450004
1081.3054286899999 821.183404725 70.377442764 38.3033729862
1080.743336875 822.43838633 68.7877085145 38.36725702705
1078.932779195 823.6406449499999 67.2489868085 38.4655692741
1076.7590302649999 822.309362285 65.7625225215 38.3618920355
1074.810265725 822.237808535 64.4363160755 38.69824990965
1076.88520325 821.296953855 63.1243468045 39.100821894350005
1073.382848455 819.502948745 62.600926663500005 39.1922791416
1073.1740874099999 817.7627133999999 62.0168816 39.057253001549995
1072.39534475 818.4268134900001 61.001647412000004 39.19892337835
1071.959005095 819.6249308 60.405708727000004 38.95728834695
1072.437671205 821.2637139999999 59.8963698825 38.8554075928
1073.70813718 818.7058540149999 60.049459057499995 38.7942991122
1069.572497755 816.011943 59.600148562 38.8842318533
1070.6203120950001 817.920706695 59.185673679999994 38.74948923515
1070.70488709 818.80503524 58.8130870735 38.58167028195
1070.17371495 815.757987495 58.425217144 38.04828308655
1070.941324965 816.155704905 57.9431780085 37.95739549225
1073.8925189850002 813.8137407950001 57.405349452 38.20065902515
1073.082107385 817.47672185 57.0105339525 38.35966124075
1073.9531218749999 816.60779456 56.407014521 38.424691198
1076.03867455 815.33521393 55.9126182395 38.4280717571
