1042.0 593.0 121.0 134.0
1036.7415334 588.11794804 121.756268783 133.262853575
1037.99363175 578.34895841 121.7224998195 132.513236751
1037.769773965 566.6035417850001 121.0305378465 132.298993768
1033.16732321 551.30542878 120.8754907485 132.5151049625
1027.892224895 536.7954939050001 120.91912607799999 131.967770815
1027.7897645 534.35666213 120.64080237300001 130.4161029175
1026.85173037 533.192477395 120.7363538605 128.911389197
1027.822155255 525.750895775 120.60294779450001 127.7853874275
1025.51432648 517.14826528 120.85436139149999 126.957410717
1023.22754027 507.53310858500004 120.7756910965 126.008360255
1022.754379495 503.02975592999996 120.2189962405 125.131858218
1021.51973275 498.62126104749996 119.65667088549999 124.03758238449998
1024.8041009649999 500.88422856500006 118.9723639165 122.9270758865
1027.446541925 503.29542054999996 118.0864953325 122.009088366
1029.30959516 497.03018100400004 117.63307515999999 121.2754887975
1031.35877923 489.0125086595 117.3407575355 120.827844979
1034.929983705 494.21542129750003 116.69424312049999 119.68225040349999
1042.65820592 500.86898603000003 116.355769012 118.5155460205
1045.62382862 496.40795976950005 116.107032045 117.78358431550001
1044.68287588 485.0565938575 115.921908519 117.230925529
1045.804645755 487.02523329400003 115.2340435485 116.3519273835
1048.90766082 487.31073632849996 114.76288281949999 115.875524844
1052.347440125 483.36038092800004 114.5398443795 115.18124961950001
1058.433116295 486.08446995149995 114.36802033250001 114.425913707
1059.96773577 491.534970099 113.65950361899999 113.31244933
1059.8707163049999 482.39010424649996 114.0043696595 112.7531270865
1060.35776226 484.5543647145 113.8838602815 111.8642844135
1058.10870479 482.2209685365 114.0223594695 110.731651754
1045.303944675 471.6193640155 114.727719542 109.90493117650001
1046.893141655 470.01394797800003 114.1325450025 109.097625862
1046.909267685 468.81505284950003 113.56443229250002 108.2716006615
1041.924760015 464.60875304699994 113.5442351485 107.639055213
1038.531387835 461.04238353200003 113.276148693 107.05499458749999
1033.26588472 460.9972867955 113.2637769205 106.3115143455
1039.5453979650001 467.3357544985 112.2297828085 105.15027269699999
1035.999765605 464.8668569775 111.9485182935 104.3670220125
1034.34069859 462.8051628045 111.30370966999999 103.5540132435
1034.055108325 465.073511455 110.6909064215 102.80722266699999
1036.963393865 468.1557398975 109.6951246415 101.931916623
1032.53953454 462.25139971 109.72621424350001 101.358649455
1029.805785415 455.32117263600003 109.579236332 100.7123507215
1029.542831755 465.29056933749996 109.24802964 99.97340219050001
1027.84346667 465.93034573799997 108.95682665300001 99.33070338649999
1021.64916193 464.2230328395 109.1033139335 98.692092246
1023.342516175 464.3613022045 108.508593284 98.0123768845
1015.95028308 459.44548809350005 108.62020545649999 97.4728156295
1019.486966015 458.68063806450004 107.76032291150001 96.6870003425
1021.09034022 462.81335616600006 106.960004584 96.0469123715
1019.7462536400001 464.5113767345 106.7102235665 95.475138668
1014.40869286 463.53224311699995 106.772983172 94.9822144515
1017.22127849 466.5333064625 105.941966734 94.3280382275
1017.92251793 468.54474401650003 105.661802897 93.6331251725
1018.183670185 461.9734695175 105.3123824175 93.130639981
1025.787111845 478.7819790455 104.2020211875 92.430469302
1028.112626145 491.0104030815 103.636406106 91.9323567355
1032.02192119 505.932528325 103.0143649505 91.19873816
1030.489697045 504.163030705 102.83228706099999 90.8106513825
1026.699642695 509.9081575 102.354803558 90.092390577
1016.245955385 499.6132158585 102.90454738150001 89.7892899435
1009.4148172849999 491.4212707565 103.275915367 89.64737336200001
1004.0151888050001 483.419064947 103.51123415149999 89.25838376850001
995.2311382749999 471.165024969 104.34481689649999 89.2295173195
990.407993605 469.726770636 103.85868614 88.550361879
997.77860143 481.4880715905 102.77007131399999 87.945968628
994.292921915 490.377454403 102.2533779165 87.177235548
992.89027882 495.334711271 101.8446382015 86.358482897
992.60356194 494.01933839850005 101.50993866649999 85.9557535285
985.4622351 495.154604552 101.662901218 85.6005829415
985.908699335 491.429579077 101.5304138485 85.346685605
984.114073825 494.99402380649997 101.36984539049999 84.6930705725
976.87447981 496.330925926 101.357530047 84.156513722
971.293973005 492.082453925 101.52704848600001 83.838793068
967.211011545 493.005901876 101.56733961949999 83.485090705
963.7956785599999 491.84548233050003 101.373729392 83.0792680175
966.7260446199999 496.325441675 100.6619293635 82.497741272
968.3084361 502.72036546000004 100.2673510505 82.0638171425
967.857646235 519.51761734 100.064778299 81.2619447685
963.5630799 515.123862775 100.074372385 80.79903339799999
959.8457331999999 508.42531286 99.732236379 80.44799503349999
960.939877345 508.31380431 99.736468183 79.966059742
952.843669105 503.025015085 99.950555549 79.67842025799999
951.0865931799999 496.5119685975 99.8051170375 79.41097006199999
946.13213831 490.113160138 99.6432987075 79.078216787
948.257592725 496.7606923725 98.8780088365 78.246161656
944.904499235 491.96184185749996 98.2463961715 77.7752087855
943.616259575 487.6779379835 97.888911588 77.4456622285
940.170386455 482.175363588 97.492710002 77.117400722
948.99909002 501.88524546499997 96.6016464125 76.318334005
953.386154155 507.9033132 95.828946191 75.8809062875
951.24258753 506.49606378 95.1726331655 75.4504513045
956.416557015 514.3369072849999 94.48350578099999 74.868472497
957.502891395 514.486689425 93.6474570845 74.47750053
956.98701578 522.7274037 92.7752834465 74.076394222
958.9245167849999 527.42345277 92.0441506235 73.642751245
964.8382835949999 537.41246331 91.332955892 73.1525088285
957.5453152350001 531.90075752 91.219950197 72.8304028515
958.0425059050001 526.320043755 90.42660781500001 72.647615046
952.6504522099999 520.025008615 90.378345919 72.804043695
949.146789225 518.655562175 90.05696705049999 72.6674138
945.870637465 511.33937248999996 90.246703682 72.641044839
945.1152635850001 505.742269745 90.071504971 72.499511072
944.6927128750001 512.703876975 89.46253338349999 72.2177603255
944.10543244 511.58803991 89.002972258 71.82276618350001
945.7900793599999 515.74063549 88.50849835449999 71.362053634
951.74855131 543.0311253699999 88.0361316055 70.550954676
951.2076131599999 543.06318778 87.53562964 70.033371497
949.1515910149999 536.25592395 87.77452683850001 70.3285531295
947.5059112949999 546.6494261199999 87.723759147 69.959531396
951.19369096 547.3528319950001 87.7319598385 69.8099392555
951.541830915 555.626140515 87.5331229735 69.457684194
952.94569843 563.84096681 87.417427339 69.5208924085
952.324466225 560.723598845 87.2731491265 69.625920795
949.72679191 562.15181846 87.45167341349999 70.0327315955
942.75690521 556.19785459 87.671098155 70.335578535
940.9455841 548.45001935 88.01913856 70.425096242
936.55565788 542.29669341 88.0090934355 69.998851049
931.1913748400001 537.32690192 88.34233732999999 69.86681989
928.826439275 534.990827585 88.4109087655 69.6878364695
923.058317095 528.271505305 88.443240402 69.768964967
928.3462455250001 530.96259142 88.452280626 69.4830061965
922.5652646100001 534.99340332 88.460016266 69.1913020065
925.2148877000001 535.0935521600001 88.1544538375 68.8112344765
920.473099025 532.003037615 87.8573107255 68.4924383645
919.8507728750001 532.3386407400001 87.2497843985 67.881534674
921.7705402449999 535.7418730549999 86.7007845665 67.5142930205
916.403781865 540.6322231099999 86.29451856499999 67.223573671
917.3742098399999 537.502692995 85.8558883675 66.843551241
910.96529635 530.86187087 85.87610218249999 66.937056818
904.990000245 522.63005334 85.9989124875 67.010302479
900.591613735 519.9465384150001 85.874281835 66.840257096
898.0187369550001 510.37402655 85.6358984965 67.092936014
896.9858996 507.95470418 85.6239904745 67.0667768385
895.9517465099999 514.312920995 85.2395952875 67.038261613
895.2103446 514.026901895 84.771557989 66.74512295299999
893.979293375 521.94551015 84.111667846 66.098541415
897.9351940050001 535.1328502599999 83.342612659 65.5353876555
899.794904205 531.2431122200001 82.812631372 65.06977968
897.03070345 525.74204593 82.565849536 65.0419696785
892.181207635 525.37159487 82.24919170150001 64.6113309425
889.05446638 519.901116295 82.037436822 64.47905023749999
887.747049945 520.558534115 81.7447574885 64.3358612655
886.9997845349999 519.3151458 81.566638546 63.993667306
888.16427073 522.3140536550001 81.25959824649999 63.845671302
887.330665285 525.252883185 80.98622784950001 63.498603749999994
884.82219821 522.21338445 80.803137169 63.118355055
885.2577088149999 535.1196460900001 80.35811097 62.634603992500004
888.172922495 540.2981039 80.1628891695 62.4488289
883.3133648349999 538.817472255 80.2918169225 62.1630605335
880.9723065750001 536.478812555 80.2521708025 61.921713716
882.613197605 539.762545505 80.06805098199999 61.662474381500004
876.897753965 537.571617885 80.0734178965 61.461029329
879.073225695 532.99907252 80.12939734150001 61.332450645499996
875.570446425 533.996956485 79.95304052099999 60.998255079
873.9660235949999 539.9097393750001 80.074768736 60.879873595499994
874.585578485 534.628084255 80.10854353699999 60.8611012075
873.411578815 535.958557115 80.009161217 60.6290354625
867.901773345 535.3224477050001 80.09878404349999 60.5174751585
866.8020735250001 534.8054334799999 79.9811808025 60.3421979845
867.40290252 553.7812972300001 79.89768119749999 60.237725619500004
866.76189947 554.75569277 79.5979610295 60.029989075
864.23596533 555.4897835500001 79.3316260845 59.8207505045
866.0033380350001 558.44738035 79.208174155 59.6172795135
861.64913253 563.43059945 78.66201325099999 59.315711208
861.277427685 555.749837065 78.7782758905 59.3952708175
856.81234513 553.68321843 78.9894871945 59.4446949775
854.9384386049999 547.52421952 78.934971371 59.3436753725
849.5582637050001 551.27050817 78.695091826 59.280145663
845.1193125499999 547.04563945 79.011452527 59.156642843
842.817817215 547.150902565 78.924114268 59.3413264375
840.90569181 544.41002875 78.85115048450001 59.1276652305
835.1296304749999 538.106032795 79.200715482 59.0807925445
832.275332155 538.78738456 79.603671374 59.2016839205
830.0691950600001 543.093225605 79.7594415815 58.9560391325
829.896631235 542.74156928 79.7769740365 58.889815597500004
826.4722864099999 542.176572865 80.095268124 58.6653065255
823.0047701850001 544.750807595 79.9922172285 58.43993162300001
820.295918895 551.8043239699999 80.084983438 58.3931588695
820.34224436 555.9481531250001 80.4250843735 58.44540483750001
814.4171298499999 549.327710765 80.315732176 58.4136229125
815.582716645 556.22568905 80.187879598 57.997478422
813.5215555550001 559.477392855 79.991928571 58.146282334999995
808.125608685 557.308651145 80.065688273 57.906863461
804.302383885 555.79089919 80.22544518149999 58.0098235545
802.606247625 554.074828715 80.294883747 57.805225275999994
796.99329233 551.015859845 80.20567949349999 57.495683309499995
798.3094159799999 550.777624875 79.87728760249999 57.199316391
791.8629233900001 551.1763025150001 79.3714349625 56.974121291
790.563366235 547.059816435 79.50108379049999 56.828067718
786.087331695 544.65010268 79.2884952285 56.8605814725
779.8706964749999 542.19177653 79.3031888435 56.853723054499994
782.740714415 542.48185267 79.23290739299999 56.997969998
785.14697396 554.4886971999999 78.807452247 56.555379945000006
787.6755771950001 568.11804543 78.450622562 56.321551887999995
783.352214405 568.633461845 77.9599504725 56.22308296
783.97342435 574.3846778750001 77.4439278955 55.953791502
780.39110448 580.42248137 77.3320295095 56.044811691999996
781.0944785949999 576.663746805 77.0645360465 56.21693629
778.58241831 575.345627615 77.094466881 56.266775321500006
780.67817964 575.890142375 76.7183152655 56.253020207000006
775.444039655 577.404801765 76.477620527 56.120661825499994
773.82922883 579.76190748 76.3010356115 56.177266206
777.9840549300001 583.32176915 75.7348026285 55.786907393999996
775.542891875 586.512112805 75.106072377 55.5043768965
772.45159014 584.387152215 74.9592686385 55.352621255
772.409997795 579.79215633 74.891373471 55.355248627
770.48178021 577.916574505 74.3233397 55.715749317
764.8517943349999 573.67348369 74.117970546 56.169083280500004
763.96215321 573.17254064 73.537468741 56.324744487000004
762.9550932899999 576.4458931099999 73.0876931925 56.1545450525
774.6713260600001 604.23611015 72.6240393195 55.6589022185
773.4616486699999 611.86544038 72.304167054 55.157244737999996
770.94925014 609.5170131350001 71.8029782845 54.844718330999996
772.69614891 610.228020625 71.6638829435 54.667580522
766.94585296 601.694512285 71.381332774 54.5975474955
767.8113644 605.960250195 71.0091261015 54.616666641500004
767.36862754 609.5950345050001 70.696031502 54.690233234000004
767.28893676 614.56066404 70.559863496 54.900173067500006
766.28115601 616.91515131 70.27080511850001 55.187565979000006
761.92626851 619.006038835 70.2035938695 55.271355907
761.44004993 618.42921117 70.0720800405 54.968204207
760.01807893 619.445143145 69.9191187725 54.423795805
763.27541091 619.786788005 69.862270353 54.003811069
760.5222501750001 617.949666365 69.92485236600001 53.9306495755
756.995826795 621.37141531 70.008493398 53.8858891645
756.2061800700001 619.4610342349999 70.010278515 53.8185681905
754.93533794 618.869609635 70.4694248135 53.6463067685
754.849389645 620.658528345 70.6807977535 53.777711159999996
760.5646581249999 635.409546175 70.951970582 53.6046619885
766.077558965 645.90236764 70.88806097 53.404987772999995
766.193347425 645.94494906 70.84789815549999 53.222422748
765.115496355 643.9829077500001 70.7738904765 53.147824697
763.5489762650001 642.17443738 70.26092497249999 53.2601039735
764.47478047 641.330295405 69.670862683 53.451463417999996
762.57623024 636.844608125 69.1998528295 53.590404141
765.4777061100001 637.515319445 68.9795417685 53.684714319499996
763.5227650500001 635.5443462000001 68.566275837 53.971345829499995
759.828359255 631.5038942049999 68.2853525925 54.1860186365
761.566976845 631.873335115 67.7585288955 54.223966682500006
763.913617915 631.665883645 67.52603272 54.0613171505
759.79230624 628.33713572 67.385488586 53.8785567045
759.88803046 627.722629835 67.137904968 53.2757853305
761.8664587349999 628.55736576 67.428953521 53.096708213
756.06652889 619.680464415 67.9866473225 52.940630764999995
754.807323605 619.073614875 67.78739084349999 52.7885796075
758.931252725 616.253651825 67.5190012055 52.667407667999996
758.8055944299999 617.3330614 67.123076319 52.36852657
759.8616339749999 617.042673305 66.5979496905 52.427421356
763.01626098 616.15330182 66.360123469 52.3133252345
765.56373659 616.62370833 66.036131998 51.901518602
769.4560570149999 616.19952061 65.706261478 51.493398015
772.0254441100001 620.491613 65.6159370415 51.0458439955
768.62968517 618.08930012 65.9428051055 50.907504436500005
770.221762435 613.62385952 65.9591276305 50.771591799999996
767.32767932 612.117861375 66.006172834 50.6420172715
769.48377364 614.83068911 65.77391755549999 50.516899069000004
774.1701073749999 612.93617945 65.178821966 50.25346366
771.9556274500001 614.78321295 65.171467523 50.228049296
776.9890042 618.864589405 64.903059319 50.336340492
781.50107617 623.3504463749999 64.62997053449999 50.330740492
783.9021055950001 625.22074161 64.25562647199999 50.311020278
779.6900513200001 622.17913551 64.2002427795 50.2324753155
783.4481030249999 629.044660945 63.8883121275 50.001072987499995
786.3325645550001 636.97637746 64.0888334865 49.45085220525
787.213535345 637.183010645 64.2655748515 48.9363310105
787.6630504249999 636.91516824 64.56716603150001 48.7143344071
787.533978915 635.465627065 64.7687791235 48.45507077475
784.8793740899999 632.61459431 65.075628095 48.59851916685
783.921080925 631.5502996 64.9184099515 48.74422281955
785.82434298 636.03223665 64.8992071625 48.798041708650004
788.63616174 638.8839428050001 64.86561197500001 49.03053305900001
787.8258047200001 644.851685515 65.0831144025 49.21932512145
787.0405653749999 648.29062598 65.2262813925 49.2752903337
791.648718595 647.98284697 65.2653659655 49.494710765049994
789.2224950899999 645.8778564 65.7156702085 49.8421834087
786.4617404800001 642.18946963 66.07788604049999 49.828698814549995
787.6172773899999 643.53531862 66.25060209 49.7990286727
784.34474901 643.6082045950001 66.124178195 49.665504527450004
790.431883545 651.7792274650001 66.09353630700001 49.347645786849995
791.2146269100001 652.263368015 66.078908896 49.344539325
791.22729204 652.645862645 66.0207152645 49.2780717139
790.421726415 651.70531078 66.08311599550001 49.23724415395
789.856976235 649.671619015 65.8643158135 49.143890382200006
789.4916897400001 651.487469795 65.481806522 49.02471721445
790.12841862 649.05300371 65.17494125249999 48.7908782852
789.840179045 651.736241615 65.0460726065 48.55857556025
788.3967029500001 647.73872837 64.82424938150001 48.38435376575
790.14057456 652.24374732 64.653374824 48.4678080573
791.994861655 653.453998665 64.693472482 48.63282647245
789.1460140300001 649.7773058849999 64.799512111 48.72797039025001
791.692702375 650.7831448100001 64.94664810399999 48.693109016099996
791.2073090600001 649.2272237999999 64.8435017905 48.606237435850005
788.175419725 650.74248473 65.227160635 48.500081627149996
789.80277286 657.7852811549999 65.025591218 48.241331137100005
801.566629275 672.85985465 65.046771929 48.1341813298
802.6451767599999 678.7002708699999 65.2986795965 48.030820264700004
802.99448632 673.3003583999999 65.2801796645 47.999798185850004
802.24945472 675.217752235 65.3221524735 47.756053670650005
800.689273635 670.71620852 65.0973234835 47.72718886065
798.205121365 669.2803872899999 64.875358602 47.5339204607
800.5740426149999 666.7785647549999 64.550368245 47.315183752
797.61783829 667.404198 64.4682072215 47.33046209370001
797.44313646 666.06869492 64.302360412 47.10222663985
796.6310717099999 663.4656163750001 63.9711619615 47.01077669275
797.031878785 661.738119945 63.8137388115 47.02920265030001
796.23206212 659.14581535 63.7796642015 46.9979572192
794.21731381 659.90091347 63.5222952865 46.83936943995
790.39941951 660.145020815 63.504216265500006 46.7801846538
792.2798322350001 658.16786588 63.259635518 46.78051825215
793.116975825 654.37271381 63.060719681500004 46.728940396300004
798.0810951850001 659.1385332599999 63.2151921895 46.78364055935
797.2217139449999 658.559882175 63.2932329115 46.829484053200005
812.5916200199999 670.2477811900001 63.71546667449999 47.152666563
807.7878409749999 674.2220275850001 63.685352241500006 47.389691044550005
819.28341984 692.29139486 63.932020462 47.957927831599996
843.4822816400001 730.63515278 63.8520991755 48.84937303455
848.7345037199999 760.152638215 63.3764492585 49.7217623478
848.3969224099999 759.43449446 63.179538635 50.6170145095
849.4560718399999 760.736011555 63.051366159000004 51.429377386999995
846.0615747049999 756.3053179999999 62.8938649015 52.0846391885
847.365037185 757.48698219 62.990311898 52.605467893500006
848.56499677 756.8134818350001 63.079682827 53.0337215175
846.91424868 752.423073465 62.879916112 53.293696255
845.17196443 752.588636145 62.711816139999996 53.475412893999994
847.307193655 752.68865109 62.6185863885 53.729597061999996
846.63482765 752.499520935 62.4830239225 53.699497729
849.3054778 757.500332345 62.401550144 53.8148370415
856.35075826 764.4411771199999 62.332671443 53.9673480015
854.9046751999999 767.5684234 62.200110614 54.110176718
858.160186155 764.48053985 61.940479397 54.168939268500004
856.349433785 765.3602293900001 61.830328918 54.296270062999994
859.91044988 761.94896652 61.7061914535 54.305807859
858.6316903549999 763.2967564950001 61.660262772 54.311552853500004
856.54024968 764.25390391 61.7005765855 54.2140043845
859.580086685 765.3551428100001 61.6778025165 54.1446875755
855.0577060649999 763.302947485 61.6785200995 54.2378234605
858.099911305 763.09025222 61.7570657825 54.189425289499994
855.291689245 762.5058297850001 61.823203401 54.203784294
857.427509865 761.541665875 61.726443728 54.3242945045
853.6139930100001 759.76579329 61.741566983 54.401871314000005
856.1303967599999 762.077070075 61.633220535 54.3580482055
859.678629205 759.3268338849999 61.934065367 54.287660394
862.23516907 760.761795485 62.0823681565 54.230473636
864.992785605 757.04530729 62.264431169 54.131059336
869.134140965 756.81355721 62.635586968 53.8675684895
870.99518344 754.397678645 62.4002103685 53.829784495000006
874.011357335 755.61746836 62.491948806500005 53.617614681
873.4482743149999 757.477015665 62.4995502035 53.371138221500004
877.2660709349999 757.313952645 62.657336151 53.483963693999996
881.251951575 754.2837059599999 62.8011051375 53.216802247
875.724209845 757.9785015699999 62.714328681 52.993471184
877.6350025950001 759.6431788949999 62.7903691385 52.899670597500005
879.572637345 755.909092505 62.832591268 52.72051774650001
876.642892405 757.30753116 63.148868287 52.749162367500006
880.05894506 760.962177 63.4203284045 53.107500488
883.157828865 757.630846935 63.4757837815 53.088345954
882.640050755 760.66992943 63.427869448 52.95285678
885.21802638 767.36532694 63.234761563 53.049217782999996
887.226766905 765.0188449799999 63.086942732500006 53.06376839800001
883.5744700150001 766.588679935 63.233995637999996 53.172306276
885.82379644 763.63191908 63.1996499525 53.2354382295
888.544113235 765.2200337300001 63.0773282155 53.233978421
885.2552858900001 767.93663674 62.9048805715 53.355825035500004
886.5916040000001 764.81904972 62.890671195 53.306934320500005
882.757668465 765.898175685 63.0060674285 53.338701596
883.8719657849999 761.03212675 63.122743929500004 53.358285101999996
884.6510303050001 759.322414255 62.977097672499994 53.119386959
885.2774856899999 761.88811688 62.825442194000004 53.075197534500006
884.1009678800001 759.2016581999999 62.813364297999996 52.899657486
880.6683245700001 758.0198228899999 62.980077219 52.9799332475
883.672795975 759.7479752649999 63.1275910655 53.2570089195
881.049966865 758.57355408 63.207352388000004 53.16719264299999
879.2753314150001 758.181908325 63.233990149499995 53.0970329465
882.44990491 758.308275505 63.535722106 53.271514158
882.3574689049999 757.0646247000001 63.584754335 53.175566409000005
880.842696035 753.974361365 63.62247732 53.267582042499996
879.355578105 755.60781727 63.6699917205 53.41866691
881.7647273900001 758.495799105 63.9017165855 53.5555922715
881.88226519 760.281135615 63.91499274 53.694881424
883.652874105 761.76365691 63.787220371000004 54.042200095000005
885.147409105 758.885100265 63.981095884 54.296596859
886.77614159 760.474804215 64.29100589 54.57635394649999
886.2418066600001 760.3229069600001 64.387193377 54.7363224355
886.4392782749999 760.19975417 64.383896058 54.961313789
886.433585615 759.30139559 64.455581609 55.0235548695
885.543728055 757.319971965 64.502245765 55.224302469
885.35146785 760.9371919349999 64.551906987 55.3199076565
884.0099232599999 758.91359051 64.4858117125 55.4047264135
882.64704638 756.4690665 64.4854966815 55.566633247
886.0398338699999 759.21699301 64.653662571 55.645320727
884.9533601100001 757.20842338 64.675141911 55.739664288
884.10788542 755.694639 64.7858805555 55.825467231000005
883.44653251 759.380040325 64.8747527325 55.8837769705
882.562323675 757.79178182 65.011335277 56.015541444499995
