1141.0 893.0 47.0 37.0
1137.2211811050001 892.9813941150001 46.912281649949996 37.532574487649995
1133.529639365 887.27505065 47.0700449273 38.10846990685
1132.533937715 882.7305571649999 47.2547303187 38.6696110016
1130.223968795 880.397836385 47.2857215175 39.43551627975
1127.925499505 876.8960764999999 47.4125249438 39.9517892618
1129.12747793 875.7291448399999 47.325345052 40.0584610819
1123.4239952599999 871.36804497 47.5631607522 40.6220954119
1124.65297158 869.04085603 47.49152953495 40.7371491846
1119.86674657 862.72854633 47.6714639651 41.05495318164999
1119.4224711299998 860.8647198849999 47.47995404625 41.2677766534
1117.604860335 855.556353765 47.401443750350005 41.5147816331
1113.388713385 852.85666385 47.4670155639 41.6478765063
1111.19255494 851.74114809 47.47263127415 41.5916409724
1112.90874932 847.5186323449999 47.3237814899 41.537510040949996
1107.5662964599999 845.1691638699999 47.611798497200006 41.57056749955
1105.70178897 840.350080665 47.3577218616 41.5038758453
1106.51912716 836.1105459099999 47.26123176 41.513519851
1100.705169735 834.5207729050001 47.10411703595 41.2877083149
1100.010943495 831.54964284 47.182931868400004 41.5255560724
1100.2341883200002 828.29362731 46.946721460000006 41.43979993825
1095.298611295 825.56154596 47.15684046025 41.5799878991
1096.075400555 822.0698039849999 46.90869574225 41.3621798202
1092.48925779 817.45716173 46.905084901049996 41.63499571845
1089.62627415 817.23977385 46.851142734199996 41.464092579049996
1086.561516685 810.591823685 46.9761801552 41.7556415581
1084.30113385 809.41000865 46.754903157049995 41.78993579145
1084.164082515 805.5534270149999 46.5862175418 41.833870015
1084.6165399650001 806.110998375 46.464019444950004 41.87811681585
1078.919132665 803.62502926 46.55911329825 41.848695263799996
1081.65445309 798.559793015 46.38691514045 41.86424582755001
1078.10343297 795.3924213099999 46.3787940384 41.93592544605
1077.75051556 794.4138628100001 46.4859758991 41.78664248095
1075.541692985 791.5902431400001 46.46972631435 41.75732765975
1071.34428559 789.770774405 46.6709700975 41.554803611100006
1070.269544145 786.479369165 46.678615652450006 41.5957055439
1067.461536145 784.193846015 46.49878134625 41.59955909125
1067.99812542 780.15823176 46.490373657199996 41.52453076205
1066.1933871249998 777.9437816249999 46.4284213892 41.444487933999994
1063.59647196 773.364765995 46.333780789 41.425676713049995
1063.2261819599998 770.437196995 46.217245300150005 41.32766101045
1061.1893601 769.589124125 46.0980212771 41.303803078849995
1057.619092545 765.8015950649999 46.01841540505 41.315729226
1057.058661125 764.6640097549999 45.936664423450004 41.1938177835
1055.222721735 760.6307032450001 45.57599266825 41.30162119325
1050.9894571300001 758.978954775 45.3077278337 41.327822645800005
1049.8214116699999 756.04629507 45.24358091385 41.011635907750005
1051.7738393250002 753.61787693 44.7684491679 40.8996496571
1049.06499959 751.8884587 44.64169254075 40.810919770050006
1045.022905805 747.300650175 44.746009612349994 40.69643790295
1044.26376859 744.8757336350001 44.666934701049996 40.69794137455
1041.907097335 739.42899966 44.5498442917 40.815494230400006
1043.0966339 741.22188744 44.513433479250004 40.6725295376
1037.11976932 735.907188325 44.21291450045 40.8038999577
1039.461614825 732.6786785500001 44.01278904645 40.70293031505
1034.97968523 732.49475002 43.824635201 40.687263838199996
1033.7803853149999 729.541715305 43.82128650965 40.62546474795
1030.9445520900001 728.6748602 43.58781481205 40.51648693
1030.953240745 726.31039504 43.56765042625 40.2246479262
1030.32312179 721.5289857099999 43.2151272001 40.1549906271
1030.1504634799999 720.698163365 43.2900753554 40.0799102616
1028.7160345050002 718.7745027850001 43.01630910495 40.1439578179
1024.71307134 714.4460576500001 43.0087474821 40.07836250289999
1024.670192915 712.751297245 43.06240694485 40.102383431549995
1023.70590619 709.23630422 43.0044114631 39.9122392775
1020.2762674749999 706.89780817 43.01456360505 39.88355222455
1019.975948455 707.2303237049999 42.9325323228 39.81585233745
1019.28718858 705.545495935 43.08542907485 39.631508043850005
1017.10636014 702.857667755 43.09007856495 39.4311552813
1013.77601864 698.659034675 43.211748157049996 39.0977988119
1014.2994309149999 696.2952972150001 43.126095373649996 38.984111062500006
1011.560411765 697.3694121 43.692935986399995 38.2482044952
1009.5374225 696.49281019 43.94038582135 38.05651312915
1012.93746516 692.608705285 44.09922451215 37.57456593555
1011.9296245300001 692.113339905 44.12590372985 37.511790950299996
1018.5712249300001 685.01953457 44.07501725855 36.98229416735
1023.566804545 681.44235974 43.83453544775 36.66373711545
1037.15397905 667.548689755 43.84151110090001 36.56681197975
1040.95630218 663.6023878000001 43.643142995249995 36.2270286506
1039.70556604 662.240856125 43.4635190943 36.014146950349996
1037.354327215 659.9693934200001 42.9785050296 35.7515144197
1035.26378024 662.40476731 42.7642538113 35.30704962705
1038.1322800799999 659.9476719300001 42.2770287846 35.04867004935
1034.483353335 661.554751795 42.19113455645 34.7610819636
1031.8698976800001 659.40983169 42.3410429164 34.3130204123
1033.1525651 659.18972208 41.73395873365 34.31630051795
1025.83089343 660.076318785 41.1868032172 34.07282559005
1033.409781395 653.76302722 40.6073131595 34.09565195285
1027.38622951 654.50566814 40.3089107034 33.880530728400004
1028.864226405 653.852747715 40.24099596675 33.3678087393
1033.1759703999999 651.66724268 40.06468696145 32.9096913753
1025.102338975 650.6101971850001 39.80927726695 32.674879998950004
1009.4864164249999 655.978840135 39.7137982765 32.66864261675
996.16465345 657.8843304999999 39.7846964945 32.65731046165
984.85861323 654.916789385 39.6975432823 33.00319883355
982.047111815 653.691703715 39.7723078917 33.5452562399
982.574877055 650.18630011 39.858971416900005 33.88682986455
979.9673962999999 647.89563112 39.83712373705 33.8739528041
981.237956075 648.84558582 39.710425059449996 34.01555575465
976.5153283249999 643.6383577649999 39.786089258400004 34.2257616995
975.828227855 640.808386435 39.69668683175 34.502606340650004
973.826188285 641.1614777750001 39.5267234303 34.58412626125
975.10239256 638.61067734 39.36883816365 34.71125919805
975.2841985499999 634.82118195 39.3175929429 34.92032682985
973.877701935 633.77412424 39.2642799592 35.04862728575
971.76475271 631.175197885 39.2264015445 35.0167493759
968.5338869999999 631.623342495 38.97562764265 35.0724902823
968.40355676 631.193956755 39.05667989 34.6673097093
967.300330535 627.898292275 38.98925410865 34.76560510425
965.4401237499999 623.36568551 39.12422472435 35.08762564935
962.318302275 621.6502869650001 39.12406569465 34.892513188
963.0192713050001 623.28264211 39.016893316150004 35.04707750615
962.59927359 618.374976605 38.9118335894 35.28553374755
960.234349365 616.3391772 38.8907584231 35.32918091425
961.75803937 617.939650485 38.77806042155 35.4549569753
957.447575625 613.180150065 38.69806577605 35.61375609695
957.0774014699999 611.6404929849999 38.69887189415 35.51717321835
955.14844468 612.661152775 38.82920854155 35.69170406435
957.03910741 607.501620935 38.76469799485 35.8680538781
953.197558505 605.50974388 38.9659304727 35.74517484335
952.46617618 606.18886019 39.0885199186 35.961067519749996
950.5634445 605.760800625 39.1621804722 35.9639197083
947.30083866 602.79431357 39.14467928955 36.0014130959
948.039437435 599.21631753 39.04743071765 36.063001778600004
947.93890911 599.2827461950001 39.0722611718 36.170786757200005
946.54986666 597.908239655 39.2028304974 36.1560820024
944.0909513450001 594.609116635 39.45983354955 36.2061783612
946.54013776 595.315334805 39.5716690118 36.13939242105
943.045551345 594.07725613 39.57172883825 36.11316290365
942.941578295 592.065980355 39.8043030434 35.990504952550005
941.452888225 588.19097452 39.838708180050006 36.2067120357
942.13113717 590.587192925 39.78554332685 35.9116381411
939.302681625 589.86330188 39.83073856325 35.77005332185
941.1468506200001 586.8182867849999 39.79895401115 35.8917249073
936.484456225 587.299478395 39.83684562525 35.71602118525
936.7716894749999 582.177396195 40.0681947942 35.789082981
935.98565118 578.928358235 40.05000561235 36.00301982045
936.48097163 581.401059145 39.998769738600004 35.85575630635
933.84209519 580.60413906 40.11967443555 35.8318244249
934.7030226699999 577.899187565 39.9778657164 35.928875269849996
934.935620645 574.029233905 39.757307966300004 36.128999276
933.9129299900001 573.183411665 39.79939054105 36.01066181355
932.0902970500001 570.04111474 39.5051287478 36.280363809499995
929.4076434199999 571.0436240500001 39.43800254685 36.3520363577
931.5025515899999 570.578004035 39.4888635263 36.37527457395
927.435017535 568.259012495 39.4214881359 36.45363317735
926.562526295 564.75052547 39.2060408 36.626541827349996
924.817202525 565.082640335 39.0952529232 36.6912260404
927.4273667049999 563.6215762549999 38.89110385965 36.50956627115
923.9955954100001 561.31219164 38.563726578 36.5812695716
924.9980345250001 562.1333569 38.3249536963 36.6587351692
925.28876666 557.337320475 38.3052015859 36.5727310946
924.914010115 555.18041011 38.1119364426 36.581821926399996
922.993973095 557.59473774 37.83191622565 36.4025379723
921.0489763850001 553.07227578 37.67298040965 36.49081522955
923.144185905 552.49949838 37.45081380825 36.2287309901
919.1428461200001 550.766798275 37.1685834131 36.0582428972
916.46036893 550.29137681 37.16732105835 35.877192279
918.7383433949999 548.18203425 37.2424026816 35.867365811149995
920.589272595 549.2231082650001 37.0719374416 35.61685497505
915.541130525 549.017411185 37.2245472726 35.5429615036
915.5516334499999 547.171190905 37.185284352850005 35.617584703700004
914.56705001 544.567329915 37.326932739499995 35.469048192399995
913.40394241 545.63738675 37.26672761245 35.42731441425
915.9785383899999 540.64904195 36.9851245602 35.67745082805
912.50066068 538.48391141 37.02657786975 35.64306145845
912.7852477199999 539.86477639 37.0640742067 35.4323850583
912.12404608 535.06621685 36.92873881565 35.51778288055
910.4285570899999 534.21355149 36.934485925749996 35.43863975285
908.03924514 536.662538275 36.8710867937 35.312998734000004
910.27241164 534.8448728200001 36.8905486874 35.1899113711
906.172019495 534.83465812 36.93296434115 35.1214633956
905.58826471 533.90474354 36.78903450125 34.9262036338
904.36080825 531.944275615 37.0324732899 34.5266519765
902.266267295 528.1480845250001 36.898234666600004 34.526552444299995
905.1224666500001 528.16879025 36.87462514755 34.40706542185
901.682798255 527.1084007950001 36.90053269815 34.36974507795
902.5140875300001 524.0259834550001 36.798780849399996 34.1990174181
901.9442704649999 524.91769849 36.761284444050006 34.18457354345
898.2293320450001 522.13052135 36.87123191125 34.49862661385
901.0158136949999 521.460266725 36.927751472349996 34.3334243682
898.370578475 518.508382985 37.0468413529 34.1680695875
899.259988135 518.3347352650001 36.741626463850004 34.2458457548
894.3105553600001 517.687316445 36.627885842 34.429229646450004
893.58480273 516.521464835 36.383379904600005 34.3268980003
894.740073455 516.057780795 36.31712145275 34.23497560825
894.7282162800001 514.0320776899999 36.1660610977 34.39911707835
893.000462535 512.1095930700001 36.14271294455 34.4534412211
890.7731703000001 513.02849872 36.12299794935 34.560584487949995
893.06205115 508.21735048 36.047946232150004 34.53789287465
888.84724614 507.27665167 36.04897870365 34.39833306515
891.283569295 507.00375907 36.00543606965 34.29411398955
890.04372664 508.93246114500005 36.0998513652 34.046282691399995
888.6561159949999 504.02304651500003 36.0546319803 34.1457737691
886.30673521 503.265807135 35.921559737150005 34.064252222600004
888.3794283500001 500.96180420499996 35.81462500005 34.0567214442
884.242196135 503.98635606 35.8629750181 33.8687860933
884.8290966899999 500.682203405 35.99670051645 33.84968384295
884.46399075 500.4316781 36.05218148985 33.73545416015
883.331576695 499.615905656 35.97629669175 33.61350908465
881.13984667 497.210015192 35.9308938856 33.69107685615
883.1373697399999 498.76384352599996 35.987423398299995 33.396369183800005
880.02584624 494.70172881099995 36.2021446898 33.2075333148
880.8992625550001 493.788461249 36.07145514775 33.007149422699996
883.9302464950001 490.6393600815 35.90408541925 33.19605047615
878.20254626 492.2283595455 35.84016138395 33.29340497605
880.2486225299999 491.0616973715 35.82980315465 33.3667654863
878.9111341800001 490.7488380715 35.7437852112 33.23449110385
875.7273289350001 489.0955525605 35.5743141513 33.34068674125
877.109708315 486.24062113850005 35.3983348076 33.43881181395
880.427049525 487.322417485 35.5594036042 33.3213569562
876.20273353 487.60766319600003 35.5573781994 33.2207725077
876.26101754 487.027530517 35.52115928125 33.2628692409
875.9026301350001 485.08469367099997 35.271720655349995 33.3888109678
874.191100515 482.741096384 35.17963911145 33.6087989551
871.89672442 484.19056610250004 35.3397014226 33.78609213645
874.129298615 480.899191836 35.3906423079 33.8198279075
870.98470698 480.870428119 35.40236735385 33.9225414701
871.6767746799999 480.7259962 35.57277638165 33.7925930938
872.40944232 480.5010489525 35.665938775949996 33.651082705
867.45382624 479.50447999749997 35.8114076684 33.4489643259
865.209214425 475.48901710350003 35.9660056819 33.5310496319
867.825081245 475.84738650699995 36.2182224756 33.371968119150004
864.59803051 475.9229264145 36.45317228405 33.208393089
867.5385866400001 475.829714452 36.537814318500004 33.4208559948
865.31571942 474.99864995350003 36.69023618915 33.4671352091
867.413167575 473.431010424 36.83853244395 33.5450000714
863.823867805 470.83473251249995 36.7717927005 34.0153462535
864.6701033649999 473.165727787 36.5770813062 34.35082064265
865.483774475 470.56735168449995 36.5144544808 34.691853402
867.1550801 468.988550393 36.4778536034 35.22134712295
863.4526506500001 469.811346121 36.67136828395 35.4849544899
864.35952924 465.703536706 36.970238388 35.49811830635
861.18689984 465.579326848 36.926350920750004 36.23531849585
862.66920826 464.892593356 37.14085534025 36.8059967492
861.22862576 465.1467052985 37.12629924135 37.4512396494
864.0072090699999 464.588872131 37.04359832585 38.10787977865
862.03031645 464.33610862899997 36.92781746005 38.6289275193
859.11968323 463.4121459355 36.9801707911 39.221053544650005
858.518356775 459.1582873535 36.757525098 39.77933979295
862.092085415 459.3078616115 36.701791756649996 40.34856922655
860.2259233799999 459.67495034800004 36.9844745734 40.6712554712
858.355578725 460.149754375 37.259444997900005 40.75836265435
860.13403619 459.34002946649997 37.54066988805 41.02129470175
859.81257676 460.7217675585 37.9266556962 41.00613850405
859.615565295 457.189679629 38.098868122249996 41.0516605949
858.0759720499999 457.72091161699996 38.3113432114 40.95148442105
857.077539605 458.5103176855 38.6564107345 40.7799561317
855.9708776399999 458.738473494 38.94645406145 40.7621338709
854.460575575 458.922433479 39.34207708525 40.4396897433
857.1392251100001 458.01843304450006 39.6006070259 40.267329667649996
855.277919555 458.11925654649997 39.9379628758 40.1677890965
853.45000993 456.9386737365 40.16037560495 40.222374162
856.837822915 455.34634504499996 40.272956800150006 40.345232804249996
855.1996741 455.1434859485 40.501565677449996 40.248665700400004
853.7406459800001 454.6203495715 40.63159398495 40.342813629350005
853.5049829899999 455.0002233185 40.6251465621 40.38331709115
853.6083272400001 457.16817084 40.752163881049995 39.96635813825
855.95894249 454.90428285900003 41.006776362100005 40.357239120450004
855.995700685 456.6023995365 41.14304999725 40.0300970656
855.8338571500001 457.362591243 41.13217424445 40.0904874222
856.35453043 459.0056384265 41.15728433365 39.9797695293
856.88981314 455.7150127595 41.0063626981 40.04758258195
856.7402781049999 457.263864723 41.0081755826 39.926708374149996
855.954963095 457.81576951200003 41.149563018 39.8629822179
856.155181945 454.435192949 41.2261565845 39.7066212109
854.014268655 458.8934155725 41.375684519050004 39.62866124365
854.701322725 456.040213376 41.272216233950004 39.48972322095
853.5515564550001 455.7739570215 41.31357844435 39.4760700617
856.466011145 454.81456930950003 41.393379889900004 39.518681024
854.196795245 459.392566841 41.5586692709 39.44795509995
854.426368245 456.67452310199997 41.69340561025 39.140393476250004
851.5876812099999 456.067063927 41.82986345645 38.9372009406
854.0335144150001 455.16735410850004 41.8688766319 38.9141425691
856.717821355 458.49815356500005 41.8994812121 39.09612198385
852.1977743150001 456.377059473 41.82873858715 38.9557311588
855.0745666900001 455.76550268849996 41.9981341215 38.87854874305
853.1299097350001 455.46113553349994 42.05677531805 38.86336732955
855.374069285 459.4958006485 42.32312352815 38.95325987695
855.599936565 457.298828749 42.454271379649995 38.527523977200005
856.0428389499999 459.9308433705 42.4364766037 38.2130316181
854.64976495 460.329615434 42.42350518435 38.24628237415
853.865278985 460.2952662995 42.155444946799996 38.4928909139
853.9834354750001 459.28078424299997 42.123914582450006 38.56246355965
851.1987925 459.1276708835 42.258934247499994 38.367506242350004
853.4879203200001 459.0180466905 42.60273005115 38.162042092549996
853.8868060750001 459.2495767665 42.5092613256 38.10339055095
852.97566318 459.64242036999997 42.348470239099996 38.0776574213
856.540949985 459.6047596945 42.0843865163 38.183545849599994
855.08984244 459.0369534485 41.9252923821 38.39053820695
853.7307270150001 458.93150785499995 41.84263865935 38.4669831673
856.82248163 459.2458950315 41.9137241838 38.3903731669
855.11075827 460.5379773925 41.9150175656 38.13646075385
857.91702165 462.7847763595 41.782295995 38.094753166749996
857.310630655 458.00262700049996 41.65137247685 38.2752362254
856.2971030250001 459.1509726335 41.5785980726 38.178883843150004
855.24018352 459.251126409 41.39509404214999 38.32504205985
853.9754272150001 459.75383396399997 41.351251311750005 38.204058509
856.4735985 459.39093951049995 41.472903529199996 38.28640670405
