817.0 161.0 62.0 59.0
823.510154715 158.3091383425 62.526284949499995 58.349007754000006
824.31609471 161.6565335055 62.755393354000006 57.912879875499996
819.373446295 155.8588479275 63.131023826 57.6274805225
818.4958005 156.8008132555 63.529383704000004 57.419198489
821.1655758400001 153.81567810849998 63.4712355155 57.0252756965
821.590005 152.28062345 63.728313348499995 56.836889819999996
823.05921656 151.207346532 63.78720086050001 56.8558862525
824.895324875 154.998736251 63.8751148195 57.0043148215
825.20092748 151.2819819055 63.638941781 56.528248882
822.934820345 153.9253442465 63.6558747735 56.558316996500004
827.537979105 153.1356754315 63.618896925 56.4715540505
831.49916012 157.647804882 63.521505106999996 56.419257975
831.987245155 158.014361638 63.425045438 56.2818850895
831.7230556699999 157.826335394 63.212597599000006 56.075537837
830.997681855 156.6938749765 63.096141018000004 55.858349386499995
831.280725185 161.0089948305 62.880345994 55.819774082
835.362781195 169.61482217699998 62.565085525499995 55.750820206
841.40082493 181.827686842 62.5122705535 55.6710347965
841.6131639 194.84145645 62.557927915 55.615511554
846.01851242 213.61626103550003 62.38671370749999 55.527816219
851.57558226 233.557951272 62.194583881999996 55.37634738450001
848.851649005 238.5758749555 62.27981286000001 55.494490669
851.344627775 240.6405822725 62.103717720000006 55.505435526499994
854.010646105 239.093044272 61.996520961 55.401024956
851.5999807449999 244.065548121 61.87570208700001 55.550585032
850.276336675 247.88906282300002 61.698276198500004 55.4774339275
855.47675399 250.70198964500003 61.468045107 55.2615303065
855.33405236 249.0528721325 61.356392622499996 55.18433713900001
854.571037035 253.94568005349998 61.217244539 55.028986402499996
853.97981744 254.55370483349998 60.9653042215 54.729240628
855.770923215 251.72670108 60.90481804699999 54.5694214365
851.026534265 253.649729591 60.947392272 54.5355782855
853.09969969 253.41018639 60.683921623500005 54.473823483
857.804688165 258.3982072775 60.428450074000004 54.2406988735
860.65578402 269.0838240915 60.159546478 53.9756415175
859.722836575 274.544798786 59.9065649785 53.724319611
864.765831225 279.61971970850004 59.5585354 53.484784542
862.538779815 285.44865943950003 59.5100771965 53.559372743999994
865.44491936 287.9720520405 59.3570017135 53.4706634635
863.381172845 287.63935405200004 59.363414698 53.317178850999994
863.1927057199999 290.1990233255 59.136496556000004 53.2233066245
863.95178306 295.7144784625 59.0818883535 53.22699241949999
864.623559945 297.6769172225 58.788044172999996 53.174309764499995
866.077389275 299.1848476855 58.5688446325 53.1265432335
871.1130300000001 306.79608342 58.426562645000004 53.013543124
875.05046101 314.5316687825 58.1847761805 52.9013341405
874.9064588 325.672176784 58.08460541549999 52.945575407499994
873.674956605 328.0650883085 57.8163870425 52.8972586255
874.6085597450001 330.8827622845 57.6860827905 53.132533054999996
875.642875865 328.5303299915 57.730145879 53.1614416645
873.77775908 328.69670038899994 57.5142123085 53.148394293500004
873.566591365 328.0759416395 57.451800162 53.3716917785
873.926183635 335.8683303135 57.4754229125 53.693052717
873.194468425 335.183389628 57.2188097955 53.4677544805
876.714598245 343.67297966350003 57.323094129000005 53.704314324
878.691533755 348.8916675975 57.1984810595 53.5199871005
879.87136345 349.35714367549997 57.140496262499994 53.4082580055
883.3396936050001 352.749693954 57.3332817 53.4360846385
882.57938846 356.83986638150003 57.3757148395 53.4939803815
884.3270117500001 354.777614566 57.1526734215 53.052640017
883.32763225 356.154867551 57.3763627365 52.96827849899999
883.41808512 359.5430038125 57.350598779 53.0342802725
883.417638555 361.3731931835 57.5095349825 52.943698766000004
884.573639225 368.5143791605 57.6339295155 52.714196584
888.255559365 375.93521435699995 57.7076413255 52.445116144500005
887.46521923 375.98914045500004 57.7839750215 52.3708861165
886.695466965 378.58182375449996 57.845855288 52.4212818265
885.6774153050001 384.1457865785 57.83977919 52.346277462
891.134766265 382.89836194099996 57.817254815 52.1433944975
888.20688054 390.2723152505 57.983861571000006 51.9704355455
889.38441364 391.2640442825 57.896798114 51.846658231499994
890.98484814 395.7056656745 57.839821194500004 51.690523324
892.47514432 397.8526062405 58.033112205500004 51.481806381000006
889.42766769 402.529381139 58.201664136 51.3708472065
891.03735122 404.796694366 58.403533597 51.143986045999995
888.5281672799999 404.313612606 58.54747003 50.997334343
890.58622226 411.1419925875 58.891492214 50.746477639999995
887.7553492449999 411.7488836895 58.9755873685 50.7188782515
891.652292175 417.832775345 59.1586267625 50.545301977
892.5108858149999 423.27168886649997 59.0026104585 50.545376966999996
892.60096003 424.147977753 58.9341276455 50.508969302000004
891.334784 424.2182536425 58.922894437000004 50.431509223
889.6863105750001 423.224431245 59.0209975865 50.34899163749999
893.08140907 421.2043559565 58.9615443055 50.0268073425
891.023947875 419.6806527305 58.908995301 49.786407974250004
889.5962676400001 425.983325414 58.8019227405 49.6665907463
893.6045829299999 423.66281356999997 58.786060907 49.40593872584999
890.164140425 424.53975904849995 58.753436815 49.5143580621
891.561748715 429.84585693249994 58.685063039 49.624625458500006
894.02737861 436.55776305000006 58.6413770425 49.63916722065
893.82613085 445.39161987599994 58.754259824 49.82744892545
898.7464525400001 449.813746835 58.498134160999996 49.61653131425
896.39669922 456.1179520705 58.317423432 49.7329592457
899.9835759450001 462.10760065899996 58.1511435185 49.74684118535001
898.6068873249999 464.866345298 58.05085842049999 49.7950462445
896.7959266050001 463.0676020405 58.134372152999994 49.73232716475
899.329289905 461.47741285300003 58.157298982 49.691417687400005
897.019670455 465.49175528600006 58.309412029 49.7159161469
900.1616502349999 463.383159651 58.3106656115 49.63603986575001
896.7220822 460.158593796 58.581445423999995 49.64578933645
897.663213025 461.256301995 58.6604596275 49.61067192395
897.71831591 462.2490410935 58.919012117499996 49.6171030159
895.0448326000001 460.8537631445 59.076238763 49.50827507785
895.64611077 458.5232220775 58.9046043875 49.3300037129
891.3519292399999 457.11924360250003 59.1387909635 49.46828758745
888.828013715 459.77378744649997 59.285191729 49.402316146349996
891.40333074 463.34155075900003 59.2193369465 49.3661483186
888.4991815 463.03189307549997 59.32765813499999 49.33662518475
890.409085885 465.0814730265 59.173890885000006 49.296364708300004
891.341428755 469.55736238500003 59.1369111005 49.21056692075
888.13978233 465.92452169449996 59.63340052150001 49.27991730605
887.2630276949999 464.840599165 59.6358693975 49.23759019515
886.0852864999999 469.0118720305 59.626022851 49.21142819665
884.6018218849999 467.02419831649996 59.656884897 49.00851285875
887.53858343 463.8294645405 59.76854634749999 48.760250620049995
883.71382917 463.5689928245 59.9051365155 48.679589518149996
883.3829121949999 463.90679808949994 59.837938374500006 48.63614921725001
883.756722065 464.3161771135 59.804678303500005 48.60661203295
881.7004661999999 461.930024197 59.904905936 48.6694704661
881.9354514600001 464.5955492335 59.785160176 48.5387818558
885.620133155 468.311686941 59.7726923235 48.530987564
884.9013042 466.3021385715 59.8505629625 48.518523830350006
882.25380267 468.92701799199995 59.9471798565 48.5009086561
882.992673385 465.8583607695 60.207293389499995 48.5433363999
880.2978808749999 463.822605743 60.175952998 48.3059224519
879.725926455 463.09877710750004 60.2026871515 48.2448536956
877.67374014 467.2768206345 60.0766364815 48.188913604300005
873.9047141599999 465.07945322650005 60.2142523955 47.99715844525
873.1615910749999 462.281523877 60.2895916735 47.996189026799996
872.1575048249999 465.0974134885 60.119006336 47.8312501893
875.2410726150001 464.61180968150006 60.0808901825 47.69139694235
874.2653238050001 468.612472592 59.615658374000006 47.487945236250006
873.6356996899999 478.74599112650003 59.548579980999996 47.21122932435
874.61379936 488.3708118365 59.3165896415 46.882068030250004
874.555111065 490.480954127 59.2854262265 46.67306640585
876.13822552 492.1501895435 59.289820314 46.571951993400006
872.41316854 490.2232408215 59.175751878 46.3656739132
875.0355322199999 493.3895880425 58.634572969000004 46.295819610900004
876.80471324 495.19770805150006 58.112074046000004 45.962740866749996
872.5369635100001 498.58324202349996 57.4673963535 45.56728551305
874.223683755 501.66310563 57.0352796545 45.49276565315
871.282338395 501.08292435000004 56.503061077 45.30867008935
873.586957725 502.818543975 56.1359736055 45.5033001401
877.056365565 508.178245865 55.738186622499995 45.7138640079
875.85400908 510.27828363 55.3725518865 46.048517095
874.59344021 508.67210571 55.0944002375 46.50117347565
877.912757265 515.446906435 54.8664588595 46.631700443300005
876.1327991500001 513.7047748 54.5465873245 46.869555393300004
873.37638304 518.6698770600001 54.336557875500006 46.9892806803
877.56832016 521.321967215 53.821170912 46.909608502850006
878.52601239 524.5021753249999 53.5503792335 46.69524764175
874.1656876950001 525.87843288 53.354298884 46.6229522956
874.0650902749999 529.5428322099999 53.263268044499995 46.5861794657
875.39568273 529.32274855 52.6494156305 46.5276277777
874.516795385 529.5905887499999 52.437052669 46.45717656115
870.9231518 531.4713251 52.66394916750001 46.28958014845
870.903819505 534.87964212 52.9288982835 46.25396521895
870.347525655 534.221037545 52.973108278999995 46.223590083249995
867.6904068700001 534.05558577 53.811078820000006 45.750455682049996
871.154145995 535.26132828 53.858083506 45.34954469025
869.22929474 537.43591552 53.849703401 45.033818702649995
867.552370495 539.834734665 53.732048842 44.964601140499994
870.315228485 537.99344645 53.96031196 44.8866565874
868.2446610850001 537.704001625 53.9588791985 44.895929753450005
866.98283801 537.24193285 53.948296669 44.89001155529999
871.07839756 541.698793755 53.9282078145 44.865881982450006
872.2723403550001 542.27410954 53.876908788 44.86262999175
874.280087635 544.294556915 53.8221782685 44.9031405254
872.5010881549999 543.39945209 53.7468792645 44.9173262985
875.05673259 545.8724759199999 53.7347213735 44.920156946
874.02438528 550.484568615 53.737058407999996 44.9151388322
873.70446453 551.190561505 53.72348021249999 44.9233783682
875.47580052 553.648079135 53.76302258 44.8690937099
877.95588884 552.238897905 53.7231160435 44.89896810275
880.552935015 556.1884714400001 53.7913536525 44.8167684518
878.530407115 558.477120195 53.780973121500004 44.796335511849996
875.69434151 556.699622235 53.701416998999996 44.6174193227
872.835356685 557.661161075 53.743090908499994 44.5797224227
875.17678851 561.2156614300001 53.7387932715 44.5854822413
878.722462405 562.398037615 53.6969662395 44.6551365217
877.97830655 564.59224469 53.7447018825 44.503948242250004
877.348197955 567.45922937 53.88820405 44.2626282901
876.22074406 567.051198215 53.8885343135 44.260390873000006
873.084696145 568.034835415 53.934708524 44.0911520283
875.27069714 570.876849525 53.873175493999995 44.025151848700006
880.116157875 569.2164530800001 53.802808440499994 43.936452449449995
879.47303861 572.802297005 53.7108421855 43.898757780400004
878.802428125 575.203331635 53.604443796999995 43.810343153
876.904866045 576.8536344849999 53.4113112215 43.68869548155
875.048666955 573.65716134 53.357932687499996 43.50417099705
878.93793863 575.00740992 53.27696999049999 43.4021704418
877.1082026649999 575.905198245 53.180800157499995 43.3258371055
874.818343635 572.512238775 53.0876623175 43.217298883949994
876.741468335 572.51411377 53.06904172 43.2073372441
874.940640035 572.15176089 53.0112601695 43.16388581845
877.1045823449999 571.05359498 52.883825078499996 43.1291730528
873.0915154500001 568.95455514 52.5937009715 43.0051863098
876.82430661 568.2712691300001 52.553134876499996 43.010774504349996
874.30941452 570.105923575 52.5068137735 42.995870955
