1367.0 522.0 56.0 50.0
1361.8123980149999 521.4216746999999 55.08123338 51.09898939
1357.58705246 522.76931758 54.337751132 52.0452539255
1352.069841975 519.7934842650001 53.758320905000005 52.933108004
1344.54429863 522.4391816499999 53.674508983 53.62819354
1336.111761415 521.65236592 53.5596455495 54.043035812999996
1325.291444215 521.642881925 53.5841020505 54.1399383285
1321.63183679 523.280710825 53.27192433 54.209725663
1310.0845118949999 524.851983205 53.296953858500004 54.222594166
1303.278880025 526.25790278 53.4391546425 54.659529332
1293.6704739499999 522.26896574 53.480861723000004 55.115766111999996
1285.3926526250002 524.215449215 53.0037274435 56.239946853499994
1277.79839305 521.514379085 53.121236944500005 57.0577829295
1270.97149113 520.46494587 53.200805827500005 57.42809507
1264.78364781 524.71574933 53.0616791855 57.7847806765
1258.043747315 522.5813696600001 53.089516107 57.8305253225
1249.542518405 526.18946886 53.351168811 57.924559791499995
1242.81119857 526.499354555 53.4049040795 57.924724613500004
1231.6602051700002 528.932609865 53.475724407499996 57.400056769
1222.50482306 528.77866279 52.7606737455 56.319878489999994
1217.29464194 530.888083085 52.8840241445 55.5484603855
1209.873646445 534.7378897650001 52.5214441345 54.4635698955
1201.92037829 536.4829584 52.503299687500004 53.776412496
1193.242034615 534.14596756 51.969503074 53.153554399
1189.6821504700001 534.27340837 51.810634834 52.6116247975
1179.898102205 535.190848745 51.6359111185 51.9439715525
1173.870370875 534.690678555 50.9246940255 52.019173433999995
1166.279927695 539.510649475 50.728617322999995 51.967522756499996
1159.66279402 539.84182872 50.7869632925 51.713217822
1151.617042375 541.3650311 50.848023327 51.3464437495
1144.84864691 542.13870453 50.85816850249999 51.2063421575
1135.54688469 538.4227303299999 50.733583530999994 51.265266397
1127.900290155 540.8807926850001 50.841426038 51.100901965999995
1117.85929332 543.875190415 50.882792334 50.9379889115
1110.22697836 541.459086675 50.7275228735 50.871087415
1104.1456492 544.8415709799999 50.0908184335 50.9367196985
1095.8927035400002 543.402616695 49.604884170350005 50.884166996999994
1089.34042969 546.0219926149999 48.649529565899996 50.879663355
1083.779137555 542.33357144 48.2492927752 50.9776164445
1075.6001509 544.193844465 48.1677839759 50.793901917
1069.637873255 548.87543832 48.24009854925001 50.505444715
1061.89264844 548.418542605 48.38576819895 50.286101531
1048.961979575 548.87212793 48.71447255915 50.116204311
1042.608266815 548.12963715 48.919003681750006 50.499493422
1034.90779018 548.2716784950001 48.63108875175 50.958635681000004
1030.921374005 546.96499039 47.79318717955 51.5981855175
1021.306833835 546.504694785 47.810472293900006 51.695428897499994
1009.1153089249999 548.19735532 47.87478069549999 51.5926540775
1004.3058437499999 550.206861465 47.87472978705 51.5520634245
995.265299175 547.79974663 48.194233028999996 51.520214396
987.72436806 550.41172499 48.462430069999996 51.345283511000005
979.3192200750001 548.85564301 48.3317117896 51.179583477
972.259730275 551.50569186 48.473668796149994 50.85670743199999
961.60606728 550.34596004 48.3939534689 50.917438619
952.9818940350001 552.7282724949999 48.5668401065 50.443138688
944.5287546 558.04020193 48.41368455035 49.978138262950004
938.16039886 556.03092999 47.926937356900005 50.000526939
932.1824845599999 557.726065465 47.986167951 49.97503326905
920.8213791999999 556.357813765 48.1147463299 49.58401372
912.15569113 559.922775075 48.0520467454 49.542480682749996
905.92412782 557.609894275 47.77725678955 49.70689901305
897.14785322 561.777394725 47.8243747302 49.616905063749996
890.4784933450001 560.89789711 47.89421982965 49.396718987
880.96769354 563.29388165 48.234630031150004 48.90723888065
873.619260315 560.145718575 48.267252474550006 48.5076653677
862.83961793 562.67593024 48.527582427949994 48.028683447549994
858.510385975 565.40946803 48.1447168512 48.1640848119
848.0066788800001 562.97415493 47.56372824235 48.2614106431
840.4407360150001 565.429230585 47.37211728215 48.56104649535
829.480451695 563.12954137 46.88542512325 49.9267704218
821.669843295 561.70801291 46.4583626701 50.9348153035
819.68453674 565.556331105 46.102997138650004 51.82864024
811.842871275 566.530080915 46.222036283600005 52.456670685000006
810.9450869149999 564.33620662 46.1238222998 53.1341989085
801.698261145 563.380634775 45.835569945100005 53.880619144499995
792.075366695 564.51502719 46.26264176575 53.94072181600001
780.68904342 566.767218535 46.6730025812 53.8461444455
774.308557825 570.71187716 46.58884607605 53.552768521000004
765.094331025 570.757565665 46.716624576449995 53.39101204400001
758.977344805 569.996561125 46.926901349649995 53.2490799045
749.13225541 569.9566157649999 46.64299941905 53.1428250325
742.6150431400001 569.5745273699999 46.532344648599995 52.864171411
735.3761700450001 569.554477205 46.16962671795 52.815792416
729.1148888399999 566.912743225 45.5924410474 53.444637760999996
720.575069815 573.98809342 45.34509264969999 53.165696123500005
713.63858586 572.391629525 45.44339028225 52.614297144000005
705.42025085 574.9480665149999 45.877798675449995 51.966372505
691.747482805 578.53609864 45.83491974375 51.644693719
687.1788622600001 584.39415121 45.236789186150006 52.4961912575
677.26771383 597.68813015 45.13992093245 53.252710205499994
664.02024574 618.785776595 44.736053113349996 54.792932816500006
663.266765445 613.7773183649999 44.68905968085 55.4663783875
655.797305885 617.635323975 44.8208688812 56.224786101999996
645.9009827350001 630.3733327350001 45.108606289899996 57.39119440899999
639.44211922 624.14643275 45.53481761565 58.131192015500005
633.761638655 617.95299759 45.45464009845 58.8846941485
634.3561557400001 623.451833365 45.65208800155 60.412981871999996
631.458109895 628.21132066 45.680671364750005 61.328983346
627.76622558 617.796849665 45.912969753199995 61.666721962000004
631.25112596 629.847167495 46.033294705900005 62.308021904
633.93964284 639.4780098150001 46.31068725475 62.511077735
631.646103695 639.8080074100001 46.647897184099996 62.5277642515
634.850686465 640.026550795 46.957657349049995 62.494073382500005
632.120374585 641.42102696 47.03887002845 62.514221277
630.4329931350001 641.8074443349999 47.21119863195 62.4816417705
634.101376 641.62427057 47.39181681795 62.442403648
631.462314835 643.2246660449999 47.55984368275 62.3793538425
629.92427198 644.220908725 47.8362254552 62.4789763805
633.0900896850001 640.21151452 47.99581364525 62.5921980805
633.54800793 639.823824365 48.2930002665 62.6057302375
630.644209855 640.85960848 48.4075553005 62.687055968500005
633.5235870500001 642.493198925 48.5758936357 62.629019502999995
635.099137305 633.140244445 48.89347639935 62.723071401
633.82590484 639.75822786 49.04201596985 62.638399157500004
634.90390317 636.213553165 49.147142371849995 62.706850277499996
632.472674475 637.97585293 49.2911026446 62.748921971
637.152869895 638.4096074299999 49.7602201467 62.7859034265
636.14293533 639.690508455 50.0001948325 62.801124429
634.84167734 640.8420792 50.2622380725 62.82424996099999
633.16955085 642.81379341 50.481078382999996 62.808461226
634.932700435 633.237266425 50.858107813000004 62.9200560065
