1266.0 386.0 200.0 274.0
1254.4510574 378.564171811 200.57897395499998 273.735453585
1259.301559435 439.21761703500005 200.288801335 274.795265231
1253.401900355 510.196015085 200.715387083 275.2779407785
1239.8355408 486.79024017300003 200.36315354599998 274.008775454
1228.9568664150001 477.6900025005 199.822163333 272.6875450615
1217.33412927 447.416526467 201.3116141845 272.1847232495
1197.129690555 452.33077216 201.2581412765 271.8405037125
1178.2512848899999 438.644670402 200.787232564 270.0035446315
1183.281882735 464.87945283899995 199.7021896055 268.000028622
1171.120618805 467.578982087 198.28592397350002 265.305334688
1153.8944541649998 489.23387242449996 196.2390898075 260.666225021
1131.82177221 515.92544112 194.5416265985 256.701048387
1119.10900242 507.67475524500003 193.3682271465 254.267154662
1114.2592727400001 524.925722075 192.26391938900002 251.629801144
1103.178171885 529.50655509 191.636142306 249.97610623
1084.564356135 538.716346785 190.742686592 248.393541911
1079.112702385 541.556621235 191.152921634 247.9867549035
1065.020707055 551.979400215 190.8633203645 247.6857405915
1050.405681705 543.87469693 190.092262949 246.972727275
1043.943838615 551.57495953 188.6296437395 246.79995934200002
1038.257723855 554.21566466 187.8491809445 245.9803253445
1031.581838675 549.87081327 186.4031836685 243.272491809
1027.280972115 544.75329759 185.58571747599999 241.6793520045
1018.10228502 552.91294695 185.299555259 239.779969171
1010.1466381 572.967848255 186.693859585 241.315060823
1006.607137245 583.301912395 187.32779835350001 240.3970944295
999.2665521050001 577.68066528 186.90034100199998 239.0268638625
994.7337931449999 576.65865452 185.662914975 235.99306496650001
988.769501135 562.913708735 184.754599498 235.082041752
987.1892397400001 549.450561095 183.643470152 233.3453294195
983.517982295 539.384444555 182.68359230649997 232.930370264
984.48861263 540.09737637 180.12748319349998 231.930759373
977.659867975 533.14403762 178.4587462485 229.7897346685
971.5169760800001 527.808539595 176.095867379 226.401803475
968.5944208 546.50359696 173.91601428049998 222.956623814
964.739174325 536.9274337200001 172.4876592785 219.4652701475
957.047157125 543.4219624699999 171.7111399305 218.32196642149998
956.006595435 548.40362514 171.215354166 217.6187735235
953.318720285 543.2876576049999 169.79904311849998 216.0456603815
946.6200476199999 536.06688597 169.054084634 214.616775949
946.902252265 533.0492576849999 167.901648552 213.97863789750002
952.999872435 541.1302183099999 166.67265028 213.0254862105
951.2614024200001 544.17551092 166.08126286750002 211.3931556605
944.34050368 535.290137105 165.4774198835 209.680395917
940.515297755 542.77699559 164.4382405175 207.37138062100001
937.8807063099999 555.35084482 163.8652378955 204.86202689700002
934.902831645 563.42127196 163.40144136700002 201.097586669
928.12530711 562.8083480099999 162.574250583 200.0137459465
922.28481244 559.777079155 162.058672403 199.58297196450002
918.373603485 558.814856195 160.53696302550003 201.42653491800002
916.5108686400001 555.77195855 160.35149873799998 202.5140936995
914.34429252 561.934169755 160.128466886 202.986637666
908.4070490649999 559.20728692 159.7257715115 202.33792627399998
901.786430315 552.40517938 159.190697097 203.42937705850002
900.803989405 555.85799435 158.542949561 203.0940244285
897.245659545 567.026328635 158.84199359049998 201.995958077
900.65174313 573.357703825 159.125195654 200.5943898895
895.84708938 578.422186505 159.5540818445 196.910190187
901.797956905 580.5866039050001 159.4252125595 194.1003776455
908.91904506 581.563616425 159.91677871049998 190.8722479815
906.240136455 567.128020345 159.717477244 189.66192114150002
899.37137651 550.284473795 159.9309573825 188.954734787
895.343493415 559.9952343350001 161.09051761 189.098994887
890.153258925 574.94187463 160.440314596 189.8579487735
882.02882778 593.588688035 160.638161215 189.8178458895
878.0097042299999 602.94298306 160.0691587645 189.838222253
876.7778249449999 607.8573789650001 159.448889441 189.443052005
872.7680259250001 605.705651955 158.358512056 188.1774568195
874.17222938 603.0330341700001 156.3212424965 186.966469614
872.816801795 609.191853765 154.392932483 184.90892304949998
870.62247121 610.778330965 153.0512641725 182.7760891835
873.00352186 605.46315784 151.9852681085 181.7114174865
