902.0 329.0 293.0 396.0
902.22780418 333.895511561 293.651849417 395.158411707
905.10249944 331.0508650405 295.29853709049996 395.71442351850004
904.4932996699999 332.18934319699997 295.39151882199997 395.756886438
907.52340238 333.3682269955 297.8739824405 396.1309209845
909.3615143249999 333.92684003200003 300.1909831705 396.725497962
919.143014975 339.012869039 302.8015121875 399.05847715699997
936.6542813 338.26396974650004 304.513526113 400.098864816
952.77839018 346.659453902 304.131675745 401.914091148
951.19470587 339.247208553 304.6085085345 404.81422495
944.25443561 329.63152129599996 306.5956233235 408.0233775835
917.442235345 328.1510313105 309.3378377625 408.637370548
886.1309653249999 328.50031579849997 310.6113287005 410.6564827055
860.3661065900001 332.584278326 311.303182361 412.808770723
848.5218683799999 337.7918325935 311.885230768 417.023663087
884.0575566299999 338.9917235595 314.9463602485 419.990073139
930.547719525 337.948635514 318.5016429245 423.24744961
971.0061248850001 332.676961127 321.115299639 426.6583957015
971.0023405699999 349.183743725 326.1077733655 434.628801335
919.940588285 328.374520881 333.9930007485 442.8454918315
903.786488015 312.870916056 337.091091071 449.561526548
905.1187715499999 309.8001746255 341.988413498 456.7160381355
935.1380239050001 297.5526173035 348.834905546 463.6147972695
978.86714129 286.74465857350003 350.71303308349997 466.725938445
994.554763315 291.527274736 353.36989387849997 471.1947973505
978.86017539 291.27844137299996 356.656973107 477.1472920435
960.11051565 302.92374688399997 362.0143270045 481.8471151405
974.6831670250001 300.2717957635 369.84853954050004 488.734537928
1052.908801525 292.4379852985 374.98031552249995 490.451377885
1195.66698144 305.257360263 375.320637304 490.216944005
1329.94457676 323.20523178999997 377.3739997075 490.2183408335
1403.4866963499999 322.05628895899997 376.44247770100003 491.13340827549996
1427.214382965 327.9930864455 375.28715490750005 488.05975922050004
1432.24053768 333.5860009485 374.411905703 485.90823522949995
1461.472864245 335.299153498 374.610780955 485.5345908415
1490.67202448 325.78605345100004 373.6140248745 481.80673497500004
1462.0448668949998 335.2267669695 374.99220772800004 485.14515876350004
1379.9188517850002 342.124162265 381.71455888549997 492.470570329
1191.854890635 323.79922336249996 386.01274235200003 490.235670719
992.13767738 299.0609009955 392.919052663 486.9292499915
830.0903913899999 295.5054274235 398.0925329155 486.69857550250003
666.9624776800001 296.020723999 400.0179247795 488.74891230800006
496.41711557599996 276.694784089 398.32395294149995 492.7990165645
358.740430383 257.3632418235 401.5045040255 491.92370366200004
266.62383116899997 245.2564654455 402.86152717699997 490.58297930899994
173.4047415525 241.01529945500002 400.8842924425 490.464066581
155.765369902 242.4574629025 396.13503963799997 487.06309884200004
219.915600053 245.26190269 392.119151981 482.97090894900003
365.661807675 258.002669605 387.395411773 480.132610091
505.765026725 256.46553430849997 385.41860972099994 479.534110452
576.79014507 272.9848356895 382.55753851549997 478.04256475899996
575.012938365 279.714769357 381.12384860299994 481.0349050735
555.5919014250001 270.3822158495 379.1135158145 484.4771360445
561.8110769 276.475830953 377.451784626 486.988312855
579.001361125 278.1555712505 376.000376578 489.746584343
614.106957995 269.9173703355 376.1321657405 489.8311365165
721.0459287599999 296.470519486 381.3453791005 487.575704677
829.2716433149999 281.325499387 389.696200247 485.36357016
868.36888137 285.3575504485 393.20932044899996 488.3244156925
856.95067837 305.3807420255 396.149935775 497.35736504700003
866.111375925 333.04059163399995 396.763666059 512.95178362
899.4153225150001 322.639327887 397.538360291 526.0196799500001
916.1056355799999 317.859480829 397.454661136 530.805271285
882.408389285 340.3832169345 398.17788205349996 535.689465195
793.9991475649999 327.24251810749996 400.11068486299996 540.79565222
764.633247 320.6786149005 396.2987596445 545.206883185
765.09049858 336.329367484 393.00450849550003 548.90298588
807.7583946 335.841078865 391.82164190850006 552.484321745
820.287582575 326.3091124445 387.94595148250005 555.15815446
805.13522945 307.3219517715 383.626230953 550.4612726
749.233531905 291.650398666 386.5231798245 538.699970815
751.8017345549999 287.0553358075 382.5580095885 525.29647265
749.18705908 295.869010203 378.799263294 510.44672736999996
754.6149416599999 293.2695037445 372.17800361999997 493.798910796
735.908838085 301.3960641965 366.9338594645 482.641601186
719.2539813349999 315.91655736949997 363.7078356345 474.739634226
746.0565976600001 320.8573527585 359.338986637 470.7580970185
796.72365055 336.381953406 356.481465709 472.455643143
858.716262595 330.5852358845 353.07900630200004 471.3689169635
896.20988496 326.417095489 351.264914208 473.5623102385
886.5356113949999 337.397947937 350.793869648 475.0282387175
849.879612465 323.579309494 351.239424693 477.1968993535
801.373215895 303.531668876 353.1800538345 481.6928130655
781.34460337 291.0427342195 352.931727569 481.79845650799996
797.66865348 288.347476119 353.45704081 480.586614953
802.0807011649999 286.259293536 353.8631927955 482.2484181715
777.41930763 273.881420096 355.524565073 485.00972683199996
729.70375534 269.522891822 359.781894121 487.040115556
667.69019968 271.9741597915 363.810556453 489.0611812415
633.721162525 274.1184480925 367.12631941399997 489.9966847065
614.21422542 270.136624384 367.0802598905 489.542621347
626.97675667 280.281178946 369.82913399200004 489.7172501255
680.934591485 289.63923744150003 372.47661879550003 489.3372156075
750.69057383 298.3585907725 371.6131317695 489.4475232495
792.38410175 285.01267615349997 367.38906833500005 488.4812554135
818.2602415949999 287.6322876535 363.97714803200006 484.2855275295
794.90827202 292.824992818 363.276710676 482.0735913745
717.28168497 294.291707591 365.14332458650006 481.0486751185
640.03942118 285.8169623415 365.88211170549994 478.540520677
605.7248655 280.81946794 360.63816702049996 473.1287042635
835.3643364200001 299.9951807945 358.588654845 467.25695738650006
912.3333532649999 309.8154939675 357.5450979145 463.29250528750003
962.7764513750001 307.516075831 354.61943087599997 460.6855628435
940.7865833200001 308.913795226 356.737440498 460.4980654565
848.08768629 309.742238469 359.249570393 462.946674012
727.530788325 288.3278511165 363.55734327249996 468.2987057115
634.94696039 283.97667593849997 367.7284237365 473.808963997
566.422163565 276.1196901445 369.7578331965 478.484720044
491.06226473600003 259.335601795 373.4853945105 483.58795863399996
370.4547877965 262.3094539685 375.487665498 484.00470589900004
274.8657925255 257.18459681449997 377.9673829675 487.84529957049995
238.91096307249998 248.70061287599998 375.12085810850004 487.163451331
256.68740365 252.294504506 373.23534882350003 483.44658440800004
339.5358884555 270.9287975465 370.22142939950004 478.2177702885
431.3845589195 275.80588283550003 369.01795864950003 474.06473482449996
507.920784565 273.791398561 364.0874923465 467.3092657305
542.7650948099999 283.5506636385 361.151497336 460.7474175225
513.28479218 282.4811517135 358.56090448400005 459.78256667799997
494.729836077 283.849309791 353.2519354555 459.0032073055
527.11152917 283.84747947249997 354.533029794 457.8666980345
580.258495035 296.71680629450003 353.8296948635 454.690938727
623.0941900500001 295.86024253 351.32892841999995 452.58723713499995
617.874629325 301.6128762615 349.96837421099997 451.097546785
580.997042245 299.625056621 349.061104753 452.2290292315
569.074261835 292.07512836399997 348.91281963250003 452.3557877155
576.302330555 298.0230664165 355.374516473 449.27786546749996
611.8807145200001 303.16614741399997 362.36835663100004 450.0497445035
603.2870471399999 268.491331739 373.185006038 442.99027500549994
580.3015142400001 284.3531616505 382.81492741 447.8724817305
583.7809671 299.8547386675 383.7529389175 459.308655723
614.36068177 312.37856297400003 382.781173155 474.92079690049997
673.719824575 314.721319084 382.0717217315 486.750890967
697.16161145 307.0908788105 383.248513019 494.928166273
684.24931864 320.0419308705 384.8362382875 503.189227705
628.493189545 318.428622943 385.80670273450005 510.08890006999997
611.99272197 305.35580901500003 385.6925182635 517.41831106
614.1694859199999 309.289589599 385.6233073495 522.92313212
660.7038505449999 317.98819038600004 385.45235733749996 530.545381905
707.277294725 312.192198347 381.9900425945 532.71269056
715.9643813700001 311.1013727965 379.2329073675 534.421692385
669.2789077250001 318.5770485155 377.027123528 535.8704503700001
614.8292563150001 316.026321473 374.566753682 537.873041885
597.60782346 298.9674822605 374.09938138350003 536.19756737
602.3999902549999 312.677672251 373.473048884 535.107611765
605.118734635 315.590270281 371.5501041585 535.479012015
603.427231805 308.348498537 370.0972543525 536.16391651
563.460247005 294.882782278 368.2951892255 532.118741345
528.256299665 277.4287226945 366.13635940949996 522.9170407649999
525.7937728200001 286.5259462215 368.85481607400004 514.305902455
588.3283752 291.3566042155 373.559316277 506.379796285
663.2926971300001 316.5735842365 377.518570593 499.97667499700003
737.6382672750001 324.995808951 378.41217168950004 496.405029422
808.33363019 321.064119089 377.5101966615 493.689362339
904.4713063400001 334.5501059485 376.75478185099996 490.522151083
1039.545242855 347.54264259549996 378.03915653399997 488.756247926
1163.796918475 351.2547561185 375.23385706600004 488.4851576255
1263.60826925 335.6524694095 374.00786318900003 488.2542557475
1301.48399681 343.2257850635 370.5592045685 481.97804167900006
1338.559174295 336.572982764 363.54031544149996 472.3938073755
1353.4062656 342.33031212699996 359.53169740699997 466.8959645305
1390.3587588799999 344.045968713 359.04774135350004 463.73858969049996
1462.7709474900003 343.02124847000005 354.9914016225 461.644193053
1481.4110393300002 344.277787583 352.75523551249995 460.69680642149996
1417.765251825 345.255396647 354.69810229449996 463.6814494715
1243.17283776 338.18287586099996 358.766310579 464.4561181855
1041.65876528 313.5251714425 364.2589472895 464.2765117925
891.773697945 303.0826165025 369.779901518 469.114864004
836.6384155650001 304.68598027350004 364.7995567055 469.977402973
823.418332385 317.1284918325 357.4130580885 477.159553393
795.7994743 309.173141084 354.0551649885 485.1271370255
717.3094197 300.172739224 359.4114662495 494.48248704450003
634.664413595 298.2463614615 366.5313254145 503.424925595
606.095879135 277.583965004 368.32767941199995 504.93402508
644.42538355 289.912930608 371.049309119 508.33881042
759.687090915 300.487817301 368.19926228200006 508.739370355
829.600249565 291.6080161265 364.1436011065 502.60890605500003
867.329832405 298.71307982 359.39737360899994 499.103306563
824.8249765549999 310.230853042 359.7766481075 504.50276192499996
724.9630033799999 300.260468241 361.39746506 508.09609854999997
629.79665814 294.9956761085 363.3623419055 509.54396804
534.346594805 297.003544867 366.811350767 507.982938165
421.106304768 301.81933699449996 369.450822595 509.653574955
316.053694786 302.8186406955 375.1956549225 514.03136776
210.40261749350003 295.39895221849997 376.029945946 518.07058205
135.339675544 267.7165482765 377.70452886100003 522.389104365
98.15412681699999 255.84395852400002 380.6633515625 524.5521069050001
151.0179188075 249.416803547 383.005404526 526.685218425
275.5086264215 251.144033626 384.9331202745 524.0673842
419.59726892699996 259.6347163035 384.1993291405 519.47957558
556.344340905 274.26096582549997 383.788866658 514.76368025
651.0942080300001 281.05460897899997 386.60159578950004 511.642610945
722.4801389050001 275.504403196 385.40754630000004 510.63159528
757.308790095 270.6419769935 386.142569279 509.492700925
812.5466988 270.125400378 385.0157877125 507.53554047
872.57726865 274.5848896375 386.276651705 503.89254021
946.173940515 290.66677739 386.8558192775 498.8801729135
1029.710346975 296.045811581 382.39775291599994 495.612807264
1068.828080815 296.7087849155 376.141858721 491.34370141799997
1070.0635368150001 297.10114743500003 370.76558599599997 488.47231654700005
1029.358905 300.158129233 369.6749857645 488.07228127499997
891.19642039 295.813753659 369.60489479750004 481.752252855
956.33972372 315.5151785455 364.375698566 475.161905891
985.147177675 318.720402154 358.4632353065 469.5595082775
967.0755152549999 312.422837926 355.7904423875 466.4326222565
906.399041495 309.9041963585 355.82238803999996 462.54268551300004
879.3881896150001 309.3320204445 353.79660615 458.97660312600004
881.997239695 311.1514379765 351.33609997450003 454.0591487055
934.23783611 310.3378400435 349.88164236700004 449.66805996650004
1010.53884278 321.918340907 348.169029808 448.032588691
1057.46754638 330.67462632 344.966005626 447.422272887
1063.268513195 338.577487371 342.4756053565 447.48060883150004
1012.592750325 332.31252531099994 344.373131724 449.614427917
944.1946568449999 327.97964149850003 348.78137070599996 452.13767216199994
894.787278555 322.95497247199995 352.84446703950005 456.9075634725
872.2944116550001 344.7366920375 355.177611528 461.450691557
868.6884483250001 344.12237319200005 358.36306309149995 465.2670161735
854.4320135300001 317.590532211 360.274421048 469.91075640049996
834.372738165 300.444289767 360.9088696365 475.702282965
806.607353935 289.6343880025 362.99737716000004 483.8007639745
764.5494867150001 288.5573376325 366.993071203 492.498714825
746.534557255 285.545455187 370.338805572 496.8186882165
753.012463885 283.70414102899997 373.17164637300004 501.78665512000003
775.07505225 287.246405975 374.693341722 505.53192895499996
804.06539083 282.2929168405 374.4566447365 506.65368854
803.67107945 284.3078842735 374.7458051465 508.266017075
720.867267955 284.99207493250003 379.134185321 509.79528251
550.724110355 284.59895749049997 382.143813784 510.72310096
394.0989340785 263.310956717 386.590010817 510.00806801000004
329.2280074285 257.543863657 387.270234632 508.46822517
314.734416292 264.643169815 383.300703729 502.59928223000003
402.76867652100003 287.5643588865 378.84105164150003 493.16404171450006
549.39925567 296.54011841749997 376.7238671465 483.90726428199997
630.27022387 294.70783513000003 369.757075398 475.7878759585
614.833260485 304.822968626 366.24239276350005 476.63812382849994
555.3196355 301.41873812 365.746489682 479.39802165849994
536.00277826 302.582473113 363.4428320385 478.37345681450006
533.10479579 306.51795982 360.22122810200005 477.40915868400003
537.442388865 292.1352559475 358.17411995599997 475.001558353
538.9296938150001 284.534295744 355.39845694950003 469.8808499375
537.6761383400001 284.308627403 354.56010751149995 464.77048039400006
537.4052754 294.263471688 354.31289660799996 459.63305480450003
574.515660445 305.757097379 355.50950979600003 457.451400877
639.816270485 313.4719395355 353.34455266250006 456.6247986955
758.4693187150001 300.786244042 350.6050711455 455.8577715215
844.018402035 309.8925272855 348.640485372 453.5225096885
913.086300145 318.15323909899996 346.56735069399997 451.77829513349997
946.34445676 318.7913569045 345.29129941900004 450.41205173500003
942.478964525 320.3752128405 346.4181703445 450.8495451415
935.4865778200001 319.8117924455 346.046423373 451.774213093
941.4311192549999 318.913571863 346.71031886900005 450.852229191
956.9304616 323.5747622875 345.699629358 449.18623557700005
956.7612947150001 318.4777578265 345.31578092949997 449.6744961605
959.1937189399999 316.905806086 343.670336526 449.28240046200006
932.263384005 313.5208681835 345.21239107649996 450.49866726799996
871.987876215 308.99636224849996 348.248952545 452.4718298235
717.8470686000001 309.4389075085 348.74775778500003 456.8272572305
511.17619759999997 285.30231219899997 351.321965654 459.6955120465
344.928961276 274.142980519 356.5959112315 458.30201481049994
242.839865758 269.46980862099997 355.4998129735 457.52400968449996
214.6204703565 275.62984789200004 352.6351631245 457.024842854
205.33653342600002 276.977885072 351.28399371599994 459.11510468899996
182.357561352 271.025409714 353.635760203 460.5447693155
160.993732781 253.821164452 357.2892937205 463.366155516
146.825984645 246.16345082700002 360.244989725 464.2121025345
174.39312235149998 248.099979039 360.85153871499995 465.145170804
230.408503383 259.9365255645 361.390613735 463.848369472
352.012898067 288.0578080815 360.0637106045 464.469143543
443.620683664 281.451716262 360.492796124 465.2159877885
507.47601070499996 285.871034454 358.7131993205 461.85243510500004
547.751688105 288.870810515 360.18895503449994 456.180926805
580.00141878 291.6702963985 360.4480281135 454.5355618705
646.46457553 292.7710422455 359.09202563 453.510796114
716.78730622 301.22345298 356.9981389475 454.759379434
741.893793375 317.05395297350003 355.682345152 458.142414136
742.62840858 320.0253997585 355.4401786605 462.60577141
743.7414316 319.0399074805 356.1486047065 468.277998493
749.5114398600001 334.445608288 359.618177029 474.3050281165
781.846908475 344.25989506400003 362.86743853049995 481.67506127449997
803.2530844949999 358.792037404 363.43425692200003 485.68501896950005
807.5088526899999 373.78922094449996 364.4100651725 488.78305433500003
801.827803475 358.98417833350004 365.29917680849996 492.329346351
790.07539795 346.7319927085 365.62438694 495.097818301
782.9170756550001 350.38762262600005 366.1304072105 497.604649764
784.048450535 343.57590690850003 366.701128186 500.66938766
803.949585795 316.059239124 370.6016687925 501.82174432
812.487946375 289.86347187 371.74926939499994 501.529228095
820.375360355 284.2592462835 371.794841212 500.70681309500003
828.029367145 291.4053463125 371.6255214565 501.29106678
836.1926056750001 293.91616331299997 371.19626019450004 502.50371721
833.107110145 291.155259016 369.7678715095 502.91213512
828.400936055 294.6234862825 368.31676174949996 502.8814149
824.9746998400001 302.02969906500005 365.95335146499997 502.96478532000003
841.9063342100001 307.33413753850004 363.74724020450003 502.652833395
850.05503945 302.3984037545 360.96052760550003 503.300342535
859.6412980050001 299.2968689025 359.4269457595 503.19232285
853.5707882849999 287.04423852950003 357.723332123 501.13074824
805.4344115499999 283.0184737945 361.373882254 497.7763986655
705.86316817 291.50539452699996 365.68358568 492.4869718945
623.013422905 288.00002713649997 368.609729186 487.8025560625
583.1696264 284.7128045575 365.3961698235 482.29619191399996
