722.0 719.0 29.0 74.0
726.049884285 718.5779178999999 30.038912193399998 73.562069716
729.764632485 719.1087917100001 30.33522483195 73.60261452399999
733.0991384050001 719.8048750549999 30.705076190699998 73.9758221485
734.764676705 721.47241023 31.17472235785 74.70730646999999
737.24347756 720.997169465 31.5853861113 74.7270312055
743.2031486149999 719.8948824449999 31.91673115015 74.74079513250001
748.71864105 721.143754335 32.31290681815 74.914917174
753.817404845 720.79786839 32.345975994599996 74.836219875
758.6826895449999 718.260313925 32.2143710222 74.656151608
762.2884985100001 716.81639055 32.11923138735 74.827736203
764.98784563 720.713952455 32.46096104295 74.960858055
766.2286547450001 718.9803040549999 32.715531488799996 74.9126306595
772.188013275 716.104718805 32.4695006605 74.5342471435
777.048542345 719.10332735 32.3659003796 74.76686575299999
781.0147776450001 718.209294805 32.39120592565 74.60031564350001
783.39109534 717.5196296500001 32.564647672899994 74.4040047095
789.43212093 721.3153861799999 32.87190544695 74.303415114
791.275751365 718.7307731200001 33.06339860655 74.37442295150001
796.834746385 715.89880979 33.06590054115 74.323137957
801.7915793100001 718.490825735 33.1882643609 74.14676607199999
805.002241855 717.24705013 33.4491762228 74.2623344925
806.6964977499999 720.73501057 33.82563531665 74.416736918
809.293595045 718.02919662 33.672161502899996 74.3615866455
816.2252104700001 718.12918028 33.55329590585 74.330601398
817.199069705 719.46481662 33.4430408172 74.702174634
821.4714558599999 722.5412876350001 33.4945475051 75.311405643
823.9931620100001 719.91240484 33.8393424244 74.9323425985
830.4090318599999 720.75063544 33.78968384575 74.046830016
835.95225749 716.83558319 33.6206500253 73.3206404465
839.6057086400001 718.5515719599999 33.2972522208 72.962168741
842.3483659049999 715.37378887 33.064604594849996 72.692207636
847.9098892899999 716.6407054 32.8773836659 72.1949446305
849.8861213550001 715.394367125 32.74931833125 71.71438128850001
855.995864465 718.201531875 32.5811811063 71.0013537265
861.708451285 716.5857391500001 32.30351586435 70.9791339665
861.15703151 718.87713407 32.22688180555 70.55040444650001
867.5506074099999 717.275068135 31.9572429223 70.7652722425
868.1924442899999 716.908917715 32.00877334815 70.9123584125
873.20319987 721.8745517950001 31.9859416133 71.0652222935
878.028147855 721.89371788 31.753818839 71.1949026405
882.0960389699999 720.453891925 31.44630045565 71.23238017050001
885.9198634249999 716.5001097850001 31.31962754215 71.291016585
889.020778125 716.3882234150001 31.420025972399998 71.20102607449999
895.88980452 715.992834475 31.394344969499997 70.782135705
897.3886334700001 715.37140228 31.26752886845 70.2097449435
902.16949246 715.92489332 31.0993417101 70.286756227
905.960796275 716.87657624 31.13508964685 70.623471481
908.29647353 718.384791725 31.450616533999998 70.738649347
913.7493937249999 719.824579655 31.534646687549998 70.952904486
918.43148219 716.7623084449999 31.420018487700002 70.941779703
922.31471692 717.6618634800001 31.178117782050002 70.8177248295
925.0656369249999 719.3480359749999 31.3496005425 70.960720691
925.69564422 720.3455362249999 31.39689197325 71.4229879455
931.869014125 719.11539104 31.23985690765 71.4159883095
935.116254385 719.4332361649999 31.0868371214 71.958509148
939.21594854 718.47756929 30.9680286691 72.119124193
942.3581471900001 718.6667717199999 31.13606498915 71.998050097
943.979066215 718.85387012 31.43158374655 71.62851931649999
948.985027105 718.3232343500001 31.5559636581 71.39847514649999
953.12486491 717.203987045 31.695778366099997 71.24310138300001
956.4684100249999 715.7513382449999 31.67492634045 70.763219818
961.451572135 717.0797596049999 31.6135007255 70.5394617315
964.9576495450001 718.491983105 31.66585762975 70.576059162
967.06483699 720.02652597 31.92150518105 70.565774546
972.572891575 716.3016174249999 31.89510324835 70.15558549299999
977.9476709950001 716.25687396 31.83192392145 70.0837410515
982.3468705150001 717.58467998 31.91261024365 70.1726415805
985.015340355 720.167392325 31.8186832321 70.36220155299999
986.041617595 718.4919849099999 32.032597741400004 70.1824908185
990.79450268 722.159587355 31.82550689345 70.1778629855
994.291960915 719.40052718 31.3792699201 70.064962067
1001.3296172600001 722.2039468600001 31.28473300885 70.645094018
1002.334697755 720.4258900950001 31.2697076491 70.9904471655
1006.729954935 718.494683075 31.458831634150002 70.8456977165
1010.5008999749999 721.39104127 31.650362379249998 70.6771001155
1013.3492478300001 718.725181305 31.42755217915 70.296237184
1020.7281078149999 721.775579775 31.53376229065 70.76637547749999
1022.959255935 718.94995348 31.7147048212 71.01969552599999
1028.46657381 721.5520474150001 32.14757169635 71.13114098599999
1030.30511125 723.11303993 32.36475009875 70.875609901
1035.829355425 719.74773642 32.2018662445 70.6321539595
1040.6353902649998 720.25998183 32.00729240255 70.3621540045
1042.948860595 718.18357505 31.74873660085 70.8598840025
1048.80850549 721.0877561350001 31.9701609358 71.350186599
1050.75467469 721.708680585 32.228260973350004 71.6619861305
1056.05588395 717.575198945 32.07117818635 71.6224962095
1060.7435150649999 717.073023255 31.9533255568 71.9810061905
1064.3170354 719.0603711350001 31.82111094575 73.07006216549999
1066.683784775 720.434645255 32.3218316254 73.847990287
1070.074897105 720.35590126 32.66312815715 73.9909491485
1072.928964755 719.660851635 32.699128161800004 74.223513919
1079.47719429 718.24209823 32.52854526155 74.7292307715
1080.858058515 716.3669740349999 32.3430792746 74.9725557585
1086.181213335 720.589707435 32.3052881573 75.83919599149999
1091.872993235 717.7582247099999 32.370563443 75.765323987
1091.14480332 719.832319945 32.4248654246 75.77993989550001
1099.298280725 717.0767684 32.288855490100005 75.588915444
1099.345601495 721.80848163 32.1983473636 76.516414316
1105.065203865 718.427162305 32.4152293568 76.0884151195
1109.54509378 721.356957455 32.704144628849996 75.69393943749999
1112.7380030049999 719.26519251 33.19379388175 75.21488962000001
1115.98653708 721.94166731 33.25053360335 75.0662139055
1117.7322535 719.279493345 33.4685786943 74.6118257455
1122.61583524 720.4347960849999 33.37465608855 74.5572783235
1125.89091516 717.14252188 33.2557523093 73.9415785325
1130.2082416 720.616448735 33.40537495575 74.085823851
1133.39628955 718.9237952999999 33.275289970399996 73.748850793
1135.4507633849998 718.2342821650001 33.15487000905 73.6804643245
1140.56225537 717.92588669 32.95642865635 73.5937324105
1144.8892006600001 721.9184499150001 33.11834079065 73.38698993150001
1147.6554370200001 721.26512311 33.3642298214 73.079465524
1153.344451395 721.99754562 33.2377269929 72.7857290785
1158.73005371 721.353572065 33.07468691855 72.575092087
1158.453602025 720.589377385 32.8434446908 72.61842095499999
1165.186772045 719.9695920300001 32.696308371 72.480488357
1168.48241548 720.637888705 32.7727578915 72.33588733799999
1170.818437705 722.131862685 32.70568265555 71.882774038
1176.4840120200001 719.32091325 32.3212968445 70.711235442
1176.324278785 723.66951019 32.3756049916 69.83376949800001
1182.003823985 725.808604585 32.2488566054 69.18467511200001
1187.14711018 722.5022819449999 32.376527849249996 68.085405975
1190.92660084 724.552948345 32.45460341085 66.8721451305
1195.965303285 724.123851035 32.30175656925 65.77593668349999
1200.1006667049999 728.32795885 32.122839502999994 64.8054532875
1200.60712123 725.6448533 31.8708953319 64.4676755735
1204.5197138199999 724.74933197 31.776705704450002 64.44685989999999
1206.716305105 723.672592465 31.87854931995 64.216515966
1213.835090245 720.16326228 31.91349017 64.292040105
1220.208321235 720.0461547 31.8767981291 64.8518742375
1220.5763816850001 720.33705708 32.07170126295 65.3167112255
1226.9254635500001 717.4319628349999 32.2254812551 65.52416137099999
1227.29458251 720.467211745 32.40824536725 65.8767931015
1232.206917915 717.6630530350001 32.53713970065 66.4968135135
1236.4390548449999 719.1141745699999 32.5775732547 67.0673531075
1239.3003931849998 716.579399365 32.3438553656 67.735326093
1242.11237407 715.0134696150001 32.5250837201 68.2233916775
1247.14599198 717.5055425799999 32.75157157405 68.244089727
1251.53700379 715.9910878149999 32.8576247974 68.4332232095
1254.911885415 714.7824298349999 32.76256480125 69.07500826399999
1257.41629167 718.4029550399999 32.9233872732 69.8650620295
1260.868220225 713.95059074 33.36067364395 70.2215341005
1263.051406485 714.3683644600001 33.80279403365 70.5346357635
1267.84699352 714.51540831 33.90380431695 70.660049732
1271.40754967 714.900721035 33.7395522163 70.63580442450001
1274.44075803 714.4707551700001 33.548297448 70.5117004855
1280.083728045 714.293538315 33.4913679667 70.5507584035
1283.944964 713.8177786350001 33.624814643600004 70.6745556695
1286.2098773950001 713.749044735 33.71794694525 70.538750604
1288.085296155 712.0983321900001 33.627201709 70.221647788
1293.098222495 715.830724975 33.5089731491 69.8896940205
1297.309398085 714.7428817499999 33.52059208215 69.645825288
1300.632830465 714.963298885 33.5838323945 69.276192075
1308.49154142 715.1698488700001 33.599523002649995 68.96335755
1310.7270091 716.253281805 33.56798896015 68.5944636
1313.67160304 715.1606692400001 33.49551338365 68.42525644450001
1316.3467459949998 718.22743666 33.4046520854 68.5052835515
1320.19607543 717.235282775 33.2635413565 68.32758000850001
1323.09376114 715.91559561 33.2907318421 68.38685209350001
1328.8807724399999 715.633455035 33.419176282 68.247719217
1329.360222345 721.7382187600001 33.5287101307 67.683187861
1332.682649625 719.01863596 33.36263667085 67.467610563
1340.80365731 720.533162745 33.4912371928 67.0638560215
1342.13375444 721.7583361549999 33.7189389758 66.813948066
1348.1815325349999 717.851825995 33.82649977835 66.8695845885
1349.3568845799998 720.17602091 33.530594423800004 66.5210284495
1352.952319495 722.4377679600001 33.10094093995 66.462352743
1357.48297248 723.4952404000001 32.78820150585 66.3203529905
1360.949994385 722.5867547849999 33.03545627375 66.412925928
1366.6082516000001 721.4259591050001 33.26752664945 66.458453033
1368.6651868800002 720.76172176 33.2171486258 66.508757559
1373.79556302 720.66432038 32.996129556 66.7419261775
1377.6229892449999 720.719908605 32.6449012313 66.8140865045
1380.968420385 719.953289485 32.691951497 67.2039090005
1385.359555635 721.91333876 32.763380029100006 67.025512275
1390.966048015 722.465476185 32.6588489589 67.431917202
1393.756405835 720.226832715 32.6383659546 67.386874061
1395.247472645 722.269878985 32.46659331585 67.082026117
1402.160566605 722.045474475 32.65747690165 67.023926213
1402.5432227400001 721.7388923199999 32.8929548268 67.18841009650001
1408.2050304200002 719.5589660500001 32.9641524086 66.916425055
1413.08195243 721.1279292250001 32.8637363624 66.8469329335
1415.0674887 721.010729635 32.65605847735 67.0839646475
1420.373031155 721.547411035 32.69039258785 67.512825633
1421.635811335 720.1899703949999 32.954554451999996 67.5200611615
1427.17016161 723.670640615 32.8900366414 67.202788346
1432.875931775 722.066742065 32.6766000349 67.4810353275
1437.117121065 721.371536475 32.3925949568 67.5295633845
1439.070250915 721.204713295 32.3198377545 67.506745022
1442.795862445 722.851509435 32.3600496172 67.6054229735
1447.846694075 720.7592878050001 32.584409365249996 67.458844725
1451.7044521349999 723.5107476000001 32.4850906741 67.0779330625
1450.67084548 726.7498659 32.40128099095 67.2874404255
1458.16869193 726.6683765649999 32.48429882615 67.4317552145
1463.3367312199998 721.97648413 32.52408899545 67.61559638749999
1467.315949735 721.10109887 32.88417803815 67.505506385
1470.4840168250003 725.1681039150001 33.1993873627 67.5766835285
1473.108839015 724.9165478250001 33.2726601324 67.6165847785
1476.782269215 728.88072024 33.1238748405 67.78183331150001
1480.160470155 727.074071515 32.8262807307 68.348436087
