1163.0 438.0 35.0 71.0
1158.88985346 429.004076898 35.0901404225 70.626455519
1153.58358 427.64178448099995 35.6915440353 69.707016471
1147.146381235 423.8315230495 36.042723627650005 69.25830626
1134.9999641 420.6793518275 36.07486954565 68.7625729355
1130.18377038 415.0531869125 36.3147451268 68.4026674035
1123.98568575 413.5911450325 36.438831233150005 68.10613431
1119.7629869799998 405.35972497700004 36.7153417387 67.9867315855
1108.084385865 405.121207713 36.64286148415 67.873562906
1099.191777845 402.168062033 36.47132733005 67.53593686800001
1092.755594945 398.95150460049996 36.1441750749 68.03214912349999
1087.12924724 389.34476731449996 35.997852213049995 68.2671640555
1080.57530388 388.130437777 36.10793156065 68.0255890775
1068.2444867949998 389.095306538 36.2189862939 67.924761721
1064.19833196 383.996753849 36.06881518995 67.713092112
1059.62462774 381.81493886349995 35.942089531949996 67.35762635100001
1054.068795275 381.26954489649995 36.0192218423 67.091174062
1056.64899281 379.45313354150005 35.9461131313 66.636320086
1049.415393545 375.785867371 35.76742142045 66.811708842
1046.6861676800002 375.09141075499997 35.592901808250005 66.813176375
1040.0790138749999 370.833385675 35.46059673175 66.9880092925
1033.540189755 368.2714870285 35.45819827325 67.120301056
1029.327864385 367.63439601100004 35.5934767592 67.1111037015
1022.7621286049999 363.93342630349997 35.6530630347 67.12942156849999
1014.2633486299999 361.282075834 35.81352618285 67.0034994275
1005.977845435 358.24084033500003 35.88846297875 66.918845743
993.5287451300001 356.8070469735 35.8744188942 67.28002885299999
988.75093225 351.7230925485 35.9211660576 67.161026931
979.57810441 347.68115762900004 36.2277460059 66.603047831
967.59976231 346.161304734 36.375283474 66.573559491
960.65849051 343.390568369 36.40724237725 66.4106148855
948.06418708 342.00265520000005 36.46723143005 66.6956374945
941.8802107099999 336.7330950085 37.0087257358 66.5041471055
930.27902763 330.769431533 37.28906103215 65.9900184615
920.122242935 325.6935242835 37.8343412467 65.5316165425
912.35303653 323.253723916 38.36985643245 65.0632128965
905.275722245 319.5382845445 38.601481481 64.54800451199999
895.511755965 317.476842852 38.97302539095 64.1311167455
885.24198778 312.250698199 39.01587790045 63.65370105
876.9078676700001 305.890430743 39.00086284015 63.2306837375
870.2712162900001 300.38219481 39.16608036355 62.58055098
863.02347451 301.38587831 39.17905891145 62.3984059165
853.96699293 294.172414595 39.35757403465 61.795131563
847.561255575 291.3314387885 39.3403921977 61.297393078000006
839.22439967 290.331924404 39.1791250772 60.9751116755
832.69839987 287.360222137 38.68597173885 60.5263984775
824.847914145 286.636237418 38.72785718345 59.834509559000004
816.16098119 289.280827608 39.214202925950005 59.5168728255
809.470943315 286.7965682885 39.296719429350006 59.154372431000006
801.22967425 285.610255091 39.5184051998 58.3203148275
796.082509115 282.404775565 39.377152854049996 57.9300063315
789.645890155 279.4754705885 39.3516554555 57.548411643
779.1812414100001 276.5195820565 39.028020216099996 57.1079506275
774.0065266800001 273.26591190199997 38.7610014088 57.401828098500005
766.49573128 276.635794749 38.545575381199995 57.707832717
754.4743912900001 275.476033865 38.22361291235 58.017707252
746.7620288400001 281.0909336625 38.4127330935 58.2910388785
737.065266335 291.786620275 38.3622999961 58.417527564
727.859576135 296.860184933 38.438234769 58.467714161
722.50481055 296.8774993205 38.285440577399996 58.2559247005
717.943003205 297.3701273955 38.067619444449996 58.228679400000004
713.328525055 294.7812381935 38.02467687875 58.055623951499996
708.9766319199999 297.50548485900003 37.883762490900004 57.916083371499994
704.24233135 295.819599877 37.78784023165 57.691908182000006
701.4197905650001 298.308913016 37.49647774105 57.245872606999995
694.84030211 294.0145650075 37.35806599075 56.943711105999995
696.755713405 293.5589345415 37.504405596249995 56.5508244515
693.580463995 292.5196713955 38.057617713999996 55.9285334015
696.2973190499999 289.0475664515 38.66485045755 55.127694397000006
694.504288745 287.855946554 39.2426514477 54.6891828655
698.980319525 284.6583281595 39.80455068945 54.2879148035
698.671040445 283.550788252 40.11973525885 53.901893159
697.9523352299999 281.7047964575 40.201444749100006 53.368637971000005
697.490095975 280.8412448735 40.126848610500005 53.18781492150001
701.6310221800001 285.371945305 39.7949381709 52.8484062995
712.9436309099999 284.0484311175 39.36203004615 52.208770662999996
714.5443670349999 283.562726633 38.766526293750005 51.920952309
721.7703266249999 287.141575639 38.24342629845 51.7224609605
719.1167670250001 287.7781255155 37.807896840350004 51.860559499000004
721.55877747 286.684428844 37.1601487295 51.956724455499995
719.025703265 285.6231940195 36.76405116325 52.39595793550001
722.54104766 283.2235509775 36.3839548411 52.589628168999994
721.0781234399999 284.38476583 36.0746211231 52.7200031465
724.60055892 280.444384658 35.660309835700005 52.404806792
725.943778545 284.487201863 35.30405430785 52.730047598
722.293757325 285.52297912299997 35.0422006813 53.2508004445
723.41426298 288.1590618225 34.9152425693 53.7547837025
722.929340495 288.3837141025 34.6724899883 53.90136724999999
722.592469585 290.201762837 34.47031020915 54.1300427135
722.1512467499999 291.385322866 34.19318448605 54.423814784
724.322000735 286.7419534095 33.8022631312 54.30146676299999
724.969495845 287.589216052 33.655764223750005 54.374166105
725.32611705 289.511017588 33.69292738865 54.565369146500004
726.23576603 293.0847542275 33.664050683250004 54.6053574675
720.89637407 294.4280605005 33.533625051499996 54.9567121355
718.6583265849999 298.34678819 33.4767487278 55.212435078000006
722.064042405 295.94944110899996 33.3402735217 55.017073166
721.2528989550001 293.040209426 33.0986030144 55.0482487865
719.459824235 294.936335764 33.06760519805 55.258737275499996
723.35917843 291.350631596 32.8607585849 55.177661345500006
721.217404185 293.101605534 32.94995135015 55.2921475755
718.2503679 295.031973215 33.02036138375 55.340847848500005
720.2060829750001 290.95994392200004 33.0670460204 55.307274908500005
722.73760164 290.757572576 32.957667586250004 55.145175293
722.21090795 288.4918717145 32.82296895285 55.129726529500005
724.0421909949999 291.20288896249997 32.8896905114 55.090655581499995
730.1016555850001 289.694821141 32.98129386965 54.9828739365
734.5467239100001 293.618172613 33.39507822475 54.7113701815
735.614864225 295.393471476 33.6714778856 54.753466572
739.69949498 295.742340065 33.6943095365 54.643808816
741.788643625 300.58859541699996 34.03831255445 55.139592218500006
747.04202154 303.667816782 34.5315398685 55.2964764865
754.5070607399999 303.6308645935 34.97930545925 55.452200215999994
759.6351179200001 306.099206194 35.2819656509 55.407571446
764.514818785 310.894202262 35.72275687085 55.6210097975
773.1180143250001 314.52039379999997 36.0568729338 56.016052420499996
782.63837658 311.019936356 36.2930394539 56.148232191999995
791.8701365 313.4264163025 36.88181953715 56.245785952
801.4424175649999 315.743332462 37.28012218465 56.435512992
808.7313637699999 316.2269706615 38.0037999324 57.0045661035
820.46058989 319.5179496925 38.64613214495 57.125755076500006
832.4398618700001 318.6546782555 38.7021467816 57.482110515
842.0362821649999 322.428969153 39.436788093000004 57.609242746
852.89854792 326.035977711 39.5661181807 57.8115321665
857.45351237 329.41121595100003 39.92539373455 58.401204183
871.544032235 328.43352847799997 39.9212274258 58.4305884575
882.8941782850001 328.01065817 39.919616378049994 58.4131511035
887.2375971450001 334.82973705200004 39.7247504301 58.717080405
895.0286426949999 335.9779618885 39.907838590349996 59.046397233
898.3678769200001 338.6583624385 39.5352113545 59.1585228675
890.799363785 339.624279198 39.2355905901 59.1255630065
891.297899945 342.297899072 38.94795414905 59.215393148500006
891.8392393 342.9178494345 38.6169758474 58.796454806499995
890.36965211 341.393620036 38.2182564386 58.236535644499995
888.2931543949999 339.18462685400004 37.69425385125 57.488705947999996
888.8615109149999 337.6214959275 37.39449223135 57.064813873000006
888.0557454899999 334.0982523755 37.13971372155 56.76854267899999
885.9160624499999 335.5610604395 36.98756389215 56.773533743
885.4368155999999 334.597119643 37.17898922755 56.8114418535
887.241056795 334.5218761835 36.8653290625 56.463639658
885.33711102 331.3789449615 36.7552867024 56.04148532
879.27230673 333.39117404850003 36.6598524486 55.9674570955
872.9228025650001 335.08809864349996 36.6050701568 56.24248545500001
871.8291840400001 334.22081775899994 36.4930542735 56.42273719000001
869.56065287 340.5658212455 36.3423205816 56.442334538
865.6835599650001 341.2019062225 36.20229741615 56.5339551925
863.290298375 346.4027503175 36.32727620275 56.5633819205
863.340870065 349.86033133349997 36.594669453150004 56.392414007499994
866.05066261 351.7283396015 37.16515323755 56.313884042
866.11718662 354.371478791 37.93306911755 55.801856635
869.5368789500001 358.9988752995 38.63332303705 55.6352043305
874.3952260899999 358.25384276949995 38.874664653500005 55.352645939
874.436226715 358.1533188225 39.2589308033 54.871043855
868.682320035 364.2813190475 40.07965327465 53.296667804
859.5054246799999 378.1816102445 40.3500013316 52.8852769205
844.78063752 388.310637455 40.68955820165 52.916632067
851.807626315 397.23396642399996 40.60755999455 53.494860908
859.801667725 398.3028136835 40.5040612906 54.178006599
866.5159249600001 400.250206163 40.094490613 55.0327128635
876.5974856299999 407.7901962625 39.97472706335 56.3055368905
888.186126935 416.2280401185 39.9268842141 57.0904136785
897.9085692399999 425.8873093405 39.78484145515 57.76301861100001
908.301568105 431.64571248149997 39.60837549045 58.395231171999995
918.9123823900001 442.5413686885 39.25885605855 59.2049798535
928.47295669 453.1564937765 38.9633932132 59.566978841499996
940.9595956549999 462.06397133350004 38.9961488587 60.281227601999994
948.989278725 471.681670412 39.18316150065 60.7125693925
968.924615085 476.713959294 39.65906744595 62.109692454000005
975.840468585 479.757538177 38.9404610105 65.525056557
980.7540496449999 489.30665005450004 38.8258096136 67.15614109949999
989.6265573 491.7150171545 38.952180950750005 66.4041388705
1001.159641525 496.3127431895 38.7921131695 65.7310537755
1004.75678301 500.89821908 38.308007919249995 65.53465734599999
1012.088009345 499.9512986525 38.209493338099996 65.17058789000001
1024.811502135 503.642792075 38.0723682092 64.491431199
1036.105864425 510.436514245 37.68735107695 64.170785491
1047.233843505 510.10302551499996 37.46446075265 63.5021889005
1054.448128205 517.859035685 37.5622248201 63.362190711500006
1066.20811783 526.095923915 37.64544937225 62.956057827
1072.1445715749999 532.58290927 37.6923279097 63.0295397915
1084.677504885 540.1702216799999 37.95878882525 62.813665214
1096.3070373550001 541.71841754 38.228326426049996 62.534188662999995
1102.1837895849999 547.721574765 38.5920914381 62.514877427500004
1112.21443552 553.13864506 38.9584185251 62.512373314499996
1120.844733035 555.977994705 39.128252310149996 62.7755985665
1130.601918305 557.0042234150001 39.07321415755 62.315431267
1136.187480775 557.021328165 39.07398030075 62.13956236199999
1144.1227105750002 559.85708678 39.1343410355 62.1893558565
1153.219123325 562.411590205 39.565910364299995 62.722533508
1159.818224715 567.37147442 39.52164217495 62.9767528735
1167.83427408 568.6365764899999 39.39505436775 62.724285247999994
1175.0266420149999 574.8797064400001 39.46041529845 63.1792205035
1184.463363285 579.61771359 39.2979237713 63.437849415
1192.7792828299998 584.240999645 39.4508358432 63.81425895699999
1200.2571717399999 587.5397074800001 39.3204291682 64.267845436
1210.131194495 590.00737062 39.1740921695 64.9217753785
1218.307018085 596.8732110349999 39.3298260853 65.411431564
1226.341791895 598.58020018 39.2366835324 65.6439229485
1233.2109518299999 602.6607851 39.1227854465 66.26440278449999
1240.41318017 606.2294936650001 39.06020460845 66.140654469
