995.0 274.0 374.0 482.0
1012.153350865 283.166968855 373.62966755450003 479.721442929
1026.94017013 294.34581384 373.92702171499997 477.0983052495
1034.686642935 289.5733173835 373.47456942199995 476.6407146255
1028.405189405 287.48212139149996 372.698134679 476.34197711699994
1020.321013945 287.8932764895 372.39543116749996 476.74594685499994
1014.38000191 273.5716012975 373.698038101 475.5870414515
931.784761185 145.2503976875 376.707360243 480.345268015
896.798650925 116.015074253 376.762805397 478.656386033
876.72404269 117.51869788 376.1771118945 479.69142001100005
859.5278921099999 120.09641420450001 375.3493954675 481.20205234799994
852.274751985 115.47714168249999 374.04313816399997 481.47228362500005
847.06610958 114.5169124055 372.790092788 481.9814124245
840.00838326 113.906018207 371.63839633149996 481.894654221
832.7571494350001 112.98517668800001 370.741445462 482.57019289299996
827.13526139 109.446265965 370.1818151855 481.908484242
821.9186907149999 107.811605964 369.99699329599997 481.47911361399997
816.658871815 105.7482569845 369.6372928265 481.93853793050005
809.86442779 106.728875743 369.41841818999995 482.79265518249997
799.4919412749999 102.24581366500001 369.065752676 483.22957518149997
786.670058555 100.72609619299999 368.89096269249995 484.130991614
775.597029155 100.5401206335 367.9111464865 485.12089284
771.35028443 98.724950122 367.49127766000004 485.1780534075
760.488877035 97.6552304495 367.12484923650004 485.4513268755
758.7165744050001 95.090935637 367.05436891799997 485.202961325
746.05324445 92.82262103100001 367.2520900785 485.2669646585
725.7347198950001 91.137725871 368.03691049599996 485.0371195765
699.262616815 89.08116887 367.42557354950003 485.04126087049997
684.46311325 82.5744649645 367.3902657035 482.0891562875
684.8324646650001 80.5978031435 367.03565245999994 482.2473302685
723.426278865 83.34447469400001 368.23083888950003 482.861116649
789.9590177599999 97.2176367175 369.1117362125 480.6981331075
850.605896875 110.202638556 369.293934715 481.07975354350003
883.9032951500001 117.611853234 369.140986675 481.735352588
922.55403172 113.38589070399999 369.789144103 482.907449859
970.674892935 120.18144870200001 370.2146799795 484.812434065
1026.67247575 122.838263126 371.09589769 486.17233493199996
1096.5846362 127.51226836000001 371.04241996200005 484.21960117049997
1167.8323368249999 137.5672449735 372.4809408605 481.08153279550004
1239.0163841400001 155.6358532095 372.076248582 480.8402806195
1232.77044543 138.266667734 371.067135783 476.0323116985
947.992373325 92.10723337099999 369.551182809 476.74895541700005
794.10309128 72.8354543655 370.7024677975 474.943337919
658.1026556950001 57.9796791105 369.5249644665 473.6203782565
528.832501375 39.63923444145 371.396733235 472.3294470715
446.582800281 24.43227599075 374.6844197465 469.7096510995
379.20749463100003 20.56016369715 375.254112959 468.5168139335
402.93613862999996 35.03544173665 377.4071672295 466.145384374
520.7876856 54.4115889065 378.0142518535 460.561910267
649.2172333899999 104.83333315850001 376.337443262 457.8428835885
685.9191248449999 135.5974673535 375.1863083085 457.77346373599994
735.8935543450001 146.783929796 374.35510687399994 456.536262656
785.64502392 152.7816897505 373.43565821699997 458.36417026950005
818.5639249000001 156.98630789199999 373.0470593435 460.1612852205
832.061198215 154.8410913935 371.9964026545 463.1275595225
841.272841925 154.2479936325 370.924037408 464.8556756065
876.7653809399999 143.7262111445 369.27877358750004 465.8566243745
882.86248847 128.839448011 367.732118249 465.0098602325
877.51538379 134.015919932 367.179395553 465.935858384
867.84972068 140.176979197 366.47815274000004 467.09801781449994
836.129648305 144.563703841 366.7585774145 467.18247021
787.524767675 148.016938945 368.5402593535 466.3488784915
719.4782449950001 146.8421878845 371.5030856875 468.31117692299995
702.6769785250001 58.137633105 372.52335437299996 471.76627624749995
706.81979653 -15.5274746933 370.9674560215 465.0898794865
772.178201465 17.62015696585 365.38990689099995 460.94689658199997
