932.0 187.0 113.0 149.0
950.410532605 190.297629387 112.502840327 147.6818947445
958.1907485300001 194.354563965 113.0514731455 146.8835451585
967.376874495 194.8989923895 113.1837607055 146.1048667815
971.862333225 194.883577376 113.4448841845 145.66782421
970.995692065 194.27794085399998 113.848907755 145.4112793655
991.8613884449999 201.609740673 114.48718596100001 144.25706325800002
987.01214651 213.2729240185 116.138423019 146.4956468185
980.90757001 214.620772547 117.691682327 149.0157881705
977.175876225 212.0285628325 118.8945979735 150.801835424
972.6146830499999 205.2626000675 119.66621539949999 151.00253145599999
974.96498601 197.27148280249997 119.14332086750001 149.771822573
973.73880531 191.09254139499998 117.9123911355 148.5504673705
948.9292320699999 193.836502497 118.12805202150001 147.972275207
897.06405223 190.2640986345 119.10623380800001 147.1971094305
831.61110516 187.4743166185 120.5911122795 147.8443579075
768.109099055 189.73649788749998 121.45427179500001 147.2761763435
738.2358077649999 195.0255914925 121.845697535 146.4815842815
723.0425853049999 197.119771647 121.315422012 146.5507378795
710.6757547550001 198.5139894295 120.79721458050001 146.652350956
707.53159262 199.7144302795 120.3998625615 146.475875661
711.381244815 195.4455234625 120.2822025775 146.3565198625
731.987134275 198.4953723565 119.8089115815 146.778440495
764.33414863 202.74533246800002 120.40536025850001 146.3150427755
808.7953661749999 209.1971456655 120.241795304 146.685580319
829.6142278550001 234.58817274 120.262672568 147.064716573
832.7953 323.6111139355 119.2579566295 146.935118701
827.1881918050001 394.7073541345 119.09002715150001 145.624760856
817.612247655 268.1790189565 119.103641158 149.9257896145
818.22387995 78.414525493 119.7933232805 152.08202857450001
814.13170087 90.0897322605 120.451592829 151.04601967000002
803.661136405 231.073669102 119.320981548 150.439724823
802.862665825 203.90853962600002 119.30350161950001 149.72642251
803.12391237 180.53582010300002 119.118286247 149.4763196365
805.41329046 218.2975118965 118.365720781 148.835906871
801.998140485 262.299601834 116.9608732115 147.5738486455
798.2819740150001 94.380553173 118.1677355305 149.3591523135
798.527372195 80.82829048900001 119.04125348999999 148.970597317
791.7435531399999 219.985521431 117.86292166899999 148.9983604985
794.5085721949999 188.70238964799998 118.58132931349999 148.846649705
793.2297545350001 182.593770909 118.4704763125 148.12187641650002
792.80546758 190.45555954000002 119.2068255375 147.627618919
789.212205885 188.981001474 119.91442004299999 146.6901337185
785.5593236599999 200.5004648835 120.48815027 146.221745492
791.30931597 195.109459392 121.07428611 145.4506625345
793.498010845 194.327219942 121.36944657000001 144.92471239600002
777.32371157 182.646960762 120.88021500849999 144.5045400465
715.2822385499999 146.1778457295 121.92843972700001 146.03483001400002
689.04010265 157.6313150685 121.5928347885 146.47920702800002
686.5417676 153.810016593 120.9357199735 147.0010792005
698.8750269950001 162.92332654749998 120.618612503 147.761863473
737.67522972 161.0430769145 121.314167583 147.9454602365
784.53814575 155.769405892 122.533032499 147.4303929155
823.3253275750001 161.2315023165 122.4501871895 147.083716381
848.15846568 164.4738147225 121.58967831049999 146.740072651
766.7059027649999 195.4443135345 122.62213586550001 145.65724851049998
542.56391707 267.5057560255 125.595798577 140.519638372
435.800296532 274.044890222 124.955513951 140.786663096
345.02697799149996 273.405283482 124.02586723300001 141.07237684199998
325.3795354125 272.872779334 123.0705242015 141.850947107
316.43997420249997 271.0711845115 122.2199939095 142.5561695275
323.2393350995 269.57637164249996 121.42611980750002 143.2997764385
358.7021292935 264.418989165 121.69079920550001 143.9001648785
378.63770921799994 267.541911561 121.3991616215 144.8788627465
404.302487946 264.3481277785 121.504788719 145.731889987
431.5476103455 261.446960609 120.712203626 146.7246932655
446.29947284799994 261.21534884150003 122.3783617715 148.3397422205
468.2302517505 262.42179914 123.878338028 149.53847113
485.2258882025 266.120338515 125.3022586595 151.0886595535
510.59073284 265.1966954205 126.695450249 153.13975201050002
537.41243795 256.40494309049996 126.87476447150001 154.1940955955
575.19167932 249.81561254300001 127.850904942 155.3253075765
614.13895167 251.2511881275 128.1571008225 155.4248800115
656.56607437 257.7555876745 128.81973459 156.286710134
721.40261942 251.964839612 133.2211255325 159.05244205
772.260421125 247.2150066135 133.857017724 160.086736783
829.634438025 244.10498257400002 135.0040222115 159.3793741655
873.468357525 248.9843676645 137.15074861850002 159.57502241449998
918.1499162800001 258.27644875 137.76858242950001 157.92324513100002
944.8207040750001 252.5333586525 136.66463529499998 156.6135534545
935.16483226 242.77496321400002 135.194049549 155.8355929985
899.9095990950001 244.4866627485 133.9364890175 156.167345255
895.7218137149999 256.017036186 134.804940656 157.3336852985
919.459740465 246.466454112 134.1009608995 158.09179132900002
966.919702685 236.6041424715 134.705669129 158.17955672149998
981.324710865 242.51424115950002 133.5774463335 160.106344189
956.532710235 255.5097606445 133.950569638 160.841628365
913.90346115 237.078428753 133.577066622 162.15665850099998
867.073709605 229.0013106435 134.5744457145 163.3241317295
857.94075835 231.796886642 135.372226761 164.127041683
888.816178305 242.04141782250002 137.35353372149999 164.1773776085
937.86888096 229.609892874 138.6745954385 165.212419232
927.119895125 223.8876086975 139.5505179865 165.026760599
883.42664538 224.607116183 140.543691374 164.733553267
833.399052505 233.5471816685 140.401259443 164.651373326
803.012735185 222.20746924699998 140.642421403 163.60127581749998
778.165903715 222.7574031975 139.318348862 164.2269253915
761.877093685 222.84361809899997 139.2040094495 164.9539889555
732.775397255 213.25605888750002 139.8968642985 165.345963153
722.1039067549999 217.786124991 140.878134899 167.636046964
