1189.0 517.0 39.0 94.0
1182.030252245 517.92621391 39.60132692215 93.479310317
1177.9887348050001 521.9343803 40.47049677785 92.420517509
1175.444565715 521.33930447 41.490874430450006 91.86792546299999
1173.817046395 522.01102245 42.77497685905 90.99694098900001
1170.30351537 517.73685944 43.383049863950006 90.418837035
1168.228066155 517.296464495 43.89189174715 90.0605938895
1164.188151435 520.51017336 43.8502349465 90.51358832700001
1161.44426712 519.821550105 44.161774308649996 90.83803471099999
1157.6705259999999 518.01911408 44.43042495465 91.41485302150001
1159.684274825 519.474295385 43.9529380431 91.721982984
1154.552286405 515.9363558 43.8642262492 91.8459169315
1150.1199850550001 517.572583195 43.404798399949996 91.924025139
1149.68477296 516.739262475 42.9461710162 92.0611013215
1145.10380637 512.418587265 42.9365492403 91.880517525
1143.9925919300001 512.444541135 42.805474101099996 92.03511301649999
1140.68050892 512.96102066 43.06765552755 92.0453205115
1138.966295395 514.13388591 42.9785396803 91.918059028
1132.58363494 511.97364407000003 42.8330252875 92.1639375945
1128.517285135 509.01516622 42.544106377000006 92.64780633599999
1127.531049975 511.803460825 42.07383079795 93.1080454815
1124.019529375 509.18883411 41.910719899949996 93.2181891495
1123.65264187 513.789900305 41.8762085353 93.202902213
1120.72453225 512.089085185 41.927874600950005 93.3414585495
1119.928236415 511.402613905 41.91165842145 93.554177219
1115.20754822 508.80663732000005 41.633542026650005 94.009371696
1115.79664847 515.95931696 41.81501236775 93.373447074
1113.31114221 513.6988663750001 41.8639821843 93.23860502149999
1110.37328634 517.369574075 42.0698866923 93.10970755599999
1108.375581965 514.263634225 42.3226674852 92.87380732049999
1102.77143784 514.30517261 42.24330133389999 93.17516800450001
1100.39481518 515.460244055 42.22841161265001 93.0505714315
1100.05356528 517.8983340149999 42.1685839221 92.82120484849999
1097.52692077 515.150656655 42.597825452100004 92.6990155915
1093.369574925 517.495149725 42.779529664 92.537616141
1091.448450335 513.915523165 43.2278690698 92.449715435
1088.8161475900001 514.479070055 43.07681700285001 92.3597967485
1085.408076815 518.52835974 42.8197955172 92.6326095755
1084.56255453 519.40474581 42.258728037599994 92.66649761949999
1082.75305508 521.620204705 41.9676472112 92.699122506
1079.36403056 518.051669685 41.55347183135 92.30535097
1077.9930620349999 519.69681985 41.191207292899996 92.16745073349999
1074.4351858999999 520.78532676 40.7692144129 91.596676128
1074.81556001 519.85303303 40.591763169800004 91.20375824450001
1069.67848438 518.806095495 40.553195082749994 91.11941276750001
1073.057465825 519.6182783950001 40.565710775549995 90.452954111
1068.75436203 520.68516084 40.88791475915001 89.994872082
1065.82035311 517.306340325 41.3472945973 89.50217473149999
1059.055093715 519.1823256 41.40955423835 89.0561132805
1059.37080406 518.99273406 41.34274289505 88.8512198155
1053.43028377 517.04919963 42.0635062374 88.82624147550001
1055.55934294 518.48036114 42.503145527250005 89.1292134285
1052.82816341 521.36489542 43.24744511335 89.10878181499999
1053.721909915 520.085528905 43.35072324165 89.0849438195
1048.30376256 524.54554158 43.31927391655 88.7906403415
1052.3898797699999 522.65729711 43.30706077895 88.42055182499999
1050.788441785 519.94751819 43.7333480834 88.3834360305
1048.34955903 523.0504194800001 43.951640060399995 88.68963355449999
1046.189186055 522.958247525 44.04063497395 88.64738052850001
1046.1670803050001 526.478138195 44.22826780175 88.4925694965
1050.5428382149998 532.5423133400001 44.526098029699995 87.741020865
1052.40019201 529.368984 44.9407468541 87.7334489485
1051.05453179 532.12920988 45.42335655935 87.443108478
1051.31065039 533.5223757250001 45.634008005149994 86.89848426799999
1050.131089755 537.80745067 45.31403148905 86.460538284
1049.3924438249999 536.21539567 44.893781723100005 85.90205805449999
1048.206819295 534.098336805 44.977264912799995 84.9153723945
1045.000397095 531.8579350800001 44.85021023365 84.2826503925
1050.25087342 528.3586913 44.8251790484 84.03372866650001
1041.704719805 529.961520075 44.9505816188 83.525838927
1040.387669215 529.67831298 44.90306224255 82.98323927
1036.24491021 527.74997684 44.6392711715 82.34675717949999
1034.342271295 527.02752214 45.049800665750006 82.804832503
1032.8425457199999 525.71116981 45.3149723234 83.193577709
1030.207730425 529.048201815 45.74136261939999 83.242893419
1026.219197105 529.583371675 46.1904791778 83.57233669799999
1027.57449451 525.41113635 46.63358322375 83.9075020505
1022.244174795 524.6942836449999 46.9924867962 84.1209326545
1022.2997546099999 524.3177707350001 47.0664080325 84.5350894075
1021.44234513 524.07330718 47.2376856126 84.8739312005
1020.87585541 526.597064205 47.509032599600005 85.193042697
1021.3469349650001 523.41691417 47.627094489 85.561788484
1022.1787715150001 525.0800152850001 47.461105099700006 85.952440705
1019.95945874 523.34245133 47.02316514405 86.19409349950001
1014.0911916749999 524.77239086 47.068411483599995 87.0106868265
1016.3904451550001 522.260935415 47.281107157250005 87.366534504
1021.575510225 523.9936174200001 47.15720303195 88.0656305885
1028.81749908 523.475588125 47.4079238491 89.08069712550001
1039.49745101 522.1250317949999 47.70960563035 89.84438903799999
1034.843186155 522.10440485 47.7436672361 90.8362473055
1034.2936545349999 516.19962991 47.76595150875 91.562559051
1032.58006832 516.276021295 47.84381275130001 91.9203719185
1034.8304503699999 517.11810773 47.786990725 92.93366817100001
1032.62094005 513.938993255 47.7663868215 93.9077901805
1030.1146031150001 515.559909395 47.7537397015 95.1130585365
1027.45299746 513.83514543 47.8164583877 96.0521292085
1028.066934 514.0324207599999 48.03983267455 97.0246765545
1029.8201415600001 510.30775231 48.32581462595 97.56183115200001
1028.269313955 511.50384127499996 48.71338930675 97.8155826655
1027.4647963050002 508.489390755 49.07984525565 97.9469804475
1024.52161395 508.525937505 49.7642148197 97.6139710425
1027.177062725 508.98688064 49.71694293895 97.78941545400001
1024.443981325 509.940155355 49.3457756702 98.18187422999999
1025.07067418 506.31655057 49.3115499046 98.35238537500001
1025.11684105 506.03049140999997 49.2597987021 98.4129023955
1021.3608214999999 494.819672575 49.2344195298 98.1597874045
1018.219649655 503.35572491 48.99341018965 98.14342068
1017.09736537 500.39112891999997 48.5724195286 98.1521770875
1010.682933595 491.131060606 48.4432224701 98.00787296050001
1019.72487189 487.9154799315 48.108527021149996 97.999373125
1013.6222699350001 481.864574552 48.0397663918 97.723774924
1010.20759617 479.45886455950006 47.7586975949 97.6931172485
1011.21377299 482.69085111850006 47.6538922205 97.47906135899999
1005.0579443949999 473.04502024149997 47.6274318727 97.19139256700001
1005.99979149 475.73454357599996 47.56115124565 97.14250593599999
1009.27955316 484.36002690450005 47.39837765995 97.24633969199999
1007.4184147850001 487.414532559 47.233334991 97.279112665
1007.2336719550001 481.114127779 47.07452497525 97.276919381
1007.7070483299999 489.2460946005 46.9039346485 97.4919110815
1007.4298301599999 486.2680363905 46.8548327693 97.452919884
999.7009838600001 467.899091584 46.81695177585 97.60591853599999
994.3842379349999 449.21765010850004 46.807059285 97.4687484485
992.29625736 453.7769612285 46.7563846003 97.3641195225
997.6697982000001 467.603794902 46.736261328699996 97.2197575385
1000.4606563350001 468.034145102 46.69982690035 97.0040485305
994.77985434 464.80413398400003 46.72713285935 96.78352036199999
993.0192626749999 459.1597536525 46.78647261054999 96.4294252365
997.7277378399999 463.98808623599996 46.8091531554 96.085129075
996.938579955 463.01217068299997 46.7985275401 95.8652774385
997.916129245 464.2971079145 46.7745942738 95.7633230285
994.0918302800001 451.112906245 46.74663098895 95.49129341300001
998.08669495 462.5568054585 46.7446263863 95.25551680299999
997.0646031450001 460.0684381885 46.865695614399996 94.7088002575
994.99590227 456.5524020125 46.93884826425 94.48705852750001
997.75292287 459.6097671215 47.105469885850006 94.27831981700001
992.97050326 458.524915356 47.2737836336 93.87170210500001
997.663774975 460.265651069 47.38092030725 93.45926158750001
998.3849284949999 460.9990360255 47.40076398515 93.2464401885
998.5271928650001 462.45159932200005 47.3967666114 93.2246918635
1011.514721255 477.98761520799997 47.130009022 93.31640298849999
1019.253517135 491.26458124650003 46.701568092150005 93.667355558
1021.51071839 491.74264175049996 46.62708572615 93.729875867
1024.759905615 491.9098622215 46.49754586625 93.75601276699999
1024.38715783 492.2908956735 46.20601828065 94.08534066850001
1023.3675204150001 486.1305784425 46.14445189119999 93.876774662
1026.323084975 489.3631930515 46.015165185949996 94.106611634
1026.46123816 494.643080886 45.904064160749996 94.268856789
1028.50075146 491.74012569250004 45.84038822235 94.28182917199999
1032.47101071 487.0555321435 45.82865463525 94.197180021
1033.6976398 488.165213325 45.66667147835 94.283494406
1030.44189129 485.2289317415 45.42088878605 94.315789249
1033.090458985 487.5377673325 45.3565752031 94.34828766449999
1039.2118227400001 483.01813504999996 45.199700362049995 94.32620399
1041.83434516 480.48354771050003 45.12056462795 94.2389405575
1040.59819198 477.196990898 45.03139873895 94.141479449
1044.528565475 475.321378934 44.6680201357 93.73991243
1051.014663185 476.3040191755 44.5130336637 93.2820314245
1051.557469765 473.0815680535 44.358505502599996 93.02172699350001
1054.40817691 477.001117385 44.05188295685 92.6778497695
1054.90089358 477.7565689835 43.83301335995 92.3702135135
1055.701460195 476.692791767 43.7669619963 92.27723078349999
1059.1606334150001 477.0132123545 43.6977270573 92.2510644985
