281.0 429.0 91.0 67.0
280.598281666 427.587279974 91.4403766155 68.5609550405
283.35578990799996 426.23761071449997 90.8159188475 70.143276056
285.619367386 426.553124932 91.05882892449999 71.4334345015
289.7845978225 427.16214208499997 91.758805694 72.3175370385
288.2672995695 424.2349731885 92.208410075 73.471605246
294.62301514300003 420.64737504050004 92.600680049 73.8213586845
293.8370589745 419.5725497675 93.68249159999999 73.88112443
290.570171205 421.37113152899997 95.153389676 73.9578261465
288.4957287685 420.80898365499996 95.7671682255 73.7103796145
292.3072860515 421.542478255 96.40989081900001 73.473497729
304.4355099565 422.0415887145 96.9609510745 73.2171421055
330.69106528299994 419.01781964149995 96.9691791455 73.3231483105
343.2911095275 416.897023102 96.8062323595 73.151716726
351.05034203549997 415.15852747300005 96.3055858745 73.256078047
341.205838693 414.69569361749996 95.8108876615 73.322243998
344.1746224795 413.5561265245 94.996648483 73.56892102399999
355.0996327775 413.6847881855 93.7638195845 73.660204412
358.647771782 416.230322093 93.040190176 73.301552225
360.112713472 415.16868889500006 92.239831976 73.093270049
371.447680363 414.75080128999997 91.34544955499999 72.7863307495
373.986713873 413.60339185450005 90.5019251745 72.846355832
367.892479785 411.95556927200005 89.8388303255 72.92885077150001
367.249521832 413.4962127205 89.93279404649999 72.81426883099999
358.15212226200003 414.8276038675 89.9542591795 72.7859859885
336.86283646749996 417.00263230449997 90.28818976849999 72.7980475765
309.743187977 415.077018114 90.52759708050002 72.64828812100001
287.4660093405 417.21148631 90.64716469000001 72.74040337849999
276.267617582 417.782376 90.72428307799998 72.949156091
278.6465374205 419.39730886 90.93169252999999 72.895499387
281.4631879935 416.08786217050005 90.8626557855 73.0055433185
276.7170226995 418.3665284885 91.0897606545 72.888305464
276.217509123 419.684089147 91.17433426250001 72.9574605555
276.978237084 416.16595606799996 91.15051040499999 73.2860633865
277.5679546485 417.4629522945 90.99253724100001 73.4223711635
275.542109007 415.70879806050004 91.008431817 73.5170887545
276.6161094305 417.6704309555 91.1420490575 73.447912314
275.3972816885 416.2933026885 91.137948704 73.66137128
275.962638672 418.6752353645 91.22044378049999 73.7619144675
277.25736186150004 416.264185897 91.3276292895 73.729012566
277.0451026225 417.676063381 91.5027929195 73.707551055
277.3312826655 421.158675849 91.80906195700001 73.526764643
280.0415358675 417.54613780550005 91.887404842 73.59731009949999
273.231770671 418.431318262 92.0889226455 73.6338058065
282.1944178595 416.84934199099996 92.29259606599999 73.6381961125
276.307596813 416.775757733 92.3710131205 73.715517095
278.6321872065 416.149840927 92.461251312 73.73155908300001
277.5052932905 416.5558439645 92.636481606 73.66220078549999
273.7006215385 415.45828786100003 92.715769247 73.78208898849999
276.6900747405 420.52739256850003 92.97083666500001 73.56517239899999
274.9019143985 421.784594669 93.09904023850001 73.5548954685
277.514376159 417.959586643 93.200457812 73.5085816545
273.8127699305 417.72505095200006 93.3513663755 73.476041026
275.94954544949996 414.5853483015 93.3488412335 73.6197251045
282.755035076 418.0643176965 93.4801052815 73.746051549
273.1456199045 418.0567912465 93.5084255265 73.785631352
274.53277008050003 418.62166029649995 93.53250132 73.8598003255
275.604272429 415.3349442285 93.56090594150001 73.969684489
275.91494113100003 419.381862678 93.755910339 73.99344398
274.0975955945 418.9572315555 93.8642800595 74.18423673849999
274.41426144449997 417.4758470215 93.793298429 74.257972455
276.7536613015 415.392702181 94.0115223395 74.244766292
272.881575723 414.202071611 94.0380152075 74.287721141
274.575646981 417.776446371 94.2156408585 74.221901976
282.3680108355 430.068781553 94.5067088425 74.028445994
293.2145692285 436.7147925455 94.5030589125 74.1289092605
297.7391769815 447.32279012550003 94.4431524645 74.227700304
312.964333597 463.240290798 94.8019011635 74.0404292675
321.6154429935 471.3590030695 94.9971554845 73.8816532305
309.196887115 459.059556391 94.97304770299999 73.73088358150001
288.754379459 433.8174345705 94.9337043075 73.9448829885
276.2445256145 418.4577913735 95.06874242500001 73.824904668
282.5423948115 422.33504906150006 95.175831794 74.038784675
282.2631704085 421.17343818999996 95.1618904985 74.0089724025
286.015561641 427.596592871 95.21790030349999 74.0739066705
277.3213593835 420.91691354 95.3053350425 74.073140835
284.574935023 427.00972343899997 95.31366086749999 74.2253763765
276.22191835399997 417.39968044100004 95.380250539 74.2614075275
273.08796480350003 416.59193837399994 95.363015577 74.630821518
272.589034236 416.8422554875 95.3170916125 74.803570917
281.60988706449996 428.600151725 95.4830747285 74.6947858265
283.6992905885 415.6762076845 95.5610981135 74.659676081
273.1489469325 415.0016940165 95.5314665045 74.929660982
281.91820227200003 417.45755509749995 95.4717873685 75.019075016
275.708951124 416.3672967595 95.396266303 75.22195704149999
273.8201626165 417.092182799 95.39928802 75.4354212445
273.460420196 419.46992618350004 95.580143715 75.327908637
277.6086875395 419.61364723350005 95.6619843785 75.217514322
278.456933033 425.84720710299996 95.85671900999999 75.2240587965
282.9946847615 425.10057923700003 95.9902628925 75.4224231525
290.54793994299996 435.45153197700006 96.087967748 75.4887331935
280.1745910165 425.71701494 96.2105848555 75.619217572
272.542933319 413.069094735 96.1738041455 75.8031079055
274.871400963 416.3963384145 96.143564407 75.85556734
264.34709610199997 416.47897483500003 96.03865517399998 76.20217885049999
274.902239621 413.63092086499995 95.965608599 76.238495474
273.14196198499997 417.53275304749997 96.05914950500001 76.27340046149999
282.7220060455 426.087218343 96.2313280465 76.42493027799999
292.5137565625 438.54759148 96.4190094635 76.4249649975
284.6619025195 429.0778906095 96.4328990085 76.4868757625
280.334818296 429.66720339 96.477554881 76.547953577
280.6657967585 412.067502562 96.2765012215 76.8508425775
274.6043489205 414.713792876 96.307892348 76.8408170575
273.470502468 413.43770325900005 96.30023275650001 76.80016724699999
276.2954600065 416.374710042 96.31077764 76.850069537
273.91381970649996 415.6692028395 96.35595002000001 76.90981309349999
274.7694333095 413.8415860715 96.531212159 76.9175697185
273.699025205 414.6702519255 96.68910582449999 76.9473471055
274.7112814125 414.8176713875 96.6939894595 76.96681534199999
274.9375123815 415.72035600749996 96.6606305775 76.9899519035
274.8345227055 414.9612470065 96.626962091 77.0315273705
275.666901468 415.99335824900004 96.7133890435 76.95054598499999
275.78748211699997 415.5804156605 96.616085437 77.0582879255
278.161294158 417.1452238565 96.556267333 76.9521565505
272.538595649 412.591797604 96.4123162345 77.074814132
266.1059049905 414.891276301 96.2474126715 77.344224738
274.47011649899997 414.901761427 96.18083805799999 77.3658176005
275.312831897 414.85522697500005 96.12454104950001 77.3516457535
275.7559262365 413.255851702 96.039560411 77.429306173
273.4430963825 412.611702931 96.04714483949999 77.45875631749999
276.8886853475 414.57694249249994 96.086814879 77.274230021
277.842704822 416.13519302 96.174455725 77.2541817345
274.5651335385 415.884272179 96.2199663855 77.1967098495
274.1900262675 417.101523458 96.3823946615 77.18431917950001
273.7783566815 410.328152111 96.504319128 77.214205674
272.5344789075 415.1844496585 96.4388850775 77.272767659
271.7517027015 413.9812539425 96.501394188 77.3332038185
271.9157914325 412.9818793215 96.48996702299999 77.3985806275
274.415590046 414.13322711200004 96.49650746200001 77.2322065735
272.7961057395 414.523750667 96.691213134 77.206603168
273.57238237850004 413.920040116 96.77923835850001 77.245033132
273.7470013125 414.8774828645 96.7458066975 77.198189866
281.08647973949996 416.72905321999997 96.770420991 77.1788315045
277.59103651099997 413.731282822 96.753646987 77.1212925805
271.3257235225 414.86165878549997 96.715838125 77.101583776
275.013321582 415.357156527 96.68788483200001 77.2070832725
280.7341430705 416.77387115 96.854740865 77.09095096749999
276.113141034 412.65587778300005 96.8263367255 77.19437730050001
273.912872473 413.3427182125 96.8584866845 77.268064792
272.4356228075 414.8266396015 97.00411891499999 77.2253002445
271.4038064515 413.371481337 96.958129076 77.3352204025
274.90492942 413.045641 96.90155243550001 77.432170227
278.07742362199997 414.96412954550004 96.8885077345 77.398436889
274.6735869995 417.948725105 96.96957363799999 77.2661397275
273.35569306499997 413.369218044 96.950181804 77.3551560205
271.958040835 414.99262135050003 96.813802721 77.5090377395
274.583434519 416.36367713299995 96.913917769 77.30745155
273.8844392835 410.240989634 96.9861326765 77.3157935645
271.46022712 414.617105024 97.030124201 77.44925058999999
276.6620204765 415.16662682400005 97.048272892 77.478551544
263.2885239925 419.017569326 97.1081864275 77.482476308
271.666307218 414.59252336500003 97.106567348 77.472651117
262.33404476699997 419.06652792 97.032609193 77.5140855235
