1993.0 814.0 33.0 28.0
1976.395044075 813.3351066 33.2985797818 27.757575083349998
1960.7061231450002 815.1425412650001 33.70811467035 27.526162259450004
1942.7498038600002 814.36138317 33.5011902571 27.6680229893
1928.5105499 814.65939767 33.22524696735 27.723268452699998
1910.758472735 817.8664715499999 33.416579451800004 27.4838817746
1897.517451215 815.88667653 33.4929118225 27.638515075850002
1880.444362735 816.19397155 33.5184007361 27.4565564257
1866.19922802 820.4197040399999 33.3051363191 27.70329617205
1853.22660916 819.135243665 32.80203213325 27.9948541693
1839.732463795 818.47721401 32.57128468985 28.2434025488
1820.8698852149998 817.9028345749999 32.5025816417 28.242506169050003
1808.405461335 817.8912551450001 32.29294285425 28.33798882345
1796.26319364 817.75441854 31.6518009949 29.04075288875
1779.476998645 818.716434425 31.5404800604 28.79506144535
1762.8771796800002 819.515128085 31.1638730574 29.1093114695
1752.35807978 821.1433835299999 30.981265866399998 29.17234580305
1735.769422975 818.041036725 31.37723461075 28.7816285641
1720.718127265 820.2930664400001 31.96510370055 28.11061699935
1705.5491918000002 821.94813834 32.4965789881 27.7914919165
1692.29416367 818.0793212000001 32.6219100386 27.8100854404
1678.0700473499999 819.3429160799999 32.94104781645 27.46266422085
1665.2660945849998 820.8707288799999 32.927595459850004 27.242212985749998
1649.683845065 822.979393475 33.33448829765 26.71339951795
1635.792035485 820.75311456 33.928008330349996 26.10429965525
1619.8630470750002 820.0564462350001 34.4578804488 25.67887884825
1610.3802596 824.844163285 34.67595485805 25.50999317825
1594.6146134700002 824.5017358299999 34.871979997699995 25.260054699149997
1582.6962298 821.536890355 33.873444773850004 26.211017560549998
1578.52400059 819.60484496 33.690554089 26.3171867983
1554.367202095 823.615452905 34.0209480391 26.0754245396
1542.9352513899998 823.9575080049999 34.4672479603 25.928596760399998
1523.8793129250002 822.0441493750001 34.691564195 26.09103138245
1512.9673420099998 821.04389648 35.01194662815 26.4469174173
1506.23457488 822.540776515 35.37352588545 26.541118198150002
1495.771214895 824.364465135 35.4040690514 26.563436307849997
1486.521025925 821.932342555 35.30418427925 26.47260716295
1469.439241895 824.5458398549999 35.0221343328 26.289342582550002
1460.00981187 822.849464515 34.45560053525 26.6701997805
1446.5657554099998 823.266107115 33.80130751195 27.04553460205
1438.785457585 825.085903735 33.2993528291 26.9082636183
1424.95676455 827.56662238 33.0751060481 26.99532784425
1412.9886497250002 823.06204389 32.708226417700004 26.88639785155
1405.4505695450002 823.84907004 32.18087366545 26.90243649045
1393.695769265 825.0742595049999 31.78610152075 26.7826613629
1380.5246499450002 824.356617715 31.98471848575 26.46502655805
1371.833981745 823.091227635 32.0208316851 26.3557098385
1357.49292767 827.117970915 31.725515242500002 26.62022044855
1346.4962719050002 825.9905559599999 31.808774312249998 26.54050705945
1341.803821275 825.0828766550001 31.65533101855 26.404895319050002
1326.078300915 824.8690596350001 31.568611349650002 26.262874448399998
1319.2685003249999 824.592421065 31.0610830377 26.46319587635
1308.5180424149999 825.375546885 30.7998695819 26.28811302695
1295.63020391 825.65462883 30.7348322372 26.21239932995
1287.1377255749999 826.1392368449999 30.4393802893 25.9354013047
1276.503892615 826.685709775 30.696378660649998 25.4470054093
1266.784191775 826.80965059 30.60829272995 25.357490552
1256.23509491 830.07500472 30.3973448234 25.205415008499997
1244.43165663 828.6083857049999 30.74762388 24.5880530156
1236.853392435 827.5058638849999 30.66958272935 24.48606739185
1225.40898603 830.661919115 30.534122900699998 24.55739438535
1213.94509327 829.6587521700001 30.7320201394 24.3696307602
1206.843953305 828.654442285 30.922819872699996 24.27907809965
1199.1848854549999 828.57255975 31.1820402501 24.148181808500002
1194.25700916 827.0829954149999 31.0683962384 24.260806519
1184.1799048750001 831.1847012600001 30.8524038077 24.6228550809
1177.508317025 830.980901305 30.39730562125 24.727872942450002
1168.23552838 828.90771787 29.512875629200003 25.1167011674
1162.397896895 826.371438245 29.042104218949998 25.2771335217
1156.18929152 829.378258815 28.546222058050002 25.75313847425
1145.2032654999998 828.8518734849999 28.228409225700002 25.66126466875
1141.0677632050001 828.5083769150001 28.1264927462 25.2390466564
1134.312089145 830.864355055 27.68041024895 25.22595801725
1126.057168645 828.17226182 27.23737719815 25.13675114605
1121.224246725 830.3905907 27.031110417100003 24.94716804205
1116.105351985 828.0065298549999 26.81905580775 24.878000573949997
1111.7805403 829.711263465 26.309215896199998 25.1625229059
1107.61850021 831.5102300399999 26.07163260555 24.967579554
1101.169450555 830.9144601849999 25.8565253445 24.9277395647
1099.446400895 830.7194856450001 25.909311649000003 24.4983463725
1095.22963925 830.7670512999999 25.702013793149998 24.25066946615
1092.3462504850002 830.558274545 25.6783117388 23.86897447685
1086.816937485 830.289511595 25.69541012335 23.6375905863
1088.247781065 829.688295855 25.3483399388 23.61913301515
1083.530273045 828.684336905 25.332270574349998 23.2643549454
1081.61014963 827.958809805 24.98746125955 23.11322325665
1080.472219975 828.5259535299999 24.923845872050002 22.85572817485
1078.79283842 828.8843334649999 24.58820873175 23.010240060850002
1081.1494948700001 829.984480525 24.2247688339 23.09787251285
1077.732165235 830.31671637 23.827611900850002 23.366769613449996
1078.78128754 830.7592598399999 23.65894069835 23.364991542450003
1080.852027735 830.7874940649999 23.48382688295 23.273131992049997
1079.083729 830.3899857250001 22.918685989799997 23.472364885300003
1082.1834583749999 829.92293064 22.56293233085 23.36325258425
1085.18263119 826.571284245 22.4965500203 22.89262492065
1084.206703715 827.709064805 22.334275204249998 22.6911484834
1084.774138375 828.1517063299999 21.944354384350003 22.68032183635
1086.36285104 828.253739835 21.8127154722 22.41806316025
