283.0 170.0 34.0 73.0
290.224856729 175.1918572335 34.97905459375 71.9456864965
296.914251758 178.814834276 35.58080396635 71.1887903345
307.0695029685 183.85629382049999 35.7206629207 70.799041064
314.600953621 187.0795329915 35.7191823425 70.70267699200001
321.142411765 188.437084719 35.547480744699996 71.2595291385
330.51366685200003 190.0975007825 35.2878070399 71.49804736
336.625819383 191.574150335 35.15497930865 71.817999444
347.595699095 190.9138712255 35.11197068935 71.602586293
349.9820181435 193.8589437895 35.350759299450004 71.6631522375
359.830062638 201.4364017725 35.83726444635 71.3239200335
367.50558111350006 203.38372743099998 36.62993875225 71.2714178075
374.494610905 208.55616242600001 36.87338348645 71.3757706455
380.8038466725 210.15891206999999 36.961076608 71.4247911885
390.19569842849995 213.0523949405 36.7862414822 70.785994676
398.46597434499995 216.964545762 36.386763619 70.70372660950001
406.710231249 220.0815912985 36.1182595936 70.5061377235
416.49674351 223.70041655800003 35.918148896350004 70.3808617535
424.258359739 231.20149321149998 35.73070105705 69.9135101855
427.163099592 233.5685939355 35.561919690349995 69.90799209549999
437.96199413700003 240.5264824595 35.3558349822 69.7118826285
441.6321256575 239.1916962445 35.3405805901 69.4212382335
451.229091948 244.6556484505 35.296243559349996 68.9449077125
457.76974598899994 244.365527793 35.2488068768 68.73991182500001
465.7279269415 244.946451475 35.42789089625 68.5372609045
469.53185163150005 248.26266304 35.29899334425 68.1714414095
479.695119622 252.9998569895 35.304334718549995 67.59037567
488.701355783 253.121269783 35.388731517 67.9086954985
495.06509288049995 255.0397931565 35.64326137045 67.679051857
498.56009666200003 253.668107405 35.7529763924 68.0283047075
508.306627445 255.46184174299998 35.81796850365 68.13922759249999
515.0500392299999 259.792446113 35.865309983550006 68.1211979265
517.408509355 262.4193670915 35.79527382795 68.142396726
526.5691580299999 270.4539527535 35.829097075949996 68.0509699855
533.13940846 269.5579752095 36.0999172224 67.995900148
541.60751563 271.2975015385 36.4879089868 67.80602094849999
546.802765935 276.701224057 36.76630508755 67.413478962
555.01447301 280.3432849665 36.8938227349 67.0350372835
559.63493798 283.542590564 37.0359877796 66.78786508499999
568.4581280900001 288.9665759315 36.69122280615 67.0746952035
580.25541939 287.041094281 36.36091161945 67.0693117385
584.291952875 292.3051087145 36.13771742745 67.5929999305
595.8745566150001 292.71385821949997 36.005212066649996 68.617102757
610.1763227299999 288.710322092 37.1816833359 70.079792024
608.679977285 284.267042886 37.51885305195 72.8128017355
607.045616425 283.97583890100003 38.763892419 74.7242038595
616.66962202 295.9098703445 39.44453992225 74.919977124
627.907285015 300.20947900100003 39.39474274855 74.948068531
631.88481911 304.340760617 39.04535952525 75.091421075
642.66581851 308.845897228 38.69662295445 74.61235361
652.144966225 308.8443189215 38.43043315725 73.80636036450001
658.884657115 313.017783872 38.32570167115 73.8095920405
663.30400591 316.699343759 38.17523859895 73.208505293
665.776518335 318.60583026 38.38505754155 72.5763668285
671.22539571 325.1182419275 38.4366767322 71.830111114
672.1581267099999 324.838371651 38.28242753595 71.46470116
680.598455775 329.05190608099997 38.0530039642 71.043796139
688.4304688100001 331.1766253975 37.8674618463 70.6220168255
698.275117465 333.582487523 37.47751838445 70.266043106
708.623958805 335.5732615475 37.37689460615 69.8436081725
717.135246585 335.912894055 37.18720519125 69.425250683
719.799259765 337.985630675 36.88220623425 69.250169641
730.69199197 343.0133523055 36.95849370695 68.3551064885
738.0245011 344.49375195050004 36.7545247514 67.834938522
742.437406965 349.2992469205 36.2144902585 67.6116136375
749.54104046 348.68228404850004 36.16731699425 67.1759699665
750.513419355 353.5741198805 35.79168989845 66.6380429765
753.9756039450001 359.58582839549996 35.51689996225 66.871160027
762.6673320550001 358.36808601900003 35.3219601066 66.723380486
763.5706176799999 363.0136615945 35.24123523545 67.36752551500001
767.854068045 367.050979782 34.90157834515 67.403188345
770.40444239 371.4196774265 34.62531486115 67.2247348505
777.3589013999999 373.5031589685 34.526864832 67.647438015
787.612966575 374.517100331 34.3363385791 67.7885501085
793.98927861 380.20881443199994 34.16460275975 68.24429927
800.79937749 380.04087610150003 33.9930453707 68.35352473949999
802.10350496 381.8394533525 33.79652596935 68.495447842
803.686201015 389.005569122 33.75840090705 69.159557578
800.065631985 394.7070935115 33.666055789299996 69.445117721
786.859587185 404.1831879865 33.67179787035 69.5062122345
793.9729738450001 407.25118276750004 33.644405411950004 69.6409442465
804.51118262 411.95590298699994 33.55909145255 69.4676659395
814.03539701 416.273904969 33.4970854059 70.079340632
820.9261930499999 418.89731152750005 33.47399719075 70.6873676405
826.90813276 423.292132613 33.5191913382 71.1826227335
841.4715105150001 433.740294754 33.530911636649996 71.60058411199999
853.253938885 441.381433798 33.43758009425 71.507353285
862.6268883199999 451.4588533205 33.4647554776 72.5574406285
871.96862178 459.46811701900003 33.61029984825 72.852132703
880.8251404700001 465.960298975 33.713841979499996 73.082080387
887.5692588699999 477.79393235950005 33.93347138865 73.285974028
900.8278570800001 486.24208505250004 34.1946043954 73.344110382
912.04975674 490.6170068655 34.372996681800004 73.3061989765
919.59682011 496.8656303655 34.418943425449996 73.37097368100001
936.457880735 485.81272630800004 35.18150672885 73.4799444045
948.942434735 462.53205712000005 35.6244565024 75.116016437
949.8414154249999 454.964836233 36.47668575075 77.3465150515
947.133980615 466.8166237095 37.1427463025 79.10941082
939.24276159 466.38094309449997 37.504238779649995 81.2827930235
939.399199875 468.5153236095 37.63298182095 83.255886406
956.643205885 480.79200438050003 37.71290288265 83.47061751249998
982.3950391200001 511.73743549999995 38.0345590861 82.123936849
995.9119922 515.706150105 38.3090079638 80.77123908600001
1000.6897882449999 526.597483515 38.57637199895 79.509862354
1007.8030605150001 534.28277913 38.636509058550004 78.5236306375
1014.9918123150001 538.4417061700001 38.73639234855 77.341175804
1023.650915815 543.28040587 38.6175971609 76.3573896955
1030.167420485 545.594053735 38.5832825521 75.01876680449999
1033.84317911 548.314132815 38.59979682435 74.134065265
1037.059233105 553.29724577 38.5218339994 73.204370301
1044.005493005 555.805308435 38.65446270685 72.446693212
1051.90644182 557.21836957 38.664036299100005 72.115475631
1055.010116785 561.34733861 38.534398703 71.2600421955
1063.6267964200001 562.642564095 38.42620491875 70.820178408
1065.7767559 564.35685792 38.27953414575 70.9899034995
1075.621380925 567.83566509 38.35474361235 71.2095011975
1083.48917614 573.568260495 38.194462739550005 71.1684245165
1085.9900335349998 575.553378555 38.15033552795 71.056064556
1094.49133623 579.47663601 38.101420420749996 70.9863242615
1097.55314158 584.338319885 38.1571779082 71.0791773885
1104.960363995 586.009528955 38.1646901697 71.29436383
1107.30729376 591.638152225 38.083153724300004 71.51114113450001
1114.01200575 597.109149335 38.2717847771 71.6260639305
1116.089752485 599.77614409 38.3725953187 71.929378547
1117.42880578 604.066908725 38.6687881 72.181242263
1122.846096875 610.44463582 38.9725371697 72.87683209
1127.01249692 616.56798665 39.40526876115 73.5339376355
1132.8489371 619.932972855 39.958142996 74.0854361335
1132.927862925 625.6029984749999 40.2353716423 75.2971043025
1138.5209915 628.430658395 40.7205569765 76.758179436
1139.77480315 630.358645595 40.9440319397 78.60196493000001
1144.212803285 627.47945636 41.2887601216 80.5322502345
1150.661754775 630.274353475 41.3371423621 82.710292917
1154.025219505 631.125141225 41.558091164500006 84.6264779615
1159.566700805 633.67204045 42.18197791015 86.280389786
1158.5373384499999 638.98155381 43.2513342728 87.33850742050001
1156.455634845 640.0012634300001 44.0063917713 87.6218044795
1162.356121215 643.5321536649999 44.4193869152 88.0963912285
1168.052050635 640.466674755 45.06017800965 87.739478401
1169.67209695 642.4673624650001 45.42896019615 87.50719275450001
1173.91142571 649.064135335 46.0683185 87.03533142750001
1173.5738986699998 648.907367375 46.4650393333 86.5796292345
1175.395365945 657.82112228 47.10335074685 86.1784796035
1176.19896936 661.807519255 47.14596685754999 86.4162388105
1180.43203299 662.207978885 47.10528149734999 86.6877913735
1179.395318585 671.784290505 47.19076686855 87.4992977075
1180.6028493649999 674.5713410650001 47.0643145328 88.13253336300001
1185.577267445 674.2449423099999 47.283870565950004 88.5532516835
1187.51180566 676.468622225 47.0797720968 89.6385760515
1185.89124333 674.0717028849999 47.044340582800004 90.6479157645
1186.00170875 674.2675095049999 46.99364939625 91.33632287699999
1185.34383351 676.0470440199999 46.857544111399996 92.05603529999999
1183.08228227 677.948705125 47.08915294135 92.8817400535
1187.767287965 678.3538128600001 46.538488310000005 94.1218651615
1184.202007615 677.06514061 46.43600752525 94.865628867
1183.259234435 683.0395827899999 46.25258900035 95.902674854
1179.2695780200002 679.8917212599999 46.0714955164 97.073600435
1177.23533266 676.30290198 45.92196007695 98.144630019
1171.61100452 678.427774535 45.7920745461 99.779506019
1165.522267075 671.7657572349999 45.4770119058 101.45530971699999
1159.82358951 670.662157685 45.49958238160001 102.0166423045
1153.577140175 669.97164604 45.639522687850004 102.450290118
1150.3291563 665.8544195499999 45.492567975200004 103.75956586999999
1145.337808115 656.7569495700001 45.29707239505 105.233496401
1140.68983456 662.029445905 45.218144137699994 106.06548264400001
1140.814226905 670.4394301550001 45.13387464415 107.50226714649999
1134.487359705 661.615044955 45.277179810300005 107.995906568
1128.1118192200001 658.6389308 45.615820458399995 108.8792665525
1124.474239325 662.7612470500001 46.075269609399996 109.448499027
1118.62993987 656.383291305 46.580717047949996 109.79759342899999
1112.197987175 648.473827495 46.8943747498 110.09163171349999
1103.763575965 643.213208745 47.02180977855 110.2872364655
1103.833109475 631.38334779 47.3979738385 110.25052503399999
1098.30700695 625.429385045 47.627805153749996 110.15028997499999
1095.4352633649999 617.185841495 48.0012647855 109.67807536149999
1091.8717192200002 613.214659665 47.88008462385 109.431100163
1091.517304235 604.09500343 47.8453609221 109.0171993645
1085.665626595 601.909257095 47.9870370136 108.3463255275
1083.2249527000001 600.638217045 47.9060583332 107.41041421700001
1081.969108175 603.8805398000001 47.9217215408 106.1401022105
1075.605627485 609.872922255 47.76382208285 104.486590121
1074.59475975 607.5298314199999 47.4375846789 103.0035776135
1069.0667191750001 608.884735955 46.9088159095 101.42505415549999
1066.7450864500001 610.61929048 46.6821655561 99.704736434
1064.840814205 607.8451521249999 46.43966936245 98.42301666899999
1062.68004604 615.435509835 46.61011037685 96.8747469955
1063.85967001 613.455822365 46.3093858665 95.49735107000001
1060.2532307449999 615.129181055 46.02917349715 94.1586475595
1057.424702635 615.21740491 45.80622929409999 92.9696532845
1057.152340825 612.85418219 45.75107822945 91.80108319300001
1051.35140917 613.86547043 45.407356107599995 90.4874428595
1054.2095363399999 608.4587351399999 45.16379640535 89.472332784
1054.32750148 604.318785775 45.0378979413 88.948921207
1051.28547117 603.206649845 45.16321536745 87.9701994855
1046.622744385 606.4000929 45.31737394485 86.82731342400001
1047.74258302 608.811468215 45.48144203615 85.9920203595
1044.813756425 606.669502965 45.6666385878 85.00336151100001
1044.24174302 610.7188078 45.6037694494 84.15854871600001
1041.67749378 609.503193625 45.615619014349996 83.16309960750002
