293.0,155.0,29,30
293.7905263900757,153.56653022766113,28.62356,31.3045
293.37199211120605,153.54451942443848,29.03841,31.314754
293.44096660614014,154.02772045135498,29.6327,31.58967
293.87109375,153.55281829833984,29.354515,31.604904
293.50497245788574,153.66904067993164,30.276394,31.514404
293.89213943481445,153.74685382843018,29.139633,31.15724
294.23954677581787,154.10397338867188,29.255625,31.534836
294.0353136062622,154.11695098876953,29.524427,31.569801
293.5842924118042,153.69641876220703,29.262087,31.484497
293.3881616592407,153.84806632995605,29.51058,31.568844
293.9500684738159,153.36669826507568,29.45009,31.562166
293.3791313171387,154.0486936569214,29.464508,31.644732
293.7649040222168,153.5072317123413,29.474411,31.924921
293.34216690063477,154.28413581848145,29.437004,31.546612
293.17455291748047,153.27754592895508,29.897667,31.964302
293.228835105896,153.47961521148682,29.674082,31.626799
293.7108497619629,153.9868927001953,29.339806,31.55481
293.4424886703491,154.02810668945312,29.724726,31.55777
294.0701150894165,153.44733715057373,28.832418,31.579905
294.2331886291504,154.13415813446045,29.31559,31.687601
293.8648109436035,153.74920558929443,29.039314,31.648653
293.5540533065796,154.01015949249268,28.77936,31.497442
293.75882053375244,153.54785251617432,28.698385,31.307043
294.0117521286011,154.2280616760254,28.889246,31.412567
294.36664390563965,153.70656967163086,28.2933,31.464622
294.04666233062744,153.8710651397705,28.506681,31.420849
293.92294216156006,154.14837551116943,28.23038,31.359423
293.6029996871948,154.1534824371338,28.150057,31.47823
294.0605411529541,154.17482662200928,28.43314,31.513735
293.7132930755615,154.57084465026855,28.357685,31.255306
294.46894454956055,153.55702209472656,28.038902,31.35173
294.509464263916,154.23300075531006,28.026833,31.383623
293.89843463897705,153.84923553466797,27.964056,31.393486
294.9719648361206,152.13124179840088,28.074198,31.935476
295.99449634552,152.24906635284424,28.216269,31.548529
296.4225025177002,150.96668243408203,28.106243,31.48806
297.1317720413208,150.43605995178223,28.48361,31.899502
297.73328399658203,150.776198387146,28.378448,31.531572
297.73041915893555,150.28028869628906,28.585182,31.588203
297.49273586273193,150.3880434036255,27.833582,31.834616
297.19439697265625,150.23367404937744,28.49878,31.530745
297.76865577697754,150.29165935516357,28.217869,31.707384
297.81192779541016,149.95963859558105,28.289513,31.72501
297.1319580078125,150.36088275909424,28.736198,31.680334
296.8764705657959,150.32021808624268,28.667904,31.922926
296.8074016571045,150.10898113250732,29.286762,31.836817
297.70177936553955,150.2881202697754,28.781172,31.680061
297.5222816467285,150.5582036972046,28.542816,31.701502
297.0941801071167,150.83652114868164,28.702806,31.743004
297.5974769592285,150.17551612854004,28.65458,31.505817
297.2564916610718,150.47124195098877,29.314066,31.518583
297.46220111846924,150.1868438720703,28.811903,31.643326
297.1098680496216,150.52030658721924,28.763357,31.569502
297.74963665008545,150.77309608459473,28.451838,31.37791
297.6719617843628,150.46177005767822,28.980524,31.628126
297.0781183242798,150.53018856048584,28.820707,31.593645
297.7977685928345,150.59150314331055,28.549765,31.77433
297.22081184387207,150.73025035858154,29.068409,31.99579
296.7392816543579,149.73343086242676,29.99436,32.494167
296.92994499206543,150.26022911071777,29.43777,31.728298
296.69891834259033,150.3910675048828,29.06182,32.068863
297.1906385421753,150.52905654907227,29.70772,32.042152
296.43455028533936,150.1854124069214,29.535822,31.875849
297.1024580001831,150.25684928894043,29.673174,31.906216
297.2068166732788,149.83301162719727,29.84144,32.070816
296.63907527923584,150.92523193359375,29.166857,31.718521
296.61666107177734,150.53525924682617,29.739326,32.11451
297.0167922973633,149.97831916809082,29.603783,32.399845
297.19674491882324,149.96811199188232,29.467869,31.782099
297.11461639404297,149.94690132141113,29.344498,32.057323
297.01093196868896,150.24395942687988,29.50741,32.543766
297.00418186187744,150.2277774810791,28.367659,31.995647
297.49503326416016,152.45094299316406,28.116592,30.825272
297.74652194976807,155.12257289886475,27.61366,27.886797
297.1341361999512,153.77941131591797,29.856377,28.14148
298.2759885787964,152.00291919708252,26.652521,30.026854
297.1725368499756,150.24602127075195,28.87231,30.672676
297.2475538253784,152.54704475402832,29.97861,29.986225
297.12690925598145,152.9669303894043,30.060932,30.07586
298.1373472213745,153.27565097808838,28.505327,28.97103
299.1750545501709,153.1389446258545,28.455494,29.59039
301.65234565734863,153.51745891571045,28.035908,29.578745
302.93266677856445,152.94572353363037,27.64087,29.687273
300.8826084136963,151.17314624786377,27.072765,31.033598
296.6134157180786,148.65847778320312,28.572432,32.559364
289.49630641937256,148.7387180328369,28.448908,33.805103
281.5710344314575,146.66321754455566,28.763319,34.80508
272.4418363571167,145.84010887145996,31.343775,35.062702
260.8077964782715,147.1603603363037,31.994522,33.626835
252.33115005493164,147.81633377075195,31.164047,33.6177
243.15361499786377,148.17287063598633,31.622038,35.381294
234.54360389709473,148.07980728149414,34.114872,35.18203
226.00469589233398,146.2172145843506,37.99797,35.574924
210.9326000213623,155.51424026489258,35.69499,34.34371
199.6237850189209,165.67588806152344,28.451122,29.945892
202.3106508255005,164.39685726165771,31.259474,28.943644
201.86478996276855,160.3797206878662,35.25201,30.410442
210.8269214630127,155.31554889678955,32.060795,31.099218
215.91870021820068,151.33482551574707,30.08021,32.164623
216.06187343597412,151.8399658203125,30.198938,32.013367
216.36290645599365,151.72900581359863,29.540567,31.68613
216.3047285079956,151.27893447875977,29.892931,32.002434
215.9638547897339,151.34665870666504,29.554674,32.2121
216.20440864562988,151.7659730911255,30.11945,31.69882
215.92822074890137,151.73831462860107,29.436192,31.793932
215.83100605010986,151.01849174499512,30.174269,32.36015
216.23276138305664,151.50435638427734,30.483719,32.07206
215.96805953979492,152.1643476486206,29.739075,31.700281
215.78086948394775,153.85158348083496,31.49159,30.53616
214.63522243499756,155.04797172546387,31.31875,29.265217
214.44132804870605,154.8723955154419,32.402843,29.927557
214.32015895843506,154.67107391357422,31.759317,29.742828
214.78552627563477,154.29381370544434,32.06134,30.685848
215.72260856628418,154.37776565551758,31.629734,30.28904
215.35236930847168,153.63097095489502,32.525494,31.155226
215.48913192749023,152.44048690795898,33.26361,32.01722
215.45840644836426,153.51072120666504,32.484165,31.879177
215.0125675201416,153.7794189453125,33.221363,31.291641
214.92743587493896,154.61218357086182,31.668451,29.584867
214.79854774475098,156.3985776901245,28.318867,27.818735
215.1986198425293,156.21950817108154,24.337181,28.7391
215.3814353942871,154.74977111816406,21.962433,29.951584
212.7990379333496,155.2070188522339,23.399948,30.138727
208.61344814300537,154.82592391967773,31.626505,31.457039
208.9371862411499,154.56436920166016,31.993555,31.330528
208.70817947387695,155.23563385009766,30.131195,30.461899
209.07659339904785,155.31559085845947,28.446102,30.146666
208.61389636993408,154.94605827331543,27.905897,30.558544
208.39777660369873,155.4906406402588,28.732752,30.598095
208.55062007904053,155.20804595947266,28.371286,29.91346
208.5053596496582,155.30408477783203,29.172066,30.546082
208.56087112426758,155.34004497528076,28.735313,30.039003
209.21358966827393,154.94088554382324,29.241713,30.20625
208.77911567687988,155.08973789215088,29.800999,30.266966
208.23967742919922,155.38278579711914,30.040413,30.23394
209.0565242767334,155.43395709991455,29.507656,30.512
208.5026092529297,154.86957168579102,28.765923,30.131233
209.03204727172852,155.24511909484863,29.248741,30.633762
209.03413677215576,155.21946144104004,28.732515,30.355854
209.31018257141113,155.45438861846924,29.053555,30.619429
209.12972927093506,155.36846351623535,29.124811,30.262486
208.6037769317627,155.71096801757812,29.684116,30.352638
209.28649139404297,155.07757759094238,28.423683,30.389988
208.63827896118164,155.0229606628418,28.659279,30.41536
208.67431831359863,155.59189987182617,30.29121,30.45755
208.99380779266357,155.73942756652832,30.552225,29.771427
208.56419563293457,154.7059907913208,31.112942,30.391325
208.27058696746826,155.69527339935303,30.812326,30.610071
208.11001682281494,155.6398162841797,29.45629,30.156029
208.79693412780762,155.34862232208252,29.96259,30.7348
208.88554668426514,155.28222179412842,31.594011,30.320726
209.4955015182495,154.4823226928711,30.595446,31.72158
208.8901777267456,153.429425239563,28.292116,31.041212
207.2429428100586,151.900634765625,27.32238,30.117104
208.80952739715576,154.23796272277832,25.865885,30.798145
208.62720489501953,154.55289936065674,27.275276,30.855238
209.17716121673584,155.30363845825195,27.323633,30.24514
209.11528396606445,155.27410984039307,28.474884,30.103262
208.57166957855225,155.0827760696411,29.2362,30.055716
208.9054126739502,155.33213424682617,27.631245,30.11493
208.62651538848877,156.1147336959839,26.726324,28.737848
208.63637351989746,156.12856006622314,26.78474,29.429739
208.9241886138916,155.13020420074463,27.035938,29.668028
208.32743740081787,155.74852657318115,28.911936,30.521914
209.15796566009521,155.82428169250488,26.918436,29.184261
208.3591365814209,155.8089952468872,28.070255,30.466986
208.65354251861572,155.32900047302246,27.572607,29.76495
208.6251459121704,155.46068000793457,27.132086,30.256962
208.846266746521,155.17959213256836,28.493166,30.048325
207.9574327468872,155.26573753356934,28.329222,30.049839
209.00653743743896,155.809588432312,28.205294,30.836443
208.94438934326172,155.78637027740479,28.630829,30.364073
208.35107040405273,156.16381072998047,27.6232,30.322174
208.82291507720947,155.29133415222168,27.623999,29.389965
208.2649965286255,155.64666080474854,27.59651,30.306288
208.5805959701538,156.12197017669678,28.221018,30.130617
209.20336246490479,155.3782501220703,28.205526,29.64341
208.57056999206543,155.19262409210205,29.077763,30.59104
208.39778518676758,156.92990016937256,30.570702,29.145914
208.65679836273193,156.23244380950928,31.257967,30.064165
208.53180694580078,156.18444633483887,30.586716,30.48199
208.36903476715088,156.08239936828613,30.901144,30.916286
205.13269901275635,156.8482904434204,29.80245,30.682524
202.83850002288818,158.27846240997314,28.226778,29.603643
202.38363552093506,157.28179264068604,27.638102,30.234495
201.1992883682251,156.9754343032837,27.070402,30.79511
200.197527885437,157.9026107788086,27.067064,30.23912
199.85059642791748,157.73810195922852,27.660883,30.630638
199.570387840271,157.2738447189331,27.023058,31.489946
199.86767292022705,157.63792037963867,26.92832,30.190239
200.68651485443115,157.4234504699707,27.429758,30.527565
199.53216743469238,159.05550861358643,27.47482,30.14382
198.25961017608643,158.43963050842285,27.80876,31.323185
198.50591850280762,159.06825733184814,28.723995,30.24175
198.79840755462646,158.68124389648438,27.64432,31.482086
198.00615787506104,159.20359230041504,27.912931,31.051472
199.0363426208496,159.83250427246094,28.156136,30.813538
198.1556453704834,159.75710582733154,28.014713,30.033442
198.71678924560547,159.90481662750244,28.424309,28.568342
199.26215076446533,159.8172254562378,28.188467,28.343409
198.83702087402344,160.6780138015747,28.19516,28.13236
198.81224727630615,159.79951286315918,28.143122,28.019001
198.64577102661133,160.09671306610107,28.057213,27.910418
199.58035278320312,160.78759098052979,28.208977,27.423475
201.19146251678467,164.12469005584717,28.295938,27.950113
203.32003688812256,163.18656635284424,26.617136,27.730635
196.66714477539062,163.7220687866211,32.219505,29.495117
204.3674840927124,164.9299440383911,31.006784,29.081228
207.29502773284912,171.79553413391113,29.931673,29.909374
206.33197498321533,172.22742652893066,29.409346,28.761692
205.05421447753906,170.87411308288574,32.81732,27.835445
203.99309921264648,170.6459379196167,30.514877,30.68239
202.9529037475586,169.587308883667,30.996246,32.356937
204.85713291168213,174.13593673706055,31.769255,36.692436
205.56680011749268,176.22111892700195,30.82073,34.396095
208.43309688568115,178.82183837890625,30.667055,36.432755
208.07263946533203,187.36120796203613,33.35811,34.813656
212.0093593597412,192.20159149169922,32.00127,35.37413
212.2044849395752,192.46299743652344,33.41009,37.32155
212.16110038757324,195.95598793029785,41.304142,54.214733
210.39838218688965,195.63546752929688,43.49474,55.81877
210.5042381286621,196.97232246398926,43.999397,54.4165
211.4335060119629,200.57143783569336,44.30256,56.2221
211.98974227905273,201.44729804992676,43.44062,55.43826
212.4748649597168,199.72727012634277,43.90589,56.563984
211.69634819030762,200.21822547912598,45.4502,57.14204
211.2703914642334,200.30044746398926,45.346333,56.965954
211.3440055847168,199.5187873840332,44.941902,58.038155
211.63519477844238,200.57452964782715,45.08453,57.075016
211.78009605407715,200.33607292175293,45.04604,57.774296
210.8278865814209,199.7204132080078,45.540867,57.44484
212.4718780517578,200.232666015625,43.734665,57.09897
212.024995803833,199.92132186889648,44.31666,56.983025
212.71912002563477,200.48517417907715,43.820824,55.850742
212.29911422729492,199.64290046691895,44.73661,56.53816
212.439359664917,199.87131690979004,44.601124,56.91209
212.07856941223145,200.5323944091797,44.98611,56.167236
212.15572929382324,199.24898147583008,44.29819,57.973442
212.6914176940918,199.9722900390625,44.042778,57.52054
212.93810272216797,199.82582473754883,43.893204,58.9589
213.1633815765381,198.58782958984375,43.88796,58.34993
212.0774803161621,199.30301666259766,44.436073,54.774216
212.8992805480957,199.46210289001465,43.89332,52.372883
213.02195930480957,199.1386260986328,43.137676,54.195053
213.29199409484863,199.9272975921631,43.338238,54.690723
213.59566688537598,198.18933486938477,45.11775,46.39965
211.78996086120605,198.612455368042,32.76012,37.69428
212.29611110687256,199.3200559616089,29.501574,26.16659
212.96780109405518,200.22362899780273,30.518438,26.331734
212.91660976409912,199.20857620239258,31.272715,27.500786
214.44114017486572,202.9175968170166,30.677038,23.211163
217.34864044189453,206.46427536010742,32.360313,16.626984
227.3575620651245,206.43010807037354,30.68886,24.927153
228.73205757141113,201.77374076843262,32.800236,28.33427
224.29430770874023,204.50185585021973,37.005684,33.98833
226.4035701751709,205.80088233947754,39.082203,49.719364
224.93163108825684,211.47245597839355,44.232655,55.602093
231.36073684692383,235.50293350219727,32.740288,33.081482
234.5529432296753,239.92169857025146,27.843912,29.917261
234.593035697937,241.22315311431885,28.141695,29.836714
235.17430591583252,240.07021808624268,27.914083,29.782705
234.26185035705566,240.84135913848877,28.260883,30.143568
236.82463264465332,241.51952743530273,28.32243,29.025887
237.67806911468506,243.06811904907227,28.1561,27.750572
238.06288719177246,243.20353889465332,28.219952,28.125553
237.9786195755005,242.15382766723633,27.604841,29.184708
238.47556495666504,242.01458930969238,28.209743,29.288548
238.48363399505615,241.59154224395752,27.579065,29.374113
238.79810619354248,242.31396770477295,27.749582,28.476122
238.7249927520752,242.2108030319214,27.46465,28.513597
238.60436630249023,242.2624912261963,28.346306,28.858494
238.6936912536621,241.76203632354736,26.77488,29.247969
238.90185928344727,242.46422863006592,27.1417,29.117746
239.19748783111572,241.67374324798584,27.450972,29.455172
239.04776668548584,242.1263666152954,27.006632,28.874762
238.83819389343262,242.57015705108643,27.813732,28.554815
238.44991779327393,242.11163139343262,27.20178,28.893688
238.81277656555176,243.6372947692871,28.110783,26.836357
238.96527767181396,242.45260620117188,27.61664,28.274216
238.8314447402954,241.71526622772217,27.678167,29.417215
238.51790523529053,242.84053993225098,26.56553,28.38776
239.26786041259766,242.50253868103027,28.278221,27.3727
237.91211223602295,233.09679985046387,31.140429,32.586666
237.7361183166504,216.67737007141113,29.325775,37.967876
238.9428071975708,207.10301399230957,30.932493,37.17319
237.72326278686523,190.70443534851074,32.3416,32.13148
238.43204307556152,189.60187244415283,33.602047,31.05847
238.19310188293457,188.78079986572266,32.09322,25.407349
240.79036045074463,187.93486499786377,31.335928,20.692373
246.7957420349121,181.83570766448975,27.266693,19.614298
256.8239212036133,176.22800254821777,26.393639,16.709644
264.81363010406494,167.8803882598877,27.963156,19.110332
269.15523624420166,166.79802703857422,30.058355,26.755836
260.6021480560303,160.93855667114258,33.48704,26.024666
257.51368522644043,150.34744358062744,34.228954,27.02152
253.50303077697754,144.58255863189697,34.106617,31.13275
249.90765380859375,135.31625175476074,34.436867,33.06429
244.39854431152344,124.95427322387695,36.902832,32.635796
248.66552543640137,130.69885444641113,32.289707,37.349926
250.97093391418457,139.9297924041748,35.424984,41.030506
268.22101974487305,156.91487884521484,34.103767,42.235413
284.45666122436523,158.67106437683105,36.70826,31.179646
290.5607919692993,159.06093883514404,30.663359,29.3379
290.3040370941162,158.72360706329346,29.972088,29.729185
290.2526025772095,159.19542694091797,30.139357,29.775658
290.5168466567993,159.00407791137695,29.935194,29.416344
291.3598213195801,159.13568305969238,29.498459,29.281841
290.22303104400635,159.20695209503174,29.997252,29.483335
290.94858741760254,158.90215301513672,30.061764,29.982018
290.7320137023926,159.3705711364746,29.940742,28.97316
290.8647975921631,159.59368515014648,30.66257,29.297676
290.6471347808838,159.2207326889038,29.692982,29.488436
293.08027744293213,157.86521911621094,30.446234,29.744576
293.821702003479,156.92384243011475,30.183294,29.864595
293.3877067565918,156.37450981140137,30.913948,30.4901
292.9821310043335,155.780424118042,31.345644,30.727642
292.8905305862427,156.90237045288086,31.457006,30.200348
293.6406774520874,156.017333984375,30.729753,30.698257
293.2595405578613,157.16146659851074,30.351372,29.84103
293.8102025985718,156.71094512939453,29.928247,30.066353
293.8544235229492,157.07210445404053,29.909813,30.238192
292.94420623779297,157.5403184890747,30.760376,29.602781
293.58535385131836,156.3320608139038,30.358269,30.705164
292.8593969345093,155.8948154449463,31.286242,30.760487
292.7651090621948,156.5289764404297,30.193354,30.463707
293.70161628723145,157.4666633605957,30.279629,29.590515
293.18403911590576,155.77349185943604,30.949091,30.86434
293.0383653640747,156.11807823181152,30.102224,30.605366
292.7276906967163,157.00107765197754,30.4218,29.84895
293.04920768737793,156.95208168029785,29.920513,29.538883
292.5385980606079,156.65442752838135,31.01988,29.874365
292.372371673584,156.48556900024414,30.90274,30.318207
293.1374921798706,156.352707862854,29.943407,30.265982
293.02724170684814,156.560396194458,30.743795,30.40128
293.7526845932007,156.4971170425415,30.175035,30.39739
293.81824016571045,156.6363067626953,30.935793,30.247688
293.37177562713623,156.55340576171875,30.798449,30.433609
292.8208341598511,156.2179765701294,30.752,30.665892
293.58123683929443,156.39141654968262,29.846125,29.98959
293.3819570541382,156.54067611694336,30.198298,29.81424
293.1774845123291,156.43479347229004,31.04845,30.2486
292.86904525756836,156.35828304290771,30.326088,30.21972
292.6152515411377,156.81863498687744,30.596409,29.894941
293.1917085647583,156.2443447113037,30.845655,30.27415
292.8315649032593,157.53287410736084,30.43175,29.762865
292.84071922302246,155.32001495361328,30.18755,32.16181
291.6815814971924,159.27614974975586,32.048634,27.6837
292.8825378417969,161.73559665679932,30.57405,24.252523
292.1744909286499,165.26415061950684,29.886774,20.957554
293.64160919189453,166.14000606536865,29.830452,20.935984
293.7872371673584,166.46095657348633,30.327854,21.341583
294.0543794631958,166.56262493133545,30.36389,21.006052
292.25503158569336,159.32515811920166,29.498756,28.033575
292.5484390258789,158.63159561157227,30.524239,28.485878
292.9180660247803,154.43859672546387,30.254879,32.482822
292.75678157806396,156.62665271759033,30.005976,29.87892
293.6123867034912,156.72611713409424,30.26292,29.930815
293.05496883392334,156.41934967041016,30.155855,29.840889
292.7227077484131,156.20310306549072,30.576565,30.125616
292.69924449920654,155.98563861846924,30.81759,30.347082
293.3834857940674,156.92767238616943,29.701717,29.718897
293.48919582366943,156.68426609039307,30.266024,29.68241
293.3769111633301,156.12589359283447,31.31334,30.467588
292.59891986846924,156.05993461608887,30.336203,30.433346
293.9833164215088,155.3236083984375,29.60625,30.637459
293.56295585632324,153.9198694229126,30.403324,30.77136
293.4261255264282,154.77703094482422,30.487455,30.116112
296.4619483947754,155.16564655303955,30.274384,30.409063
299.59377002716064,153.93979167938232,30.012938,30.712038
302.2722120285034,152.97119426727295,30.410334,30.619112
305.0385322570801,153.58597373962402,31.171516,31.556644
306.2156047821045,150.05588817596436,30.483837,31.631083
307.6186189651489,150.63274383544922,30.4523,31.793945
303.7569274902344,149.0428695678711,34.48639,36.757423
304.77460861206055,150.23559379577637,35.68197,36.27557
307.90871810913086,154.3359146118164,34.48536,34.294945
310.65358543395996,164.14351272583008,33.759205,33.15625
318.60864639282227,170.2537136077881,31.614876,36.141064
318.4389877319336,175.4788990020752,33.85179,36.390797
316.4290065765381,182.86984634399414,33.48093,36.57692
312.1236209869385,190.53757667541504,30.000652,33.72884
300.8718967437744,202.28343200683594,35.01978,32.639427
286.33965492248535,211.8626823425293,35.749767,35.27942
275.50419998168945,220.99801635742188,40.890976,31.195595
258.56121826171875,233.48279571533203,38.525528,32.183846
237.348876953125,234.5627956390381,55.103043,33.73759
236.02605628967285,234.10406303405762,57.29617,34.200176
235.02032852172852,234.31890106201172,59.527,34.71572
235.17790603637695,233.73663330078125,60.09658,34.924187
234.94516563415527,234.17451095581055,60.985523,34.468994
235.9590301513672,234.73318099975586,60.44429,34.6187
235.5443000793457,233.93101119995117,58.244484,34.993057
235.0931510925293,234.59585762023926,64.13056,34.87833
234.9119815826416,233.27581596374512,59.32266,35.769573
235.5762004852295,233.630615234375,59.455128,35.127815
235.72895431518555,234.42782974243164,60.11454,34.84807
235.358491897583,234.639253616333,59.195217,34.610004
235.8845386505127,234.5589427947998,60.14015,34.830883
235.9539623260498,234.7254638671875,60.384052,35.23461
235.70176696777344,234.54229164123535,59.6821,35.67159
235.00834846496582,234.7337818145752,60.488995,35.54497
235.79363250732422,233.98662567138672,59.42697,35.306877
235.58935928344727,234.3606719970703,57.5839,34.288918
235.38421440124512,233.99793434143066,58.27947,34.711796
235.78226852416992,233.64290809631348,60.106834,35.145557
235.63508987426758,234.43498039245605,57.587273,35.075542
236.22848510742188,233.91605758666992,59.080887,34.656418
235.81095695495605,233.96850776672363,60.997913,34.483326
235.87038612365723,234.71161079406738,58.354946,34.6207
235.40263748168945,233.6762466430664,58.68409,34.45565
235.6425895690918,234.68507957458496,57.807228,34.380505
235.28046989440918,233.8523178100586,59.20679,34.867973
235.92643547058105,233.69487953186035,59.87488,35.32407
234.98891067504883,234.5226707458496,59.54592,34.718185
234.87284660339355,233.48548698425293,60.384632,35.187954
235.31814575195312,233.27039527893066,62.523422,35.735004
234.16804122924805,235.92214965820312,59.93232,34.51824
234.84141540527344,237.79298210144043,57.246094,33.319912
234.60283279418945,238.28353118896484,59.28457,33.328026
234.59365272521973,237.99807357788086,57.43565,33.148087
234.3407325744629,237.75532341003418,56.444405,32.64651
234.28157424926758,238.28633403778076,57.844612,31.98836
234.2712631225586,238.21562004089355,56.703384,32.178417
234.1405792236328,238.2728614807129,57.10437,32.149643
234.02125930786133,238.76596450805664,57.36895,32.3869
234.5604133605957,238.6863021850586,57.372,32.25849
234.6377124786377,238.44561767578125,57.06117,32.114433
233.96175384521484,238.54036903381348,57.232178,32.01668
233.85301399230957,237.60350799560547,57.29214,32.78492
234.86040687561035,238.9564723968506,56.676434,32.397213
234.20065116882324,238.16031074523926,56.87656,32.43334
234.07473945617676,239.0517807006836,57.07455,32.128197
234.1803035736084,238.0424747467041,57.658314,32.529377
234.12392234802246,238.11323165893555,56.954258,32.364304
234.0022315979004,238.7970199584961,57.2508,32.24076
233.96739196777344,238.4609603881836,57.205353,32.309486
233.94061851501465,237.9551944732666,57.359745,32.562336
234.23067665100098,237.90788459777832,57.61923,32.418125
233.70080184936523,238.09381103515625,57.669518,32.11828
234.3083724975586,237.94854736328125,57.04738,32.241295
234.22203636169434,238.97630882263184,56.44782,31.840572
234.26212692260742,238.4587173461914,56.749428,32.167946
234.60851669311523,239.66701126098633,56.50762,31.238342
236.3438205718994,240.58798217773438,54.9705,29.858665
234.86946487426758,241.55073833465576,55.072,29.09305
234.38620376586914,245.94390869140625,56.724648,24.542198
234.90028953552246,245.27742671966553,57.204685,25.073542
233.74398040771484,241.3392915725708,57.44191,29.813093
233.91715049743652,238.8951768875122,56.977634,31.74652
