170.0,41.0,18,45
165.96965408325195,41.428897857666016,23.482872,42.11023
165.6530303955078,41.535940170288086,23.840225,42.054745
165.72604179382324,41.294198989868164,23.488468,42.015934
165.8774871826172,41.86204147338867,23.273605,41.494583
165.52007865905762,41.46249198913574,22.700047,41.645794
165.22284412384033,42.12767028808594,22.536276,40.950233
165.88860034942627,41.61710548400879,23.281988,40.82683
165.65145015716553,41.00638961791992,23.668337,41.265106
165.62829208374023,42.2379207611084,23.131966,40.179104
166.6503267288208,42.86423110961914,21.670149,40.269135
166.7305564880371,41.77545166015625,19.72522,41.50374
168.19461250305176,41.94714546203613,17.88757,41.390926
168.4245948791504,42.26375961303711,17.152176,40.97793
168.80095195770264,42.493011474609375,16.465227,40.638184
169.1046543121338,42.633371353149414,16.600971,41.301304
169.623929977417,42.7031135559082,16.691914,40.459213
170.8604393005371,43.01253890991211,16.853088,41.380653
170.02089500427246,42.55522537231445,19.158237,41.040207
170.73678302764893,42.283729553222656,19.676123,39.869583
170.3896369934082,42.481489181518555,20.432404,40.739117
170.9431266784668,42.98393249511719,21.06076,41.065956
171.2808141708374,42.54878616333008,20.802462,40.95192
171.58827209472656,42.15750312805176,20.957138,40.998188
172.17915534973145,41.74384307861328,20.68282,41.88851
173.32129192352295,42.01884078979492,19.11654,40.89953
175.0598316192627,42.17654037475586,18.175571,41.417015
175.18136978149414,41.829057693481445,18.128944,40.83286
175.7967414855957,41.53867721557617,17.09208,41.685066
176.78381729125977,41.42036056518555,17.687767,42.84504
176.98069858551025,40.63948440551758,17.25591,42.608086
178.2708969116211,42.09915542602539,16.486198,42.308228
178.30805206298828,41.78023338317871,16.223503,42.753857
179.42141437530518,40.89023399353027,16.519949,43.11096
179.58855533599854,42.33917045593262,17.009016,42.929844
180.0885934829712,41.84451675415039,16.832624,43.497353
180.92587852478027,42.14862823486328,16.73901,42.181175
180.57702255249023,40.14880180358887,17.392975,45.011806
181.60577774047852,41.959678649902344,17.666405,42.587616
181.12444400787354,41.87560844421387,18.79511,42.90981
181.3561019897461,42.64517593383789,19.571823,42.32531
181.7593812942505,42.81805610656738,19.221388,41.882107
181.6603832244873,43.58312797546387,20.57645,41.977787
182.28428840637207,41.501081466674805,20.922367,43.021053
184.4316234588623,42.43793869018555,20.841747,42.145065
187.03221988677979,42.54470252990723,19.737219,41.73154
188.85552787780762,42.93074989318848,18.232067,40.348156
191.65654277801514,42.53826141357422,16.778734,40.35015
193.42660808563232,42.682809829711914,15.102358,38.86018
195.80417346954346,41.23470497131348,15.682234,40.048527
196.09944486618042,41.54686164855957,15.83059,40.255405
196.1309051513672,42.31645393371582,16.231178,41.15916
198.57638502120972,41.111351013183594,15.587754,41.292755
199.5623550415039,42.12129211425781,16.24408,43.71647
200.6351957321167,43.00125694274902,17.114946,41.155445
201.375581741333,43.14515495300293,16.92622,39.08582
202.95022869110107,42.89274597167969,16.836397,40.851044
203.57090091705322,42.76914405822754,17.040472,43.711277
205.3495864868164,38.8741397857666,19.168724,48.043186
206.9172487258911,41.290096282958984,20.030546,44.43318
207.05773448944092,41.69733238220215,17.743792,44.720287
207.59480953216553,42.087812423706055,17.25876,45.76433
208.800443649292,42.137441635131836,19.268208,44.424503
210.75196075439453,43.48065376281738,18.317871,42.797115
211.36389350891113,42.46098327636719,17.134686,43.415596
211.9702205657959,41.87225532531738,16.62408,42.36356
211.9801254272461,40.85455322265625,18.574463,43.66078
212.83647060394287,41.29562187194824,18.939333,40.3958
213.92871856689453,42.10292625427246,18.651588,40.90112
214.07126808166504,39.99327850341797,18.704868,42.621193
214.49677753448486,41.102569580078125,18.90357,41.7089
214.6544599533081,42.600162506103516,20.162935,42.663414
216.1568717956543,43.588972091674805,21.80867,45.05747
215.6292543411255,42.36376190185547,20.20535,44.98291
219.35983562469482,44.16963005065918,17.70334,44.075184
221.74255275726318,45.43265914916992,17.70199,43.126526
222.0237693786621,44.37172317504883,16.369133,44.321465
224.11401271820068,43.73063659667969,16.137697,44.703697
224.9319896697998,43.20048904418945,16.172588,45.3843
225.45157527923584,42.08236503601074,16.456491,46.69781
226.69868755340576,41.86879348754883,16.566774,46.88646
227.89183044433594,42.50853729248047,17.13105,45.151497
228.26616287231445,41.473106384277344,16.885727,45.537224
228.51148223876953,42.158206939697266,18.024399,45.370384
228.80266189575195,42.29685592651367,18.418694,45.669525
229.29104614257812,42.863033294677734,19.128403,42.246307
230.36658382415771,44.187089920043945,20.221178,42.723118
230.68197441101074,43.93220901489258,19.915134,43.64019
230.92406463623047,44.224342346191406,20.403053,41.599495
231.42586135864258,42.89842224121094,20.2781,42.179947
231.80752277374268,44.38314437866211,19.73174,41.484436
233.1221809387207,41.9238395690918,19.745346,43.756638
233.62710189819336,42.55864334106445,20.119751,42.812164
234.55066585540771,44.32528305053711,20.155619,42.653442
235.8199291229248,45.32898712158203,17.773472,40.455894
236.98097133636475,44.81037712097168,20.34083,41.614635
237.03386974334717,44.59708786010742,21.435266,42.66414
237.680908203125,48.040435791015625,23.666595,39.453285
237.00852394104004,49.01314926147461,24.622547,38.63542
240.49161434173584,46.99553108215332,20.808207,40.11349
242.70861911773682,45.45913124084473,18.963179,40.915424
244.35183811187744,45.777076721191406,17.01547,40.88537
245.7627878189087,43.688127517700195,17.726377,42.639088
245.3545684814453,42.96047782897949,18.196442,43.915073
246.7441062927246,44.27958679199219,17.468048,42.84098
247.50387573242188,43.88398551940918,17.485176,43.407528
247.79224967956543,44.90325355529785,16.453724,41.906925
248.77649116516113,44.62651824951172,17.201992,40.670723
249.25876808166504,45.243608474731445,17.197979,39.48382
249.73980331420898,44.86689567565918,17.525696,38.94012
250.22265338897705,44.501047134399414,18.000494,40.99336
251.6142635345459,44.14443016052246,19.260479,39.936802
252.69581604003906,43.91134262084961,18.604576,41.176674
253.90214157104492,45.48970413208008,17.973442,38.43164
254.51824855804443,46.00691604614258,18.567743,40.653664
255.69214153289795,45.737308502197266,18.417177,40.78138
257.2223653793335,45.83865165710449,17.178919,39.45107
257.69667053222656,45.88736152648926,16.026817,38.387142
258.3966341018677,46.96296691894531,16.273428,38.44536
259.8822202682495,47.396894454956055,16.21747,36.60805
262.51385021209717,47.70819854736328,17.435205,37.40397
264.59236240386963,46.68159484863281,17.366964,38.163803
266.52435302734375,47.81010437011719,17.595688,34.070755
267.7350835800171,47.66107368469238,16.067812,36.877903
268.95616006851196,47.002723693847656,15.831683,35.680405
269.7857446670532,46.04163360595703,15.690611,38.21353
271.45886754989624,46.135292053222656,14.419827,35.6485
272.2346525192261,45.72076606750488,15.105783,38.123676
272.48889446258545,44.10974311828613,16.682627,40.56287
274.2073621749878,45.992876052856445,16.036394,39.03507
274.7083921432495,45.549591064453125,16.846659,40.545914
275.9166374206543,45.72398376464844,16.76796,36.252945
277.08878898620605,46.37498664855957,16.502079,40.3877
278.2378873825073,46.39175796508789,17.513124,41.19213
278.3055009841919,46.36692428588867,18.502554,40.379852
280.12047290802,47.164268493652344,17.941473,40.278572
281.16597270965576,46.0364990234375,18.146204,43.33268
284.21458435058594,46.64770698547363,16.892113,42.302258
286.40599822998047,46.943532943725586,15.78508,43.684864
287.93941736221313,45.87565040588379,15.050334,44.552258
289.40803384780884,46.282949447631836,14.803615,44.213512
289.43369340896606,46.526323318481445,15.360442,42.639553
289.58739948272705,46.68952178955078,15.532995,43.771774
290.08335304260254,46.71706771850586,17.28101,42.766685
291.2870903015137,45.907466888427734,17.572067,43.53665
291.1406526565552,45.61027145385742,18.300535,44.63015
293.26598262786865,45.67192840576172,18.112772,44.951454
293.9965753555298,44.37294006347656,18.364286,45.870445
294.7020387649536,45.65284538269043,19.507406,44.638424
295.9714002609253,46.37717819213867,19.573694,44.843338
295.4614944458008,44.87167549133301,21.40216,45.948513
296.8322534561157,45.889997482299805,22.147398,45.418262
297.29691314697266,44.85434150695801,22.114807,46.56953
298.84381675720215,47.20711898803711,21.022678,44.24772
300.28428077697754,45.63532638549805,19.828686,46.407265
299.65006828308105,46.67979621887207,20.944263,45.33804
305.49101066589355,46.83798789978027,17.194035,44.709934
306.5958285331726,46.77195358276367,15.874597,44.10807
308.0352964401245,47.40773963928223,14.76436,43.94563
310.34052085876465,45.84388732910156,15.327915,44.925346
309.90949392318726,45.21367835998535,15.858487,45.693577
310.9198188781738,45.89776802062988,16.32518,44.45622
312.311900138855,45.11638641357422,16.741343,44.804092
312.95709896087646,44.605316162109375,17.77424,44.77739
313.4133987426758,45.469173431396484,18.523209,44.84498
313.2605619430542,45.320945739746094,20.319727,45.096603
315.4184856414795,45.4647274017334,19.549046,45.480045
314.60461235046387,45.97039985656738,20.564564,44.700832
316.5118160247803,46.17300796508789,20.982029,45.338142
317.91905307769775,46.30721473693848,19.264067,45.444195
318.673246383667,47.36706352233887,17.945164,43.95827
319.68152141571045,46.526506423950195,17.533976,44.74052
319.8928556442261,48.23020935058594,17.149637,43.04361
320.933048248291,46.02518844604492,17.289574,44.888184
321.47203636169434,46.251373291015625,16.52425,44.228477
322.0007314682007,47.13846778869629,16.591394,43.754673
322.39254570007324,45.8356990814209,16.727016,44.954937
323.21340465545654,46.09737014770508,17.94858,45.11016
322.54525661468506,46.325265884399414,18.952814,44.080563
323.3021936416626,44.05949783325195,21.230139,45.14988
324.914945602417,43.80056571960449,22.025509,44.19208
325.59719467163086,45.02899360656738,20.748718,45.211864
326.30959129333496,44.095041275024414,22.140759,46.74992
325.98071098327637,44.629995346069336,21.939312,43.360157
326.65441513061523,46.692230224609375,19.560562,41.797928
328.2234115600586,42.422929763793945,18.821396,46.481365
328.2091941833496,45.86477279663086,18.301506,43.815254
328.1743860244751,48.5984001159668,18.507544,41.73781
328.0917263031006,47.05359077453613,18.752773,44.40182
328.3975877761841,47.826087951660156,19.121206,43.41748
328.31753063201904,45.34256362915039,19.45756,46.014755
329.1689281463623,45.97572708129883,18.386585,45.69609
329.3042211532593,47.544586181640625,18.616472,44.46569
329.50951385498047,47.49229431152344,18.273972,44.84133
329.90571880340576,46.580251693725586,18.983644,45.657917
330.5612163543701,46.88220024108887,19.021404,45.213657
330.1974506378174,47.16277503967285,19.558315,44.665203
331.46556282043457,45.93879699707031,20.326,46.03129
330.5023880004883,46.30025100708008,20.666489,45.48726
331.5388660430908,43.07672309875488,20.029675,48.20035
331.1104335784912,43.804433822631836,20.406178,47.6779
331.1652193069458,44.28001403808594,21.199362,47.60627
331.4936714172363,44.35839080810547,22.41999,47.37539
331.5164031982422,43.23625564575195,24.159424,47.31456
331.6927089691162,43.45530319213867,24.167576,48.006012
333.3691186904907,43.953025817871094,23.395277,47.17707
333.07902336120605,43.15920829772949,23.272404,48.330273
333.01374340057373,43.803083419799805,23.166437,47.97157
332.5254602432251,44.70555114746094,23.58087,46.852913
334.0209369659424,44.0315055847168,22.887691,47.122574
332.8519868850708,43.23466682434082,23.622595,47.845524
333.4745693206787,43.24390983581543,22.656956,48.43426
333.4609384536743,43.77160453796387,23.306501,47.1327
333.7985563278198,43.81453895568848,22.586512,47.791447
334.45744037628174,43.46040344238281,21.957663,47.75918
336.5817346572876,43.72455978393555,20.41023,47.381607
335.56515979766846,44.3551025390625,20.730017,47.277916
337.4277820587158,44.23221969604492,19.703411,47.47795
336.8543300628662,45.27404975891113,19.421635,45.446842
336.86398792266846,45.591569900512695,19.887472,46.603733
337.4137830734253,43.7437686920166,19.10229,47.654636
337.8619956970215,44.112186431884766,18.703712,46.329575
337.44032192230225,44.14750289916992,18.77173,46.95697
337.5008726119995,43.45530319213867,19.13949,47.29727
338.4205560684204,43.47810173034668,18.326078,48.159115
337.95605659484863,44.16030311584473,18.226711,47.226322
338.65132999420166,44.074249267578125,18.035582,47.95002
338.82074069976807,44.44918251037598,18.195967,47.343174
338.940242767334,44.349159240722656,17.68612,48.03837
339.04015922546387,43.96844291687012,17.601948,48.375973
339.78956031799316,43.51311683654785,17.525555,48.073948
339.4582939147949,43.24782180786133,16.908943,48.807587
339.3069324493408,43.51841354370117,16.881405,48.701157
339.1146488189697,43.85917091369629,17.284176,48.584248
339.17437171936035,44.54598808288574,17.084515,48.501827
339.43696689605713,42.80161476135254,17.511396,49.970737
337.49075412750244,45.37692642211914,19.690275,47.474625
339.1278314590454,42.76655960083008,18.896864,49.52397
339.7322196960449,43.627193450927734,18.820076,48.17627
340.3060760498047,45.018798828125,18.207245,46.807304
338.8025846481323,45.03347587585449,19.554804,45.98875
339.76647758483887,44.36893844604492,18.379108,46.49858
340.4293575286865,43.49361228942871,18.00362,45.462475
340.73545265197754,43.695228576660156,19.19003,46.10398
340.3742399215698,44.930335998535156,19.231531,46.88337
342.02395820617676,45.21177291870117,19.227306,46.099426
342.0361804962158,46.27208709716797,19.273281,45.310448
340.6892566680908,43.96732139587402,21.664288,48.19869
342.78966522216797,46.04274940490723,20.98587,45.102825
342.50063133239746,45.50160598754883,21.700092,46.329704
342.6294355392456,48.167673110961914,22.795588,43.27502
342.1806764602661,45.54403305053711,22.606482,46.845314
344.1135082244873,48.05453681945801,22.653889,43.63281
344.28936290740967,49.34366989135742,23.960962,42.02317
343.9751777648926,49.862592697143555,22.971474,41.654926
345.91232109069824,51.34828567504883,23.593296,40.2864
347.3001823425293,52.752479553222656,22.872414,39.106796
349.02383613586426,51.00481033325195,21.838848,40.986626
351.9490385055542,53.757965087890625,19.934412,38.073822
355.4888792037964,53.96634864807129,17.039072,38.632442
356.4607238769531,52.91371726989746,15.655106,39.355404
356.38110637664795,52.38734245300293,16.631777,39.42368
358.437313079834,51.532779693603516,16.868713,38.186333
359.14032649993896,51.68995475769043,16.057886,37.176098
360.1750707626343,51.67254447937012,14.8504505,37.712246
359.88086795806885,51.59433937072754,14.681486,36.362698
361.467426776886,55.65185546875,14.435378,32.243797
362.00752687454224,54.569085121154785,14.722648,31.241804
362.8207149505615,52.647308349609375,14.979984,35.25141
363.22089099884033,52.28263282775879,17.664381,37.088917
363.11476612091064,55.55444526672363,17.591772,33.345562
364.0603246688843,53.616716384887695,17.28171,34.2637
363.16192150115967,53.86119270324707,16.775309,36.051655
361.32834243774414,53.298776626586914,21.659454,37.28451
364.1750612258911,49.590736389160156,23.52609,41.662704
362.93982887268066,51.395572662353516,25.123951,43.243492
357.93540954589844,49.20112991333008,26.773933,44.771614
364.81135845184326,47.19036102294922,27.26201,46.76625
366.7156991958618,44.6612434387207,28.052404,49.86933
363.19908142089844,46.1729736328125,28.341301,50.35988
364.91243839263916,46.7497615814209,27.284994,48.797626
366.31946563720703,46.69816780090332,27.253792,48.439617
367.8134288787842,45.772796630859375,27.275982,49.43901
368.65813541412354,44.59399604797363,28.526892,50.474438
371.54368591308594,44.62946891784668,23.756538,49.26195
368.2167329788208,44.758235931396484,26.226805,48.787636
370.82697010040283,48.10590744018555,21.36711,45.178444
371.89269065856934,49.471717834472656,22.257992,43.138794
373.27085876464844,52.69342613220215,18.940575,40.347996
373.5080156326294,54.033124923706055,17.098616,38.87206
374.13766860961914,53.543861389160156,16.876205,38.553993
373.0730981826782,51.696956634521484,16.980604,39.52884
373.5334777832031,54.402374267578125,17.469963,36.05146
375.21142387390137,54.858713150024414,15.370556,37.428005
373.4230613708496,54.90770721435547,17.210625,35.824318
373.87830352783203,53.915727615356445,16.861115,36.840244
374.02451515197754,51.89121055603027,19.6394,38.09731
369.25946617126465,50.225765228271484,21.725597,40.678413
369.93060874938965,48.146615982055664,22.182865,43.23634
369.57977390289307,49.13868713378906,24.03369,43.37155
370.30872917175293,51.719295501708984,18.19698,40.479805
369.2985143661499,51.337791442871094,21.155863,41.227287
365.03911781311035,48.96393394470215,24.17303,42.951305
366.4235591888428,48.1455078125,22.630558,44.03129
365.87031745910645,46.921024322509766,21.357586,45.11209
365.33660793304443,51.80782699584961,20.947924,41.37079
358.03753185272217,50.735225677490234,23.780535,41.47841
362.12920665740967,51.63944053649902,23.851091,42.068172
360.2194480895996,51.26918983459473,24.368042,42.54836
357.2485809326172,49.71643257141113,24.731285,42.97643
360.5506315231323,49.87100601196289,21.724169,41.629044
362.8512077331543,52.40605545043945,20.85231,39.333572
363.25754261016846,56.111989974975586,17.593878,35.089252
363.5590968132019,56.63880157470703,14.661508,33.816696
363.5403571128845,55.98795700073242,14.617566,34.8534
362.58456659317017,56.35084342956543,14.239543,36.584675
361.09366273880005,53.124755859375,15.444282,38.82849
361.7398467063904,52.680538177490234,15.145368,38.93377
361.22406482696533,52.92031478881836,15.160215,37.929695
360.80285358428955,53.013864517211914,16.217955,37.868084
360.8593487739563,53.25873947143555,15.727454,38.39547
359.83969497680664,53.530914306640625,15.240555,37.881874
358.58011865615845,53.64043045043945,15.46889,37.70305
358.1846628189087,51.977373123168945,15.088751,40.287037
356.9073510169983,52.076908111572266,15.353755,40.039238
356.5296301841736,53.13916015625,15.060903,38.7576
357.2220883369446,52.44027137756348,14.493049,38.935375
355.30439472198486,52.1191349029541,15.589132,39.27605
353.65417194366455,52.6660041809082,16.175459,39.913322
353.6072587966919,51.6398811340332,16.566725,40.05786
353.81286573410034,51.90750503540039,15.778199,38.904274
353.5577073097229,52.486785888671875,15.4521055,38.771652
352.5354013442993,50.968990325927734,16.066732,39.813248
352.42509269714355,52.32914924621582,16.736828,37.13402
351.8940086364746,51.44322395324707,16.472206,39.477917
346.8721990585327,49.89849853515625,20.103937,40.410675
347.8251428604126,50.690385818481445,19.127554,40.774975
348.9604825973511,50.21186828613281,18.051554,42.261444
346.69608211517334,50.766258239746094,18.895868,41.07177
344.1057291030884,49.34715270996094,20.404112,41.35173
344.9740629196167,49.75975799560547,18.94481,41.699234
345.1067953109741,49.62663650512695,19.392313,41.437378
343.6175260543823,50.151302337646484,19.46374,36.895782
343.38875007629395,49.83726501464844,18.42419,38.622498
342.05756855010986,49.80754470825195,18.516272,39.47094
341.0213575363159,49.59568977355957,18.72761,39.000027
340.61781787872314,48.45940971374512,18.022383,40.215595
340.04082107543945,49.72579383850098,17.656296,38.939777
339.1625146865845,49.50876998901367,17.903593,37.165672
338.3958158493042,49.03570747375488,18.327806,36.8249
338.5019302368164,49.72759246826172,19.005676,35.441345
337.98596000671387,49.783355712890625,17.757053,36.11583
338.2328910827637,49.505035400390625,18.58767,39.820427
336.30537605285645,49.21397590637207,18.230587,41.270397
335.0859441757202,48.24867248535156,20.507853,39.300293
335.7351875305176,48.90577507019043,18.255028,43.00674
334.47571849823,47.585235595703125,19.162317,42.17997
333.53478717803955,48.03677940368652,21.42301,42.370342
333.5173063278198,47.50081443786621,20.956133,42.252117
332.65521335601807,46.04378890991211,23.547682,44.95408
332.7166395187378,48.09713554382324,20.618006,42.448902
331.1369352340698,48.06855773925781,23.095217,42.119064
330.6187925338745,48.235639572143555,22.615068,42.85346
330.6861686706543,47.63812065124512,21.08545,42.54839
330.61222076416016,47.02875518798828,22.042389,43.17353
330.2240505218506,46.51127243041992,20.92809,44.15976
330.8051567077637,46.88714027404785,20.799461,43.406315
329.6346607208252,46.881669998168945,19.13181,42.348705
331.6425542831421,46.787086486816406,17.717424,43.227974
330.65145778656006,46.68234634399414,18.211916,41.817596
330.53624057769775,47.03601837158203,17.834333,39.747032
329.2140064239502,46.081777572631836,18.553951,40.746044
328.6854028701782,45.82575798034668,18.721876,42.265293
326.8602695465088,45.532203674316406,18.678799,43.02192
326.2388162612915,45.561532974243164,18.965117,43.138317
325.37600231170654,43.700279235839844,19.111788,45.99295
325.2349052429199,45.48043441772461,19.99733,46.310097
323.2725667953491,44.035959243774414,19.818811,46.762936
322.82372665405273,44.80794143676758,20.203598,45.47898
321.5086669921875,45.44573402404785,20.609856,44.588985
321.27840518951416,46.00295829772949,20.921545,44.116627
320.0058116912842,45.500465393066406,21.60699,44.02147
317.70913791656494,46.10080337524414,21.499487,43.612267
317.3163766860962,46.94537925720215,22.033789,43.25472
315.0432014465332,47.029083251953125,23.380646,42.386414
315.5967330932617,46.50774002075195,20.937508,44.040047
313.1731719970703,47.03786087036133,19.366776,43.833443
314.0221948623657,47.66232109069824,17.417868,43.26305
312.3519186973572,47.259605407714844,15.705281,42.515892
310.724506855011,47.34566116333008,15.815597,42.94069
310.214147567749,46.55877494812012,15.417217,42.419643
308.3907823562622,45.83220291137695,16.488424,43.32628
306.103479385376,47.378517150878906,17.335178,42.742836
305.3208198547363,44.984405517578125,17.941994,45.876236
303.60497283935547,43.88831901550293,17.864525,47.588512
301.77444076538086,46.084529876708984,18.063675,44.973114
301.4237241744995,46.52773475646973,18.640146,44.596027
299.154522895813,46.260440826416016,20.54141,45.287537
298.05108642578125,46.197195053100586,20.76464,45.29205
297.008469581604,45.530059814453125,21.352072,46.13894
296.0416536331177,44.979143142700195,20.995756,45.435932
294.3256940841675,44.76337814331055,18.508982,45.967285
293.06261920928955,46.001163482666016,21.307775,45.44728
290.61453914642334,46.08068084716797,17.375933,43.294655
290.2476749420166,45.14261817932129,16.681797,43.94559
288.50427436828613,45.45497512817383,17.119808,45.204445
288.1497459411621,45.30801963806152,16.59761,45.048405
287.7573347091675,45.1303825378418,16.52736,45.389442
286.78198623657227,45.462928771972656,16.294533,44.448082
285.31867599487305,45.059635162353516,16.142494,45.39627
284.78833770751953,45.470651626586914,16.729362,44.599384
281.15782260894775,45.81077194213867,18.325636,44.96434
280.6854124069214,45.55120849609375,18.482256,44.618523
280.1677932739258,46.25103950500488,18.669754,44.019253
277.9252099990845,46.52781105041504,19.517744,43.722736
277.48022079467773,46.675886154174805,17.644325,40.197086
276.25829696655273,47.27353477478027,17.630516,39.387142
273.2596740722656,47.91166687011719,17.934395,37.59227
273.5364532470703,47.343008041381836,16.196335,37.77566
271.924599647522,47.422014236450195,15.833982,35.557453
271.0808701515198,46.94023513793945,14.936198,37.75718
267.7354431152344,46.06713676452637,17.150978,38.173702
269.03808212280273,46.985107421875,15.944359,37.496506
265.7116165161133,46.528757095336914,18.628365,39.91553
266.00354862213135,47.588157653808594,17.942076,35.985023
264.66271686553955,45.94402503967285,17.831083,36.524044
263.4333019256592,46.24042892456055,16.14922,37.149292
259.4759063720703,45.283992767333984,17.21762,38.77233
260.25410556793213,45.417375564575195,16.617949,41.00381
258.10553550720215,45.21599197387695,16.85516,41.47226
256.6040229797363,45.06023597717285,17.239815,41.474346
256.63501262664795,45.6414794921875,16.900469,38.52127
254.62744998931885,45.29782295227051,17.466322,38.499393
253.6124668121338,46.181270599365234,16.523182,37.787018
253.60067081451416,44.96498107910156,16.21166,41.621277
251.91666793823242,45.083139419555664,15.846634,40.880688
251.3493218421936,45.53133201599121,15.326732,40.738514
249.9012188911438,44.69851493835449,14.698661,43.284557
248.14413261413574,43.00649833679199,15.068806,44.82462
247.51076984405518,45.112789154052734,16.528784,42.305214
246.39557933807373,44.30295181274414,15.60763,43.587845
245.65149402618408,44.94388771057129,18.005453,42.413174
243.58014488220215,48.62449073791504,17.945698,39.008747
242.9147253036499,48.23007392883301,17.736383,38.86189
240.2057638168335,45.310455322265625,18.24499,41.324364
239.78119277954102,46.986392974853516,18.318626,40.818604
238.5932559967041,44.45984077453613,17.88078,42.86568
235.77834606170654,43.52634620666504,19.700312,43.54079
234.40018272399902,44.62270164489746,20.679852,42.666615
235.02412223815918,43.525611877441406,19.221714,43.705055
233.06189060211182,46.1901912689209,22.68466,42.083538
231.38514709472656,45.331289291381836,21.839348,42.6004
231.9921646118164,42.769187927246094,20.809822,45.267227
228.90241622924805,40.80269432067871,23.147003,48.247578
228.840256690979,37.06268882751465,23.068075,52.12366
226.74595832824707,43.96512031555176,23.346897,44.42567
226.423433303833,44.80750846862793,20.938313,43.2262
226.10567665100098,44.31064796447754,17.259518,43.246426
223.3676118850708,43.48094940185547,18.188139,44.27852
218.6845293045044,40.4072322845459,22.94055,44.89271
216.76068782806396,42.98443603515625,23.467539,41.590538
218.4962968826294,41.95953559875488,20.899107,40.667484
214.59006881713867,39.057106018066406,23.50219,47.367798
214.36867713928223,40.02591896057129,22.43983,46.809597
214.54649543762207,42.01301956176758,21.132534,45.281975
212.82536697387695,39.780752182006836,21.392021,47.639423
213.28761959075928,40.15622520446777,19.871752,48.861454
213.2155704498291,38.74483108520508,19.27264,47.626366
212.7364091873169,39.82517051696777,19.401846,47.875126
211.8383092880249,39.678850173950195,18.541857,47.29257
210.3757619857788,39.760807037353516,19.637056,46.817253
210.65220642089844,38.38999557495117,19.13797,46.91407
209.18912029266357,40.78809356689453,20.1654,45.731186
207.9859218597412,40.49715995788574,20.422352,43.318684
207.15951824188232,40.89023780822754,21.50213,45.088085
205.7370777130127,41.12054252624512,21.590893,43.601246
204.52821254730225,41.452144622802734,22.011766,44.223595
202.18221187591553,40.25388526916504,19.784784,44.491253
200.76930618286133,39.37808799743652,19.47773,44.611103
200.52120304107666,40.79678916931152,17.14102,43.020573
198.65300273895264,38.87491416931152,18.913157,44.342503
195.48712539672852,40.27782440185547,18.81491,41.14566
194.499267578125,41.08683776855469,18.938759,41.92875
192.8041181564331,39.74863243103027,19.900042,44.01801
192.1713695526123,40.547367095947266,19.317043,43.787086
191.47016143798828,39.76194190979004,19.386856,45.121357
189.68628692626953,40.13607597351074,20.398163,45.249416
187.45526790618896,39.58852005004883,21.31811,45.990845
185.7631320953369,38.20631980895996,22.859364,47.335903
183.02711582183838,39.589271545410156,24.861517,46.952644
182.72301578521729,38.36903381347656,22.70284,46.93392
181.79541873931885,38.62328910827637,22.953665,46.63284
181.1822566986084,39.35317802429199,22.080868,45.78143
180.11355113983154,38.60653495788574,19.82593,45.641323
179.9550666809082,38.876779556274414,19.403107,45.520344
179.08209609985352,38.189903259277344,19.79396,46.119743
178.53133392333984,37.58891296386719,19.953499,46.195396
177.2049741744995,37.6817512512207,19.845568,47.25882
176.08400344848633,37.47652053833008,19.64714,47.517303
176.3890151977539,37.22135353088379,19.0848,46.173817
176.04591846466064,37.31292915344238,18.819563,47.235493
175.0725507736206,37.68182945251465,18.807207,47.672817
175.77227210998535,36.81747627258301,17.983494,47.409077
174.71070957183838,37.42618179321289,18.529943,47.293976
174.2481985092163,37.039907455444336,18.016123,48.096493
173.8262939453125,36.885372161865234,17.56498,47.687744
173.68943977355957,37.610721588134766,17.809345,47.73398
172.64700984954834,37.32791709899902,17.68728,47.85255
172.9877758026123,36.93825149536133,18.085262,48.108246
171.48464584350586,36.748809814453125,18.32837,48.49758
171.10000801086426,36.276254653930664,18.394733,48.490116
171.15395069122314,35.59027671813965,18.739195,48.92526
169.77962970733643,35.90512657165527,19.183699,48.861996
169.71786880493164,35.76724624633789,19.710175,47.83687
168.97990798950195,35.600229263305664,19.5513,47.616367
168.92550945281982,35.288734436035156,20.423998,48.74723
167.8143539428711,35.411211013793945,20.363487,48.271854
167.76086902618408,34.98527717590332,20.299284,48.240864
167.43151378631592,35.34286117553711,20.252459,48.30742
166.44432830810547,35.42039680480957,20.374123,48.713947
166.0299310684204,35.34727668762207,21.874884,48.523243
165.8277177810669,34.25417518615723,22.159513,48.907932
165.9320182800293,34.54306983947754,22.226639,49.527897
165.4951410293579,34.51026916503906,21.309378,49.592796
164.6363286972046,34.24571228027344,21.636347,49.37432
164.69586563110352,34.64718437194824,20.842957,49.390545
163.95112800598145,33.68202590942383,22.27486,49.970963
163.74020767211914,33.288387298583984,21.361023,50.639893
164.13753032684326,33.12208557128906,20.89171,50.37983
164.41021728515625,33.17983055114746,20.083092,50.234386
