120.0,36.0,103,108
120.48290634155273,20.632892608642578,98.39481,123.255424
122.97953796386719,15.990447998046875,96.599365,127.30142
124.61352920532227,16.483497619628906,93.185326,127.49324
124.73231506347656,16.337005615234375,92.493195,126.517456
126.00591659545898,17.473846435546875,88.14423,126.19647
126.60563659667969,17.676166534423828,81.295166,124.76452
126.3900032043457,16.038162231445312,77.23281,126.25748
125.24962615966797,18.391738891601562,77.63188,125.28943
125.8411750793457,17.057079315185547,77.22747,125.29313
125.46369171142578,15.961795806884766,77.264694,127.06188
124.26704406738281,18.078784942626953,77.49994,125.32659
125.44093322753906,18.917789459228516,76.73056,123.66311
125.25979614257812,16.802989959716797,77.20026,125.77149
125.99555969238281,19.233356475830078,76.59677,124.220665
125.87933731079102,17.10183334350586,77.62432,126.40772
125.78241348266602,16.181060791015625,77.83752,126.820404
124.41163635253906,16.03030776977539,77.37143,127.39422
125.84059143066406,16.924068450927734,77.64838,126.01746
125.16201400756836,15.737083435058594,78.17103,127.32915
124.95592880249023,16.366985321044922,78.63749,127.672066
124.10856628417969,16.91895294189453,77.83267,126.95039
124.68845748901367,17.252456665039062,79.084694,127.36661
124.49168395996094,13.567337036132812,78.42273,130.09634
123.11538696289062,14.767868041992188,79.460754,129.88742
123.10237503051758,15.028236389160156,80.23049,131.2743
123.19028854370117,15.860298156738281,79.76411,129.53456
122.48736953735352,13.371002197265625,81.80932,135.72415
123.04192733764648,15.839546203613281,81.262794,132.73979
127.10385513305664,11.777336120605469,76.6762,137.53648
127.27432632446289,8.738998413085938,77.376854,140.19699
129.349609375,7.191474914550781,74.83414,136.18129
125.1006851196289,5.5185089111328125,79.836655,142.84274
128.15017318725586,5.430824279785156,77.34278,138.19121
120.9278793334961,3.5485610961914062,85.54591,140.1233
125.83398056030273,2.1666412353515625,79.14344,139.45251
117.69955062866211,1.4196701049804688,88.39399,147.88216
118.90536499023438,0.7561264038085938,87.310425,143.69276
115.17972183227539,1.7941818237304688,90.72787,143.03065
105.75614547729492,1.1352996826171875,98.301125,151.20593
119.94598007202148,1.8798446655273438,86.66419,135.64543
114.72333526611328,1.7109832763671875,89.23738,136.31607
104.28656387329102,1.1819610595703125,100.28103,142.81406
122.09692001342773,1.9140625,81.73414,133.13043
122.98282241821289,2.3385467529296875,79.14626,132.10693
121.0591926574707,1.3811721801757812,80.50637,132.99403
120.5907974243164,1.0604400634765625,79.81056,132.68219
120.39836883544922,2.2599639892578125,80.05867,132.16348
119.15034103393555,1.2354278564453125,79.97526,132.68436
119.1695785522461,0.5069122314453125,79.6956,132.51755
118.4193229675293,1.5503158569335938,79.50138,134.0467
118.46121597290039,0.8117446899414062,80.028465,133.53145
118.37131118774414,0.9188461303710938,79.84994,134.12813
117.05179214477539,2.2387008666992188,81.33968,133.1833
118.44282531738281,0.9177627563476562,80.6232,133.4311
119.70832824707031,2.0188140869140625,80.48767,132.49133
120.80073165893555,0.9725418090820312,79.15424,133.23671
120.66282653808594,1.2414016723632812,79.59509,134.11049
121.61454772949219,1.408905029296875,81.275085,133.97089
122.18209457397461,0.9859390258789062,80.21226,133.52129
123.23859024047852,0.9299697875976562,80.158104,133.59941
124.36759567260742,1.0075607299804688,80.75196,134.07903
124.33678436279297,1.766876220703125,80.926926,132.98383
124.88594818115234,0.6015548706054688,80.426315,133.78157
124.1113395690918,1.6800003051757812,80.98362,133.35231
124.91537475585938,0.6980819702148438,80.00403,133.85344
124.79246139526367,1.0606002807617188,79.70771,133.19936
124.32319259643555,0.7154998779296875,80.28181,134.09448
124.69039916992188,1.9802932739257812,79.73703,132.99248
124.82573699951172,1.613433837890625,79.81554,133.91217
125.19185638427734,1.0239486694335938,80.227585,133.85576
126.14294052124023,1.8786392211914062,79.61335,134.96016
128.76557540893555,0.517547607421875,77.439125,134.82462
128.48610305786133,1.8282852172851562,81.0212,135.0027
130.7212257385254,0.34172821044921875,79.02288,135.34837
128.87292098999023,0.07489776611328125,81.70435,135.95052
110.61381912231445,0.7410736083984375,101.57314,146.77054
124.92560195922852,1.2054595947265625,89.9876,135.80154
117.32636260986328,1.3262863159179688,97.383896,139.93452
127.50881958007812,1.5352935791015625,89.6246,140.15976
126.40121078491211,0.63336181640625,91.4463,149.45435
127.51859283447266,1.6375732421875,91.623856,145.06104
129.92395401000977,1.1879119873046875,91.07931,144.30252
130.11620330810547,2.4762725830078125,90.74434,141.32693
128.5137710571289,1.9016494750976562,91.69951,140.05424
133.84346771240234,2.1552810668945312,88.16344,144.04063
139.56382369995117,2.1194076538085938,80.485115,141.11562
141.0415496826172,1.9545440673828125,78.30295,144.20828
137.71685028076172,3.4858245849609375,81.9283,144.501
138.53269958496094,4.953605651855469,81.083984,144.1468
140.52160263061523,3.1965255737304688,79.090706,140.17528
141.85103607177734,2.5255584716796875,77.53194,142.85132
142.78397369384766,3.7024917602539062,77.37984,144.90648
142.97145462036133,2.6779098510742188,77.40972,141.2314
140.22527694702148,4.208747863769531,79.98707,144.44487
144.42356872558594,3.79815673828125,75.747284,135.14899
142.5758056640625,4.445037841796875,78.18359,143.84164
143.69729232788086,3.2361907958984375,77.64945,138.47684
144.44366836547852,3.4273452758789062,76.94683,140.35176
143.21305084228516,4.0562896728515625,78.64671,140.7638
143.37142944335938,3.7994461059570312,78.38049,143.10448
144.901123046875,3.600555419921875,76.67468,139.96689
142.73667526245117,4.034538269042969,78.582466,143.11989
144.31553268432617,2.62152099609375,76.75602,141.35095
142.9356231689453,3.7262954711914062,78.292694,142.88756
141.85799407958984,5.9822540283203125,79.02287,142.11935
140.2314796447754,3.955352783203125,80.07705,141.8117
140.35167694091797,6.098518371582031,80.457016,138.42409
143.20161056518555,6.952301025390625,76.72315,136.47717
141.05150985717773,4.768836975097656,74.55686,143.17595
143.52895736694336,3.1279525756835938,68.080574,146.33214
135.6697654724121,2.9476470947265625,71.14536,145.15329
129.49838638305664,3.082916259765625,72.13155,145.45242
118.97282409667969,5.502738952636719,81.734406,143.21751
124.29122543334961,3.7219390869140625,77.01362,143.22382
113.27781295776367,3.3082656860351562,88.9694,140.9998
118.67790985107422,2.6466522216796875,84.87431,142.41489
110.14251327514648,3.1797256469726562,92.71537,141.93483
110.20993423461914,3.2327346801757812,92.356895,141.41786
96.73091888427734,3.3135833740234375,106.74953,141.01471
96.70441055297852,3.505401611328125,105.669365,140.7857
94.85123443603516,2.8841934204101562,109.32341,139.21135
104.85029220581055,3.0078277587890625,100.99418,138.01321
120.19621276855469,2.4023818969726562,86.67572,136.08531
122.07422256469727,2.7283096313476562,84.0682,135.73653
120.18716049194336,1.0898818969726562,85.80219,136.03831
121.32830429077148,1.8663711547851562,85.389626,135.21104
118.89665985107422,2.2494430541992188,87.525406,135.78438
118.06040573120117,1.8859481811523438,87.05921,134.82387
117.4270248413086,3.540985107421875,89.03444,134.27234
116.5041275024414,4.8110809326171875,89.36656,131.32562
116.92754745483398,7.251850128173828,90.53242,126.56762
113.37402725219727,2.9817962646484375,95.35064,128.1036
112.25929260253906,2.315532684326172,94.227295,127.02543
115.00375747680664,1.7158164978027344,91.43075,125.84699
108.75318908691406,3.3564796447753906,97.990814,124.67684
111.49483871459961,2.0080337524414062,95.73228,125.94118
110.81533432006836,1.946502685546875,96.78672,128.66272
106.25257110595703,2.9974517822265625,101.42024,128.79318
111.08462524414062,2.29168701171875,95.2442,129.4766
108.97462844848633,2.8259353637695312,98.126,128.90474
110.07810974121094,4.445507049560547,97.090485,127.41593
108.24496841430664,2.7227706909179688,99.731865,127.58406
109.80245971679688,1.8037490844726562,101.57742,127.00258
109.05424499511719,1.5195808410644531,104.41412,125.38558
109.5741081237793,0.40001678466796875,105.46311,125.249985
106.93194198608398,0.9619598388671875,108.02897,123.819855
106.99264907836914,2.1680831909179688,109.77206,123.29738
106.88861083984375,1.2265472412109375,107.99417,124.34128
108.14309310913086,2.4459609985351562,108.17118,123.64247
107.09281539916992,1.2840347290039062,109.47669,124.05745
109.20464324951172,1.4859352111816406,108.55937,124.09545
106.40888977050781,0.7503128051757812,109.85309,124.10274
108.37270736694336,1.7258872985839844,107.454384,124.569984
107.59794235229492,1.1331520080566406,107.81226,124.47683
107.95651626586914,1.9425277709960938,108.75936,124.41164
108.74051284790039,1.4364433288574219,108.030266,124.89808
108.8492431640625,1.6096229553222656,107.97986,125.33532
105.4675064086914,1.5614814758300781,110.66759,124.4186
106.03838348388672,0.8174285888671875,110.26671,125.41312
107.47543334960938,2.03289794921875,108.764435,124.60745
108.5388412475586,1.2184371948242188,107.99803,125.51164
108.6178207397461,0.5188140869140625,107.74742,125.65988
107.4355239868164,2.495502471923828,111.67891,123.98916
106.89904022216797,1.307891845703125,112.40495,125.69531
107.00139236450195,3.0174102783203125,112.53274,124.851715
110.54515075683594,3.0043678283691406,109.23306,126.59878
107.45332336425781,2.7005577087402344,110.53757,127.46662
109.05696868896484,4.661140441894531,109.34218,127.022354
114.06349563598633,10.486396789550781,103.628624,121.42088
126.59575271606445,26.417503356933594,89.79882,105.68291
137.40827178955078,23.800518035888672,79.59706,108.65272
140.61323165893555,7.363494873046875,80.97117,122.89914
144.82920837402344,6.183742523193359,88.02283,125.73435
149.2266082763672,6.653118133544922,93.50693,124.52262
160.696044921875,10.58731460571289,88.20337,121.33184
165.18678665161133,2.9679527282714844,89.2358,125.5463
164.75765228271484,2.0800209045410156,95.62886,121.32375
165.56486129760742,1.8040542602539062,92.42719,119.48854
165.83715057373047,0.9808158874511719,91.52171,114.506905
165.05216217041016,1.3706626892089844,94.159195,110.807014
164.8095588684082,1.6055717468261719,93.299644,111.34498
165.28667831420898,0.5427513122558594,93.05326,112.1692
163.63644790649414,1.41717529296875,94.7141,111.26532
