67.0,79.0,11,31
66.13043546676636,77.71903800964355,12.20025,31.993694
65.89735794067383,78.11640071868896,12.488747,31.426981
66.30128955841064,78.7314510345459,11.83782,31.175991
66.86680364608765,79.78737735748291,11.714643,29.912298
66.64154958724976,79.10630893707275,12.5974245,30.349775
67.63624858856201,79.85134029388428,13.449121,29.15471
67.52473974227905,80.05300617218018,13.307332,29.793974
67.16286325454712,78.8051404953003,13.707355,30.70341
68.396409034729,78.97802925109863,12.846022,28.800251
69.5696873664856,78.35437774658203,12.37548,30.51233
68.86956596374512,76.26171684265137,13.219051,33.59048
70.3715968132019,77.38733291625977,12.8657465,32.54901
70.98277282714844,77.59106922149658,12.996094,31.800322
71.90767765045166,77.14925575256348,12.983915,32.22594
72.19004678726196,76.86445999145508,13.443416,33.01335
72.42172002792358,77.70247459411621,13.303571,31.60242
72.78142547607422,77.29089164733887,12.598335,32.299618
73.50432443618774,77.5753402709961,12.564563,31.53836
73.70515441894531,77.3504524230957,13.126312,32.347694
74.3850245475769,77.42429542541504,13.257356,31.606678
74.29118537902832,77.42661952972412,13.589909,30.919817
75.75012111663818,77.2887134552002,12.835001,32.750904
76.97420454025269,77.20700645446777,12.699754,31.385777
77.44961214065552,77.67447853088379,11.382987,33.23991
78.37780952453613,78.2455244064331,11.362896,29.214952
78.73743629455566,77.4399585723877,11.590923,31.167042
78.52859783172607,77.40239334106445,11.892046,31.191292
79.37249565124512,78.31266403198242,11.688473,30.664757
79.99500274658203,76.89469051361084,11.911903,31.866968
79.90884494781494,76.6765308380127,12.637129,32.417133
79.45582485198975,78.11465263366699,13.381205,30.70464
80.667076587677,78.40759181976318,13.10958,29.60895
80.61644268035889,78.43644332885742,13.227465,30.027245
81.92117023468018,79.62566375732422,12.596548,29.062714
82.30720663070679,79.0986967086792,12.843236,28.85248
82.93818998336792,78.39051246643066,12.500329,29.460896
83.04348707199097,77.51793193817139,12.267472,29.202723
84.58299255371094,78.40658187866211,12.394844,28.576088
85.3652515411377,78.3023099899292,11.952816,28.558084
85.5362401008606,77.1366662979126,12.192473,30.098799
85.23617649078369,77.43431949615479,12.1011715,31.03504
84.96022844314575,78.16905689239502,12.921279,29.743315
85.84873247146606,77.52529907226562,12.782203,30.58052
85.98590564727783,78.2282772064209,13.019911,28.887402
86.07872295379639,77.90980911254883,13.207293,30.456993
86.45865106582642,78.69277572631836,13.526668,28.689949
86.74622869491577,78.22801780700684,13.445821,29.650959
88.48889398574829,77.40961360931396,13.321734,30.38331
88.94276332855225,77.93947219848633,14.905512,29.44107
90.13084363937378,77.20294189453125,13.110429,29.236153
89.58077669143677,77.1660737991333,13.277564,29.69856
90.96096515655518,77.35573196411133,11.948713,28.717445
90.97581338882446,77.57122898101807,12.055263,28.635054
92.70959234237671,77.57778644561768,11.312818,29.433523
93.67653799057007,76.7913064956665,11.191861,30.185225
93.94525671005249,77.10589599609375,11.260198,29.445473
93.46082830429077,77.28309631347656,11.139722,29.282028
94.4591851234436,77.29778671264648,11.252116,29.67897
94.26174736022949,77.9192123413086,11.820911,28.128868
94.71995067596436,77.41652202606201,12.802347,29.48456
95.40254163742065,77.60901832580566,13.418771,29.31744
95.97513675689697,76.55874443054199,14.704405,30.431423
96.01470613479614,76.24629592895508,14.626029,31.025253
97.04810237884521,75.70861721038818,14.473581,31.268465
96.1510419845581,75.91206169128418,14.332102,30.498592
96.81581544876099,75.21211051940918,14.776641,31.543873
97.83724451065063,75.76089477539062,13.825946,31.304443
97.47917222976685,75.50181102752686,15.025176,31.488611
98.13884210586548,76.19032573699951,14.100726,31.361757
98.89166831970215,75.54312515258789,14.474369,30.894737
98.30690479278564,75.46417617797852,15.123877,30.960419
99.74154376983643,76.8381404876709,14.365126,30.428753
99.78202772140503,75.21442317962646,15.610284,31.967615
100.36860704421997,75.82572078704834,14.246978,31.275637
101.95886516571045,76.45339584350586,14.267099,31.250496
102.3974404335022,75.76038551330566,13.585399,31.895016
103.75727462768555,78.58527851104736,13.38443,29.313574
104.53788757324219,77.07943058013916,12.358376,30.107176
104.34409713745117,76.9471549987793,12.814056,30.574272
104.12309551239014,75.88500881195068,12.870371,31.397928
104.33817625045776,77.09482097625732,12.572785,29.688547
106.2529993057251,77.82466888427734,11.754911,29.017677
107.21757936477661,76.9975700378418,11.405456,29.959747
106.58435678482056,75.19195365905762,12.5056715,31.594517
108.17495679855347,75.71467399597168,11.818833,31.62418
108.05620622634888,76.33926963806152,12.896735,30.21603
108.49976634979248,76.41946601867676,12.691698,30.35056
109.40654563903809,76.7984619140625,13.212948,30.101852
108.98363828659058,76.66113376617432,13.64206,29.658857
108.77756214141846,77.44612693786621,14.734388,29.687115
109.59106254577637,77.17586517333984,14.404392,29.498268
109.80340957641602,77.65466117858887,14.728882,29.160229
109.6417670249939,76.49254131317139,14.038854,29.416887
110.13895559310913,77.39625835418701,14.201726,29.412508
111.32172155380249,78.05449962615967,13.595349,28.156832
111.88940763473511,77.25849437713623,12.371293,28.700296
112.29107904434204,77.27115058898926,12.380717,28.727787
114.22212409973145,76.10981559753418,11.826702,29.315365
115.01582384109497,76.01671028137207,11.4671545,28.953533
116.03074932098389,76.78976535797119,11.150316,28.100836
116.3002381324768,75.87229824066162,11.414317,28.541468
117.17205381393433,76.07112216949463,11.40046,28.133764
117.36089992523193,75.95675659179688,11.351297,28.163864
118.20865297317505,75.62517833709717,11.78585,29.008486
117.89068460464478,75.12683868408203,12.550914,29.691711
119.16541481018066,76.3131456375122,11.959209,28.28362
119.91665506362915,77.2310619354248,12.267329,28.026615
119.98835754394531,76.41241550445557,12.34668,28.78996
119.8318510055542,75.77327060699463,13.202341,29.531538
120.43322038650513,75.35410213470459,12.64511,30.127428
120.32986831665039,75.52275085449219,13.886505,29.603172
121.4125247001648,75.46859550476074,13.265618,29.847904
121.83283948898315,75.94381523132324,12.382363,28.771038
123.06109142303467,76.04920673370361,11.819902,28.531195
124.52155447006226,76.01827907562256,11.3962145,29.049967
124.79993772506714,75.80471801757812,10.898004,27.964401
124.8553957939148,75.6414680480957,11.207124,29.224648
125.47065114974976,76.9542179107666,11.482732,28.129711
126.22920608520508,76.79470157623291,11.768089,28.082808
125.84799337387085,77.22510719299316,11.998548,27.824474
127.29898691177368,76.31050777435303,11.773715,27.5739
127.27322006225586,76.90334892272949,12.062912,27.768734
127.28965616226196,77.2286205291748,12.672549,27.838566
126.51520013809204,78.0599775314331,12.905192,26.555048
127.83501720428467,78.0068416595459,12.773516,27.155376
127.962486743927,78.28428936004639,12.395133,26.645487
129.2157850265503,78.06555843353271,11.966593,27.032396
130.364670753479,77.90645122528076,11.109343,27.168291
130.84801244735718,77.72336673736572,11.102857,27.410772
131.7545051574707,77.14857769012451,10.783287,27.834543
132.29132080078125,77.04863452911377,10.689896,27.624792
132.05986309051514,76.29976463317871,11.526705,28.11279
132.92553281784058,78.62675952911377,12.175759,26.5091
132.49501180648804,78.40474224090576,13.798749,26.625803
133.6411395072937,77.29647064208984,13.805558,26.765892
133.06629753112793,77.02724552154541,11.761059,27.383879
134.4010763168335,78.11353492736816,12.10734,27.15546
134.6589651107788,78.30121231079102,11.923548,26.253113
134.11670303344727,78.56299018859863,12.435455,26.883823
134.67347812652588,78.11782550811768,12.3934,26.510595
136.10169744491577,77.1200942993164,11.315572,27.3209
136.0290207862854,77.40826034545898,11.280116,26.991753
136.27820920944214,77.35143566131592,11.168435,26.769335
137.60758590698242,77.45136737823486,10.415062,27.002256
137.68266582489014,76.93460178375244,10.659235,27.235434
137.57036542892456,77.03525257110596,10.8095255,27.516928
138.18094635009766,76.57107925415039,11.327736,27.596184
138.8429660797119,76.03973579406738,12.097843,28.739498
139.48340797424316,78.0628604888916,12.185268,26.584576
139.40618515014648,77.32425308227539,12.311409,27.345993
139.56138134002686,77.56828689575195,13.248827,27.50541
140.45512771606445,77.8424825668335,14.028145,27.496706
141.17280435562134,78.39172077178955,14.109607,26.741934
140.94787788391113,79.18248748779297,13.3761635,26.316154
140.80916213989258,78.86242294311523,14.5473175,26.358376
141.125226020813,79.92389488220215,14.653128,25.139408
140.89599704742432,79.90106582641602,15.820242,25.265587
141.17477560043335,79.79281330108643,15.923589,25.194624
143.16720485687256,79.16015625,14.30028,26.697693
143.88801956176758,79.35505676269531,13.239723,25.94294
144.60881090164185,78.88775062561035,12.119391,26.668736
145.29719352722168,78.1324234008789,12.818424,26.99733
146.0232129096985,78.28425216674805,11.743918,26.901123
146.33748579025269,78.9419355392456,11.484658,26.377466
146.493718624115,78.95601654052734,11.086774,25.984818
146.55509328842163,80.22781562805176,12.185582,26.621983
147.10015726089478,79.34823989868164,12.208987,26.47329
146.85046482086182,79.38182258605957,12.396559,27.005589
148.07896089553833,81.85944747924805,13.426246,24.546974
148.65775346755981,80.83738040924072,12.737441,25.245855
148.15653276443481,79.57166385650635,12.228095,26.457876
148.27255535125732,81.05703830718994,13.26404,25.22106
150.21703910827637,79.13796138763428,12.978336,27.1309
150.16888046264648,79.49603843688965,12.594505,26.502514
149.70512628555298,79.05822944641113,13.668628,27.33379
151.70738124847412,79.81253623962402,11.824953,26.536541
152.19785499572754,80.14107894897461,10.949009,26.768044
153.3462905883789,79.33000469207764,11.438782,28.054834
153.9897584915161,79.43764781951904,12.517546,28.520754
153.4786639213562,79.6293592453003,12.791146,28.154787
154.29247045516968,80.64296436309814,12.307294,26.644232
154.16969633102417,80.3758897781372,12.345132,27.146666
154.9459228515625,80.83440589904785,12.574257,26.636028
155.52860021591187,81.59445095062256,11.879521,25.455446
155.76875400543213,80.86217498779297,12.942572,26.809525
156.68608570098877,81.38893508911133,12.327772,25.77343
157.65888166427612,80.05842399597168,11.975389,27.309902
157.99085140228271,81.38482475280762,11.180361,25.93877
159.13482856750488,81.21107196807861,10.5085945,25.895742
159.5666003227234,80.70958709716797,10.4441,27.078415
159.1832275390625,81.80762100219727,10.296555,26.458397
159.32443141937256,79.48201847076416,10.270929,27.379408
160.28333282470703,81.06374073028564,10.155739,26.12811
160.32472372055054,81.24415588378906,10.563825,26.39473
160.36308765411377,81.84756469726562,10.28018,25.047401
159.70675659179688,83.12465953826904,10.596985,24.074099
160.20315980911255,81.84652996063232,10.351035,25.031923
161.11338472366333,81.61566162109375,10.501166,25.973969
161.4845108985901,80.28054237365723,10.356677,26.488033
161.3472785949707,80.6495008468628,11.5733185,26.456118
160.5365228652954,81.02563571929932,11.160597,26.316046
161.27787351608276,80.59848976135254,10.994012,26.795979
161.73364925384521,80.20685005187988,10.560526,27.242947
161.27571153640747,80.3610315322876,10.823997,27.333853
162.01085233688354,79.54114246368408,10.762208,27.68318
162.2231731414795,79.94994068145752,11.765163,28.29402
162.06183290481567,80.23721885681152,10.959388,27.157658
162.21602869033813,80.85897541046143,10.748523,26.97132
162.9681396484375,81.25405883789062,10.541283,26.373024
162.93931436538696,81.3488712310791,10.3657255,26.351086
163.66504859924316,81.3847427368164,10.509846,25.74533
162.99214458465576,81.6404800415039,10.821169,26.097534
163.97158288955688,82.34479236602783,10.913203,25.343908
164.42438983917236,82.16528987884521,11.377905,25.413256
164.4315700531006,82.57623767852783,10.38419,25.157103
164.3277883529663,81.48119735717773,10.521517,25.800255
164.2962613105774,81.71521091461182,11.378234,25.80361
165.25550508499146,80.3682222366333,10.75563,26.908827
165.19053173065186,80.71439552307129,11.068323,26.818188
165.77601671218872,80.78572368621826,11.372169,26.600718
165.550790309906,80.99955463409424,10.936429,26.156515
165.5771827697754,80.12537384033203,11.17701,26.350212
165.85064792633057,81.10113525390625,10.687857,26.36972
165.15006589889526,79.84959506988525,11.411469,26.920439
165.75601196289062,81.48875999450684,10.572884,25.968342
165.93957805633545,82.76155948638916,10.56772,24.59474
166.2358956336975,80.86721324920654,10.200137,25.781916
166.4214563369751,82.21669578552246,10.381956,24.667667
166.66020011901855,81.30844402313232,10.582584,25.605043
167.07694149017334,80.30630111694336,10.740511,26.519066
167.58200454711914,80.37099742889404,10.41481,26.915049
166.954683303833,81.02768516540527,10.820728,26.041126
167.16861772537231,79.72326850891113,10.671874,26.97794
167.64337968826294,80.78843307495117,10.342986,27.378998
167.75493812561035,80.92986488342285,10.80788,27.276478
168.04631805419922,81.06330871582031,10.705299,26.569572
168.47802639007568,81.80771350860596,11.07258,25.62908
168.36638927459717,81.32800769805908,10.462954,25.923124
169.07372903823853,82.23484992980957,10.362117,25.279232
169.90386152267456,81.68388938903809,10.093911,25.433804
169.9967818260193,82.28187561035156,10.133443,25.451263
169.93227338790894,81.70779705047607,10.466775,26.13975
170.23735237121582,81.23102283477783,10.831043,25.934736
170.6194839477539,80.94203472137451,10.331505,26.461275
170.94968509674072,80.8376636505127,11.375334,26.529316
170.9027271270752,80.49740314483643,10.480175,25.966383
170.9854030609131,81.13459300994873,10.249126,26.872934
170.38603830337524,81.25838088989258,11.073443,25.577919
171.0764536857605,81.30488777160645,10.8744135,25.535458
170.95782709121704,81.63986492156982,10.821132,26.065111
171.33816003799438,81.83916854858398,10.479808,25.779938
170.91395664215088,81.55656719207764,10.461134,25.06711
171.76945447921753,82.74195957183838,11.147439,24.254057
172.39874982833862,81.93246746063232,10.353814,25.024431
171.38293170928955,82.21479511260986,10.46343,25.011602
171.8555760383606,81.62168884277344,10.38536,25.632805
171.861825466156,82.71604824066162,10.312863,23.521708
171.74072122573853,81.88010501861572,10.871196,25.000593
172.3870406150818,81.19075775146484,10.544835,25.143105
173.40049695968628,81.07136631011963,10.02366,25.708448
173.14270401000977,81.77609157562256,10,25.395327
173.6083984375,82.50756740570068,10,25.173632
173.4507336616516,80.66426372528076,10.195075,26.38138
173.0538444519043,81.34419536590576,10,25.463358
173.47802114486694,82.55565452575684,10.306859,23.990017
173.3536605834961,80.89389228820801,10,25.310223
174.23664808273315,82.1566390991211,10.061608,24.148972
174.37807607650757,82.45762348175049,10.212544,26.592169
173.80365753173828,82.34096813201904,10,25.873728
174.24677515029907,81.54777240753174,10.550273,26.34181
174.28738069534302,82.82656955718994,10.189635,25.02468
174.43408823013306,82.24048900604248,10.655528,25.897074
173.91373109817505,81.75648021697998,10.064902,25.291521
174.05990743637085,83.32196807861328,10.498113,24.234825
173.98442268371582,82.00454425811768,10.259411,25.549635
173.65259742736816,81.61114978790283,10.47649,26.057478
173.8485279083252,81.27776718139648,10.511318,25.95179
174.16828298568726,82.6849136352539,10.548703,24.900223
174.4314398765564,81.35887241363525,10.554334,26.87692
173.69785022735596,81.83073806762695,10.961615,25.60537
174.38905334472656,81.95991134643555,10,24.699776
174.34208822250366,81.75205898284912,10.00311,25.776651
174.28622436523438,82.14013004302979,10.369652,25.197935
174.66544342041016,82.68478488922119,10,23.893133
174.7150764465332,83.06552314758301,10,23.381115
173.70869827270508,82.3035020828247,11.183365,23.736227
175.11216688156128,83.68383312225342,10.793542,22.642855
174.4226107597351,82.37569236755371,11.009561,24.05618
175.24649477005005,81.38428020477295,10.757102,25.313478
175.2361478805542,80.89687061309814,10.910822,25.93263
175.30415105819702,82.36997890472412,10.121366,24.652094
175.04896116256714,82.28602695465088,10.064919,24.48361
175.00420570373535,81.80574893951416,10.376728,24.506468
175.1478934288025,81.79554653167725,10.448827,24.09398
175.93829917907715,81.99347686767578,10.236965,24.354637
175.37813806533813,82.31408977508545,10.4720335,24.491693
175.61068725585938,82.30602550506592,10.277863,24.498774
175.89787340164185,82.52738380432129,10.432456,24.70744
175.1257152557373,82.90425777435303,10.630604,24.623102
175.79156112670898,82.874192237854,10,24.091726
175.7143087387085,83.44557285308838,10.146021,23.642172
175.56609916687012,82.91270446777344,10.245647,23.401657
175.362455368042,81.43776512145996,10.228733,25.131222
175.6344542503357,81.89521884918213,10.151746,24.901
175.2796869277954,81.71945381164551,10.482885,25.155346
