276.0,137.0,23,69
272.86249256134033,134.97920608520508,26.062948,71.87513
272.69802951812744,135.03142547607422,26.135115,73.22104
273.3319606781006,134.98690795898438,25.32523,73.07065
274.6840648651123,134.64936065673828,24.410007,73.60622
274.54589557647705,135.15367889404297,24.702688,73.00256
275.41450119018555,136.10733795166016,25.31208,71.17253
274.9760093688965,136.32297134399414,26.131813,69.830666
276.02245903015137,136.84728240966797,25.85854,67.98668
276.68872928619385,136.33550262451172,25.606276,68.9368
277.1909942626953,135.98645401000977,25.537079,70.558784
278.0683364868164,135.42312240600586,24.883438,71.90612
278.1885509490967,134.9539337158203,24.531239,72.42433
279.5738468170166,134.50448989868164,24.30122,72.44778
279.8582706451416,134.76194763183594,24.026134,71.84807
280.178918838501,134.92649841308594,23.982159,70.7733
280.2874221801758,136.3243637084961,24.816208,69.763
280.9688034057617,135.71335220336914,23.943756,69.80193
281.041072845459,135.5186424255371,23.591774,70.06121
281.9421443939209,135.85084915161133,23.096836,69.83367
281.7681369781494,135.17786026000977,23.870312,70.43832
281.3654451370239,134.98176956176758,24.500097,70.76127
281.49168968200684,134.85291290283203,24.662556,70.25069
281.7850351333618,134.8797264099121,24.277891,69.76255
282.1162347793579,134.83372497558594,24.744719,69.89316
282.54004192352295,135.83533477783203,25.047434,68.92006
282.8924570083618,136.22806930541992,25.114378,67.872795
283.51161766052246,136.68650436401367,25.732624,67.2508
283.9631357192993,137.01140594482422,25.985228,67.5513
284.29859161376953,136.53964233398438,25.679901,68.15216
284.14522552490234,135.8016815185547,25.093872,67.989075
283.5805673599243,135.21004486083984,24.856459,68.36969
282.9519853591919,135.00431442260742,25.270452,68.99131
283.7311315536499,135.54766845703125,24.023684,68.21304
283.66687870025635,136.59542846679688,23.01074,66.78685
283.466591835022,137.26205444335938,22.978758,65.4798
284.25464153289795,137.45632934570312,22.15568,64.9942
283.57943534851074,138.02919006347656,22.562962,64.609665
283.0365743637085,138.12539291381836,23.52022,64.85615
281.33796215057373,138.01470565795898,25.39181,64.65954
280.0482454299927,137.23513793945312,25.727606,65.50926
278.91752338409424,137.63142013549805,27.786291,65.28771
277.26749324798584,136.87826919555664,28.043734,64.86285
274.794394493103,137.76568984985352,30.466463,65.028465
273.9826602935791,138.63706588745117,30.718884,64.01595
272.40997886657715,138.13690567016602,31.484058,63.30999
270.22336292266846,139.1175594329834,31.909536,61.5031
270.11463737487793,139.41736030578613,28.883778,61.842953
267.0512990951538,139.15543174743652,27.61162,62.396137
266.1400327682495,138.71450233459473,27.35525,61.97392
264.39752674102783,138.2271900177002,28.477026,62.683315
262.6208953857422,137.32081413269043,29.30635,63.407948
260.68590927124023,137.1768970489502,30.685616,63.604076
258.7766990661621,138.0726089477539,29.91613,63.18515
257.6207609176636,138.25605392456055,29.31132,62.399864
256.058931350708,139.04768562316895,28.160244,61.757915
254.22069931030273,139.38239860534668,25.632195,61.62456
251.80445384979248,138.5720977783203,24.068705,61.170532
250.42057037353516,137.68847846984863,23.535751,62.275967
248.15517711639404,137.16208267211914,25.43316,62.7443
246.72850513458252,136.64705276489258,26.404928,63.64228
244.79187107086182,136.12187957763672,27.698805,63.591415
241.14496326446533,136.46950912475586,29.509909,64.00945
238.88150596618652,137.4702091217041,29.764164,62.631237
236.8241901397705,136.59780502319336,28.222546,63.152184
236.5244655609131,137.0642318725586,25.093021,62.054855
233.01054191589355,136.4241428375244,22.892231,62.88093
231.7455129623413,136.52486991882324,20.698,63.200703
229.03907203674316,136.93490028381348,21.763485,63.539944
227.28951454162598,136.7220458984375,23.767788,63.221893
220.98604583740234,136.23316955566406,30.068909,63.670822
218.0208683013916,135.53326416015625,30.795269,64.12451
217.147442817688,136.94533920288086,29.242163,63.039772
216.05493068695068,136.89718055725098,28.79172,62.569607
215.3716058731079,137.4239845275879,24.69258,61.600197
215.21814250946045,137.64539527893066,22.04719,61.270153
207.4974069595337,137.4310760498047,26.50308,61.48491
207.1136064529419,137.27263832092285,25.557974,62.01054
206.28280067443848,136.92185401916504,24.778591,63.154995
205.25451278686523,137.16528129577637,24.371529,63.31641
202.05028915405273,136.4467372894287,26.752586,63.546253
200.83304405212402,136.82166862487793,25.490269,62.990284
200.38543128967285,137.8309497833252,24.006145,61.99217
199.45865535736084,138.2350845336914,23.147448,61.57254
198.51016902923584,138.45611381530762,21.387041,60.978947
196.2601556777954,138.53058242797852,21.463987,61.721016
194.24020290374756,137.65841674804688,22.83011,61.98871
191.10108947753906,136.7611312866211,23.38733,62.921143
189.12548351287842,136.5709285736084,24.500498,62.83977
185.67897701263428,137.13328552246094,26.257036,63.17331
184.96539211273193,136.8328342437744,26.523043,63.630978
182.78577041625977,137.24328231811523,26.640923,63.665855
182.0190372467041,137.6082363128662,26.29324,62.478916
181.72083377838135,138.24945449829102,26.014585,62.187508
180.92244243621826,138.72465133666992,25.8753,61.752785
179.8579740524292,138.36939239501953,26.035685,61.736053
176.25060367584229,138.23073768615723,29.30409,62.49487
177.1962013244629,138.22408866882324,27.784035,62.566486
178.03684329986572,137.0704402923584,25.970747,63.33431
178.71236515045166,136.7126007080078,25.044157,64.232025
178.9192304611206,136.91008758544922,24.794764,63.810364
179.2658576965332,136.70343780517578,24.920143,64.31207
179.2140474319458,137.7012062072754,24.42301,64.02863
177.96296787261963,137.97811126708984,25.366026,63.846832
178.2020788192749,138.0391387939453,25.344301,64.38362
177.13825130462646,137.73820877075195,27.095583,63.805855
176.32404327392578,137.1540184020996,30.077515,64.33408
176.54495906829834,136.53441619873047,31.454943,65.28021
176.4679470062256,136.61021423339844,32.5591,64.94299
175.7385425567627,136.34010314941406,33.17944,65.806
175.7492733001709,136.13100814819336,33.458164,65.43067
174.8777370452881,137.55089569091797,38.923023,65.14256
175.33109283447266,137.33526992797852,39.862335,64.45121
177.12805366516113,137.80328369140625,37.782253,64.12749
178.0051498413086,137.74873733520508,35.177765,65.3933
182.30356979370117,137.89090728759766,34.943092,65.27634
186.54694652557373,136.71216583251953,31.127817,65.89955
186.88794803619385,136.4511947631836,29.337797,67.106735
187.0511417388916,135.03216552734375,29.995846,68.03058
187.14912033081055,135.14320755004883,30.192116,67.74296
188.7669334411621,135.48644638061523,30.779732,67.994514
190.95166206359863,136.0689239501953,31.32336,68.26224
190.71556663513184,136.70468521118164,33.517124,67.900475
193.6049346923828,136.85065078735352,34.054047,66.50761
194.85403633117676,137.62685012817383,34.043987,65.98115
197.95143795013428,137.9975929260254,29.011873,65.92394
199.35216522216797,136.7788848876953,27.716873,67.37491
199.72583484649658,136.2263069152832,28.988485,68.255455
201.15025520324707,135.72451782226562,28.474895,68.72627
202.89319705963135,134.81934356689453,29.529829,69.581726
204.8453826904297,135.12071228027344,33.27066,69.61238
207.07188606262207,134.9727439880371,35.671734,70.18778
209.75853443145752,135.48290252685547,29.791723,69.06703
212.82415294647217,137.16201782226562,26.469736,68.168335
215.72581386566162,137.04801559448242,23.933458,67.8789
217.39750957489014,136.35967636108398,22.650385,68.2723
218.56823825836182,136.4715232849121,22.10687,68.91099
219.89605331420898,135.08374786376953,23.360191,70.037994
221.24895572662354,133.9687957763672,25.121916,70.65015
221.05596828460693,133.7486114501953,28.26938,71.537155
223.26290893554688,133.4975357055664,28.648346,71.13815
223.72131443023682,134.9569206237793,29.288069,70.54278
225.98601245880127,135.66236114501953,28.65032,70.15517
228.86909198760986,135.82857131958008,28.689505,69.656105
233.18653869628906,136.4756736755371,26.224442,69.44376
237.77761936187744,136.40880584716797,25.102201,69.17583
240.19965648651123,135.69826889038086,24.428965,69.77279
241.6692876815796,134.94587326049805,25.429216,70.66987
242.4099006652832,134.20457458496094,27.27427,71.59798
242.76363945007324,133.8020133972168,28.636723,72.17463
244.07626914978027,134.04039764404297,29.003117,72.170685
247.17596912384033,134.7734603881836,27.150976,71.71742
249.75360679626465,135.62456512451172,26.479923,70.79372
255.3061695098877,135.90264892578125,25.26382,70.26445
257.9903974533081,135.77629852294922,22.84411,70.19441
261.11602210998535,134.80293655395508,21.98396,70.687416
261.633261680603,133.89968872070312,21.983126,71.89493
262.65595054626465,133.6314468383789,23.04639,73.16446
263.0652160644531,133.06400299072266,29.131912,73.62631
263.50144481658936,133.14675903320312,31.434504,73.15901
266.48859691619873,133.94711303710938,29.541788,72.372665
267.4495687484741,134.84550094604492,30.142931,72.05395
272.89147186279297,135.89635467529297,27.398804,71.1297
276.8273000717163,135.73917388916016,24.673815,70.92766
279.0511827468872,134.9179458618164,23.21131,71.10797
281.85201358795166,134.97389602661133,22.09941,70.91143
282.4974002838135,135.4342918395996,24.510067,71.7136
283.8304262161255,134.4773063659668,27.214972,72.77442
285.98875427246094,133.73550033569336,29.530502,73.31881
287.7731943130493,134.2999038696289,30.772291,73.01146
289.6973657608032,134.78826522827148,30.689894,72.30689
293.02235221862793,135.62957000732422,30.90044,71.757706
297.3366947174072,135.73991012573242,31.20721,71.0877
300.8610010147095,136.0313835144043,27.760466,70.38778
303.66878509521484,135.28614044189453,25.292007,71.54239
304.782431602478,135.16064834594727,24.522188,71.99499
304.9307518005371,134.13372802734375,24.92855,73.04198
307.0603141784668,133.77474975585938,27.334023,73.43742
307.5439281463623,134.8527488708496,28.846867,72.99636
309.0598773956299,135.22576141357422,29.612621,73.456314
310.6484594345093,135.50334930419922,28.607271,72.94649
314.35452365875244,137.7615509033203,28.65605,71.19614
314.69030952453613,136.89834594726562,30.244488,71.655106
316.3466491699219,136.78081512451172,31.188309,71.4144
317.1940813064575,137.5462989807129,31.698874,71.10934
318.49130058288574,135.91452407836914,31.27753,72.97259
316.454065322876,134.84527206420898,33.24818,74.04954
318.1827030181885,134.9026870727539,32.679928,74.84169
317.73036766052246,134.78167343139648,34.29186,75.45699
321.5634956359863,135.10121154785156,32.4078,74.85768
323.8072853088379,137.19028091430664,32.05291,72.971504
324.20064544677734,136.74689865112305,32.13266,74.25648
325.61995792388916,137.04246139526367,31.078794,73.83213
328.3022232055664,135.75634002685547,30.033432,74.84
329.20855140686035,135.2542610168457,30.740475,76.19634
329.4251480102539,134.54879760742188,31.831161,77.49899
329.684757232666,133.2664794921875,33.408073,78.70334
333.9197578430176,133.89945602416992,30.766747,78.97178
336.8626346588135,135.29634475708008,28.835949,77.92213
337.3333625793457,136.11487579345703,29.579247,77.00641
340.4017515182495,136.3787078857422,27.739222,76.57619
340.5050058364868,136.02585220336914,28.27873,77.15914
342.7109441757202,134.8465805053711,25.997164,78.41159
342.6941909790039,133.93293380737305,25.775192,78.684074
343.4376916885376,132.91697692871094,23.895735,80.58971
342.8890209197998,132.4713592529297,24.127506,80.88681
342.7880973815918,132.884033203125,23.938026,81.339615
342.3606262207031,132.99831771850586,24.742477,82.25237
341.0740957260132,134.79301071166992,27.131456,80.71114
340.1426410675049,135.79590606689453,28.803173,79.346176
340.3229064941406,136.09869384765625,28.754532,79.87688
335.9478073120117,134.62921142578125,33.027817,80.120575
335.9587869644165,134.71861267089844,31.47389,80.4539
336.92483615875244,133.1075897216797,28.391783,82.37744
336.7483186721802,132.45781326293945,27.515142,83.1874
336.35025787353516,132.16860580444336,27.529114,83.73072
335.18820667266846,133.16683197021484,27.949759,84.32791
332.945839881897,134.09052276611328,28.975203,83.210205
333.4716558456421,134.08138275146484,27.955156,83.500244
331.42863368988037,135.11870956420898,26.95595,82.88781
330.19444847106934,134.28551483154297,27.096012,83.16791
327.40945529937744,133.02903366088867,28.157347,84.35816
325.2082853317261,132.1192970275879,29.922937,84.60902
322.89314460754395,131.6906967163086,31.708324,85.49954
320.08555030822754,132.4134979248047,33.249752,85.63257
318.60505294799805,132.41353607177734,33.636665,85.72319
317.588285446167,133.34507751464844,33.794132,85.10333
314.10868644714355,133.9248924255371,35.23598,84.7606
309.8515567779541,135.08342742919922,35.99159,84.48372
307.4892768859863,134.22985076904297,34.410072,84.66693
303.5998764038086,133.29082870483398,34.49124,85.058266
301.8866672515869,132.9552879333496,32.682766,86.540474
302.6546812057495,131.85728073120117,31.031244,87.79659
300.59422874450684,131.06735610961914,31.334263,88.49331
296.47578048706055,130.78912353515625,34.482033,88.305405
294.639196395874,131.54888534545898,34.015263,88.197685
292.66485595703125,132.22223281860352,33.089203,87.50297
288.73254585266113,133.86593627929688,33.185528,86.77048
285.195725440979,134.14011001586914,31.607649,86.19358
280.5940418243408,133.4905014038086,32.348354,86.70561
277.00568771362305,132.46153259277344,32.020317,87.45352
275.4069118499756,131.52416610717773,33.049015,87.83138
272.0222816467285,131.83696365356445,36.12803,88.29839
267.78449058532715,131.69629287719727,39.369373,88.33109
264.5932216644287,131.09296035766602,41.31252,88.83219
262.5904235839844,131.76485443115234,40.180405,88.20267
259.86886405944824,132.90753555297852,40.287357,87.70652
257.1412887573242,132.5225067138672,38.392227,86.4131
255.83049964904785,132.71493530273438,33.944912,87.11153
250.8343620300293,133.08315658569336,34.177177,85.37438
254.76246452331543,132.25741958618164,25.671665,86.45284
252.55264854431152,131.479248046875,24.957127,88.78833
246.88817501068115,131.5200958251953,29.646303,88.79834
243.59670639038086,131.5486183166504,33.175774,88.81362
241.2076644897461,131.7659912109375,34.882095,88.364685
240.6446590423584,132.98584365844727,34.617542,87.18491
238.5721492767334,133.1431427001953,33.827732,86.135376
236.64249420166016,134.5125274658203,32.47177,85.16994
234.23376369476318,134.06278228759766,31.681292,84.662704
233.48805809020996,134.13972091674805,30.904346,83.95251
233.14813613891602,133.55567932128906,31.778633,84.36008
233.21911334991455,132.48383331298828,30.873709,85.04259
230.46358108520508,132.31989669799805,32.918434,84.723
231.2979965209961,132.50496292114258,32.298508,84.66125
229.84220695495605,132.59734344482422,32.766926,84.08368
228.57077026367188,133.4226531982422,32.78911,82.72484
227.5176601409912,134.40407943725586,32.61922,81.89793
226.37136459350586,134.56711959838867,32.619484,80.82629
225.54255485534668,135.29341506958008,31.567997,81.38166
225.79698753356934,133.929931640625,29.775715,82.58809
225.31962776184082,133.62992477416992,29.144085,82.0006
224.30304050445557,133.0229949951172,28.524641,82.50798
223.74118328094482,133.10382080078125,28.57075,83.75224
224.00075435638428,132.64038848876953,30.270647,83.78543
223.21646308898926,132.90505599975586,32.247295,82.83172
223.8173942565918,134.5005340576172,32.983437,81.45764
222.8249626159668,134.45815658569336,36.166435,80.276146
222.69281387329102,135.69454193115234,38.72338,78.680176
222.4355125427246,134.87162399291992,37.761665,77.41599
224.0543670654297,135.11572265625,37.81929,78.96271
224.55087089538574,133.74336624145508,38.064854,80.13949
225.63938331604004,133.21188735961914,35.336468,81.896126
225.2604160308838,132.44239044189453,37.60873,81.661316
226.5207691192627,132.31467056274414,34.30218,81.3662
227.07199478149414,132.84523391723633,34.43241,81.23716
228.4694118499756,134.0065155029297,33.180363,80.50516
228.98726081848145,134.92311477661133,34.978954,78.89045
230.87655448913574,135.19473266601562,30.757008,79.223785
232.7686424255371,134.2606964111328,29.103569,78.95819
234.63871574401855,133.87743377685547,28.169727,78.96222
236.2518892288208,133.75286865234375,28.160849,79.83446
236.99332237243652,133.09416961669922,31.058475,79.12862
236.17653465270996,132.92011642456055,37.088276,80.1271
237.14241790771484,133.2386703491211,35.904068,80.31485
237.0113124847412,133.6383171081543,36.69147,78.35537
238.07691955566406,135.28870010375977,36.90091,76.37945
239.94197273254395,135.19195556640625,37.07902,75.782745
242.97109985351562,135.40316009521484,38.800705,75.81964
242.80704879760742,135.40254592895508,39.709175,74.69108
244.09449005126953,134.69061660766602,41.25807,74.803734
246.07385063171387,134.32353973388672,37.821476,75.00668
247.42677307128906,134.12729263305664,35.6532,76.46783
248.56732368469238,133.58832931518555,34.32916,76.97991
249.50618934631348,133.55122756958008,31.298458,77.36611
249.66768264770508,134.57753372192383,31.157845,76.94044
250.5633602142334,134.99545288085938,31.577534,76.212296
251.76437854766846,135.62976837158203,31.525442,75.6633
253.17096519470215,135.7424545288086,30.727543,75.09184
255.9071807861328,136.37081146240234,28.646042,74.42145
259.3915023803711,135.72541427612305,27.097458,74.279655
262.86079692840576,136.38420486450195,25.534235,74.00054
264.4747200012207,135.76769256591797,25.290215,74.103226
265.35379219055176,135.94562149047852,27.387661,74.110985
266.7330379486084,134.5793113708496,30.787937,74.88535
269.440372467041,134.80884170532227,32.35012,76.78126
271.16234970092773,134.61616897583008,32.273613,76.5758
272.4776372909546,134.88836669921875,31.268633,76.22371
272.9869499206543,134.65185928344727,30.813362,76.305595
274.0806198120117,135.04325485229492,30.505524,76.49375
277.6797208786011,134.8896713256836,27.550257,76.865036
280.17361068725586,133.61940002441406,26.258171,77.31433
281.7942361831665,133.93041610717773,25.173307,77.59754
284.2043809890747,133.79435348510742,22.435766,77.74578
286.49391651153564,133.51881408691406,23.235067,77.18782
287.3664836883545,133.74825286865234,23.346836,76.81215
286.40442085266113,134.091552734375,28.13499,77.17471
287.036904335022,134.2642364501953,29.831419,77.25404
289.3168144226074,134.17461013793945,28.671425,76.77369
291.5826416015625,134.92316055297852,27.15944,75.513954
294.518723487854,134.94641494750977,24.230543,75.74876
293.10921001434326,134.91766738891602,25.973902,76.24178
290.83187198638916,134.88245391845703,28.816664,75.92287
292.76708126068115,135.1007308959961,27.69127,74.89319
294.5395383834839,135.27184677124023,27.590754,74.71404
297.0130395889282,134.91917419433594,25.95416,75.38422
300.08753871917725,134.4853057861328,24.962023,75.765594
302.3634271621704,133.82185745239258,23.416182,76.51125
303.8402853012085,133.5098876953125,23.0618,77.219284
303.8991241455078,133.82873916625977,24.220825,76.628624
304.5339460372925,133.22907257080078,22.437235,76.39891
304.77277660369873,133.30820846557617,24.664804,76.6392
305.59264278411865,133.25221252441406,25.091478,76.55191
305.1213626861572,133.78903579711914,26.519756,76.0234
305.6962299346924,134.13579940795898,26.319668,75.86135
306.1825370788574,133.6817855834961,25.661964,75.79556
305.3800935745239,134.29849243164062,26.91471,75.01688
305.16636848449707,134.71948623657227,27.122082,74.08599
305.29200744628906,135.86667251586914,27.1595,73.43993
306.00640964508057,136.01364517211914,26.628096,73.15052
304.9990530014038,136.04923629760742,28.044008,72.958275
306.64461517333984,136.3908920288086,26.11383,72.47987
308.2670078277588,137.5213394165039,24.682034,72.01074
310.4614658355713,137.28882217407227,22.06297,71.73444
309.08636569976807,136.21052169799805,23.730116,72.69192
308.24733543395996,133.6165657043457,24.656406,75.926704
306.6232376098633,129.2497444152832,25.675339,80.32227
306.60369396209717,125.18588638305664,25.553476,84.784035
304.506986618042,119.67851257324219,27.319279,88.70232
303.5657835006714,121.19839096069336,28.14039,87.734
299.3567810058594,118.53783416748047,32.15445,90.15506
298.9107551574707,118.38682556152344,32.126274,89.12134
299.58690071105957,118.88436508178711,31.45007,88.25187
298.71738147735596,118.83467864990234,31.864157,88.08914
298.96580696105957,121.33401870727539,30.877468,86.654976
298.680814743042,123.46196746826172,31.349247,84.568634
297.4455909729004,124.68171310424805,32.885643,83.364525
297.3868408203125,127.2293701171875,32.747925,80.51608
297.4381847381592,129.6360092163086,32.862278,78.49643
296.69348335266113,131.5012664794922,33.37176,77.05258
295.3489818572998,130.53353118896484,34.230488,77.04729
296.73241996765137,130.51827239990234,32.66292,77.05362
296.9505023956299,130.51558685302734,32.772778,77.61069
296.37755584716797,130.06395721435547,32.90355,77.47453
294.4236888885498,130.01968002319336,35.721775,78.72524
293.41090393066406,129.40330123901367,35.734253,78.99406
297.30261421203613,130.39723205566406,32.907223,77.88568
305.8769283294678,132.96055603027344,24.111485,75.74643
292.11788177490234,129.84360885620117,37.905273,78.694954
293.87794494628906,131.32203674316406,36.322784,77.52339
302.1440830230713,132.59613800048828,28.602657,76.09741
303.433066368103,132.37255477905273,28.908892,75.54003
300.31579208374023,132.8143310546875,34.56933,74.82301
299.9127426147461,133.0884780883789,35.983017,74.525024
303.8123359680176,133.98277282714844,32.37525,74.58743
294.0891284942627,132.76601028442383,41.029034,75.79647
303.19335174560547,133.72704696655273,31.309692,74.417854
300.50533294677734,133.58220291137695,32.024353,74.231865
288.08016204833984,133.26350021362305,44.180603,74.954384
298.49886894226074,134.74617385864258,32.088886,73.227974
296.974817276001,135.16723251342773,33.061855,72.51531
301.4891548156738,136.54753494262695,27.388313,71.92739
297.6828861236572,136.47776794433594,30.54617,71.54816
299.32545471191406,135.72522735595703,29.055466,71.70311
298.248948097229,134.93072128295898,28.986158,72.233665
302.3406047821045,134.71955108642578,25.167774,72.29979
298.2635316848755,135.59045028686523,29.31426,72.28425
297.24216651916504,134.52313232421875,29.959805,72.654724
299.971342086792,135.04500198364258,27.47829,72.15922
301.6514186859131,135.01745986938477,25.696598,72.20901
302.2161912918091,135.28232192993164,25.573019,71.448586
302.8118267059326,135.54033279418945,24.423923,71.03364
301.89027309417725,136.19049072265625,24.627916,70.076126
302.237229347229,138.4003143310547,25.711302,68.377884
300.1852569580078,138.84133911132812,28.029007,67.06831
298.1712760925293,139.37820053100586,29.697273,66.52297
296.70452785491943,139.17067337036133,30.154467,67.63511
296.42735290527344,138.0604362487793,31.265503,68.65035
295.5396089553833,137.8572883605957,31.141287,69.252144
294.48663330078125,136.8229103088379,32.40834,70.169426
293.26684188842773,136.72529220581055,32.98356,69.89521
290.3788871765137,136.20633697509766,34.323967,70.26608
287.9221649169922,137.13076782226562,34.049088,70.634186
286.5753288269043,137.04442596435547,31.590263,70.81329
285.87764835357666,136.77088928222656,28.880964,70.34622
284.3508291244507,136.11420059204102,26.513536,71.644264
282.25029945373535,135.81186294555664,28.227337,71.981026
280.8623809814453,134.96802139282227,28.223328,73.14869
278.4784936904907,134.540771484375,29.171736,73.55696
275.27702617645264,134.94779205322266,28.568949,73.50365
272.4769401550293,134.92319107055664,27.7042,73.56855
269.14244556427,136.48763275146484,26.533957,72.19136
267.5403518676758,136.5503387451172,24.103638,71.742905
263.8072557449341,136.5644989013672,23.33933,72.94365
261.7025680541992,135.2895050048828,25.813187,73.574844
258.13274669647217,133.24599838256836,27.683084,75.18415
254.3208932876587,133.01069259643555,30.264494,75.62629
250.00886917114258,132.50344848632812,34.16381,75.815125
247.4673557281494,132.53994369506836,33.76022,76.87446
245.36569595336914,133.0781364440918,32.74935,77.45588
242.80397987365723,135.00176620483398,31.1647,76.36547
238.57870197296143,135.19501113891602,30.584265,75.0057
236.17706871032715,134.6166534423828,27.998951,75.58807
233.63411712646484,133.79836654663086,28.315964,76.35932
231.8496379852295,133.73629760742188,28.09174,77.55002
226.73511219024658,132.07688522338867,30.415106,79.142204
220.35910034179688,132.05178451538086,34.279602,79.52238
218.1924057006836,132.39761352539062,33.389404,79.53873
214.51429271697998,133.2984848022461,31.941767,79.35797
211.6141529083252,134.46741485595703,29.889126,78.33852
210.73290157318115,135.2839469909668,25.40375,76.99703
207.0516414642334,134.98537063598633,24.314396,77.95257
203.07322788238525,133.6185302734375,26.584242,79.10336
198.76450443267822,131.7657241821289,29.614515,80.51448
188.79197311401367,129.5269012451172,37.91648,83.6633
184.28331756591797,129.47600555419922,40.78293,83.66713
180.17527389526367,129.22488403320312,42.756126,82.96109
178.45753288269043,131.23588180541992,41.049534,82.10389
177.8254623413086,131.03075790405273,38.728912,82.37826
173.8834342956543,132.85870361328125,36.234596,80.50856
172.27001667022705,134.08433532714844,31.748983,80.8288
167.90323448181152,133.6497688293457,31.855473,80.87881
166.67772483825684,133.63815689086914,32.635197,80.29337
165.36099433898926,132.99838256835938,32.662334,81.7319
158.0587158203125,133.5395050048828,37.874832,81.82301
148.1119613647461,131.1529312133789,46.9494,85.0614
143.27839851379395,133.5590362548828,49.28657,82.60188
142.60914039611816,133.9677848815918,48.470364,83.80123
136.41165161132812,136.8569221496582,52.178406,80.51737
137.38129806518555,137.04164505004883,45.903084,79.11796
136.02840614318848,137.71294021606445,41.170757,79.460655
138.58202934265137,137.59976196289062,30.246403,79.9512
136.22357845306396,136.43540954589844,31.270113,80.49483
134.55367374420166,136.62852478027344,31.652723,80.68126
131.59790992736816,136.90207290649414,33.437084,80.70574
130.67452430725098,136.85155487060547,33.146496,80.78172
129.84856796264648,137.82665252685547,32.357185,80.4449
129.266095161438,138.53958892822266,30.998785,79.4893
129.1174659729004,139.8127326965332,30.244759,78.27622
128.447172164917,140.9765396118164,29.529682,77.75453
128.07521152496338,141.2831687927246,29.829283,77.100105
127.40654850006104,139.79224014282227,30.551985,77.89277
127.7417106628418,140.51981353759766,30.827202,77.69562
127.93676280975342,139.497314453125,31.003168,78.005325
126.90457725524902,139.78132247924805,33.39974,78.70507
127.16661262512207,137.97158813476562,33.952938,79.677155
127.76448631286621,136.6355857849121,34.527897,80.750404
128.1702365875244,136.02407455444336,35.25642,81.5151
128.78442764282227,135.0980339050293,36.184654,83.20054
130.09179306030273,135.0012550354004,37.27851,83.15627
129.37899780273438,135.30014038085938,40.25406,83.771545
130.20387077331543,135.39374542236328,41.039936,83.49361
132.73206520080566,135.5251235961914,39.34329,83.005875
137.51831817626953,135.48164749145508,36.484055,82.78234
142.1585578918457,135.95014572143555,34.596306,83.16401
146.94597625732422,133.65203094482422,33.779434,84.60463
150.0801601409912,134.02312088012695,34.86823,85.58953
150.59601593017578,132.98939895629883,35.765076,86.86295
150.85974502563477,132.36852264404297,39.58358,87.70775
153.0552806854248,132.75624084472656,42.651035,86.68814
153.4720287322998,132.48711395263672,41.399693,87.90379
155.12201118469238,131.7086944580078,44.40051,89.05817
162.14788818359375,133.4707260131836,40.41632,87.277695
168.0739631652832,133.5688705444336,33.868645,86.729385
172.1147632598877,134.5218963623047,31.642529,86.16472
175.25845336914062,132.71002197265625,34.67247,87.19643
176.06610298156738,131.4390106201172,33.299984,88.98689
177.10092735290527,128.73337173461914,34.419605,91.877815
177.718994140625,127.79142379760742,38.004456,92.453926
178.5984230041504,128.65298461914062,40.444054,92.37259
179.41207313537598,129.2451057434082,41.698895,92.15789
182.20881843566895,132.7126350402832,44.799374,89.228294
187.34335327148438,133.64723205566406,45.662903,87.26816
191.974027633667,134.02048110961914,42.347965,86.56823
198.7832374572754,135.10480117797852,32.65621,84.69875
201.88144397735596,133.66305541992188,30.151175,86.958664
206.39315509796143,132.81772232055664,29.70986,87.63863
206.59890365600586,131.30555725097656,33.717537,89.168564
208.188627243042,131.01823806762695,36.093708,89.69027
208.7544116973877,130.49631881713867,40.745556,90.12507
211.1647434234619,130.8237533569336,41.51742,89.18431
213.84622383117676,132.65063858032227,39.861126,88.79995
220.77765655517578,133.48216247558594,36.166443,87.4646
225.3513641357422,133.20632934570312,37.58531,87.39642
233.69779777526855,132.70550155639648,28.75951,88.74305
236.83832836151123,132.95448303222656,27.271418,86.736115
240.89963722229004,132.48711776733398,27.173107,88.32725
242.52850723266602,131.42385864257812,29.534416,89.127396
244.6008129119873,132.32071685791016,33.26398,88.99068
244.72890090942383,131.43008422851562,36.711525,89.80998
247.7790756225586,132.35922241210938,34.4767,88.50505
252.2762565612793,133.08488845825195,33.44805,87.20939
257.70617485046387,133.70232391357422,30.750462,86.76315
262.34896659851074,132.45547485351562,30.242039,87.12042
265.38022232055664,131.16613388061523,30.62278,89.30547
262.25901794433594,130.1627311706543,35.204025,90.50355
264.09220123291016,130.48956680297852,37.8125,90.19764
265.60751724243164,129.49109268188477,40.921303,91.069115
272.93793869018555,130.9743995666504,35.487846,90.506676
279.91650104522705,132.62763595581055,29.337454,89.0481
284.5448169708252,133.9047088623047,26.171307,88.26317
286.52399826049805,134.5651397705078,27.150871,87.33078
290.1253995895386,134.8957176208496,27.742685,87.261894
292.02566719055176,133.34171676635742,31.742458,87.48351
294.40026092529297,132.74961853027344,33.936493,88.47185
294.9366512298584,132.89154815673828,37.182392,88.466446
297.9975280761719,132.17999649047852,37.017822,87.82606
299.8983669281006,133.6393280029297,35.55588,87.145706
302.25630378723145,135.1357078552246,33.740078,85.14947
304.677978515625,136.04288864135742,32.080994,83.62882
308.3472194671631,137.21282577514648,29.250553,83.46055
310.7431221008301,137.24512100219727,29.80613,83.06866
312.2685956954956,136.01236724853516,29.715235,82.750565
313.4175319671631,135.00203704833984,31.312916,83.6537
313.90954780578613,133.60336685180664,33.676846,85.663185
314.9643669128418,133.0368881225586,33.849327,86.4306
316.39483070373535,132.55242156982422,32.529522,86.14488
317.6512451171875,133.03545379638672,30.472198,85.403076
317.99341011047363,133.78867721557617,30.555553,83.83341
318.83794498443604,135.8245506286621,29.773176,81.57256
320.52220249176025,136.82683181762695,28.221891,80.17893
320.00262355804443,136.9751739501953,29.805254,81.08661
321.64448642730713,135.81402969360352,27.806074,80.61956
323.337739944458,134.87080764770508,25.994717,81.51266
322.49981021881104,134.65338134765625,27.392897,81.83583
322.56815338134766,133.78058242797852,27.334045,81.68514
321.4572057723999,133.6927375793457,29.38405,81.37183
320.75436878204346,134.62992477416992,29.171362,80.45327
319.6064929962158,136.20989990234375,31.382748,79.275894
319.0277976989746,136.48071670532227,32.602577,78.199974
318.45108795166016,136.87851333618164,33.218964,76.435555
315.00442123413086,137.4463005065918,34.638954,76.13877
314.26904487609863,136.26889038085938,35.05093,76.263336
311.51531410217285,135.83262252807617,36.036083,77.513176
313.9893379211426,134.51784896850586,30.693321,78.16236
314.0796718597412,133.8419189453125,29.881748,78.42061
314.6375150680542,133.49841690063477,28.223963,78.020515
314.2351026535034,133.5790138244629,28.319895,77.24561
312.90145683288574,133.7574462890625,28.946735,77.34216
313.130597114563,133.86537170410156,28.071325,78.34778
314.1608428955078,132.87797164916992,25.58281,77.94715
314.7738218307495,133.00719451904297,24.618433,77.42038
315.340802192688,131.9905128479004,22.880423,78.071175
312.68969917297363,132.24834442138672,24.284756,77.94115
311.1931400299072,133.2077522277832,25.878521,76.42167
307.60192680358887,134.3094024658203,29.870304,75.72792
306.3064603805542,135.83230590820312,31.429117,74.60399
305.8672285079956,137.8824348449707,28.84112,73.318245
305.8073673248291,139.1135597229004,29.822475,71.42556
306.7692413330078,139.63203048706055,30.856369,71.53274
306.6343173980713,138.88879776000977,32.747906,71.693214
306.50762367248535,138.55398559570312,34.125256,71.7372
310.39184951782227,138.08232879638672,31.841225,71.64961
315.28701972961426,137.2086181640625,28.79684,72.0784
318.8478136062622,136.91574096679688,25.255804,72.228195
319.6822786331177,135.26425170898438,25.468115,73.4644
321.08307552337646,135.51428604125977,24.873384,73.14025
321.1317729949951,136.25957870483398,24.669514,72.832466
321.8317451477051,136.98062896728516,27.941124,72.21048
324.60661792755127,137.8293685913086,28.546041,70.38536
325.71652603149414,140.68621063232422,29.53579,68.37369
326.60419940948486,143.01450729370117,30.009008,66.428505
325.5484790802002,145.03712463378906,29.903683,64.36046
326.8210039138794,145.17348289489746,29.335913,63.680378
328.43336296081543,145.40263748168945,28.048527,63.568993
329.38261318206787,145.65231895446777,28.007952,63.418064
330.30694580078125,144.23235702514648,26.770233,64.91436
330.07500553131104,142.27857208251953,26.744581,66.51395
331.3722724914551,140.77284240722656,25.501045,67.94597
330.88302993774414,138.51918411254883,24.907478,70.360405
332.35042095184326,136.93623733520508,22.866587,71.11692
330.4563150405884,135.4721336364746,23.60739,72.726006
331.60467529296875,134.75971221923828,21.925766,72.78175
330.47636699676514,133.94471740722656,23.016214,73.07797
329.8687219619751,135.32120895385742,23.633192,72.479454
329.5228090286255,135.4637680053711,23.154074,71.32536
328.50435638427734,137.28084182739258,24.300262,69.90836
325.9789876937866,138.68478775024414,26.939974,68.36494
326.07246112823486,140.42279052734375,26.650396,67.329834
329.7634105682373,140.62276077270508,23.797901,66.87644
329.3432912826538,140.56366348266602,23.238832,67.13096
331.62254524230957,139.49082946777344,21.594936,67.5428
329.84135818481445,138.16505432128906,23.202827,69.79085
330.143892288208,134.39960098266602,22.878277,72.93777
326.80032539367676,128.6957664489746,25.402447,79.2727
324.5522880554199,121.24094772338867,26.926323,86.04679
324.20715045928955,123.5630874633789,27.437628,83.68147
319.41782569885254,120.9438362121582,31.206554,86.27145
319.00775814056396,119.88525390625,30.974276,84.87686
320.5265598297119,119.38789749145508,30.07867,86.418846
319.3181915283203,118.75873184204102,29.476837,86.663536
318.8157682418823,119.34343719482422,29.194254,85.97633
318.2516565322876,122.76223754882812,29.660002,83.359695
318.04282569885254,124.92611694335938,28.838055,82.26126
319.25458335876465,128.05312728881836,27.734379,78.70188
318.7638568878174,131.02350616455078,27.090084,76.09564
318.84911155700684,133.92181777954102,27.48917,73.37406
317.8107080459595,133.81179809570312,27.873457,72.851
313.9775638580322,133.6576271057129,32.37434,73.54389
311.6016540527344,133.09266662597656,34.67508,74.0582
312.30917739868164,132.0854263305664,34.18406,74.51471
314.5449562072754,131.9096565246582,32.093254,75.39236
313.8503952026367,131.55499267578125,34.1044,75.1879
315.32426261901855,131.10115814208984,36.18018,75.151855
316.90268325805664,132.1647186279297,35.69149,74.53104
319.67675971984863,132.29398345947266,34.885876,73.98288
314.293399810791,130.93703842163086,41.466057,76.058235
314.43578720092773,131.2886199951172,41.2474,75.4099
314.29678535461426,131.66223907470703,40.075848,75.16559
315.00671195983887,131.9100227355957,37.774494,74.64645
320.07098865509033,132.86524963378906,31.722952,74.291595
316.5655212402344,131.96885299682617,34.043457,74.81411
319.83155155181885,133.83588027954102,29.2144,73.67359
313.05453300476074,131.50860977172852,35.787205,75.12928
311.94271659851074,131.59194564819336,34.801807,74.8518
309.7468204498291,131.65387344360352,36.60153,75.64294
318.70323753356934,133.0363006591797,26.624088,73.82948
318.030330657959,133.77989959716797,27.266502,73.75687
307.8336124420166,131.27745819091797,36.760082,75.72688
311.6134796142578,132.29557037353516,33.14279,74.23062
305.39880752563477,131.22888565063477,38.586983,75.47285
308.2421131134033,132.28321075439453,35.323666,74.64378
306.7286777496338,132.1415672302246,36.576183,74.48322
314.7568254470825,133.71611785888672,27.852285,72.93843
315.3619804382324,134.39320755004883,27.193398,73.2898
318.52082347869873,134.89133071899414,24.518534,72.67155
316.7864580154419,136.33654022216797,24.823614,71.85864
315.79797554016113,136.49424743652344,25.563076,71.119064
314.4194869995117,137.23454666137695,25.538681,70.74673
314.1307201385498,137.2126007080078,24.890598,71.08261
313.0669832229614,136.34576797485352,24.738028,71.55776
313.2069683074951,136.02446746826172,23.549702,71.21442
309.76430320739746,135.57504272460938,25.967197,71.50514
310.70325756073,136.09604263305664,24.61059,70.91488
309.7013921737671,136.73437118530273,23.763292,71.4902
309.13559341430664,136.9283561706543,24.41349,71.34086
306.3546733856201,136.64409255981445,27.548359,71.55428
307.0070562362671,138.28804397583008,26.437578,70.35035
304.2978181838989,138.84181213378906,29.321829,69.609406
305.0249967575073,138.77168655395508,28.510355,68.8184
307.0243282318115,138.89252090454102,25.831013,68.81664
307.98224353790283,139.41909408569336,24.923422,68.92849
305.32638931274414,138.2726287841797,28.327766,70.00911
304.30847549438477,137.85163116455078,28.88137,70.39316
301.01481437683105,136.6133918762207,32.594578,71.24096
300.7251796722412,136.4738426208496,33.40549,71.53425
298.8935317993164,135.52182388305664,35.405563,72.65118
304.9329147338867,136.14585876464844,31.712952,72.31381
306.5682134628296,135.76152801513672,31.191332,71.65364
304.18238067626953,135.7746238708496,33.93396,71.84458
305.34615898132324,135.8652114868164,32.657856,71.70946
306.6134910583496,137.31212615966797,31.526497,70.661606
305.08438873291016,137.48936080932617,32.9653,70.16497
310.1143865585327,137.52796936035156,28.354403,70.07179
310.0258502960205,137.30901336669922,29.028027,70.23503
311.8552761077881,137.23085021972656,27.074009,70.05812
309.3032503128052,136.08773803710938,29.308737,70.981
307.01440811157227,136.51341247558594,31.935402,70.76294
304.81984519958496,135.73922729492188,33.44408,71.26602
304.6952152252197,136.63997650146484,32.034145,70.53201
304.942910194397,135.93516540527344,31.566862,70.72032
305.0219078063965,135.89424514770508,31.777977,70.16335
307.87039947509766,135.90285110473633,27.834747,70.69953
307.41580963134766,135.57622909545898,28.211304,71.10903
307.90098667144775,135.1327362060547,27.062529,71.01587
309.61022758483887,134.35179901123047,25.355122,71.57439
309.9045515060425,134.93844604492188,24.14306,71.09325
310.8000011444092,134.44068908691406,22.916645,71.61087
308.99384212493896,134.4139175415039,22.600801,71.57875
305.05510425567627,134.98645782470703,26.014639,71.293396
305.8947448730469,135.92417907714844,25.202866,70.26494
304.852237701416,135.7615737915039,26.703407,69.867035
305.5250005722046,136.88661193847656,25.339113,68.98224
306.46427059173584,135.68364715576172,25.444765,69.68924
306.9794511795044,135.00513458251953,24.992239,69.852875
307.8104877471924,134.96967315673828,25.490826,69.52562
307.78699016571045,134.34731674194336,24.860071,69.60529
308.6134338378906,134.55931091308594,24.88678,70.074936
310.6043643951416,135.17675399780273,24.05766,69.5937
311.9297761917114,137.18115234375,22.434774,68.31711
312.6095952987671,137.63615036010742,22.45511,67.915855
311.92305850982666,137.12242126464844,23.42874,68.32135
310.5407257080078,135.00214767456055,24.046356,70.9222
310.6392650604248,133.2219467163086,23.473713,72.98686
310.81909942626953,129.6482162475586,23.473694,75.82364
308.2710828781128,123.79693984985352,25.838236,81.54223
307.4562063217163,117.13161849975586,26.729982,88.253136
305.2697877883911,119.40155792236328,28.517157,85.15155
302.6830110549927,122.56166458129883,30.25878,82.39506
303.92769050598145,121.11913681030273,28.640072,82.638725
304.51980209350586,119.84046173095703,26.862984,83.31416
304.01373195648193,120.87945175170898,27.226213,82.82447
302.9741153717041,121.8321418762207,26.96867,82.357704
302.8699722290039,124.35613250732422,27.452301,81.20647
302.3874235153198,127.93582534790039,27.327295,77.612724
301.50217151641846,129.0229148864746,27.950521,76.001045
300.1330156326294,130.41919708251953,29.808004,74.76642
297.90565395355225,132.71766662597656,30.739443,72.36211
298.0730333328247,133.69406509399414,31.2954,71.539375
294.6040630340576,133.5428009033203,34.626575,71.970795
292.28035163879395,132.58834075927734,36.747173,71.7182
293.49859046936035,133.5900001525879,36.605328,71.73388
290.715763092041,132.25686645507812,43.27024,72.510025
294.28525161743164,132.66520309448242,38.920036,71.62771
291.46026611328125,132.68481063842773,43.48604,72.17768
293.74178314208984,132.86568069458008,41.888123,71.303795
291.29754638671875,133.12646484375,44.962814,71.496
294.7729835510254,133.74303436279297,40.479317,70.27203
293.73565101623535,134.30137252807617,40.789547,70.10557
292.32935905456543,133.92052459716797,41.212406,70.45723
292.40033531188965,134.2636375427246,40.037174,70.51237
294.5150547027588,134.01617813110352,37.86897,69.686424
293.6961612701416,134.24169158935547,37.382015,70.3179
290.9912700653076,134.30583572387695,38.94089,70.73873
291.39259147644043,133.9619255065918,38.024357,70.599754
293.23241806030273,134.43659210205078,36.305534,71.028946
291.00082778930664,134.8222999572754,37.738243,70.50111
291.62846183776855,134.12677383422852,38.051,70.41044
292.4316062927246,135.14474868774414,36.554497,70.14217
292.2351989746094,135.35302734375,37.315872,69.48471
290.88805198669434,135.1442108154297,39.091618,69.59894
296.0158882141113,135.24982452392578,35.710716,69.230286
293.31181144714355,135.94906616210938,38.837055,68.63156
290.31690216064453,135.95057678222656,42.09024,68.53282
296.05527687072754,136.14978790283203,37.695095,68.4021
300.35187339782715,136.81108856201172,34.098408,67.50961
301.07629585266113,137.10785293579102,35.589947,67.47158
296.2151737213135,137.82083892822266,43.8585,67.67384
296.6904354095459,137.92752075195312,46.60863,66.94658
295.98962020874023,138.52821731567383,50.140846,67.27538
299.41622734069824,138.2721405029297,48.994816,67.83566
299.9478569030762,137.82847595214844,51.02427,67.30998
300.5223083496094,138.0067481994629,50.822678,67.84379
302.0214023590088,138.3998565673828,48.198147,68.15378
303.48888397216797,138.59186553955078,47.137268,68.07463
307.25303840637207,138.25999450683594,42.606213,67.75203
307.2467441558838,139.08597946166992,41.719524,67.49528
314.7338752746582,139.27634811401367,34.149574,66.935326
313.31212043762207,139.67244720458984,35.574383,67.59587
315.60508918762207,137.86680603027344,33.932156,69.358505
323.89217472076416,137.31521606445312,26.615797,70.325775
327.2219362258911,136.31830215454102,23.894705,71.56585
328.08088970184326,134.0837516784668,22.838663,73.29714
328.18753814697266,133.61558532714844,23.781387,74.2944
329.4631042480469,131.81415557861328,23.974487,76.798416
331.881365776062,129.86918258666992,22.162668,79.780785
333.53166103363037,129.13592529296875,22.573183,80.63019
336.41415882110596,129.48176193237305,19.66329,81.47295
337.2792043685913,127.59578704833984,20.588259,82.40587
336.94426918029785,127.37385559082031,22.73434,82.94263
338.255087852478,129.39804077148438,23.149904,81.58263
339.0174684524536,129.49020385742188,24.822027,79.15007
339.6579637527466,129.60536193847656,26.31713,80.767715
336.646372795105,131.2311553955078,29.576853,79.73003
340.278507232666,132.43137741088867,27.84681,78.48757
339.635703086853,134.88025665283203,29.788942,77.54123
343.4003438949585,136.58457946777344,27.368837,76.25159
344.2834596633911,138.03071212768555,28.028708,75.96505
345.53824520111084,138.6477165222168,28.410067,75.67713
346.110746383667,139.96659469604492,27.631733,74.550804
345.1093416213989,139.7233123779297,29.338186,74.04495
346.0952491760254,140.2692108154297,27.736351,73.72754
348.23887634277344,139.55527877807617,25.44133,74.198814
348.47789573669434,139.8293914794922,25.037098,73.70073
344.32939529418945,139.5597915649414,30.056587,75.02762
345.01745986938477,139.1144256591797,29.426231,75.368835
342.0270004272461,138.76890182495117,32.096497,75.45699
343.81411838531494,139.08366775512695,30.091536,76.00736
343.35943031311035,138.33963012695312,30.44479,76.32886
343.96760749816895,136.8595733642578,29.343884,77.346725
344.0025930404663,135.26971054077148,29.21898,78.7029
342.01637268066406,131.36156463623047,30.893005,82.47679
340.0400638580322,127.83595657348633,33.2895,86.2458
338.554838180542,126.97528076171875,33.73766,86.77861
333.70262145996094,121.99109268188477,36.794144,90.80506
332.36324882507324,121.83565902709961,35.96903,90.294945
331.3210163116455,121.0636215209961,35.541836,91.087814
330.44349479675293,121.23027420043945,34.717396,90.88183
330.52819061279297,121.88207626342773,33.89781,90.26443
330.1314182281494,125.1019058227539,33.030437,87.40625
329.08145904541016,128.4540786743164,33.019363,85.13318
326.8040466308594,130.14161682128906,33.389282,83.484314
326.53297233581543,131.70600128173828,34.445087,81.605484
326.9973373413086,132.78457260131836,33.115402,80.04775
324.4124507904053,133.2536392211914,35.76572,80.39526
324.9159412384033,132.41325759887695,34.87518,81.20635
324.9207820892334,131.49283981323242,34.833363,81.57699
324.71606636047363,131.38723373413086,36.668957,81.37586
322.8178825378418,131.58881378173828,42.521736,81.60129
325.81031036376953,132.5035171508789,40.97339,80.106186
325.2201690673828,132.63245391845703,44.354416,80.51495
329.8710079193115,133.7414321899414,40.754963,79.98917
327.3446521759033,133.1162223815918,44.82211,80.215614
327.7823715209961,133.27909088134766,44.37979,80.22244
329.29057693481445,133.67213821411133,41.307625,80.322365
328.18009757995605,133.2646369934082,40.508747,80.314354
328.7328643798828,133.8290557861328,38.369354,79.8011
326.8863868713379,133.53158950805664,37.639473,80.33936
326.0151138305664,133.06585311889648,36.36174,79.92921
325.26675033569336,132.68058395385742,36.279213,79.57052
326.825590133667,134.18951797485352,34.971897,79.2344
323.01959228515625,133.7357521057129,38.456955,79.87333
324.1338539123535,133.55175018310547,37.62829,79.934616
323.8837490081787,132.85823440551758,38.451862,79.81187
325.49914741516113,133.88040924072266,38.220196,79.415146
325.5992832183838,132.7960433959961,38.683834,80.024445
327.22562980651855,133.2797088623047,38.601475,79.77115
325.12336921691895,133.01277542114258,42.047695,79.65551
328.64207458496094,133.5133934020996,37.973083,79.59692
328.4522533416748,133.45071411132812,37.720173,80.2576
324.0853443145752,132.68790817260742,43.05418,80.15391
324.9627571105957,133.95905303955078,41.859795,79.32396
335.04949283599854,134.45047760009766,30.857603,79.01227
335.8440008163452,134.7838478088379,28.762194,78.038734
334.7180509567261,135.5225601196289,29.238123,77.1066
333.6732587814331,136.47611618041992,28.786966,76.50245
332.7462978363037,138.97919464111328,28.941929,75.36339
331.9404125213623,140.7123794555664,29.519993,73.962814
332.23269176483154,141.8430061340332,29.824701,72.437416
327.6955556869507,141.79798889160156,30.44118,72.64827
326.88627338409424,142.05682754516602,29.477865,72.83683
326.69015407562256,142.61800003051758,29.629381,73.468636
326.44354915618896,143.18166732788086,28.689714,72.7696
326.57035732269287,143.7698516845703,28.377092,72.35109
326.65693187713623,143.4680404663086,27.704813,72.48245
326.59900665283203,143.0802764892578,27.664047,73.23569
325.3641128540039,140.81439208984375,29.207962,74.81789
322.81183338165283,139.0600814819336,31.128286,76.966736
321.17553520202637,136.4056510925293,32.227634,78.88099
319.02245330810547,135.09912490844727,33.671127,80.802025
318.1853847503662,134.76298904418945,34.34554,81.7421
315.8425807952881,134.51929473876953,35.290195,82.41391
313.14079093933105,135.7692108154297,34.849323,83.198044
308.1720714569092,137.4377212524414,37.742863,82.01573
306.50245475769043,138.19649505615234,36.488087,81.064835
302.97337532043457,136.8761329650879,35.778393,82.183464
300.3064823150635,135.7965965270996,36.69543,83.521904
299.88221740722656,133.40448379516602,34.659546,86.35247
299.314302444458,131.7193374633789,32.581234,87.377365
294.9296112060547,132.5673065185547,33.208908,88.98801
291.6396484375,131.75421905517578,33.89258,89.83931
290.5339813232422,132.41082763671875,32.896896,90.828
287.58731746673584,133.69256973266602,31.953081,90.64666
285.26211071014404,133.54286575317383,30.78718,89.412636
283.4766454696655,133.68592071533203,27.398272,90.56116
278.72130966186523,132.13027572631836,29.234764,92.51142
274.7125701904297,129.60930252075195,32.30159,94.285194
271.34633445739746,129.02075958251953,34.930393,95.563065
267.27708435058594,128.60562133789062,37.528107,95.847626
261.928897857666,128.88938522338867,39.708946,96.06275
258.94186782836914,130.15292358398438,41.385307,97.263245
257.3117084503174,132.29360580444336,39.90304,96.60215
253.53585815429688,132.65176391601562,38.284668,96.7294
247.3146800994873,131.91387557983398,39.106754,97.86634
247.22415924072266,130.72622680664062,34.12764,98.47803
242.7386703491211,128.84185409545898,35.876846,100.818794
240.43287467956543,126.5357666015625,35.87656,102.311066
238.67773056030273,126.34372329711914,35.511177,103.29803
232.90245056152344,126.79761123657227,38.07364,104.07485
229.59946060180664,127.0650749206543,38.38964,104.929054
227.4800033569336,129.34881591796875,36.874924,104.03937
223.4300651550293,130.52437210083008,36.741158,104.03811
220.2938346862793,131.8685417175293,34.455574,102.62342
217.54448795318604,132.0902099609375,29.493483,102.64435
212.25868606567383,130.63449096679688,31.327675,104.770386
207.2225341796875,128.6148796081543,35.373703,106.3682
202.8006420135498,128.78709030151367,38.67406,106.88261
185.76927757263184,125.28674697875977,53.80225,109.84258
183.39482879638672,126.32235336303711,54.632782,109.8614
184.5976276397705,126.94757843017578,52.311993,109.51256
184.13531684875488,128.00942611694336,48.706097,109.95075
184.0375690460205,130.76015090942383,44.93223,107.58025
