15.0,144.0,21,45
15.078194618225098,144.30332374572754,22.057493,45.433666
16.374783515930176,143.81005477905273,20.969183,45.989113
17.494519233703613,144.20595169067383,20.469656,45.92768
17.8960542678833,143.772216796875,20.621786,46.835983
19.78513526916504,143.60165786743164,21.23071,47.11051
21.09256935119629,142.95388412475586,22.216763,47.78689
22.106664657592773,143.68661880493164,25.023533,47.267357
23.790252685546875,143.84650421142578,27.326874,46.591476
25.426363945007324,143.33046531677246,28.028177,46.621754
26.59859848022461,144.17755699157715,27.98803,46.26476
27.88059711456299,145.2176284790039,28.551443,44.740143
29.58523464202881,144.70414352416992,28.354067,45.337547
30.864097595214844,144.89813041687012,27.303604,44.883
31.39337158203125,145.40042114257812,26.515884,45.19397
34.249420166015625,145.37413597106934,24.31778,45.382816
36.30864334106445,144.2834644317627,22.182182,44.941113
37.96088981628418,144.7149543762207,21.100971,46.225044
38.753907203674316,143.69047927856445,20.615492,46.590157
39.95109558105469,143.9173698425293,20.813492,47.177055
41.24090385437012,142.88582801818848,22.484089,47.903164
43.82744789123535,142.75709533691406,23.008343,47.86667
44.56200695037842,143.42504501342773,23.947367,47.230797
46.03867244720459,143.09783554077148,25.07413,46.81977
47.80512619018555,143.22017097473145,25.875923,46.681896
49.32491874694824,143.26666259765625,25.424107,46.40164
50.983232498168945,143.33886337280273,24.993206,47.23139
53.197081565856934,142.52422714233398,24.962221,48.58378
54.74847888946533,140.92546844482422,23.069067,49.780457
56.142075538635254,140.70878219604492,22.045805,50.514824
57.61348628997803,138.28354835510254,21.98839,52.691723
58.634735107421875,139.75374221801758,22.013992,51.195656
60.62716197967529,140.5655860900879,22.5572,50.667656
62.45338439941406,138.4333782196045,22.765747,53.035496
63.54631996154785,140.2174949645996,22.874523,50.97045
64.88387393951416,138.21403694152832,22.561644,52.781536
64.52780437469482,137.51555824279785,19.341288,53.293896
64.99662685394287,139.11480522155762,18.769197,52.60985
66.0949535369873,135.81282806396484,20.089619,55.178467
66.7915096282959,138.2057056427002,19.607105,52.36285
66.65978908538818,136.30520820617676,19.700045,53.35365
65.31468200683594,138.20655822753906,21.88388,53.02426
66.43344211578369,137.17261505126953,21.772856,53.05548
81.13155555725098,134.66915321350098,23.231289,54.56651
78.60265159606934,132.72797203063965,26.24422,54.59209
77.18759346008301,135.27580451965332,25.840832,58.022015
79.26550674438477,131.93045043945312,26.525887,54.996353
56.34943199157715,130.3811321258545,25.929935,55.104664
82.06644535064697,149.05636024475098,26.365568,60.058987
78.92123031616211,131.40315628051758,28.747643,59.71299
89.3163423538208,133.69028091430664,29.968893,58.99192
90.38561820983887,129.71837997436523,29.732716,59.02677
78.95529556274414,128.48613166809082,25.40229,58.919506
86.07489013671875,123.7298641204834,29.7314,58.112812
79.97836685180664,131.59255599975586,29.007347,58.424446
83.96190357208252,131.44106483459473,28.404974,59.262524
90.63286304473877,128.05050086975098,29.024008,51.822186
90.60701942443848,131.25782775878906,30.57034,46.135895
97.01886177062988,142.90349006652832,26.678204,43.77989
104.45114707946777,152.12005615234375,23.522556,33.351547
109.66557788848877,147.6931438446045,21.136213,38.723965
110.78685569763184,148.4833106994629,23.791332,36.06772
112.68690013885498,146.91584587097168,24.157518,37.045773
111.30156135559082,146.6503849029541,23.29652,36.018307
112.41233730316162,144.2701587677002,25.80858,40.650494
113.19537353515625,145.76854133605957,24.635239,38.43478
113.78423976898193,142.86212158203125,24.114275,43.087563
114.74617004394531,140.68944358825684,23.313446,45.91833
116.31748294830322,139.60345077514648,21.936033,46.971115
117.53683662414551,139.15069007873535,21.135525,47.214634
119.06164169311523,138.9513397216797,19.555794,47.855797
119.34451198577881,138.95772743225098,20.984255,47.750202
120.33421039581299,138.91893196105957,24.411367,47.319584
122.77975654602051,139.22173309326172,21.94334,47.726387
123.95133590698242,139.3030242919922,27.111595,47.77778
126.3339033126831,139.0218276977539,25.072336,48.269203
127.3636531829834,139.35010528564453,25.268497,49.005898
128.41173458099365,139.21504020690918,24.973635,47.555508
129.0412302017212,138.89191246032715,23.620985,47.114742
131.23500728607178,139.1511173248291,23.271654,48.33379
132.5777711868286,138.81035041809082,21.097586,46.92519
133.68871593475342,137.9163990020752,21.473398,44.598194
134.75129413604736,137.55413436889648,19.585028,43.06154
135.61962127685547,137.57167053222656,19.433098,41.852966
137.51592350006104,137.88073348999023,18.92665,43.907272
139.33935260772705,137.84909629821777,19.47817,40.75929
139.6334342956543,137.74749374389648,18.95356,37.11931
140.4741554260254,137.4449348449707,19.3098,40.57612
141.66612720489502,136.49882125854492,18.953909,39.247116
142.21078395843506,136.76629066467285,19.715288,41.884533
142.90915203094482,137.13125801086426,20.000063,40.377758
144.89269351959229,137.865873336792,19.344618,37.6611
143.46262168884277,137.32916831970215,23.834835,41.2944
149.35723876953125,137.44786262512207,19.197884,33.29143
150.8850917816162,136.87671279907227,20.803326,30.611877
152.92257404327393,136.90839004516602,20.647802,29.436714
153.43219184875488,136.2643232345581,20.990322,29.148676
155.0731372833252,135.7214765548706,20.922771,28.768236
158.5832395553589,134.5973415374756,18.791468,27.215885
160.35704898834229,134.27048778533936,19.14253,27.398226
160.9910364151001,135.24940586090088,20.656301,25.986189
162.15342140197754,135.47640800476074,20.4044,27.337467
163.87010955810547,135.01957511901855,21.16948,24.059238
166.51335048675537,135.80119514465332,20.60357,25.564281
167.9041042327881,135.94928359985352,20.64938,23.637749
169.68447589874268,136.060941696167,22.391417,22.753407
170.73110961914062,136.67684936523438,21.970688,26.15271
172.01601791381836,136.295560836792,20.917053,26.278042
177.14300346374512,136.51006507873535,19.707096,27.52676
178.16149806976318,135.81313133239746,18.477495,28.707294
178.75763702392578,135.28654956817627,19.627953,25.94657
179.49064826965332,134.69976043701172,19.513027,26.598038
181.47872352600098,134.2479944229126,19.37186,25.925016
183.73702812194824,134.23120403289795,17.780186,27.347612
183.8769998550415,133.77644538879395,18.983984,24.68185
186.1230344772339,133.7513942718506,17.716776,27.231213
188.30252075195312,134.20784759521484,17.708443,28.209618
189.5609655380249,133.94929695129395,17.784288,23.371387
192.49232482910156,134.7339334487915,18.539368,23.592794
193.6863031387329,133.8689727783203,17.352255,28.420044
195.23169326782227,133.65531635284424,19.20787,28.402067
196.48340129852295,134.57272338867188,20.874567,31.431244
197.69982051849365,133.92620086669922,24.639711,36.588066
196.98416137695312,133.2957305908203,36.92366,40.555367
198.51024913787842,130.78436088562012,31.081247,42.22497
202.49041271209717,132.16033744812012,26.763407,42.784496
204.72694873809814,132.07234382629395,26.547476,43.253925
201.9460210800171,132.0858268737793,28.446703,34.882416
207.9484519958496,131.03829193115234,26.842125,38.578285
206.85463428497314,131.09586906433105,28.502554,39.969936
210.1757354736328,131.16231536865234,26.242386,38.247047
206.48833656311035,132.38836860656738,32.630825,37.73424
205.2781810760498,133.11206817626953,35.641117,40.01754
211.1266860961914,131.51152229309082,31.521698,43.426807
214.287748336792,131.99413871765137,30.165104,43.147137
215.897855758667,131.52235221862793,29.605381,41.64192
204.63011169433594,132.19027519226074,40.834427,43.361736
204.01251411437988,131.14201545715332,42.17523,44.17528
206.7124423980713,130.60266876220703,40.685085,44.191154
207.40510940551758,130.46820259094238,40.182014,43.65476
226.65453433990479,129.7329864501953,21.851637,40.67408
230.23759174346924,129.97620964050293,19.83608,40.701756
232.48225784301758,130.5688762664795,20.217064,39.383747
232.4385166168213,130.6079444885254,23.28902,38.803215
233.52441215515137,130.13407707214355,25.360195,40.1443
238.42622661590576,130.8647804260254,30.010256,45.338394
240.32748413085938,130.26422500610352,29.738289,46.446304
242.08808135986328,130.82418632507324,28.769478,47.758312
245.03440952301025,129.67487335205078,26.199118,48.95687
245.5240535736084,129.0365333557129,24.844616,49.95932
248.54219436645508,128.55384254455566,22.39087,50.601246
249.19057941436768,129.77421951293945,22.622328,50.994858
249.35854816436768,128.70233154296875,21.269148,52.062126
251.99231910705566,127.75966262817383,20.682835,52.77545
253.4114637374878,128.14950370788574,19.71512,50.972164
254.91930198669434,127.65496444702148,22.259197,51.521957
256.301305770874,129.01863479614258,24.63966,50.546005
258.03835010528564,127.66366577148438,27.510252,50.128914
258.7597932815552,128.57355880737305,29.728727,49.40683
260.30428886413574,128.26839447021484,31.15292,53.08564
260.73334312438965,128.07466506958008,31.83073,50.78958
261.23889923095703,129.06344604492188,31.225716,50.66198
262.7178611755371,128.42659187316895,31.291504,49.73839
267.08335304260254,128.46123123168945,25.864918,48.141068
269.1060085296631,128.32420921325684,23.498348,49.31413
272.98108100891113,128.8523349761963,20.8149,48.960606
274.618558883667,127.50591468811035,19.688137,49.89693
275.03267192840576,127.21828651428223,20.130114,49.94634
275.9163017272949,126.97725105285645,20.512802,49.88512
278.12760829925537,127.04510498046875,22.771769,49.339806
280.0348358154297,127.60365867614746,25.901955,49.156048
282.0636520385742,127.30426216125488,27.739662,49.13805
283.8321704864502,127.70591735839844,27.000675,49.495323
285.31589794158936,127.96825981140137,24.593645,49.307384
285.7055892944336,127.48698425292969,29.09217,49.345436
286.91423320770264,127.36180877685547,29.188158,48.703804
288.0455913543701,127.44934463500977,27.5881,48.108658
291.55522537231445,127.20274353027344,24.886948,47.84353
293.3471403121948,126.02409744262695,23.774843,48.805862
295.6618309020996,126.26311874389648,21.776718,49.34323
296.62736320495605,125.61954689025879,20.734844,50.41321
298.4270296096802,125.21386337280273,19.968184,50.731934
299.74592208862305,125.07374954223633,22.044907,49.707535
300.67878246307373,125.33211135864258,22.283403,52.03566
302.8691110610962,125.91201400756836,26.946966,53.431137
304.5599842071533,126.60317039489746,27.29131,54.949917
303.95775985717773,127.65129280090332,27.06311,54.87647
306.8510904312134,128.0818862915039,25.157232,52.609276
308.5602226257324,126.3842544555664,24.844086,56.12113
309.3565950393677,125.55207061767578,25.341658,56.154243
306.8539066314697,138.54318046569824,25.615147,43.417675
304.72746181488037,138.59648895263672,26.704279,43.322166
302.07462978363037,138.41620635986328,23.526041,43.678093
299.88312816619873,138.72761154174805,19.935434,43.99823
298.36241245269775,137.19034004211426,21.538649,46.281925
293.21442699432373,137.0517349243164,25.618906,45.85827
290.49275493621826,137.4839153289795,28.193506,45.606487
288.60590076446533,139.05157279968262,29.690588,43.443462
287.7664375305176,139.12881660461426,29.695824,43.286366
286.4108190536499,140.09649848937988,28.572206,43.02689
286.13188552856445,140.48205375671387,26.420723,42.766506
285.532808303833,139.81576538085938,23.523586,43.396233
283.5679750442505,139.20281791687012,21.59371,44.705395
281.70692443847656,136.741548538208,20.91954,47.497715
277.6584749221802,134.6457290649414,23.146612,49.572212
275.6537113189697,136.0716209411621,21.251156,48.159393
277.2122611999512,136.6342258453369,18.460625,47.267994
274.8044376373291,137.25204849243164,20.18211,46.983414
270.19248962402344,137.94707679748535,24.396042,46.070713
264.2524423599243,135.46210289001465,29.616804,47.99899
260.7080249786377,138.31634712219238,32.833035,46.01479
259.36006927490234,139.4687786102295,32.852966,44.45309
261.91545581817627,142.08887100219727,28.05126,42.601746
264.87779331207275,136.86499404907227,23.94795,47.24135
262.06083965301514,143.57634925842285,24.427103,41.314396
260.3107023239136,139.24106216430664,22.31161,45.815155
256.77395820617676,140.81571578979492,22.574673,43.804276
257.0717363357544,135.04252433776855,18.152029,49.589077
255.2590446472168,134.8259220123291,18.023308,51.784138
255.05113410949707,135.62677574157715,18.257076,49.940395
252.0904541015625,135.7781810760498,20.121338,50.477062
251.52705097198486,134.7939395904541,21.060476,52.911533
249.22944164276123,137.66768074035645,22.42782,49.340473
248.34748649597168,136.2335376739502,23.3933,50.86327
246.14451503753662,137.31024360656738,23.622393,48.89191
244.1244306564331,137.7359619140625,21.706888,38.365105
243.4953727722168,139.36993598937988,18.598457,32.149296
241.65509414672852,139.65802192687988,18.250084,29.72128
240.18608951568604,139.39929485321045,18.083265,29.782167
238.45018100738525,138.8786849975586,16.604864,32.950676
236.445143699646,139.20520687103271,17.25947,30.214441
235.72936058044434,139.61072826385498,16.970455,29.325975
233.48678588867188,139.23977375030518,17.849144,28.433928
232.59296417236328,140.07668495178223,17.556877,27.252842
231.56904888153076,140.71263790130615,16.44855,27.057703
223.98241519927979,140.87340354919434,22.216154,27.869122
225.82194328308105,141.14700412750244,19.01849,28.285093
215.13979244232178,142.1222848892212,27.111437,29.768133
212.34226608276367,141.22872257232666,28.424728,29.677717
205.2026309967041,141.59665870666504,33.701275,29.306484
207.70525455474854,140.51695156097412,29.428854,29.111086
202.5026741027832,140.68266487121582,33.970573,35.05965
203.86029624938965,140.08008575439453,31.75835,33.695778
212.38947677612305,139.4997215270996,22.580482,37.265915
207.83347034454346,138.58881378173828,27.573896,37.376534
201.2287197113037,139.20501136779785,33.79256,32.822353
208.3584041595459,140.14971160888672,26.561329,35.970963
208.2706184387207,139.71463680267334,25.188774,31.300753
204.95291805267334,140.6184482574463,28.951555,33.872288
202.83779621124268,140.10188484191895,31.043463,33.629787
196.43963813781738,140.67514610290527,37.22405,34.91585
198.18063735961914,139.78360176086426,32.203827,36.265682
199.2938995361328,137.87863540649414,33.652336,38.570107
197.60289096832275,138.38938331604004,30.226126,38.298275
196.763765335083,136.73954391479492,34.344486,37.11692
196.37084770202637,137.1763744354248,33.050533,38.86397
194.913348197937,136.78101348876953,28.566637,39.341812
192.68996715545654,136.8173065185547,30.108675,39.147034
192.4608383178711,137.4445037841797,34.001884,39.5262
190.23027801513672,135.80933380126953,41.501595,38.071045
187.4712677001953,137.3214282989502,37.527992,34.44015
184.8054904937744,138.27404403686523,43.331852,33.250954
183.54889488220215,138.09852981567383,34.99435,34.334236
181.77766227722168,138.93189811706543,22.783794,28.23592
181.43576908111572,140.62540817260742,19.574026,24.681564
180.30663299560547,139.03757858276367,18.664856,25.197159
178.57321166992188,140.90765380859375,18.659378,21.780403
177.72894668579102,139.4299030303955,18.30983,22.34013
176.32939910888672,140.52308654785156,17.984184,23.387634
174.96252632141113,139.23877716064453,18.138851,20.473366
172.93391799926758,139.33408737182617,17.4459,22.21846
171.63959789276123,137.8469581604004,18.108515,22.195518
170.43571853637695,136.67243003845215,17.227821,25.069164
168.63602352142334,139.66420078277588,17.529062,20.523527
167.91092014312744,140.69821739196777,16.417639,20.954906
