84.0,151.0,92,104
91.28153228759766,152.24335098266602,91.47548,100.343315
100.25970458984375,152.8784637451172,89.01553,99.32498
112.5854377746582,153.74626541137695,85.37255,97.41973
120.62726974487305,155.20620346069336,83.0478,96.94932
129.2152214050293,155.69073867797852,79.616646,96.467064
139.10639190673828,156.31063079833984,78.16893,94.9597
145.02949142456055,158.61595153808594,77.558784,93.15939
152.8056182861328,159.37141799926758,74.947205,91.88744
158.0783348083496,159.96448516845703,74.84229,92.05208
165.92688369750977,159.75490188598633,71.73434,92.92693
171.36307907104492,161.12989807128906,70.67838,90.995544
179.02027893066406,162.38505935668945,68.21713,89.601036
184.22511291503906,164.0026512145996,66.610596,88.48524
189.14387893676758,163.8390769958496,66.06393,87.94828
193.63001251220703,162.72032165527344,65.151505,89.600555
198.7757511138916,160.8957977294922,63.421978,91.11035
203.34537887573242,163.91611099243164,63.495613,88.78869
209.59288787841797,163.18832397460938,60.767746,88.53882
213.29953384399414,163.19109725952148,60.606956,88.61491
217.17359924316406,163.59025955200195,59.439087,88.7651
221.31283569335938,167.90808486938477,58.720154,84.71905
226.4661159515381,163.37662506103516,56.623432,88.0847
229.07502937316895,165.81444931030273,56.46832,86.417946
235.5049057006836,162.91924285888672,53.616806,88.969376
239.15380477905273,166.51154708862305,52.737892,85.12827
242.421236038208,164.55891036987305,51.738674,85.86265
246.01942443847656,168.37567138671875,50.567932,81.701385
249.42164993286133,165.69460678100586,49.31109,85.025734
252.83262634277344,167.0512466430664,48.75583,81.45973
254.9643726348877,167.84435653686523,49.120174,75.27807
256.7848873138428,169.59006881713867,49.795033,72.568886
260.2882308959961,167.18002319335938,48.410843,78.89223
264.6721019744873,168.87983322143555,46.931614,77.812035
266.55414962768555,168.20940780639648,45.094444,73.98887
268.4794044494629,168.51525497436523,44.408043,75.04998
270.5778217315674,169.415283203125,43.92236,75.39595
272.2625923156738,171.05718994140625,43.737892,73.270004
275.1495113372803,169.43658065795898,42.36614,74.42364
278.1933288574219,170.2769432067871,41.306854,72.00146
280.0777187347412,169.56926345825195,40.933323,72.03353
282.4684638977051,170.5823516845703,40.108788,70.38141
283.28286361694336,170.93881607055664,39.743355,67.17217
285.2545967102051,171.3277359008789,39.62406,60.605667
287.38978004455566,171.51098442077637,38.699932,60.978962
289.34085845947266,171.52966499328613,38.8768,59.16853
290.205904006958,172.58480262756348,38.496105,56.67819
292.44640159606934,173.5902328491211,38.048786,55.850586
292.3461513519287,172.95917320251465,38.051197,57.44614
293.88563537597656,172.70415687561035,37.93152,55.67065
295.65912437438965,173.74122428894043,36.90096,56.012226
297.3905391693115,174.05941200256348,36.147846,55.36189
298.96703147888184,173.1742706298828,36.4323,53.12935
297.96817207336426,173.76269340515137,37.23318,51.43178
298.14124488830566,174.69889640808105,37.939663,50.793186
302.4956569671631,173.47423362731934,34.33057,50.908558
304.6451873779297,174.52428436279297,32.898605,48.829376
305.99715423583984,175.550199508667,31.708572,47.931293
307.28313064575195,175.04187393188477,32.384895,47.168907
306.7644271850586,174.5845890045166,33.54297,46.86642
309.9247283935547,175.1331272125244,30.349762,45.351604
311.34084701538086,175.53732299804688,30.152,43.835403
311.79614543914795,174.05028343200684,30.129023,45.82723
313.66228008270264,174.23336029052734,29.402887,44.886932
314.28687381744385,173.36710166931152,28.873243,46.089527
315.8353548049927,173.77500915527344,28.333548,46.001938
316.40898990631104,173.9274616241455,28.128462,43.60754
317.8038787841797,174.6938419342041,27.199814,43.740612
318.15313720703125,175.0536594390869,26.93605,43.286648
318.73703956604004,175.02496147155762,27.354275,41.431507
319.93886947631836,176.08545684814453,26.51278,41.930725
321.08513736724854,174.6485824584961,26.807219,41.17198
321.52933502197266,174.98624992370605,26.323212,40.778645
321.68617725372314,176.51798820495605,26.247381,39.922764
322.6874465942383,176.73675727844238,26.261963,39.06062
324.25327491760254,176.0705394744873,24.896969,38.91463
325.36997985839844,175.7137508392334,24.518585,39.59094
326.4308795928955,176.11841583251953,24.27943,39.53231
326.42992401123047,175.7320156097412,24.675217,39.82217
326.91557788848877,175.6196994781494,24.90003,38.69711
327.77415466308594,176.42595863342285,24.051865,38.06207
328.3210687637329,176.1549186706543,23.175535,38.209946
329.1452884674072,177.3228759765625,23.44514,36.122803
329.8712844848633,176.68902969360352,22.467484,36.303467
329.8133897781372,176.8765163421631,23.34735,36.85272
331.89323234558105,176.09869575500488,22.098148,35.90938
332.5444746017456,176.26921463012695,22.463213,34.921158
332.2114953994751,176.8896484375,22.643316,35.09836
334.1667900085449,176.6025676727295,21.552933,35.56809
334.203501701355,177.60813903808594,21.66601,34.18515
334.3489179611206,176.92776107788086,21.318674,34.581062
334.7835626602173,176.75796508789062,21.886106,33.489243
335.88524627685547,177.1382827758789,21.383507,33.269974
337.0470323562622,177.50359916687012,21.481657,31.640682
337.2678565979004,176.54428672790527,20.740936,34.17014
337.8206958770752,177.5819034576416,21.78249,32.885395
338.58255100250244,176.39846801757812,20.586905,33.432297
339.0877161026001,176.83946895599365,21.21868,31.891108
338.86677646636963,177.8482837677002,20.944426,31.130405
340.39300537109375,177.93657112121582,20.827072,31.540829
340.26819896698,177.08888912200928,20.23556,31.180017
342.3172330856323,177.76338863372803,19.864695,29.772348
341.8182907104492,178.29752349853516,18.836563,29.300842
342.8422861099243,177.98262691497803,19.989584,29.233019
342.4997720718384,177.81463623046875,20.516485,31.242355
343.6652240753174,177.4865016937256,19.714993,31.446888
343.26472663879395,179.07983589172363,19.846035,29.429012
344.1494970321655,178.50664043426514,19.841455,30.74537
344.7878074645996,178.31919765472412,18.87423,30.313807
345.49972343444824,180.32382488250732,19.06747,27.69974
345.8481788635254,177.99010562896729,17.913963,29.516127
346.21328926086426,177.73857975006104,18.484165,29.26747
347.0360107421875,179.30130672454834,18.185783,27.729326
347.5870122909546,178.11313438415527,17.439653,25.731312
348.60143280029297,179.16199684143066,17.564827,26.906422
348.48361015319824,178.33213710784912,18.411945,27.842356
349.013689994812,179.2593879699707,16.219622,25.392952
349.4774103164673,179.6830072402954,16.759054,25.468542
350.4079780578613,179.21349906921387,16.495972,26.822407
350.07744312286377,178.42880058288574,16.915197,24.787258
350.6684379577637,180.13567924499512,16.966919,24.306019
351.2227439880371,180.50719547271729,17.068817,25.825026
351.35709953308105,180.71556663513184,17.33611,25.387783
351.0695962905884,180.44568061828613,16.298063,24.528316
351.65247631073,180.41714000701904,16.865374,24.537569
352.06324768066406,179.79461002349854,17.218262,23.655935
353.17070388793945,180.2310733795166,16.127663,22.912334
353.1538610458374,179.90254497528076,16.281763,23.99933
353.91067123413086,179.7071008682251,16.09742,23.51682
354.3777189254761,180.88265419006348,15.561243,23.805035
354.642653465271,179.59476852416992,15.382189,22.858154
355.0315628051758,180.0277919769287,15.575531,22.615284
355.1204032897949,179.896014213562,14.904602,24.566683
354.89537143707275,179.7321491241455,15.11347,24.72507
355.6453022956848,178.74054527282715,15.1305,23.942898
356.4747772216797,179.30090427398682,14.894974,24.015562
357.1712837219238,179.60283756256104,14.48436,23.659323
357.49124813079834,179.87088298797607,14.636332,21.879274
357.24339723587036,179.39086723327637,14.04724,20.307323
357.83302211761475,179.2206802368164,14.344751,22.14769
357.5657892227173,180.0925407409668,14.4851055,21.335915
357.82372856140137,181.02156352996826,14.863857,21.907007
357.54898023605347,179.94308280944824,14.929887,21.97105
357.4514398574829,180.34648036956787,15.451582,23.72922
357.7901859283447,179.8944787979126,15.910435,23.912367
359.1166377067566,180.67861366271973,15.157853,23.673931
359.01330041885376,179.4354019165039,15.68706,25.67038
358.83438777923584,179.99828433990479,15.543077,25.080626
358.82597160339355,179.4030475616455,16.061962,25.808155
361.14562034606934,178.9150905609131,13.854923,24.871738
359.0349202156067,179.87602519989014,15.728057,22.705256
360.32479906082153,180.9703540802002,14.756011,23.097607
361.26502895355225,180.39889240264893,14.449945,22.21691
361.2647514343262,180.57193183898926,14.64949,22.428509
360.94845962524414,179.66273880004883,14.542183,22.51799
361.6872568130493,180.73542308807373,14.881063,21.966814
362.0932984352112,180.44848728179932,13.74068,21.508154
362.5447344779968,180.4524621963501,13.57026,20.730558
363.5225610733032,180.35494804382324,13.223982,20.269962
363.95196294784546,180.94659233093262,12.750989,20.871181
363.4474925994873,179.95569801330566,12.093304,20.90849
363.8890504837036,180.71691417694092,12.458197,23.014978
364.18330669403076,180.44157600402832,12.462122,22.62698
364.1990385055542,180.37103176116943,13.276407,21.963243
364.4976420402527,181.0246458053589,12.796777,21.734606
364.3827095031738,179.25267887115479,14.008934,23.956266
364.4048533439636,178.9822702407837,14.525422,23.793272
364.17801570892334,179.55700969696045,14.381159,22.853342
365.1709318161011,179.58688068389893,13.665583,21.834646
365.08633375167847,179.50591659545898,13.8751,20.972565
365.39517736434937,180.05002880096436,13.173551,21.797495
366.5843849182129,181.26577854156494,13.123253,21.557333
365.82766246795654,179.7856912612915,13.032206,21.516493
366.4018335342407,180.52849578857422,12.842634,21.450974
365.82700395584106,182.8211908340454,13.628287,19.74835
366.0336456298828,180.81014919281006,13.254349,20.330355
366.66851806640625,183.46070671081543,13.718391,20.370502
366.2492022514343,179.6213207244873,13.61081,22.252613
366.58491039276123,180.36530876159668,14.016481,21.738987
367.179838180542,182.2916965484619,16.183834,20.458996
367.01284885406494,179.84621906280518,17.828176,22.468527
367.18999195098877,179.67888259887695,18.143476,23.193771
367.6499900817871,179.93990230560303,17.741447,22.62964
367.378701210022,180.1930913925171,17.164831,19.881182
368.3473434448242,181.14095401763916,16.5326,20.729948
367.5981340408325,181.77636432647705,16.682981,19.278051
368.8500556945801,181.6978054046631,16.367157,19.644268
368.4898204803467,180.72052192687988,16.130474,18.787922
368.8932180404663,180.85054111480713,15.120615,17.483435
369.23443126678467,181.91432094573975,14.183802,17.776728
369.44377613067627,182.95815658569336,13.98667,18.405922
369.930214881897,182.5664577484131,13.956884,19.14632
369.3296527862549,181.40248107910156,14.298565,19.143707
369.4924874305725,182.0870122909546,14.426326,17.994371
368.4902219772339,183.20773029327393,14.61344,17.688337
368.6969156265259,182.58305072784424,14.4937,17.90238
368.4463052749634,182.2086296081543,14.868097,18.086052
368.33005142211914,182.81676864624023,15.059483,18.589958
367.96326065063477,182.1936731338501,15.662464,18.034842
367.85767889022827,183.05753326416016,15.793969,17.404991
367.0860366821289,182.3412046432495,15.443302,16.666384
366.95353412628174,183.11907577514648,16.202509,16.056343
367.21928882598877,183.3794231414795,16.824648,15.658031
366.4370069503784,183.38948917388916,17.37383,14.83795
366.69701766967773,183.3399248123169,17.0565,16.54424
365.89351081848145,183.60380744934082,18.143425,16.00568
365.8988838195801,183.23414134979248,18.511616,16.185923
365.3742780685425,183.3397617340088,19.864332,17.47311
365.6332540512085,183.40997505187988,19.55123,16.713062
364.991868019104,182.90601587295532,19.682474,13.77135
364.3943977355957,183.59524011611938,19.532879,14.328242
363.4685363769531,183.71613836288452,20.096516,15.587079
363.3120861053467,183.66043090820312,20.479622,12.097923
363.4555854797363,183.8465723991394,20.320042,12.603539
362.38316822052,183.18997383117676,20.831667,11.984798
362.9273462295532,183.0152711868286,21.518686,14.125357
363.2451820373535,182.0429401397705,21.764378,15.379757
362.58220958709717,182.73053884506226,22.404821,15.586743
367.5165710449219,182.4305543899536,18.59055,17.353453
370.848427772522,182.10526275634766,18.947039,15.898773
372.56978368759155,181.12450981140137,13.628427,18.319996
363.76021003723145,182.76675176620483,19.51799,14.40532
370.63985681533813,183.34571027755737,15.827369,15.815503
372.7668972015381,181.9521770477295,14.32132,17.318657
374.0864562988281,181.55295848846436,14.180447,18.036234
374.2637748718262,181.75298500061035,12.418667,17.938763
374.82703924179077,181.76273250579834,12.191953,17.717203
373.98938846588135,182.48945331573486,12.421873,16.662947
374.7896933555603,182.20014238357544,13.27757,13.935267
375.29449558258057,182.71921920776367,11.46097,16.934933
374.6916751861572,182.760835647583,12.210598,17.613365
375.0433349609375,182.47899532318115,13.091476,16.97246
374.42601680755615,182.26005458831787,12.926516,17.639933
374.01743364334106,181.33735370635986,13.966971,16.822859
373.3626403808594,183.0840129852295,14.393314,16.583462
373.9097480773926,181.79595136642456,13.449024,15.3795595
373.8703260421753,182.96660327911377,14.171076,17.022238
373.2621202468872,183.38961696624756,15.045431,16.482866
373.45728492736816,182.89612293243408,14.02684,15.9274845
373.05205965042114,182.93467378616333,13.582156,15.53588
372.62613248825073,181.34531259536743,14.359452,15.004989
372.462167263031,182.72237491607666,14.853906,14.621271
372.2242684364319,183.36737728118896,15.345176,15.165945
372.05039405822754,183.86037063598633,16.32684,14.106483
371.4885711669922,182.7140440940857,16.620136,13.847074
371.0141124725342,182.56106185913086,16.848103,12.005108
371.45608615875244,183.15323400497437,16.77038,14.1377535
370.8491039276123,182.7478585243225,17.978607,11.886828
370.487021446228,182.59126663208008,19.026583,13.652824
369.88747119903564,182.22114992141724,19.343336,13.130301
370.3780336380005,181.6447730064392,18.855093,13.872777
369.62154483795166,182.77027702331543,20.795378,13.455311
369.9240446090698,181.9033441543579,19.820566,15.1509
372.6991147994995,182.24816942214966,18.0777,14.845054
370.4331941604614,183.03887367248535,19.669355,14.7772255
370.0931091308594,182.48380088806152,20.339653,15.621464
378.04558420181274,180.69388389587402,12.201602,18.001278
380.5369839668274,182.10335063934326,10.607413,16.755445
380.46048164367676,183.39136695861816,10,16.26548
381.35902404785156,182.39713430404663,10,15.804231
381.385600566864,183.3686237335205,10.158223,15.576668
381.6336088180542,182.96610021591187,13.620176,15.316236
380.82584047317505,182.98409461975098,14.865909,14.9288025
380.05590438842773,182.95485258102417,14.021709,15.105268
382.26290369033813,183.06963777542114,13.089633,14.784629
383.50532579421997,183.8592185974121,14.318694,14.502579
382.8596820831299,182.48632526397705,14.815044,15.391447
384.0048189163208,180.64773750305176,22.769209,14.823322
385.05413818359375,179.78268718719482,24.495361,16.692492
387.0528497695923,178.18176555633545,28.379538,18.882425
387.316611289978,178.79176902770996,28.522753,18.757275
383.912748336792,179.3399248123169,28.216213,17.504103
382.80153942108154,179.43977069854736,28.179796,18.79112
384.7467746734619,179.31067848205566,27.768597,18.452572
383.95566749572754,178.85875511169434,29.023914,16.32655
384.62045669555664,178.3127908706665,30.72673,17.99417
383.6057605743408,178.91748332977295,30.014767,16.78795
382.72654247283936,179.24524784088135,29.350107,13.942678
384.1367521286011,178.69534540176392,30.911188,14.99702
383.2991075515747,178.78451824188232,29.151114,15.147524
383.33272647857666,178.7712106704712,28.431799,19.180433
382.59301948547363,179.68993663787842,35.631977,14.117731
382.03539657592773,178.9467535018921,34.198288,17.447382
383.1835136413574,179.01592302322388,39.558052,14.824477
384.36050033569336,179.5556583404541,44.233444,16.397747
386.88736724853516,175.58705139160156,38.702614,21.047653
386.1274948120117,172.72211742401123,34.516678,23.960474
383.50751876831055,178.25836563110352,39.287262,19.163269
383.72140312194824,177.06395149230957,36.511166,21.366817
384.6241512298584,172.2223949432373,36.757084,23.27943
385.5288887023926,166.39094638824463,34.494568,29.257925
386.2273349761963,167.8361110687256,36.61594,27.09637
387.823486328125,171.36693859100342,33.32962,24.785723
386.244421005249,168.30550384521484,36.147808,24.924889
385.8063678741455,173.0423936843872,33.74181,23.860136
390.26422691345215,160.34008598327637,31.517635,33.92262
386.3087902069092,163.0807762145996,35.620014,32.014206
390.9678764343262,158.77144622802734,35.962593,37.219627
388.5452480316162,156.58946418762207,36.629,40.05483
407.34685707092285,143.05860137939453,36.888073,48.059258
411.935884475708,141.31869506835938,35.72491,49.85697
412.33220863342285,142.03818321228027,33.457806,48.003994
416.1396999359131,141.1850872039795,31.488422,50.97514
410.63522720336914,146.73493003845215,35.6455,48.020153
412.7857894897461,143.61413383483887,33.658554,47.862514
420.6987428665161,144.26915550231934,25.671453,47.78697
419.3215637207031,143.75457191467285,26.90709,47.563007
416.42718029022217,143.63875198364258,29.175058,46.496902
419.14525032043457,144.0582504272461,26.232845,48.54467
417.2832794189453,141.34645462036133,29.767914,49.613907
413.1815547943115,145.15821266174316,31.211323,46.435642
413.4643325805664,141.92260932922363,33.41713,48.006107
417.7591552734375,140.77417182922363,30.58554,50.662754
420.813684463501,143.9941005706787,26.906796,48.598843
422.38327980041504,142.5516586303711,28.14523,49.99305
415.6265163421631,144.19117736816406,34.284565,48.911064
410.32103157043457,144.6729393005371,35.962505,48.3705
412.61841201782227,142.9359359741211,37.63346,47.667793
413.1884994506836,141.6047191619873,38.04518,51.236614
421.655237197876,138.3142795562744,30.240047,54.60735
418.39537048339844,142.88449096679688,32.62944,51.767967
420.03229331970215,142.6025333404541,29.018208,51.666218
422.2125120162964,142.51301956176758,27.570063,51.21826
413.3386993408203,142.51521682739258,33.701828,47.06833
412.8074836730957,142.15478324890137,37.478706,50.20846
416.0312728881836,141.35982704162598,33.7706,50.96059
415.333288192749,142.33929634094238,34.8232,49.341694
422.6326599121094,136.12065505981445,27.47844,56.63559
416.86481857299805,136.22620964050293,33.017418,53.340725
411.18054962158203,143.92474555969238,35.677002,45.984577
420.05726051330566,138.0890407562256,30.47305,51.760433
408.06067085266113,148.45450973510742,35.78117,43.818405
414.9775333404541,137.39670944213867,35.264996,52.642868
418.579532623291,140.56067657470703,34.432365,52.490456
421.4857578277588,137.77107620239258,34.52067,54.2464
413.822847366333,141.8003692626953,34.41917,50.85885
