205.0,1.0,53,156
201.40453147888184,2.7319183349609375,57.33919,149.28543
202.4905891418457,2.6063232421875,57.113945,147.73575
201.09508895874023,2.3717575073242188,60.112617,146.29195
201.76976203918457,2.04901123046875,60.54849,145.89932
199.95429039001465,2.4878158569335938,60.336384,144.53615
198.8802032470703,3.18609619140625,62.10031,145.86359
200.86943244934082,2.88555908203125,60.615383,146.5921
201.77240753173828,3.7291183471679688,57.047043,146.03593
201.44593811035156,4.030128479003906,56.414764,145.12352
202.34243774414062,4.1280364990234375,58.83078,145.00195
200.61967086791992,4.363433837890625,58.072487,146.10394
201.21996879577637,4.981964111328125,59.327183,146.1918
200.32348823547363,5.1162109375,56.352108,145.25186
202.39952850341797,6.080451965332031,57.67491,142.82695
200.39329719543457,5.611915588378906,57.527462,140.96822
199.88507461547852,5.579612731933594,55.557365,138.19728
201.3318862915039,5.2989959716796875,55.377518,140.79132
200.09464645385742,4.819732666015625,53.863594,140.65271
198.56326866149902,5.0804901123046875,58.770374,141.51956
197.96935844421387,4.8454742431640625,56.474064,140.97287
196.64311981201172,6.576087951660156,56.257797,137.84065
194.33231163024902,8.349586486816406,55.91521,135.92607
193.60947799682617,9.332038879394531,53.002296,133.93694
193.379545211792,11.047103881835938,52.235966,132.50296
192.13001441955566,11.622604370117188,55.72343,132.7316
193.14537239074707,12.9884033203125,53.689236,130.83206
194.42526245117188,12.758354187011719,50.7464,129.72566
194.16361045837402,12.015510559082031,48.317493,128.45946
194.1355743408203,12.517227172851562,48.633026,128.88461
194.44383239746094,12.993743896484375,49.09323,127.43854
194.95446395874023,12.301544189453125,47.851143,127.045105
195.67253303527832,13.807144165039062,50.59054,126.96237
197.15300750732422,14.573066711425781,48.86885,126.28499
197.77945518493652,15.518882751464844,46.366505,124.55745
200.0225944519043,16.04421615600586,43.963295,124.68159
199.70137977600098,15.77230453491211,44.195934,125.56614
199.6422576904297,15.66830825805664,44.54236,124.99233
199.80277824401855,16.60195541381836,45.21094,124.93476
199.0790309906006,18.487308502197266,45.286884,122.41961
199.928129196167,18.48456573486328,45.811893,122.49907
200.14053344726562,17.2447509765625,44.528473,121.093475
200.19141960144043,17.95302963256836,46.67127,120.779
199.40363311767578,14.335773468017578,46.36235,124.20623
199.20622062683105,16.441593170166016,45.333225,122.6632
200.64736557006836,13.537418365478516,44.43296,125.29711
198.87324142456055,14.809612274169922,47.50431,123.80509
198.19688606262207,14.036285400390625,46.636684,123.938385
198.66576194763184,20.419979095458984,46.737965,116.476875
198.395170211792,19.37902069091797,49.799686,118.29213
199.2950611114502,19.75318145751953,46.44351,118.4005
199.31707382202148,22.932769775390625,46.518745,115.67142
199.82523727416992,21.627357482910156,46.393135,116.32234
200.60113334655762,21.31519317626953,44.832523,115.559525
201.32175636291504,20.283767700195312,44.619457,115.630005
201.20479583740234,23.948570251464844,45.610092,111.72356
201.77545356750488,20.637939453125,44.45727,113.71005
201.74034309387207,23.300037384033203,46.55502,112.32494
202.6750431060791,21.714054107666016,44.397564,114.70028
203.04765701293945,20.67243194580078,44.980736,115.39931
203.71267890930176,24.845081329345703,43.471066,110.88082
204.6990623474121,21.33654022216797,43.70124,113.87288
203.3963737487793,24.4693603515625,43.243874,109.68909
205.18799781799316,28.550128936767578,43.413097,106.733665
206.8481616973877,25.251068115234375,41.895412,110.12448
206.42790985107422,28.200340270996094,40.8358,107.82219
208.00286293029785,25.310745239257812,41.489117,109.5531
207.3634910583496,26.08336639404297,40.358498,107.41075
207.87032508850098,27.94012451171875,40.600323,104.816315
207.80303955078125,24.261837005615234,40.38849,106.499794
208.02305221557617,25.233196258544922,41.333138,106.34861
207.5683536529541,24.770214080810547,40.12663,108.41444
206.46331024169922,24.474197387695312,41.097885,108.63397
205.7299289703369,27.71630859375,40.20576,105.08191
205.1872158050537,29.891555786132812,41.198933,103.207825
205.11254692077637,27.25041961669922,42.79279,105.55791
204.04810523986816,30.926597595214844,41.25639,101.735245
203.5639476776123,26.75200653076172,41.202427,105.8813
204.3836441040039,30.522903442382812,41.16353,101.38611
204.32956314086914,28.44788360595703,40.625053,101.928085
204.5711898803711,29.393177032470703,40.04387,99.82064
204.90028381347656,30.72742462158203,38.17169,99.435135
204.56145477294922,28.634841918945312,39.209213,100.852875
204.08451080322266,29.02755355834961,39.616104,100.36936
204.24365425109863,28.951114654541016,39.97851,101.96142
204.43404960632324,27.191505432128906,41.415043,103.54323
205.3516960144043,27.837905883789062,39.591988,102.63818
204.09090423583984,29.256195068359375,41.072403,100.08844
204.20604133605957,29.840415954589844,39.68127,100.24632
204.5113124847412,29.340152740478516,41.050404,100.75085
205.17277908325195,29.573028564453125,39.373436,100.53339
205.3841381072998,28.974319458007812,38.95075,101.38275
205.48474311828613,29.19512176513672,39.851345,99.90056
205.86427116394043,29.254867553710938,39.791843,96.84915
205.87096977233887,28.70821762084961,40.12836,98.44727
205.70850372314453,28.16537857055664,39.428085,98.26922
204.30265045166016,28.724964141845703,40.23729,97.596794
204.89609336853027,27.685344696044922,40.404133,98.85825
205.05792045593262,29.249893188476562,38.163425,98.111694
204.15283584594727,29.155803680419922,38.796593,97.6598
203.87080574035645,32.23833465576172,39.074,94.79198
204.14787673950195,29.90256118774414,39.153862,96.402885
203.28367233276367,29.36151885986328,40.65702,96.68675
203.13690376281738,32.667762756347656,40.009487,93.79112
203.90153884887695,32.512760162353516,39.089897,92.54345
203.81175231933594,34.01825714111328,38.54239,91.568405
203.51376152038574,31.924121856689453,38.0535,93.04446
202.60198593139648,31.658390045166016,38.85636,93.55407
202.25273323059082,32.78501510620117,38.490902,92.53748
203.85646438598633,31.180927276611328,37.630943,94.19631
203.66341590881348,31.19824981689453,36.405376,93.16911
204.12467193603516,32.35698318481445,38.436234,92.96285
204.66518592834473,31.720218658447266,37.491222,93.44067
205.57918167114258,31.776992797851562,37.579796,92.60901
206.3889675140381,33.30807876586914,37.174,91.43496
207.3960418701172,31.141551971435547,37.216797,93.00486
206.97150230407715,32.30464553833008,37.23653,92.5935
206.53613090515137,32.345726013183594,36.32761,92.13518
207.56236267089844,31.026878356933594,35.932587,93.15878
206.81397438049316,29.720409393310547,37.760265,94.36974
207.9643268585205,32.931617736816406,35.823635,90.020966
207.24596786499023,29.599105834960938,37.392433,93.25247
208.24986457824707,28.27347183227539,36.03851,94.783134
207.17606925964355,25.913772583007812,36.7544,98.63803
207.21782112121582,29.843868255615234,36.889736,93.23679
206.86467361450195,35.13408660888672,36.717644,90.00499
206.87843132019043,32.305973052978516,37.53597,90.51267
206.3078727722168,33.355369567871094,37.10778,89.0426
206.477933883667,34.112770080566406,36.89214,88.88893
206.20482063293457,30.088760375976562,37.773037,91.30321
206.8624725341797,29.142539978027344,36.857788,92.94934
207.38103103637695,34.81846618652344,35.49505,87.35469
207.01331901550293,33.00093078613281,35.469563,89.77409
206.7173728942871,39.1168212890625,35.630455,83.185745
206.20148277282715,35.986061096191406,33.85355,85.15056
206.64716339111328,32.869651794433594,33.644913,88.75076
206.20828247070312,33.54363250732422,33.782455,87.762115
205.50113487243652,31.962482452392578,34.734318,90.22611
205.68243408203125,33.627838134765625,35.401077,88.66911
206.0574836730957,32.627708435058594,35.42994,89.353
205.028657913208,29.71994400024414,37.401928,92.718895
205.18097305297852,31.368541717529297,37.694374,90.62882
206.16135215759277,34.824520111083984,35.90848,86.02708
206.27839851379395,30.626266479492188,35.435467,91.04851
206.64333534240723,30.442577362060547,35.78622,90.425865
206.17983627319336,32.13002014160156,35.723,88.54759
205.49751663208008,29.844757080078125,35.5953,90.174286
206.23166847229004,31.292678833007812,34.592968,87.96042
205.98816871643066,28.098079681396484,37.70344,91.96931
205.6018180847168,26.22051239013672,36.1372,93.845505
205.55863571166992,28.088787078857422,37.040886,92.28364
205.3149299621582,30.92719268798828,35.44837,89.01027
204.9756908416748,26.250938415527344,36.896427,94.47662
204.83421897888184,24.47216033935547,37.917866,96.046906
204.29649543762207,24.85010528564453,40.11627,95.46832
203.42155838012695,28.313613891601562,39.812645,92.8228
204.42664337158203,27.675243377685547,39.70317,92.684105
204.00337982177734,31.871780395507812,33.961746,86.416275
204.23675346374512,31.146568298339844,34.03879,87.82454
204.24703216552734,33.0576286315918,34.76187,86.009254
203.68820571899414,34.45948028564453,33.519707,82.84851
203.20358276367188,33.86785125732422,34.238495,84.99933
202.87832641601562,34.94881820678711,34.51764,83.913994
202.7506504058838,34.60011291503906,34.38029,85.03296
203.96831130981445,35.34723663330078,32.48713,82.833496
202.4111499786377,33.32810592651367,36.50436,85.97236
202.58020973205566,31.112552642822266,37.75262,86.54052
202.7806625366211,30.497882843017578,37.51053,87.521126
202.02663803100586,31.224079132080078,36.712044,87.33689
203.01995468139648,33.45661926269531,35.827553,84.70329
203.0135097503662,31.067562103271484,37.192844,87.16976
203.8737678527832,31.823497772216797,34.17977,87.057335
203.26940155029297,30.58080291748047,35.578903,86.16992
203.14321517944336,29.597347259521484,34.832863,87.65189
202.43813705444336,31.90627670288086,35.575203,86.132744
202.63481903076172,26.935867309570312,37.19426,91.099945
201.70044326782227,31.34018325805664,39.293053,86.50359
203.28274154663086,29.45193099975586,36.79609,88.60345
203.50603866577148,26.55615234375,39.714027,92.03877
202.13048553466797,30.58563995361328,37.938004,86.94913
201.9091739654541,28.33926773071289,41.91731,88.95344
200.59738540649414,32.52058029174805,36.26609,85.394615
203.03593635559082,25.320701599121094,36.57623,92.20851
203.85254096984863,21.954681396484375,37.48187,95.19035
201.99943923950195,26.100379943847656,36.87075,91.03964
204.4311809539795,20.460952758789062,37.953068,95.50014
201.37588500976562,31.735733032226562,33.036438,84.31322
202.3052463531494,26.904884338378906,40.802563,90.02498
201.59514808654785,25.689605712890625,36.334072,90.342316
203.00234031677246,19.341835021972656,39.22019,98.10321
201.39083099365234,28.237319946289062,37.134033,90.45369
202.98554801940918,25.909671783447266,39.810688,88.73609
202.69378089904785,25.869300842285156,37.153393,86.10965
203.12449836730957,25.27169418334961,39.451336,92.086006
202.9968090057373,27.54332733154297,37.847034,89.294235
203.17536735534668,27.322593688964844,41.60976,89.720505
203.13628768920898,25.419445037841797,36.554283,90.96766
202.97412490844727,27.823524475097656,36.48127,89.43773
204.5097427368164,24.8563232421875,39.3024,90.92325
204.4859390258789,23.94483184814453,34.606262,90.90929
204.31045532226562,26.923580169677734,35.963837,89.36236
204.5632095336914,25.325881958007812,38.491394,91.247635
204.26491737365723,24.692359924316406,40.874752,91.81085
203.5158863067627,29.196781158447266,38.080975,88.25272
205.7230625152588,25.26789093017578,41.800533,91.68193
204.35517692565918,24.756431579589844,41.049976,91.11333
203.4218978881836,32.93264389038086,37.514587,83.67252
204.79104232788086,24.285446166992188,42.231422,91.298065
203.4813404083252,30.139419555664062,36.484585,85.9552
204.21334266662598,33.04155349731445,34.497723,82.13142
205.3252239227295,23.404315948486328,38.52631,92.299904
202.94854164123535,40.649436950683594,31.959652,74.59851
204.2136173248291,41.91639709472656,29.44862,72.02327
205.0339412689209,34.70476531982422,30.36121,79.65881
204.67901515960693,33.75492477416992,31.961306,79.63476
205.42990684509277,22.750438690185547,35.414814,89.45898
204.54383850097656,23.67351531982422,37.15251,90.923676
204.79039192199707,22.237693786621094,42.482555,87.706696
204.94462394714355,21.065296173095703,38.56676,92.78327
204.38490867614746,27.556400299072266,39.124393,87.134895
207.157133102417,22.635944366455078,39.851154,90.48948
206.83419036865234,23.160785675048828,38.340546,89.531685
205.30742073059082,30.459491729736328,36.401134,84.47993
206.3374481201172,24.707843780517578,36.98816,89.885826
204.62151908874512,26.098495483398438,37.890293,89.11522
205.1666717529297,23.96529769897461,38.612305,91.0012
204.92141914367676,23.48894500732422,39.680172,91.76201
205.5179901123047,23.742637634277344,39.543,92.132065
206.79927444458008,23.59636688232422,39.57937,90.43178
206.29958724975586,24.582679748535156,41.766457,91.55336
205.9873275756836,21.808483123779297,41.894608,91.854195
207.2518367767334,21.758956909179688,42.00826,93.04642
207.58565521240234,23.289981842041016,40.698563,92.24978
206.3733787536621,25.06208038330078,40.094795,90.983505
206.6181526184082,22.515804290771484,41.559044,92.394356
207.67744255065918,23.45372772216797,41.297703,91.056625
207.48908042907715,28.56311798095703,38.80379,87.3109
207.46673202514648,20.35333251953125,35.994453,92.98041
206.46568298339844,23.694103240966797,37.639862,89.23228
206.44659996032715,24.144760131835938,40.43706,88.0638
205.97044563293457,23.654998779296875,39.47189,84.84885
206.92538833618164,23.003368377685547,38.671684,89.03672
205.8221092224121,23.346126556396484,40.570915,89.900185
205.84592247009277,21.021686553955078,40.724827,92.87658
206.35500526428223,19.937557220458984,42.07864,94.41056
205.4987678527832,20.438152313232422,42.72132,93.29093
204.71764373779297,21.854896545410156,43.66086,93.52254
206.75058937072754,20.609390258789062,43.59979,95.20276
205.40938568115234,19.48247528076172,44.751373,96.167465
206.58735847473145,16.952972412109375,45.52995,98.21094
208.33317375183105,19.67636489868164,44.7419,96.693474
207.54734992980957,19.353958129882812,43.367077,94.773926
207.84603691101074,17.712039947509766,44.636646,100.00927
207.40484237670898,15.464523315429688,42.899956,101.04501
206.6028938293457,19.677814483642578,45.651802,96.48885
207.74423027038574,16.631519317626953,43.689014,98.724236
208.69409561157227,24.772247314453125,43.404762,92.56653
208.30315971374512,23.437110900878906,44.88451,92.06221
208.11600303649902,21.821697235107422,43.62467,92.61866
209.47927856445312,21.308120727539062,44.691483,91.32822
209.98894119262695,18.896495819091797,43.688057,96.28962
209.10418701171875,24.980445861816406,43.388412,92.70091
207.76236724853516,18.422584533691406,44.99231,96.969315
209.3780746459961,20.74399185180664,42.28357,94.68615
208.84518814086914,21.549419403076172,41.687782,93.76795
208.10061264038086,22.30054473876953,42.98162,90.846146
209.39459228515625,25.401329040527344,43.378006,88.35008
207.0373706817627,20.72295379638672,43.803448,92.61589
209.31554222106934,19.16275405883789,43.806705,94.481804
208.34597778320312,21.725276947021484,41.269455,93.22135
210.48763465881348,21.910640716552734,42.86517,90.674355
209.40925788879395,17.685047149658203,43.385113,97.63354
212.59583473205566,15.813861846923828,44.52606,95.541405
208.0848560333252,20.828784942626953,45.38551,93.33025
211.82900428771973,19.4735107421875,43.51315,95.007355
212.43549728393555,24.491981506347656,43.75863,90.7159
209.0114688873291,23.49243927001953,43.38058,90.1407
212.1756248474121,22.759902954101562,45.396355,88.868835
210.42738151550293,25.988555908203125,41.801655,87.92255
213.0239086151123,32.32238006591797,45.644398,80.93123
213.7059440612793,32.56727600097656,43.603127,80.49132
210.733980178833,25.097518920898438,42.887768,87.51138
209.15237045288086,19.786258697509766,44.745506,93.03576
211.86590957641602,23.055706024169922,44.75257,93.30717
209.36882400512695,24.323116302490234,44.583565,94.16392
207.00120735168457,22.65227508544922,46.503155,92.238815
211.3853244781494,22.115901947021484,46.358852,93.77189
210.73359489440918,21.999263763427734,46.40328,93.77491
209.91253471374512,22.73767852783203,45.41756,94.42323
207.204496383667,20.90404510498047,44.155476,96.21794
208.23955726623535,16.431407928466797,44.14474,97.39692
209.3455410003662,15.51028060913086,43.47449,99.886055
208.66851234436035,17.173160552978516,44.626614,99.77151
209.9176197052002,16.310081481933594,43.892895,101.05922
209.91185569763184,14.369640350341797,45.25452,103.60551
207.0168228149414,18.382766723632812,47.72,98.91687
207.35141372680664,13.882953643798828,45.4517,101.28417
210.03644561767578,17.84982681274414,45.718353,95.36248
211.36884117126465,16.149253845214844,43.325108,100.142624
208.59755897521973,18.921646118164062,46.43783,99.17731
209.07378387451172,18.598270416259766,46.411224,97.22143
208.90176391601562,16.095561981201172,46.96904,101.487495
207.01473808288574,17.988426208496094,48.26897,101.51497
210.9067668914795,14.574214935302734,44.96419,100.16798
207.09982109069824,18.968326568603516,48.006153,95.0563
208.22258377075195,18.291770935058594,48.33567,94.37349
207.4498805999756,21.248943328857422,48.34714,93.60572
210.60415840148926,21.68612289428711,47.97865,89.34727
207.131929397583,19.858882904052734,49.07835,92.010475
209.6016960144043,18.542083740234375,45.842857,95.51584
210.322509765625,17.081478118896484,46.058517,96.19547
207.95991325378418,21.31546401977539,48.09444,93.77087
209.8266201019287,22.621082305908203,46.915318,90.80248
210.39281272888184,24.283424377441406,45.63065,88.998
209.8195037841797,23.862239837646484,46.08293,90.33848
209.51397705078125,24.28571319580078,48.000687,90.37724
208.9477882385254,23.074726104736328,46.072,92.095604
210.0854206085205,23.642452239990234,45.918194,90.56873
211.85254287719727,25.458629608154297,44.74494,88.5084
209.822172164917,24.128196716308594,44.59551,90.28801
208.980712890625,21.896934509277344,44.98088,93.40263
208.23036003112793,21.512718200683594,45.72069,93.17415
209.84264755249023,20.824878692626953,46.89617,93.451805
208.57107543945312,20.183807373046875,46.113785,96.58957
207.53338432312012,18.80813217163086,45.8196,97.78391
209.77045440673828,15.512107849121094,45.1221,99.89104
210.15744018554688,13.403980255126953,44.58116,102.22372
211.7666721343994,13.956127166748047,45.212917,101.900185
213.30480194091797,18.166622161865234,46.84143,99.064186
213.32114601135254,15.616371154785156,45.193142,99.068344
213.20559120178223,16.386890411376953,46.39932,98.10555
209.88263320922852,17.902584075927734,45.786934,97.17414
211.83374214172363,11.02224349975586,43.42219,102.08036
210.2539348602295,15.5281982421875,45.524433,101.181335
212.525634765625,14.259933471679688,43.935715,102.85968
210.24908256530762,13.522666931152344,46.0855,101.89635
216.31013107299805,12.445636749267578,43.12301,101.70229
215.49230003356934,18.074398040771484,43.45371,96.10407
211.29397010803223,24.6654052734375,45.036373,90.10794
216.35883903503418,29.211505889892578,41.667286,84.86895
216.44293975830078,28.593891143798828,42.276886,83.973625
216.65924072265625,21.044078826904297,39.66562,92.74438
217.5773162841797,35.72140121459961,38.418976,77.807915
217.00965881347656,33.61505126953125,37.20337,78.44833
215.67098808288574,27.99191665649414,38.06548,82.88882
214.70090675354004,26.92560577392578,37.125698,85.664856
216.95416259765625,36.97764205932617,38.899033,75.530205
216.90343856811523,32.794673919677734,36.00907,78.25407
216.9979419708252,27.02188491821289,40.10658,83.58846
215.59761810302734,36.15483474731445,36.912643,76.77007
217.70042610168457,41.67607116699219,35.176785,70.42569
216.92353439331055,24.485023498535156,35.974617,86.61398
214.82354354858398,29.211883544921875,40.369392,83.32434
214.3448028564453,25.512149810791016,40.951736,86.84087
214.69750022888184,22.31942367553711,40.41219,90.357765
216.61288261413574,24.021865844726562,39.36948,87.97507
217.14595985412598,16.883522033691406,37.51138,94.6398
214.48756790161133,20.694713592529297,43.11759,92.53289
214.64796447753906,18.026996612548828,43.6931,95.53083
216.5684413909912,18.125041961669922,42.672367,96.475975
215.27305603027344,11.739688873291016,44.01689,101.779274
219.16221618652344,16.873035430908203,42.511093,101.46476
213.6400852203369,14.845947265625,44.567654,98.904434
215.48081016540527,11.987838745117188,44.186222,101.709305
216.70316123962402,19.46636199951172,42.933018,97.83652
216.51213264465332,16.457988739013672,44.354626,95.88372
215.77367401123047,19.40411376953125,42.902893,94.826096
213.4673366546631,13.321624755859375,45.771976,97.027756
214.57292556762695,18.872547149658203,45.51957,95.28513
214.47931480407715,19.138381958007812,44.652775,96.36052
213.3718433380127,18.005680084228516,45.84013,97.85465
215.02559661865234,19.445518493652344,45.390625,97.30762
214.76709175109863,17.50286102294922,44.640423,99.476135
215.52344703674316,17.789451599121094,45.917965,99.426575
214.99084854125977,15.028488159179688,44.722786,100.15706
215.77196884155273,18.87274169921875,46.298393,99.403366
215.07591819763184,17.484241485595703,45.51392,98.55622
215.8771095275879,16.024627685546875,45.304604,100.98546
214.7157325744629,16.56814956665039,45.457863,99.47297
215.65014839172363,16.580528259277344,45.91569,96.94501
213.46072387695312,18.74310302734375,43.659775,97.627426
213.55525398254395,16.148948669433594,47.578594,97.5856
213.56273651123047,18.247447967529297,46.518707,98.47231
214.71963119506836,20.49166488647461,45.274437,96.2788
212.66552734375,16.89700698852539,47.15895,96.6981
214.1231460571289,17.780170440673828,47.05133,99.2071
215.50344276428223,19.407249450683594,46.11215,99.40314
212.64955520629883,17.244022369384766,46.54197,97.755196
212.49448013305664,15.349422454833984,47.1811,99.351006
212.86862182617188,17.150550842285156,46.769455,98.83591
213.32969284057617,17.384193420410156,46.654015,100.18277
212.7013816833496,17.357807159423828,45.718132,98.52235
213.12049293518066,15.623786926269531,46.083767,99.06122
211.87428855895996,16.507556915283203,48.353214,100.06303
211.5102024078369,18.054515838623047,48.01495,99.14608
212.9520378112793,16.117130279541016,46.88259,99.943886
