20.0,126.0,122,121
31.931934356689453,128.8121109008789,118.71404,113.11412
51.715999603271484,130.21453857421875,109.95139,108.06778
68.76322555541992,132.00398635864258,105.383675,105.04452
79.59810638427734,135.15637969970703,101.55394,101.603714
91.30233764648438,137.45365142822266,98.82611,95.23842
100.99988174438477,138.70703887939453,96.253624,98.86656
110.38020706176758,140.27767944335938,93.51684,92.62518
122.2877311706543,139.84628295898438,88.8202,91.59207
129.70898056030273,142.11128616333008,85.379005,91.81139
138.74599075317383,143.76775360107422,82.24294,88.043686
146.0552978515625,143.1236343383789,80.34668,94.87077
151.91969299316406,144.29788970947266,79.77698,97.524765
162.98580932617188,147.74307250976562,74.96573,74.69293
168.60049438476562,147.77017211914062,75.107086,76.119354
176.02517318725586,148.7124786376953,70.15382,73.91232
183.0434112548828,149.5515899658203,71.84708,70.61432
188.52759552001953,150.59739685058594,71.8022,67.0022
192.9184112548828,151.73993301391602,68.32324,65.943565
202.54941749572754,152.31666946411133,61.356426,66.13448
208.7312526702881,153.53260803222656,59.61156,63.780853
212.387845993042,154.8559513092041,62.358738,63.691143
216.72360038757324,154.92084121704102,58.772007,67.90707
221.20703125,156.1469955444336,61.774475,64.78554
225.90126419067383,156.42498397827148,57.389214,63.420006
232.45438957214355,156.17052841186523,57.554646,60.154167
239.02285194396973,156.7299404144287,54.393536,54.97498
245.41402626037598,158.06817626953125,50.74325,52.918808
249.75867462158203,159.09140586853027,53.10138,50.02399
251.71114921569824,159.12582206726074,47.138706,54.68378
255.49741744995117,159.72761726379395,49.82937,50.420315
260.18712425231934,159.84417533874512,45.237812,49.991657
262.7517795562744,160.4196891784668,48.173977,51.446465
266.3022212982178,160.66774368286133,47.187717,52.77369
268.4306888580322,160.3176670074463,49.052486,54.17506
272.4849109649658,161.95403671264648,46.087032,62.678337
275.34490394592285,161.0481834411621,44.542324,65.57368
277.7549133300781,162.52003860473633,42.98674,62.04522
280.1600589752197,162.8866844177246,43.645794,48.10775
285.05105781555176,163.33518409729004,41.55467,47.38679
286.92152214050293,162.48431015014648,39.252186,51.574287
289.39112281799316,162.9442367553711,37.644924,48.12352
291.07150650024414,163.20591926574707,36.800804,46.817654
293.186429977417,163.70844268798828,38.057316,42.44722
297.97178649902344,164.07076835632324,35.846313,40.737354
300.2699680328369,164.54547500610352,35.442806,40.861443
301.89790534973145,164.76199913024902,34.995907,39.017002
303.71838569641113,165.19665145874023,36.369656,38.152885
306.75708198547363,165.24556732177734,33.68968,38.21811
308.0060815811157,165.7818603515625,31.442335,36.546112
309.7432794570923,165.44619941711426,31.572615,36.89738
312.02977085113525,165.81391716003418,30.51811,35.60967
314.7317724227905,165.9927864074707,28.315218,36.510246
316.214674949646,166.3755645751953,27.160723,36.251648
316.18640899658203,165.9167938232422,28.626282,35.140625
317.1058712005615,166.74722290039062,29.014591,36.757385
317.15966796875,166.45225143432617,30.424286,34.46801
319.8895721435547,167.13709259033203,29.199432,35.073914
323.2569169998169,166.8192596435547,28.754126,34.9404
324.71477699279785,167.34523963928223,28.678555,33.841915
325.5893220901489,167.49842834472656,28.44811,32.02172
328.04290676116943,167.54668807983398,26.072527,30.730774
329.3333959579468,168.50012969970703,25.242441,32.064796
330.34457874298096,167.97444915771484,24.410063,31.785019
331.19872188568115,167.96535301208496,23.717234,30.974766
331.6381788253784,168.84434509277344,24.743967,30.56134
334.0385980606079,168.95841598510742,23.320738,31.118652
334.9753084182739,168.26981449127197,25.421957,29.136236
336.12238121032715,169.141206741333,24.282757,28.546413
337.3091821670532,168.84879970550537,23.449179,27.890505
338.82019996643066,168.9040126800537,20.833256,28.9641
337.3722858428955,169.1443042755127,22.802715,26.972569
339.38230991363525,169.35683631896973,22.980589,28.039158
341.90105152130127,169.29539489746094,22.477392,27.689796
342.07048511505127,168.84934616088867,22.766874,28.492355
343.0937547683716,169.04405403137207,23.403372,26.855656
343.3773078918457,169.9032621383667,21.673721,28.036638
344.79985904693604,170.4542350769043,22.059645,27.210579
344.2101993560791,169.7465705871582,21.992634,26.48742
345.20165157318115,170.49395370483398,21.82512,28.172188
344.2057065963745,170.38812923431396,23.854654,26.072306
347.1382637023926,170.24116325378418,23.199867,23.800198
348.87668800354004,170.3320951461792,20.677448,25.823748
349.7933626174927,171.31210041046143,20.60398,24.420668
349.94067668914795,170.51011180877686,18.42959,25.33742
350.7903118133545,170.96457290649414,18.393185,23.807106
350.5583486557007,171.39012718200684,18.241434,24.572437
351.54391956329346,171.7271909713745,17.430067,25.33558
352.1807584762573,171.26151180267334,18.11403,23.952082
352.61421298980713,171.82137298583984,17.807364,23.481544
351.7156057357788,171.05181694030762,16.43561,25.265888
353.5536527633667,171.93672370910645,16.69208,24.467693
354.1230764389038,171.8760633468628,16.14802,22.142992
354.9687099456787,171.88076400756836,14.489925,22.644394
355.7112922668457,172.35462951660156,13.888557,21.594307
355.404757976532,172.40195178985596,13.323228,21.316519
355.5763077735901,171.75237369537354,13.736674,21.497572
357.0052227973938,172.01763916015625,13.607924,20.078865
356.87287998199463,172.26056671142578,13.364973,19.684464
356.441077709198,173.00361824035645,12.913056,19.731358
357.4340467453003,173.39694213867188,12.856836,18.687263
357.7962031364441,173.14640617370605,12.706712,18.968224
357.2041401863098,173.16713523864746,12.743079,18.487087
357.21367597579956,173.50415706634521,13.096738,19.142565
357.72678899765015,173.1719970703125,12.616921,19.212105
357.5338635444641,173.43987369537354,12.94868,18.294134
358.2654848098755,172.6359043121338,13.308313,17.849316
358.448184967041,173.0120334625244,12.593758,18.262669
358.96998500823975,172.87201309204102,12.436556,18.197102
358.1908931732178,173.79225158691406,13.050682,18.540913
359.1001377105713,172.8526954650879,12.887314,17.79881
358.5532965660095,173.7628526687622,13.085416,17.396898
358.2478656768799,174.05502605438232,13.673122,17.558657
358.9172554016113,173.45508766174316,13.228241,19.110378
358.49199771881104,173.6669635772705,13.447203,18.662365
360.0076446533203,173.7966709136963,12.961853,18.848614
360.0492458343506,173.4636583328247,12.384922,18.05961
360.9656443595886,174.41100406646729,11.77197,17.953386
360.6427254676819,173.70941543579102,12.041556,18.803818
361.2117795944214,173.60923862457275,11.8154125,18.42325
361.5483832359314,173.916597366333,11.364285,18.117744
361.58337450027466,173.91969966888428,11.439895,18.674208
361.60685443878174,174.41810512542725,11.75952,18.49505
362.1908254623413,174.03540420532227,11.420347,17.966831
362.0563530921936,174.35569095611572,11.168456,16.574965
361.94508600234985,174.70505046844482,11.676818,16.753702
361.8602485656738,174.60173988342285,11.310711,17.62579
362.5001435279846,174.4112901687622,11.343825,16.859072
362.55485486984253,174.65099716186523,11.142629,17.032799
362.6521067619324,174.8357172012329,11.7317095,16.651037
362.14863538742065,174.99347496032715,11.864957,16.312695
362.9133596420288,174.77177333831787,11.677427,16.715914
362.69095611572266,174.9787197113037,11.536915,16.727104
364.21008491516113,175.03724765777588,11.363895,17.107683
363.65369939804077,174.3549509048462,11.546483,16.237497
364.63889265060425,174.5829954147339,10.687917,15.985933
364.9947843551636,174.9783697128296,10.797045,16.455332
365.6164860725403,175.0170078277588,10.637008,14.973022
365.7524952888489,174.99606275558472,10.337619,15.212445
366.02721071243286,175.09521102905273,10.140838,14.7338295
365.22863006591797,174.95954990386963,10.264217,14.242399
369.9328498840332,174.34250831604004,10,13.100105
