5.0,166.0,16,19
5.438648700714111,166.99748992919922,15.523086,17.23758
6.316436767578125,166.88576793670654,14.782089,17.650469
6.271976470947266,166.82531929016113,15.147858,17.120014
6.693305015563965,167.53326797485352,15.075571,17.210304
7.588336944580078,167.1282844543457,15.123367,17.337608
7.486513614654541,166.5508623123169,15.177157,17.290148
7.454692363739014,167.11397647857666,15.418954,17.090815
6.887878894805908,167.0097417831421,15.840583,17.042212
7.637684345245361,166.94546031951904,15.780616,17.07028
7.6294050216674805,166.8830909729004,16.043528,16.929028
7.83602237701416,166.6892547607422,15.879515,17.074512
8.001514434814453,166.55689239501953,16.053192,17.288494
7.929172992706299,166.98342037200928,15.791724,17.325583
7.547418594360352,166.47921180725098,16.24857,17.439102
7.877987861633301,166.26865673065186,16.782232,17.833899
7.827837944030762,166.21620750427246,16.931376,17.841774
7.836791038513184,166.08818817138672,17.021166,17.892086
8.189157485961914,165.79793167114258,17.099949,18.093266
7.846968650817871,165.837140083313,17.456865,18.662645
7.717308044433594,166.12793350219727,17.767296,18.832561
8.556558609008789,165.5381841659546,17.80582,19.369596
8.869032859802246,165.48774528503418,18.050447,19.610321
8.955998420715332,165.15716743469238,18.261808,19.82779
8.376391410827637,165.30940341949463,18.577211,19.713213
7.976804733276367,165.6169548034668,19.005032,19.763378
8.319513320922852,165.27704620361328,19.307117,19.952396
8.583844184875488,165.37967777252197,19.386427,20.111994
8.888998031616211,165.6392307281494,19.812107,20.095238
8.492366790771484,165.4993190765381,20.34948,20.096962
7.915234565734863,164.058575630188,20.762663,21.093042
8.553658485412598,164.95931911468506,20.496809,20.612684
8.399276733398438,164.80735778808594,21.365234,20.873432
7.921001434326172,165.11874866485596,22.2369,20.682833
8.150403022766113,164.5663604736328,21.593328,21.083431
9.253884315490723,164.14949321746826,21.821218,21.13059
10.118839263916016,165.0805902481079,20.437355,20.61934
10.657059669494629,165.05315589904785,21.519835,21.149551
10.457118034362793,164.6869134902954,21.270014,21.413958
10.676899909973145,164.42910861968994,21.32562,21.173845
11.240443229675293,164.4293384552002,22.021952,21.498558
12.197566986083984,163.63520336151123,20.886429,22.023703
13.345718383789062,164.2249298095703,20.50158,22.2579
13.880476951599121,163.85829544067383,20.192507,22.138859
14.607874870300293,163.93433094024658,20.377817,22.225618
15.131230354309082,163.4234037399292,20.471762,22.18234
14.904678344726562,163.78003311157227,20.57711,22.420437
15.934328079223633,163.93873691558838,20.070591,23.051432
15.99068832397461,164.05225563049316,20.524582,22.813194
17.285513877868652,163.41274070739746,19.800753,23.28637
18.51702880859375,162.70519733428955,19.196243,24.113611
17.93205451965332,162.50770664215088,20.410442,23.934649
18.33236789703369,163.14504528045654,20.430746,23.938307
18.055705070495605,162.40449905395508,20.874895,24.189434
19.547832489013672,162.72680568695068,21.098572,24.844175
18.73607635498047,161.8781328201294,21.883476,24.715723
19.660934448242188,161.9949140548706,22.2378,25.05873
19.87378692626953,161.5376853942871,22.48581,25.230465
20.08920192718506,161.9508876800537,22.816133,24.487328
22.27687644958496,162.6100263595581,22.523518,24.91442
20.954986572265625,162.30738735198975,23.793785,25.395857
21.881169319152832,161.65942573547363,24.474127,25.66632
22.433399200439453,161.85125923156738,30.374382,26.194092
22.806878089904785,161.45718479156494,30.465086,27.21332
23.019536018371582,160.89332103729248,30.233023,26.98818
23.693657875061035,161.52568817138672,29.49549,27.468914
25.201068878173828,160.84946060180664,25.308968,27.549702
25.49720573425293,161.75532150268555,28.708607,27.055805
25.853522300720215,161.40438270568848,26.632463,27.59069
26.50313949584961,162.21719074249268,27.367294,27.416948
26.560904502868652,162.7834177017212,27.801645,26.72938
27.556742668151855,162.0514497756958,27.792673,26.912752
29.174762725830078,161.99426746368408,27.201591,27.805254
29.688411712646484,161.40496635437012,27.552864,27.956528
30.389533042907715,161.33123207092285,28.407495,28.399666
32.04530143737793,161.24628448486328,28.24654,28.692402
31.858125686645508,158.6213731765747,29.210339,31.582941
32.77780342102051,159.968487739563,29.005573,30.080645
33.86331558227539,159.74726486206055,29.920082,30.874279
34.87111949920654,159.35365200042725,30.561533,30.889654
35.729939460754395,159.80262756347656,30.824362,30.917873
36.459975242614746,159.82140731811523,30.613008,31.054989
38.33484935760498,159.9924201965332,31.980143,31.201122
39.345115661621094,159.0542459487915,32.066544,31.887323
39.97325325012207,159.18638229370117,32.063473,32.68137
40.71428680419922,159.04532623291016,32.684555,32.602886
42.643362045288086,158.87389755249023,33.333866,33.494785
43.16885566711426,158.58368301391602,33.926937,33.71204
44.08108139038086,157.56382942199707,34.111504,34.778328
43.763771057128906,157.49383163452148,36.92572,35.50191
44.00808143615723,156.66280364990234,38.179363,36.454876
44.23126029968262,157.40225219726562,39.316547,36.08221
46.90226364135742,157.6743869781494,39.09008,35.83944
51.2285270690918,157.26037406921387,38.075478,36.14174
53.51317596435547,156.69637489318848,37.633682,37.106575
53.59041213989258,156.25244522094727,38.94201,37.14266
55.95719337463379,155.8508644104004,39.620052,38.284595
56.94491004943848,156.31009483337402,41.277386,38.62175
58.45190620422363,155.97553253173828,41.555553,38.81013
60.69948387145996,155.85644340515137,41.439014,39.52722
62.71453666687012,154.81907081604004,42.643787,40.55996
64.54524612426758,155.0137062072754,43.190178,40.70595
65.84320068359375,154.96636199951172,45.02939,40.89912
67.96498489379883,154.01763534545898,46.949013,41.97156
69.03093147277832,153.4141025543213,47.186382,42.574394
72.84146118164062,153.8252944946289,47.346756,43.183285
75.32689094543457,153.4624309539795,46.765972,43.47673
77.14986991882324,153.53993225097656,47.9473,43.91708
79.51094055175781,152.89168548583984,48.295425,45.18234
81.3626651763916,153.34591102600098,49.99795,45.719246
84.5571517944336,152.1777229309082,50.640717,46.304234
87.80200576782227,151.9477710723877,51.493584,46.93342
88.10867691040039,152.1733283996582,54.94555,47.37659
92.5241470336914,151.06779861450195,54.359344,48.555912
96.2450065612793,151.23740005493164,55.507942,48.893497
98.79916381835938,150.48730850219727,57.51648,49.7849
101.15066719055176,150.42668914794922,59.58099,51.080425
105.8247241973877,150.04396057128906,59.083355,51.936687
108.30025672912598,149.4090805053711,61.849377,52.776623
109.77740097045898,148.54953002929688,65.14629,54.681805
113.50704193115234,148.53800582885742,67.09372,55.353336
118.52156829833984,147.83145141601562,67.03598,56.556225
122.03039932250977,146.44115447998047,70.56022,57.778835
127.57108688354492,146.93806838989258,69.776024,58.486485
131.98135375976562,146.07750129699707,71.70607,60.215523
136.25998306274414,145.08898162841797,73.3476,61.45248
140.39411544799805,144.8174228668213,76.929375,62.868553
142.81005477905273,143.4143466949463,80.99346,64.727104
149.20746612548828,143.05336570739746,82.03464,66.266754
156.1751594543457,142.04118537902832,83.77073,68.177986
159.8702850341797,140.18886756896973,89.86534,70.353386
165.11017227172852,140.4655704498291,92.93876,72.00994
173.33995056152344,139.8978328704834,93.87392,72.6517
177.69013214111328,139.7069797515869,99.77774,74.022026
184.7642478942871,138.9250316619873,102.00588,75.82323
191.77474212646484,138.5359172821045,106.33917,77.93028
198.29821395874023,135.9182949066162,110.55392,81.12497
207.6228904724121,135.47852897644043,113.71218,83.34355
214.53191375732422,133.29480171203613,120.680695,86.54627
223.68894577026367,132.30713081359863,124.65359,88.54685
233.11414337158203,131.2116298675537,129.73001,90.76178
240.04871368408203,130.03024101257324,138.151,93.90944
248.06829833984375,130.3741283416748,147.51787,96.52165
261.8584518432617,128.33342170715332,152.26337,100.768105
274.93060302734375,126.70088386535645,158.0283,104.57407
286.3231887817383,123.81952857971191,168.6229,109.85168
300.3384323120117,122.39114952087402,178.96777,113.55554
313.3578796386719,120.76608085632324,174.72728,119.63454
332.9380111694336,117.63406944274902,156.27783,122.89459
347.8814468383789,116.31833457946777,142.2297,128.17676
