480.0,171.0,15,9
479.1205253601074,170.30127334594727,15.839615,10
477.621732711792,170.11701583862305,16.912216,10
476.692156791687,169.94644737243652,16.02571,10
476.2332344055176,171.03949546813965,16.927177,10
474.9957103729248,170.13122367858887,18.168148,10
474.02664518356323,170.35915565490723,15.601029,10
473.4357147216797,169.95157432556152,15.839203,10
471.9140615463257,170.65000534057617,16.544374,10
471.3342561721802,169.64362144470215,15.514799,10
470.13106632232666,169.59073448181152,16.684298,10
468.8503522872925,170.47587966918945,16.960466,10
467.79702377319336,170.35607528686523,18.089176,10
466.8304605484009,170.62744522094727,16.538076,10
466.272581577301,169.18914222717285,14.5645895,10
464.9459571838379,169.06391525268555,15.296528,10
463.9265990257263,169.47114944458008,15.381894,10
463.15343952178955,170.28777503967285,15.387846,10
462.0230484008789,170.47847366333008,16.807247,10
461.04595279693604,169.7364730834961,16.858782,10
460.3055171966553,169.7922706604004,16.866776,10
459.6875295639038,169.89108085632324,17.70555,10
458.58051013946533,169.41601753234863,15.340193,10
457.9675407409668,169.71615600585938,17.370514,10
456.25478076934814,168.9353542327881,15.535456,10
455.6423931121826,169.4328212738037,16.64508,10
455.0746021270752,169.4756031036377,16.718872,10
453.6615390777588,169.08294868469238,16.132229,10
452.44642543792725,169.46142196655273,15.197073,10
452.4123616218567,169.25697898864746,15.305331,10
451.39602184295654,169.09201431274414,14.682657,10
450.8707528114319,168.82449913024902,13.514956,10
449.4883794784546,168.86515617370605,15.489817,10
449.1135153770447,168.62104606628418,15.150006,10
447.5192036628723,168.31642532348633,15.425315,10
447.4322166442871,168.69819259643555,14.115437,10
447.0773811340332,167.8403434753418,13.984863,10
445.39013290405273,168.28385162353516,13.1405525,10
444.6411509513855,168.48322296142578,14.939305,10
443.499436378479,168.3177661895752,14.494127,10
442.7639079093933,168.60643577575684,14.759431,10
442.3408980369568,167.81162452697754,13.881715,10
441.7743806838989,168.16980934143066,12.872522,10
441.49946117401123,167.02791786193848,12.05385,10
440.6392912864685,167.40048789978027,12.838712,10
439.8816728591919,167.2508659362793,13.1182995,10
439.9188404083252,167.75728607177734,12.875877,10
439.6641402244568,167.47285652160645,11.947019,10
438.4096431732178,167.02058792114258,11.593658,10
437.9679102897644,166.48673629760742,11.045236,10
437.90545082092285,166.89958953857422,11.890224,10
438.1662406921387,166.9915542602539,10.788563,10
436.6851325035095,166.91602516174316,11.685086,10
436.3019366264343,166.69854354858398,11.172036,10
435.7779803276062,166.12925910949707,11.535512,10
435.9779214859009,165.47932052612305,11.414846,10
434.45950746536255,166.77078819274902,13.28942,10
434.48709440231323,165.84373474121094,12.737367,10
433.9589629173279,166.45276832580566,11.373879,10
433.11228036880493,166.44659233093262,10.842048,10
433.1108136177063,165.6243667602539,11.583316,10
433.0088167190552,165.66175270080566,11.528479,10
432.2342710494995,165.46137046813965,12.324831,10
432.2075262069702,165.4661979675293,11.296209,10
430.7147488594055,165.5189552307129,12.1551695,10
429.75030517578125,164.634765625,12.494503,10
429.0536823272705,164.81736755371094,13.056366,10
428.504328250885,164.43193244934082,12.668979,10
428.8097314834595,164.39994621276855,13.12108,10
428.20277166366577,164.68613624572754,12.927098,10
427.61245489120483,164.59484100341797,14.237229,10
427.1962080001831,163.77056503295898,11.897657,10
426.40797662734985,164.19135093688965,13.96952,10
426.52482986450195,163.59535026550293,11.849781,10
425.99820280075073,163.76498794555664,13.71729,10
426.05007457733154,163.968355178833,12.478228,10
425.31846046447754,163.16905784606934,12.563255,10
425.07909870147705,162.79449653625488,11.779757,10
424.79852867126465,163.6525650024414,11.934116,10
424.17539739608765,163.10406684875488,12.943391,10
423.26248264312744,162.75984954833984,11.763681,10
422.5951290130615,163.06437873840332,13.452499,10
423.1580662727356,162.70161247253418,12.996348,10
422.2327651977539,162.46263885498047,13.089027,10
421.5310492515564,162.43563079833984,13.348439,10
421.9481678009033,162.98337745666504,11.492947,10
420.9900188446045,162.23151206970215,11.290989,10
420.61803150177,162.40385055541992,12.344183,10
419.98368215560913,162.56057167053223,12.850667,10
419.9721984863281,161.9744167327881,12.932205,10
419.9535183906555,162.04047012329102,11.426181,10
419.30776834487915,161.6314239501953,11.493957,10
419.01062536239624,160.96854972839355,13.72054,10
419.26066970825195,161.79263496398926,12.510063,10
418.4889831542969,161.56690216064453,13.415878,10
417.7667980194092,160.56599235534668,13.440559,10
418.35944175720215,159.93094635009766,12.461842,10
417.3539342880249,160.52772903442383,14.540594,10
416.91709566116333,160.48082160949707,12.363784,10
417.0199751853943,160.74520874023438,15.870954,10
416.9669461250305,160.7181911468506,13.978843,10
416.66494846343994,160.523775100708,11.597303,10
415.9044523239136,159.87253189086914,12.766634,10
415.33997678756714,159.9677848815918,12.441869,10
414.6213254928589,159.55186653137207,12.103979,10
414.9411540031433,159.2996425628662,12.895425,10
414.6959376335144,159.10270500183105,11.930036,10
414.3304133415222,158.97969245910645,12.108563,10
414.3108100891113,159.43771934509277,12.364449,10
413.96425580978394,159.16654205322266,12.704267,10
413.01552629470825,158.23831367492676,12.354205,10
413.44587421417236,158.8202838897705,11.685106,10
412.72512769699097,158.92331314086914,11.284905,10
412.7586908340454,158.40655517578125,11.305853,10
412.3191108703613,159.086088180542,11.7907295,10
411.4124698638916,157.8812599182129,12.101677,10
411.80947256088257,158.3150405883789,13.416654,10
410.7448425292969,158.3380126953125,11.773682,10
411.2916326522827,157.6219367980957,15.386385,10
410.4067759513855,157.50675773620605,11.772454,10
410.54814767837524,157.6170597076416,11.791797,10
410.71503829956055,157.69905471801758,12.731876,10
409.17884063720703,157.42007446289062,14.746765,10
409.57102155685425,156.93449211120605,12.395711,10
408.7012233734131,156.72490119934082,17.71743,10
408.6866636276245,157.2676944732666,16.026426,10
408.7912187576294,156.53339767456055,11.8791485,10
409.06477880477905,156.35457038879395,12.819566,10
408.40463638305664,156.17660522460938,13.36916,10
408.5417275428772,156.26305389404297,12.520171,10
408.5861005783081,155.63583755493164,11.2894,10
408.531370639801,155.6840114593506,11.515216,10
407.7199606895447,156.04730033874512,12.029859,10
407.10229301452637,155.93548202514648,11.889561,10
407.2241539955139,155.92094039916992,13.130023,10
407.46454668045044,154.92857360839844,10.927077,10
407.7294020652771,154.9845085144043,11.598691,10
406.3902258872986,155.6976490020752,10.960755,10
406.8979172706604,155.0284824371338,11.497226,10
405.898060798645,154.8370819091797,11.9658375,10
406.54123878479004,155.1469497680664,10.557446,10
406.20374965667725,154.40024375915527,10.704893,10
405.8862690925598,154.10963249206543,11.661479,10
405.40215492248535,153.4255771636963,11.752388,10
405.2536129951477,153.70265769958496,11.54724,10
403.889949798584,154.3279151916504,11.716927,10
404.6519293785095,153.57834815979004,12.984094,10
404.2589912414551,153.6927604675293,11.250599,10
403.40333795547485,153.50546836853027,13.892879,10
403.8511848449707,153.12738609313965,11.742195,10
403.30182361602783,152.96684074401855,12.931768,10
403.58666706085205,153.37063598632812,12.351118,10
402.56149911880493,153.3170166015625,13.884559,10
403.24875020980835,152.73975563049316,11.328691,10
402.4400215148926,152.58055114746094,14.270256,10
401.6670117378235,152.33024406433105,11.790565,10
402.0781784057617,152.49692916870117,12.651913,10
401.63621950149536,152.23504829406738,12.046836,10
401.17726707458496,152.01163291931152,11.6122055,10
401.5955481529236,151.360746383667,12.001786,10
401.2991313934326,151.86042404174805,14.177628,10
401.2738070487976,151.54309272766113,11.698178,10
399.9802541732788,151.8378849029541,11.917013,10
400.73857498168945,151.44963264465332,11.458225,10
400.84429025650024,151.5507583618164,12.965579,10
400.26286268234253,150.8320369720459,11.339635,10
399.7292785644531,150.88753700256348,10.410748,10
399.50053215026855,150.78608512878418,10,10
399.7789649963379,150.6408348083496,10,10
399.5294666290283,150.93971824645996,11.239391,10
399.2208309173584,149.9857406616211,12.713459,10
398.6043772697449,150.61733627319336,10.430749,10
397.75393438339233,149.7224006652832,12.134591,10
398.2357039451599,149.4091567993164,11.539712,10
396.7722120285034,149.87028884887695,12.53084,10
396.64326906204224,150.61289024353027,12.543456,10
398.7157392501831,149.64874649047852,11.567938,10
396.1664752960205,150.00506210327148,12.846916,10
397.8983964920044,148.55092239379883,12.328707,10
397.8410997390747,148.5778923034668,13.284967,10
398.2461395263672,148.1357421875,11.007736,10
397.52276372909546,148.80502319335938,10.440816,10
397.03147745132446,148.27615547180176,11.2382765,10
396.3605360984802,148.83798027038574,10.919206,10
397.49773836135864,148.7320785522461,11.179614,10
395.54107427597046,148.43548965454102,12.447705,10
395.5723342895508,148.95156288146973,12.3116455,10
396.34741592407227,148.32748413085938,10.7809105,10
396.17409801483154,147.93924522399902,12.196207,10
395.8078556060791,148.03555297851562,12.771427,10
395.5148272514343,147.56287384033203,12.278745,10
395.4056816101074,147.4728240966797,12.348984,10
395.139328956604,148.52874183654785,13.150282,10
395.1179504394531,147.35819244384766,11.66106,10
396.02425622940063,147.2313690185547,12.430011,10
395.70251846313477,147.3916301727295,10.399311,10
395.9621467590332,147.34413528442383,10,10
395.9371371269226,146.67767333984375,10.743989,10
395.25121307373047,147.0981616973877,11.877552,10
393.98054695129395,146.52050018310547,12.518494,10
394.46538734436035,146.80436325073242,10.966537,10
395.1355791091919,147.26380157470703,10.951059,10
394.75647735595703,146.65716934204102,11.992207,10
394.61791801452637,146.40594291687012,13.061028,10
393.73953914642334,146.77529907226562,12.912737,10
393.26800537109375,146.72663688659668,11.557659,10
391.19964838027954,146.33664321899414,12.45964,10
390.27330017089844,146.08733558654785,14.106388,10
391.1083540916443,138.69151258468628,12.521871,15.368768
387.15235328674316,144.8173370361328,17.429752,10
390.74440574645996,138.23574590682983,10,14.771001
386.6332025527954,136.63958597183228,11.685095,14.130931
380.8026294708252,140.1896209716797,15.999695,11.057892
381.65249156951904,129.96208095550537,11.772669,19.207685
375.9970769882202,138.93920803070068,17.235151,10.559866
375.48321056365967,130.5146713256836,13.510637,16.853344
369.75331592559814,137.64262580871582,17.451918,10
370.6179051399231,129.14141368865967,12.224353,17.407759
364.95658016204834,136.29000663757324,16.587767,10
363.3393850326538,131.54331874847412,12.589125,13.977331
356.33643436431885,134.43419456481934,16.487936,10.576969
354.06117057800293,131.959379196167,15.102089,11.357468
349.18118476867676,129.76118564605713,15.034378,12.565355
346.33951568603516,131.65304946899414,15.900032,10
342.1845006942749,126.7070689201355,14.778559,14.532708
340.43747329711914,131.262225151062,14.391548,11.201319
336.66432523727417,123.02832221984863,12.656224,16.139774
328.09309673309326,128.23372077941895,18.533136,10
329.76905727386475,120.3361930847168,11.96253,16.662777
322.4756917953491,126.32264137268066,16.255217,10
322.23595905303955,118.12374687194824,11.020563,16.727924
314.1797904968262,124.15516662597656,16.195873,10
314.75909185409546,120.61629962921143,11.925252,11.882742
305.5628204345703,122.24406433105469,16.628605,10
305.49621295928955,121.01083183288574,13.827806,10
298.75907611846924,118.60261535644531,14.784929,10
296.22707891464233,119.65533256530762,14.509198,10
292.96238708496094,114.02276182174683,12.770081,12.724114
293.0094175338745,118.24825668334961,12.882181,10
284.52976417541504,110.92921018600464,14.690886,13.9468355
282.5329427719116,116.5311508178711,14.355831,10.095737
279.4645037651062,109.39518547058105,10.542651,13.553928
275.94905948638916,113.93717765808105,14.416653,10
273.3174443244934,108.8266282081604,10.832227,11.685782
260.527099609375,110.81809616088867,19.283888,10
265.030704498291,108.98770713806152,12.76483,10.073006
256.970543384552,106.36825323104858,15.623418,10.6578455
256.9743986129761,107.44694328308105,14.003456,10
251.92754554748535,103.59632968902588,14.047525,11.794119
250.87712287902832,105.94532012939453,15.011171,10
248.4376630783081,100.56786823272705,10.932392,12.845423
246.60467147827148,104.56194114685059,12.674593,10
244.04994106292725,98.46687316894531,10,12.838772
242.25414419174194,101.58453941345215,12.503833,10
239.3441767692566,100.19645309448242,13.515059,10
230.17620182037354,98.31809997558594,16.728079,10
233.16838264465332,98.72840690612793,16.456005,10
227.38040256500244,94.09054517745972,13.715868,12.150502
228.1656174659729,96.30243492126465,11.191726,10
223.7161946296692,92.80974197387695,12.005103,11.039078
223.80763626098633,94.13890266418457,10,10
223.5619773864746,91.55689811706543,10.8737755,10
221.51023292541504,90.85061264038086,10,10
217.89769983291626,90.37320899963379,12.596335,10
215.70001602172852,87.02937316894531,10,10
214.5496425628662,86.4864387512207,10,10
210.5812225341797,86.23076057434082,11.260441,10
207.03584671020508,82.54716300964355,11.673069,10
209.42525339126587,84.74023246765137,10.531013,10
208.7409529685974,83.21281433105469,10.420495,10
201.7368860244751,80.74134826660156,13.377691,10
204.6995325088501,80.94004440307617,12.170664,10
203.24901580810547,79.19275283813477,10,10
196.01058149337769,77.13174819946289,14.336438,10
200.18771028518677,79.64191055297852,13.075286,10
199.00308418273926,76.26707649230957,10,10
198.23188400268555,76.30732536315918,10.171185,10
195.91767740249634,75.8788070678711,10.843253,10
195.80088233947754,74.92654228210449,10,10
196.61305332183838,74.60104179382324,10.953878,10
193.79396438598633,73.68664360046387,10.96064,10
193.76937294006348,73.15946006774902,10,10
194.09305810928345,71.82642555236816,10.43806,10
193.72019958496094,71.40365409851074,10,10
193.08774757385254,70.31204223632812,10,10
191.10155296325684,69.98661422729492,10,10
191.37645149230957,70.0899658203125,10,10
191.2690658569336,68.96222114562988,10,10
191.3400173187256,69.12973403930664,10,10
191.53518867492676,68.22902488708496,10,10
191.33509826660156,67.03263473510742,10,10
191.96393013000488,66.43267631530762,10,10
193.04195022583008,66.02145957946777,10.641911,10
192.79396057128906,65.36069679260254,10,10
193.41870880126953,64.92829132080078,10,10
191.51918649673462,65.0090503692627,10.436305,10
193.9001121520996,62.97859573364258,10,10
194.60166549682617,62.1310977935791,10,10
191.6943736076355,60.54779815673828,10.696145,10
192.18343925476074,60.23227119445801,10,10
192.78923416137695,58.749013900756836,10,10
193.916015625,58.492353439331055,10,10
193.61002349853516,57.45232582092285,10,10
192.33462524414062,56.86636924743652,10,10
190.2928705215454,52.41069793701172,15.045023,10
187.6001033782959,48.800344467163086,17.815445,10
185.3574628829956,49.20900917053223,19.138044,10
188.7936668395996,48.90736198425293,23.451817,10
187.22685432434082,47.557363510131836,25.560463,10
192.9253454208374,47.78982353210449,30.109114,10
197.49786186218262,48.812395095825195,30.609818,10
198.57604122161865,48.2023868560791,28.25778,10
206.3389377593994,47.96992301940918,22.74887,10
200.5355348587036,49.00140190124512,26.225077,10
200.2282943725586,47.96968650817871,27.121479,10
201.24613189697266,48.81991386413574,25.688374,10
201.79072284698486,48.027475357055664,26.77366,10
202.5235652923584,47.943830490112305,25.751633,10
199.9290828704834,48.68643379211426,27.55809,10
201.38330936431885,48.110788345336914,26.6514,10
204.1900577545166,48.27417182922363,24.432983,10
204.58194732666016,48.52658271789551,24.37608,10
204.6218385696411,47.85532188415527,24.745478,10
199.77029705047607,48.66705131530762,28.280657,10
193.65854835510254,47.910898208618164,33.37302,10
