326.0,143.0,21,49
325.7454605102539,143.79702949523926,22.954178,47.68234
328.0254373550415,144.17320251464844,21.255278,46.94316
328.28175926208496,144.2089443206787,21.007542,47.556705
328.8479814529419,144.0715560913086,20.261175,47.504745
329.89160346984863,143.5097312927246,19.91084,47.923286
331.7443838119507,143.15723991394043,18.560183,48.7596
332.5324811935425,142.1367416381836,18.144098,48.89897
334.0661907196045,142.66974067687988,18.339268,49.252285
335.9764995574951,143.27254486083984,20.730701,47.891052
337.8332185745239,143.43270683288574,22.159872,47.66019
339.4102029800415,143.89310264587402,23.398527,46.45647
340.2841148376465,144.28664779663086,24.223091,45.83393
341.5952606201172,144.69366264343262,24.394714,46.232075
341.32640266418457,145.4578094482422,25.532589,45.611847
341.2160062789917,145.52618598937988,26.174234,45.623806
347.0080156326294,145.60576248168945,21.020452,46.087135
348.8603572845459,145.02652549743652,19.07883,46.63854
350.2366762161255,145.04071044921875,18.847738,46.84607
351.7911796569824,145.04009437561035,17.865685,47.215237
354.2005968093872,143.98399925231934,16.277029,47.99851
355.71649646759033,144.44071769714355,16.49581,47.828648
357.63848972320557,144.35672760009766,17.637403,47.030136
359.1652774810791,144.9523811340332,19.88972,46.96061
358.7685661315918,146.06816291809082,23.005928,46.225277
359.9687919616699,146.62331008911133,23.282478,45.162712
360.16296672821045,147.64630699157715,24.391504,45.283283
362.9124994277954,147.3655605316162,24.119093,45.722233
364.7944049835205,147.61082649230957,22.806606,45.35626
366.33797454833984,147.384428024292,20.40982,45.40241
367.863431930542,147.27740859985352,19.20023,45.523643
369.27501678466797,146.66637802124023,19.04538,46.46723
369.8778257369995,143.92543601989746,19.512278,48.776546
372.7726526260376,145.35544395446777,20.011747,48.08708
374.6020164489746,145.94077110290527,19.834694,47.214306
374.26691722869873,146.5039348602295,20.6896,47.07249
373.9458951950073,147.9065456390381,22.30549,45.42387
376.84065532684326,148.1792697906494,24.31611,44.761524
377.4179039001465,148.5165786743164,25.618126,45.854027
377.64612102508545,148.95202445983887,27.046015,45.889843
378.7844409942627,148.78024673461914,25.569744,46.46187
379.38360691070557,147.70875930786133,25.21942,46.777847
382.9811735153198,147.86150550842285,23.519602,46.651447
385.97178077697754,146.99676895141602,20.223751,47.569077
390.33100414276123,146.61071014404297,17.515451,48.508995
391.8974361419678,147.24523162841797,15.69643,48.191628
393.8874583244324,147.3663845062256,14.81952,48.240353
395.20026540756226,147.58489418029785,15.892209,47.878033
396.99492263793945,147.48523712158203,18.243294,48.31328
397.79025650024414,148.69604110717773,20.934105,48.042885
398.0584526062012,149.3967800140381,22.593407,47.639057
398.41011810302734,149.5272159576416,24.355942,47.61143
399.7343215942383,149.26502799987793,24.68155,48.865055
401.05772972106934,149.11676025390625,23.507313,49.31404
403.70544242858887,149.93994903564453,21.868214,49.130203
407.07041931152344,149.92509841918945,19.44899,48.903877
409.28086280822754,150.01408004760742,18.426418,48.607765
410.99505519866943,150.07991409301758,17.40796,48.159218
412.61686420440674,149.68491554260254,17.163397,48.800625
414.7082920074463,149.5712070465088,18.824032,49.25976
415.2727098464966,150.01233291625977,19.965979,47.922813
415.4023714065552,150.89672088623047,23.596792,48.640274
415.55570220947266,150.5603313446045,26.715088,48.223118
416.1540870666504,151.39428520202637,29.334846,48.420673
416.909574508667,150.78289413452148,29.961033,49.29534
417.2000102996826,151.66246795654297,30.827396,49.647507
418.57296562194824,151.2555389404297,29.561909,50.253128
422.9562931060791,151.68339157104492,25.527477,49.658195
426.85990142822266,151.67502212524414,23.991516,50.130287
431.81287384033203,151.9591407775879,20.933853,48.576973
434.8420686721802,152.5273208618164,18.360281,48.26068
437.1234359741211,152.40179061889648,16.286438,48.095726
438.8886184692383,152.42754745483398,15.952789,48.683388
440.0343351364136,153.93189811706543,19.70997,47.960987
440.5455150604248,154.52283096313477,23.200245,46.798683
440.50419902801514,155.09669303894043,23.043695,46.79761
441.7197570800781,154.7788963317871,26.511353,47.867256
443.8663663864136,152.04961967468262,27.013117,50.687138
445.0649814605713,154.59927368164062,27.359402,48.781464
452.2869338989258,151.81188583374023,24.714157,52.803627
452.18363189697266,145.27289962768555,25.99347,58.803215
455.5650911331177,149.27971267700195,21.64298,53.606453
455.89588165283203,151.95221138000488,19.364136,50.485348
456.7242488861084,154.7321014404297,19.108341,48.14615
458.01704692840576,152.5398712158203,17.149057,51.900345
455.55606174468994,150.7624282836914,19.08914,50.8089
447.9404239654541,148.87606811523438,25.3876,53.130447
450.223593711853,149.78917121887207,22.638033,50.461376
445.4714527130127,143.20249938964844,24.497845,54.932556
444.2332925796509,144.97141647338867,21.694624,51.82296
438.64855575561523,145.03092765808105,27.534096,51.4527
435.2638912200928,148.97764778137207,32.379414,48.251827
431.5690631866455,143.79162979125977,34.19093,49.59527
433.31249618530273,142.9435863494873,29.648506,50.230213
429.41316318511963,143.68344688415527,29.143965,50.060764
425.9339761734009,142.32917022705078,28.458036,52.00348
426.99822998046875,141.2433376312256,27.050354,52.583942
424.024094581604,141.35855102539062,25.812696,51.513626
421.98945331573486,142.14397430419922,24.729895,51.19156
422.83198738098145,140.61089324951172,24.511822,53.192825
420.3951177597046,141.4472942352295,26.139086,52.865665
416.8109016418457,141.4078311920166,28.562157,53.483837
416.69768810272217,141.42920875549316,28.364618,52.092266
412.3807134628296,143.27478790283203,28.92888,50.68506
407.54554653167725,141.69405555725098,29.060747,50.72006
409.998272895813,140.8343391418457,27.612112,51.114647
407.76882457733154,141.2611541748047,29.070948,50.306915
407.895884513855,142.06732177734375,27.488596,51.538803
408.72093868255615,140.5331516265869,26.419893,53.452755
411.13905334472656,141.1719207763672,22.654205,51.528275
405.2658290863037,140.37393188476562,25.178638,52.075912
404.61608695983887,140.67330932617188,25.621937,51.94539
400.7678861618042,140.4022045135498,23.534967,50.990894
395.0047149658203,140.1669635772705,22.468262,49.819836
388.0789966583252,140.8527774810791,26.666195,49.261257
383.82812690734863,142.71284866333008,23.628994,47.127632
372.13514709472656,138.7475929260254,26.570312,50.29171
364.5869827270508,142.38497924804688,26.648148,47.193344
356.60498809814453,140.9261474609375,23.975647,48.642258
348.4518003463745,139.99636268615723,23.619928,49.193417
338.1730499267578,139.16948127746582,23.214043,49.278988
326.22835063934326,138.5133113861084,24.93664,49.39699
313.222544670105,136.5271396636963,27.266748,51.847713
305.0989227294922,136.96605491638184,22.679092,51.386402
299.69677543640137,134.3166275024414,23.641102,51.535065
293.0550775527954,133.31903839111328,21.273664,52.41719
284.62146949768066,131.80371284484863,24.633343,51.057415
278.68446350097656,131.31966400146484,25.035294,50.10904
269.83648014068604,130.0717315673828,27.172987,50.55757
255.30531120300293,136.93950271606445,37.02367,45.513878
256.25712966918945,138.34153938293457,38.57012,45.19804
252.7420482635498,131.63458824157715,32.536945,49.821186
248.47888374328613,129.63503646850586,34.659573,51.20611
239.6597900390625,128.54116821289062,32.672577,53.21805
239.95181846618652,129.70234870910645,35.923756,51.62869
243.49707794189453,133.5678768157959,33.093018,48.47907
233.43894004821777,127.04122161865234,32.386158,53.03195
215.35425281524658,129.73073959350586,31.51061,54.083992
202.3865089416504,141.04578399658203,41.249718,37.305405
206.17532920837402,137.33086776733398,33.205036,46.626686
209.36527252197266,136.976900100708,31.000092,47.699398
195.88185501098633,144.64945602416992,35.769844,37.37406
179.05058479309082,146.28599739074707,39.804264,35.02833
167.98215675354004,145.26190948486328,39.861927,34.3743
160.52432250976562,144.1370029449463,37.84307,37.935513
146.27126121520996,143.46879768371582,38.64912,39.552197
136.80173110961914,143.59138107299805,25.59449,42.882896
132.8317108154297,142.47250938415527,23.676025,44.129383
128.63103866577148,143.0025405883789,23.09417,43.8853
124.46908664703369,144.88306999206543,23.62306,41.744602
119.45300769805908,143.34816360473633,26.062376,42.437874
114.43903064727783,142.48123168945312,25.242262,42.85028
114.13089084625244,137.16223907470703,29.774008,50.079575
101.82214641571045,141.79809761047363,25.68593,43.790585
95.05726528167725,142.13972282409668,24.39065,42.833637
98.7747106552124,138.37756156921387,26.295404,48.27167
93.7517671585083,133.75917053222656,27.585081,52.96666
87.77137470245361,136.17116928100586,26.752867,51.310402
79.41044425964355,135.59441757202148,25.008465,52.486183
65.43008804321289,133.11511993408203,28.851822,53.47145
55.06220531463623,132.43701362609863,28.91884,54.82046
45.40948677062988,137.5463352203369,22.446842,50.157177
34.7072229385376,138.9804973602295,29.864584,47.25617
21.771528244018555,138.3891830444336,29.238895,48.531464
13.50820255279541,139.16555786132812,31.398848,47.466537
10.63817024230957,140.75697898864746,32.80984,46.52045
5.186960220336914,138.44734001159668,33.37466,48.568897
0.5144309997558594,141.14058685302734,33.39782,46.326492
0.0481719970703125,133.7913303375244,25.761124,53.769527
-0.21114730834960938,141.4481658935547,21.897377,46.634796
-0.07618999481201172,141.83862495422363,18.833471,45.79855
-0.14854049682617188,141.09369468688965,14.015915,47.36777
0.03473377227783203,139.77807426452637,10.644682,50.667973
-1.6419486999511719,140.1761817932129,10.367462,48.68064
-3.1896920204162598,138.91833877563477,15.3901415,47.514534
0.018388748168945312,141.52584075927734,29.658962,42.52707
2.750255584716797,141.48909378051758,30.47564,52.04339
-0.9559230804443359,141.7359790802002,28.843182,43.16589
-0.7647533416748047,140.63287544250488,25.891308,40.34245
-1.494852066040039,138.36607551574707,16.749279,46.97819
-0.9587516784667969,139.32746124267578,15.140236,45.422554
-1.7230181694030762,140.0912570953369,11.82627,39.310963
-1.0723075866699219,137.60726737976074,10,46.919064
-2.580974578857422,139.97932624816895,17.274857,47.04935
-1.506861686706543,140.8912868499756,31.152601,43.434055
4.196561813354492,141.63856506347656,30.179653,50.05017
2.235950469970703,140.54491806030273,31.46521,46.15571
1.0281028747558594,141.73413276672363,28.203323,46.835354
-0.16357898712158203,140.5448055267334,22.594942,46.66347
-0.7921624183654785,139.85181045532227,15.917554,43.951576
-0.6490421295166016,137.80586051940918,10.578548,45.357563
-2.2462158203125,140.00837898254395,10,49.23425
0.22835445404052734,158.09545516967773,18.020144,41.973885
-1.4592876434326172,161.89320945739746,20.009151,45.09934
-1.5032844543457031,151.5876235961914,18.78527,53.05587
-4.997559547424316,163.78668975830078,28.180407,54.236794
-2.674560546875,162.29800415039062,32.730637,56.45051
2.3331298828125,151.36022186279297,33.790497,65.41836
0.8528385162353516,157.2854995727539,47.644238,56.668022
2.3355464935302734,154.6664810180664,44.303135,61.097206
3.3499011993408203,154.2117805480957,40.03262,65.24658
3.9897289276123047,157.7918643951416,42.03269,60.087498
6.780649185180664,157.75330543518066,41.255413,56.103397
11.533403396606445,158.5236587524414,36.75778,54.00306
21.80048370361328,160.43720245361328,40.160507,49.185356
35.96551513671875,164.29827117919922,31.749573,44.938377
33.63115978240967,165.52569007873535,26.634119,43.494343
31.652605056762695,161.9096851348877,29.896008,46.12438
29.344273567199707,164.22631454467773,27.580694,44.596985
30.26765537261963,164.78525733947754,26.997938,42.552753
26.242002487182617,165.51254272460938,28.409092,43.098824
27.464073181152344,164.52026557922363,27.26471,42.684223
23.590529441833496,162.91655158996582,31.374529,45.947117
21.420455932617188,161.68429565429688,34.85988,48.587334
19.525211334228516,162.41264152526855,36.14701,48.121624
15.808338165283203,164.53881072998047,32.588875,45.28501
18.10888671875,160.9442310333252,38.262833,48.29154
12.460760116577148,161.05912017822266,41.533497,48.87211
8.522001266479492,159.57140731811523,39.348026,50.317245
6.924016952514648,159.47776222229004,48.22022,49.25867
5.762451171875,151.92452430725098,45.05406,56.29494
6.637479782104492,158.68159103393555,52.82793,49.09607
4.946760177612305,157.22003746032715,61.75382,50.03094
9.634162902832031,156.87078857421875,79.33339,50.067085
22.47104263305664,157.97647666931152,92.98763,48.656033
35.33320999145508,148.8316650390625,71.81539,58.396553
25.474754333496094,157.46831703186035,85.866455,46.97121
22.915847778320312,155.49345779418945,80.63791,49.709045
28.80703353881836,157.17585372924805,72.28922,49.957047
13.825057983398438,160.70503425598145,82.368164,45.87685
9.0535888671875,159.07962608337402,86.9839,45.832623
4.057472229003906,153.89669799804688,80.06413,53.86608
5.2074127197265625,151.43358039855957,76.11859,55.682514
4.692619323730469,151.33471488952637,72.42192,55.783443
2.706707000732422,152.95968627929688,67.2268,55.644432
4.14653205871582,153.85014152526855,60.78877,54.309353
4.519065856933594,145.29558944702148,54.350372,60.56981
0.8185653686523438,156.33679008483887,52.29123,55.24307
1.1463603973388672,155.24608039855957,47.072605,55.40053
0.6548862457275391,148.32787704467773,41.2628,61.15068
0.3391551971435547,143.25006484985352,38.96993,65.84912
-0.4901905059814453,162.8571319580078,41.739826,46.316948
0.6201381683349609,163.86101722717285,35.25957,42.46854
1.213308334350586,161.80832290649414,32.708607,34.016083
1.957280158996582,163.26019096374512,28.124212,37.78683
-0.6196260452270508,162.12777137756348,26.396585,35.505154
0.1815357208251953,162.77805519104004,21.609814,34.076794
1.29388427734375,159.7675724029541,19.81163,35.981533
1.381814956665039,161.38540649414062,20.10339,34.825836
-2.207498550415039,160.09664916992188,19.49152,37.658936
-3.7358827590942383,156.8203125,16.756914,41.514732
-4.389799118041992,157.17902183532715,20.866146,40.290752
-5.5794677734375,158.93181037902832,19.84758,44.12096
-4.331633567810059,160.96233367919922,23.73274,43.853218
-3.412957191467285,159.37732124328613,29.898592,41.56049
0.4348268508911133,159.61703300476074,31.332525,42.916286
3.6035938262939453,158.4673194885254,31.755703,45.32216
10.639405250549316,159.13019943237305,28.537748,45.895554
15.861576080322266,156.31375122070312,36.407555,44.32894
20.928220748901367,153.09883880615234,42.64255,35.614494
33.04441261291504,146.0121021270752,43.942623,36.091312
49.03364372253418,154.00179290771484,47.570225,41.381737
46.874982833862305,148.63617515563965,48.20638,40.471905
49.13009834289551,146.66332626342773,60.254086,37.049942
55.51225280761719,127.69098091125488,55.71103,50.479618
53.76951217651367,125.74851608276367,64.57729,57.999863
59.90712356567383,124.44918632507324,76.129524,53.830853
79.46275329589844,121.67835426330566,78.107864,55.19956
100.78204727172852,121.31985664367676,65.2783,54.5649
117.38278007507324,120.32655334472656,49.92699,53.646538
138.18101119995117,121.25554847717285,42.890144,51.796635
151.24849796295166,121.73978805541992,30.4297,50.248962
152.28117561340332,122.0937442779541,28.490902,51.09154
151.89841079711914,120.95646476745605,27.754585,52.133953
150.1674919128418,121.4985237121582,28.17501,51.3051
151.02138328552246,121.56869506835938,24.50803,50.797447
148.46428680419922,120.4326286315918,25.671661,52.726517
153.3347053527832,119.29019165039062,19.022346,52.447304
153.4627332687378,119.5574779510498,17.838892,52.81532
154.09819507598877,118.87434768676758,18.29688,52.610794
152.69415473937988,118.56282615661621,21.892254,52.930157
150.5357265472412,119.57680702209473,26.74506,50.46712
149.23900032043457,119.68476676940918,28.88818,50.229504
146.723482131958,119.03516960144043,32.517376,51.00958
144.80253791809082,118.39900779724121,33.64799,50.82461
144.2148380279541,118.72368621826172,34.40089,51.258766
145.94570541381836,118.12697982788086,31.898003,50.817703
149.45676040649414,116.6253890991211,27.376396,52.111595
151.47686004638672,115.98683166503906,23.350204,52.583244
153.8635663986206,116.32745933532715,18.996332,52.306347
155.376070022583,114.0483169555664,16.572308,52.903206
156.28456830978394,113.70994567871094,15.8593,53.807976
156.61250686645508,113.82462501525879,17.410698,53.270145
154.71161079406738,115.0036849975586,22.722836,52.695015
152.21031761169434,115.5031795501709,27.004673,52.08859
149.90267848968506,114.75176811218262,30.812181,52.540157
147.97509384155273,114.5673942565918,30.387184,51.486526
145.76394271850586,114.28046035766602,33.409477,52.461914
144.79026985168457,113.66487693786621,29.497677,52.107952
145.7836627960205,112.25701713562012,29.124935,52.763348
151.56128597259521,112.27970695495605,21.750566,52.09741
151.27425003051758,112.08755111694336,19.73359,51.891647
152.33298206329346,111.17103004455566,17.254461,53.61661
151.4666862487793,111.73896598815918,16.224358,52.99812
145.8618984222412,112.44127464294434,17.452183,52.65431
138.34697341918945,113.80272102355957,22.20678,52.735172
129.52444648742676,116.13591766357422,25.410809,50.73037
117.72519588470459,118.0815601348877,27.281435,50.413105
104.35450649261475,118.7925033569336,30.089602,50.341103
88.01575946807861,120.8015308380127,31.531149,48.932545
72.10106754302979,122.75738143920898,31.94142,49.216293
70.45060634613037,122.05749320983887,28.350634,50.195507
72.30049324035645,120.1510009765625,23.840038,50.15931
67.86883449554443,119.85281753540039,22.984453,50.082
68.6927604675293,119.93978500366211,18.18827,51.331345
66.76979541778564,116.9520492553711,18.632925,53.79104
64.29436683654785,118.27158737182617,18.348965,53.02057
63.36667728424072,119.74009132385254,17.542784,49.53673
60.71931076049805,117.99485397338867,16.261635,53.0157
58.33546733856201,119.26630020141602,17.53515,49.530273
53.38122367858887,118.78213500976562,20.161312,50.24299
49.507978439331055,119.65886306762695,22.917568,48.566025
43.191734313964844,120.22711944580078,24.475044,49.797417
39.83650207519531,119.7079906463623,20.82418,47.88133
37.64419746398926,118.3814582824707,18.08736,44.666
35.19846963882446,118.16085052490234,14.291263,39.351967
30.472641944885254,117.27326202392578,16.866095,40.54293
26.60018539428711,117.3169002532959,18.28579,39.80032
21.451273918151855,117.63498306274414,20.49611,39.561302
22.547029495239258,117.61577415466309,18.157032,38.49187
19.41019058227539,117.27661895751953,17.390846,35.347755
20.59022569656372,119.39294624328613,15.635604,25.152142
21.308202266693115,119.50996398925781,12.722127,20.70839
19.733750820159912,120.0552225112915,11.161355,18.180372
17.25760793685913,119.85563373565674,12.287675,17.36088
15.799360275268555,119.75999736785889,10.943657,16.999384
14.662856578826904,116.04580020904541,10.528043,19.675512
13.17720365524292,118.81143188476562,11.273843,16.890919
9.527955532073975,118.4708023071289,12.028249,17.75679
9.020626068115234,116.29115104675293,10.387684,19.923435
7.239293575286865,116.60465145111084,11.151868,19.519293
6.676498889923096,117.35914897918701,10.80017,18.01528
5.447018623352051,117.96096992492676,10.128683,17.108807
3.9540586471557617,117.33214664459229,10.111906,16.913683
3.0274314880371094,118.60649681091309,10,16.243141
2.9103469848632812,118.73508834838867,10,15.588844
2.8843603134155273,116.65621089935303,10.605261,17.216673
3.197390556335449,116.85707569122314,10.73546,17.379202
5.949146270751953,116.54697227478027,10,17.467201
6.758838653564453,118.72302150726318,10.615612,15.5226345
7.973051071166992,118.19811153411865,11.310726,16.331854
10.306910514831543,118.10195922851562,11.400866,16.070808
11.663045406341553,116.05061435699463,10.774976,18.430922
14.151962757110596,116.03422164916992,10.384887,18.9687
15.168045997619629,116.14661979675293,12.049231,19.110897
16.756083011627197,116.54339218139648,13.592174,20.241241
18.92187738418579,118.20104122161865,11.51131,23.269022
21.06121015548706,116.30328178405762,10.134393,24.95943
20.805349826812744,112.39749813079834,10.670947,27.092386
22.003912448883057,114.92919731140137,11.90845,27.17741
23.612433433532715,114.5592041015625,14.336199,27.814415
24.454012870788574,107.52377128601074,14.847925,35.92284
26.357420921325684,111.68819046020508,15.006685,34.125282
29.56170654296875,113.65612411499023,17.224915,31.496544
31.319286823272705,113.0621395111084,15.037246,32.524723
32.47718620300293,112.17135429382324,16.312183,34.71928
36.226301193237305,112.62235260009766,16.066349,33.831886
37.75463390350342,112.57049942016602,15.803148,34.17228
39.9877872467041,112.55488014221191,16.357159,36.136066
41.70843553543091,112.84901237487793,15.067664,39.29616
43.92197036743164,112.63200759887695,13.460365,37.152817
45.501585483551025,114.16160011291504,13.338679,35.737072
46.966495990753174,114.54738235473633,13.806998,38.15467
48.82372570037842,115.09641647338867,16.162271,32.487183
52.107914447784424,115.80387115478516,14.662131,30.925919
54.880390644073486,116.03500366210938,14.034797,32.700935
57.49646282196045,111.96248817443848,14.571077,35.702442
59.377718925476074,114.83841705322266,13.466692,33.594696
61.4259614944458,116.06287002563477,14.823088,33.73903
63.73329782485962,116.70858383178711,15.310672,34.00025
66.37652158737183,119.9846887588501,15.258927,31.269697
68.95849847793579,115.91324043273926,13.434581,36.171963
70.24220609664917,116.25387763977051,12.968392,36.776897
72.98605251312256,102.47256469726562,21.250566,44.68196
75.65009021759033,108.11178970336914,17.783636,46.5391
75.47511672973633,108.8625717163086,18.201088,46.094147
75.0211534500122,105.77192878723145,23.242086,48.18288
72.64990425109863,98.58185958862305,27.98199,44.100937
71.93002796173096,103.42247200012207,29.197363,43.927326
74.51577091217041,104.04389190673828,28.06796,44.758812
74.17933750152588,107.60831832885742,25.522917,44.557922
75.47036075592041,106.24831008911133,26.586103,48.59909
73.96584796905518,102.69354629516602,29.010366,50.1232
71.7852725982666,107.78001403808594,31.508007,48.2445
73.59099578857422,98.32259750366211,30.338898,51.46991
84.73250484466553,108.54496192932129,31.242876,52.97298
96.25510501861572,111.06950569152832,24.81877,52.30855
103.76737785339355,105.33752822875977,19.904667,57.744583
103.74880981445312,112.39365768432617,22.179825,51.21263
106.20232772827148,109.01370811462402,20.301643,54.546658
