233.0,62.0,22,30
232.845552444458,61.24047565460205,21.364796,30.766073
233.6623773574829,61.345773696899414,21.12834,30.501926
234.0035915374756,61.33033466339111,21.246151,31.128729
234.1862621307373,61.045044898986816,21.301441,30.730192
235.22717666625977,61.25349998474121,20.794563,30.503529
234.37598037719727,60.50167655944824,21.04876,31.10268
235.1560869216919,61.308237075805664,20.841986,30.690075
235.0689754486084,60.447855949401855,20.09615,31.08777
234.83989334106445,60.95531368255615,21.13961,30.534563
234.0513572692871,60.55099582672119,21.299004,31.029455
234.81656646728516,61.15178108215332,20.561539,30.468151
234.35878467559814,60.495370864868164,21.093199,31.447025
234.2046937942505,61.0537633895874,21.134527,30.969034
233.9125156402588,60.37453842163086,21.489025,30.554947
234.26632690429688,60.89314842224121,21.212135,30.349056
234.27898502349854,60.26050662994385,21.415037,30.668493
233.65724277496338,60.19442367553711,21.5166,30.201096
232.6845579147339,60.007784843444824,22.483706,30.29236
233.87584114074707,59.714131355285645,21.466633,30.883268
233.21885013580322,60.214670181274414,22.0259,30.463215
233.38724899291992,60.7055778503418,21.770248,29.97573
233.96260356903076,60.24567699432373,21.310717,30.15233
233.05862140655518,60.49451446533203,22.064032,29.684196
232.5464448928833,59.33752918243408,21.889448,31.000906
233.1958122253418,60.27263259887695,22.181572,30.13137
232.90627002716064,60.16757678985596,21.908957,30.429205
232.46789073944092,60.11756706237793,21.869638,30.714275
232.47523975372314,60.19155693054199,21.740332,29.999996
232.74320220947266,59.49667835235596,21.484184,30.089766
232.35842323303223,59.3833065032959,21.802082,30.506458
232.51319217681885,59.20678424835205,21.231504,30.73548
231.1751890182495,60.032965660095215,22.167269,29.660242
232.37853240966797,59.66977119445801,21.400993,31.038433
232.29919052124023,59.564364433288574,22.15635,30.692019
232.77558994293213,59.90347194671631,21.458815,30.388811
232.08608436584473,59.56104755401611,22.305477,29.326277
232.8092803955078,59.3987512588501,21.38739,30.107786
231.81000900268555,60.37771797180176,22.218071,29.760601
233.24536609649658,59.17294406890869,21.698843,30.602308
231.61394119262695,60.219590187072754,24.000717,30.108046
232.27457809448242,59.643917083740234,22.065613,30.781586
231.89670658111572,58.62716007232666,23.087095,30.784231
233.29451179504395,58.95316696166992,21.753986,30.724548
232.86980056762695,60.13671588897705,22.13517,29.910429
232.8663454055786,59.510544776916504,21.863714,31.051786
233.47507572174072,58.93733310699463,22.508749,30.801626
232.82825374603271,60.30439758300781,22.403582,30.156296
232.41600036621094,59.93957233428955,22.654068,30.330809
233.91255378723145,59.40804958343506,22.009739,30.807634
234.32974338531494,60.427401542663574,21.866156,30.264727
233.40954113006592,59.71003818511963,23.081629,30.600622
234.03956508636475,59.41866874694824,22.367235,31.386341
232.83832359313965,59.65543174743652,23.294506,30.809734
233.22466945648193,60.49777603149414,23.117243,30.353508
233.8294677734375,60.26359558105469,21.87046,31.122932
234.02684688568115,61.06457328796387,21.901857,30.74738
234.70370864868164,60.41425895690918,21.52533,31.10725
234.42628955841064,60.951955795288086,21.624914,31.101849
234.18483448028564,60.83140468597412,21.175917,31.293177
234.435959815979,61.83899116516113,20.508314,31.001057
233.672589302063,62.434372901916504,21.293867,30.6602
233.94403171539307,62.1131477355957,21.319914,30.661064
234.02418613433838,62.101643562316895,21.057173,30.76126
234.44420528411865,61.915175437927246,20.64689,30.667368
233.60102462768555,62.24950408935547,21.060707,30.489044
233.83616542816162,62.34266471862793,21.314783,30.565273
234.2639865875244,61.39980125427246,20.97765,31.02686
234.47162532806396,62.2107572555542,20.914515,30.263353
234.1044797897339,61.85629177093506,21.465677,30.841791
234.4731912612915,62.01251411437988,20.531485,30.835209
233.833083152771,62.26039791107178,21.582476,30.711382
233.69897174835205,61.09933376312256,20.938665,31.290842
234.40897941589355,61.39139270782471,21.137608,30.838964
234.52076625823975,61.877174377441406,21.54938,31.002083
234.36721420288086,61.96469593048096,21.000725,30.871984
234.96629333496094,61.5765438079834,20.63675,30.866703
234.08549118041992,61.96445846557617,21.048256,30.239853
233.0355749130249,62.046085357666016,21.691324,30.608627
233.9500026702881,61.96027374267578,21.133251,30.877296
233.18380165100098,61.67384719848633,22.185902,30.65232
233.9210329055786,61.83108425140381,20.89327,30.03544
233.40738487243652,62.86450004577637,21.22974,30.76836
232.7814998626709,62.14707088470459,21.061947,30.197863
234.39558696746826,62.171260833740234,20.46879,30.456635
233.69870567321777,61.78208827972412,21.271435,30.431643
233.31805610656738,61.80477046966553,21.104626,31.176126
233.0647096633911,61.29070281982422,21.431845,31.446106
234.32131385803223,60.593445777893066,20.833157,31.095243
233.79805755615234,60.44700622558594,21.348991,30.84343
234.23176956176758,60.54912185668945,21.447906,31.16426
234.64205837249756,60.36308288574219,21.226435,31.246025
234.16789531707764,61.5268497467041,21.368189,30.385647
234.95447444915771,61.7408971786499,20.733019,31.097673
233.53184127807617,61.08679962158203,21.701378,31.05072
233.17527770996094,61.52896690368652,22.02671,30.545986
233.19731044769287,61.43158149719238,21.570246,30.59473
233.72085094451904,60.508304595947266,21.560495,31.395988
234.14152240753174,61.39133834838867,20.76544,30.632286
232.74874210357666,61.59089946746826,21.61331,30.373789
233.49942207336426,61.929006576538086,21.021336,30.593075
233.10580825805664,60.6589298248291,20.714775,31.725368
234.4531650543213,60.645066261291504,20.235744,31.389975
233.77176666259766,61.195363998413086,20.68808,30.814762
233.48635005950928,60.83859348297119,21.327097,31.091558
233.40370559692383,61.851444244384766,21.436768,30.480263
232.7410078048706,60.73917198181152,21.698984,30.774746
233.16984939575195,61.42659854888916,21.429733,31.208433
234.14188766479492,60.70564842224121,21.541832,31.240818
233.611177444458,61.31691837310791,21.519695,30.805006
234.4723997116089,61.036484718322754,20.642199,31.21633
233.8060998916626,61.76172065734863,20.93469,30.922459
233.48939990997314,61.21250057220459,20.453459,31.43635
233.64752674102783,61.484124183654785,21.235449,31.512434
233.1620216369629,61.45200729370117,21.43576,30.923431
233.72371673583984,61.36398792266846,20.768341,31.296766
232.9931468963623,61.142189025878906,21.513157,31.049004
233.61747932434082,62.30137062072754,21.419453,30.46664
233.2967529296875,62.08323097229004,21.480453,30.665676
233.92008590698242,61.88802146911621,21.239975,31.079624
232.94619941711426,62.35265922546387,22.223438,30.663303
233.46834468841553,61.981977462768555,22.020464,31.026478
234.69655799865723,62.02502632141113,21.365917,30.87061
234.67095184326172,62.74184608459473,21.407677,30.7523
234.25465393066406,61.981760025024414,21.922127,30.927021
233.6393175125122,62.38203144073486,22.275167,30.90602
233.85901165008545,61.690306663513184,21.93461,31.392992
234.07812309265137,62.03074359893799,21.85596,31.271338
233.78209781646729,61.62617778778076,21.906202,31.009607
234.27722549438477,61.23396968841553,21.382965,31.589235
234.15711212158203,61.03396129608154,21.99643,31.520464
234.67331504821777,61.29001426696777,21.640507,31.080593
234.5693302154541,61.474392890930176,21.77277,30.967794
235.39496898651123,61.08038139343262,21.100595,31.561878
235.88928985595703,61.57806968688965,20.919418,30.954334
236.29674625396729,59.651339530944824,20.350554,31.91379
235.08891773223877,60.46923542022705,21.970945,31.205442
236.07570266723633,60.796908378601074,21.119865,31.102686
235.32081985473633,61.30157661437988,21.461739,30.93517
235.68867778778076,61.26258945465088,21.49589,30.488836
235.09057521820068,61.813310623168945,21.548021,30.376324
234.37206745147705,61.328935623168945,22.411695,30.402927
235.3089475631714,61.668070793151855,21.470789,31.328592
234.8229579925537,61.35827445983887,21.485859,31.54163
234.48425102233887,61.789753913879395,22.208141,30.509085
234.30048942565918,62.185569763183594,21.836857,30.102997
234.13326263427734,61.81606101989746,22.000801,31.070972
234.43557834625244,62.18682670593262,22.332327,31.217777
233.9573163986206,62.59531497955322,22.478907,31.018927
234.98476028442383,61.45440673828125,21.12526,31.52224
235.04095458984375,61.772650718688965,21.187363,30.450663
234.97402095794678,62.031556129455566,21.22265,31.125578
233.67387676239014,61.154534339904785,22.195131,31.598341
235.78117179870605,62.18513488769531,21.069157,31.162354
234.50536251068115,61.525333404541016,21.90339,31.321518
235.3408203125,61.7981481552124,21.165161,31.694124
234.62257480621338,61.640092849731445,21.95104,31.345806
233.78265571594238,61.82108211517334,21.830105,31.234674
233.22900390625,62.19106864929199,22.589706,31.085201
233.32219696044922,61.75239658355713,22.68145,30.989836
235.56310558319092,60.92792892456055,21.331018,31.155762
234.38987731933594,60.72743892669678,22.16011,31.288317
235.19972324371338,61.55078315734863,21.4746,31.01762
234.03068161010742,61.21595573425293,21.830109,31.047466
234.34192752838135,60.85879707336426,22.265203,31.88213
234.55836868286133,61.25363540649414,21.724762,31.233757
233.86492347717285,61.464237213134766,21.724133,31.12545
233.8836431503296,60.66418743133545,21.774706,31.43358
233.5885887145996,61.65464210510254,21.539955,31.300663
233.62706851959229,60.87983417510986,21.968313,31.33727
234.20807647705078,60.86977672576904,21.444069,31.175241
233.78082752227783,61.104705810546875,22.677702,31.093086
233.2627992630005,60.66789245605469,22.166899,32.05175
235.10177993774414,60.531521797180176,21.253212,31.497915
233.46128177642822,60.69506645202637,22.83557,31.149403
234.8928985595703,61.24813175201416,21.76751,30.893164
234.22536754608154,61.6662654876709,21.852205,30.617779
233.58476066589355,60.88183879852295,22.57368,31.576242
234.39674472808838,60.61343860626221,21.610968,31.759604
235.2424716949463,62.120792388916016,21.180576,31.877838
233.7360372543335,60.738762855529785,22.825418,31.5799
234.7628059387207,60.730690002441406,21.589676,32.20665
234.16311264038086,61.636802673339844,22.285019,31.652618
234.36812019348145,61.26834678649902,21.559772,31.82349
235.41353797912598,61.55214786529541,20.533772,31.595121
235.17139530181885,62.50530242919922,20.921865,30.603905
235.07183074951172,61.54061508178711,21.19728,30.939262
234.94464778900146,61.97023296356201,21.006113,30.810717
234.48717212677002,62.25135517120361,22.026297,30.585676
234.60086727142334,61.60136318206787,22.040323,31.725145
235.42331409454346,62.19228172302246,21.143126,30.81902
235.23164749145508,62.358333587646484,21.927765,30.114006
235.81439208984375,61.915340423583984,21.120064,31.25869
235.49755859375,60.79545211791992,21.591408,31.844788
235.54687690734863,61.26512432098389,21.448086,31.297266
234.5478343963623,62.453545570373535,21.68066,30.816015
234.7477216720581,61.6256103515625,22.047335,31.029053
234.7801856994629,62.0020809173584,21.570168,31.246288
235.85140991210938,61.761467933654785,20.719254,31.964315
234.48199367523193,61.73112106323242,21.735773,31.079102
234.91748428344727,61.06189250946045,21.29068,31.10274
234.47269439697266,60.66799545288086,21.165962,31.790215
233.3064842224121,61.43701171875,22.256363,31.318878
234.45815658569336,60.56626892089844,21.366692,32.17547
234.4493865966797,61.01684093475342,21.480507,31.261774
233.55997467041016,61.37431621551514,21.913841,31.244013
233.09595394134521,61.49470520019531,21.74032,30.880615
234.06521892547607,61.411094665527344,22.375544,31.289452
233.47200298309326,60.85238742828369,21.84717,31.535948
234.12665557861328,60.57404613494873,21.456749,31.310114
234.0006446838379,61.419429779052734,21.781166,30.475243
233.34295177459717,61.07808303833008,21.58201,30.744545
233.85762119293213,62.33588981628418,21.155516,30.669018
233.42692947387695,61.680460929870605,21.726845,31.135225
233.33688354492188,60.95721626281738,21.281448,31.088505
233.12314891815186,60.92485809326172,21.938318,30.720024
233.5765438079834,61.42646312713623,21.33276,30.962618
233.08595943450928,61.62017822265625,21.789942,30.549713
233.29843139648438,61.769269943237305,21.118622,30.594234
233.06799793243408,60.85227584838867,21.928114,31.343689
233.02748107910156,61.6079797744751,22.141167,30.89961
233.02880859375,61.574697494506836,22.187675,31.16499
233.40843105316162,62.30819225311279,21.68921,31.318827
232.73272323608398,62.57698631286621,21.481667,31.107845
233.13312244415283,61.08341979980469,21.253424,31.644218
233.45531368255615,61.96944522857666,21.404184,31.214804
232.57021713256836,61.31518840789795,22.500778,31.18075
234.4098014831543,61.1511287689209,20.975464,30.79549
233.2020502090454,60.036643981933594,22.984648,30.766548
233.9886646270752,58.453224182128906,22.886806,31.632347
233.9962739944458,58.117234230041504,23.27905,31.51122
235.22426414489746,56.77341079711914,21.77042,31.479477
235.31171894073486,54.71561622619629,22.110723,30.709835
234.91547966003418,54.01609992980957,21.396404,28.078983
235.4589138031006,50.25419330596924,24.46622,29.905195
235.6186227798462,46.97709083557129,23.427351,30.388912
234.88040733337402,46.09865951538086,24.255848,28.209595
233.32712841033936,44.84482479095459,23.991419,27.7708
233.73795890808105,45.01986885070801,25.113903,26.689281
232.240496635437,43.55617904663086,26.240808,25.968208
232.94465827941895,42.37972927093506,29.393154,25.656626
230.65817832946777,37.35451602935791,29.968212,29.485785
231.06533908843994,35.55032253265381,29.228422,29.435045
231.74937057495117,34.806453704833984,28.580727,29.090652
230.57652854919434,34.94191074371338,30.620747,28.524183
227.57199668884277,31.92072868347168,33.016384,30.428211
226.17155647277832,34.33567142486572,35.700733,28.083998
225.14002227783203,28.986699104309082,35.433685,30.388662
224.00567817687988,27.99880599975586,37.57266,28.900536
225.02174949645996,17.812557220458984,36.188145,32.63817
227.64503860473633,10.370819091796875,35.140617,37.321144
223.3427028656006,10.994568824768066,39.491993,31.35227
223.55826377868652,12.305307388305664,37.137287,34.853397
216.44534873962402,4.247408866882324,44.407154,27.093485
220.1467628479004,2.2279129028320312,39.776955,28.078156
224.0272045135498,2.8853673934936523,35.03551,29.736223
219.98019313812256,33.0499382019043,29.136278,31.125938
219.13214015960693,32.935340881347656,27.626627,32.925407
222.45526599884033,37.46232986450195,27.019224,32.685104
224.16190814971924,43.00606060028076,24.429853,30.60129
226.10744953155518,46.21578598022461,21.714537,29.693604
224.94146633148193,47.84185791015625,23.291582,30.54058
227.82899570465088,49.052300453186035,21.38085,31.86955
228.42028427124023,52.53190994262695,20.061356,31.049927
229.4652557373047,54.97111797332764,20.47548,30.745089
228.72315883636475,57.89176940917969,21.03734,30.572983
229.0431785583496,59.49533653259277,20.920723,30.64027
229.45052909851074,61.7993803024292,21.274471,30.55005
229.82660675048828,62.75733280181885,21.268364,30.979628
231.37818241119385,65.30814743041992,20.436918,31.139519
230.81241607666016,67.4115514755249,20.512436,30.872995
229.91205310821533,68.3744945526123,20.955557,30.249683
228.8571481704712,70.82733917236328,21.894804,30.376793
226.93202781677246,73.1905870437622,22.61259,30.295874
223.99676704406738,75.48311042785645,24.856976,29.760487
224.51879024505615,77.2899522781372,23.9387,31.125898
224.82728672027588,79.14555072784424,23.84004,31.529036
222.45309925079346,80.73441791534424,25.277784,31.56349
221.44988250732422,82.2252140045166,25.516975,31.804218
223.58795738220215,83.2354326248169,23.93829,31.689947
223.45059776306152,83.3298110961914,24.341824,32.41284
222.82779026031494,84.83490467071533,24.627325,31.517859
222.85480403900146,85.19515228271484,24.540758,31.91005
222.9350128173828,86.60685157775879,24.401367,31.01411
222.19148445129395,86.53348445892334,24.867245,31.65365
222.87928771972656,85.79771041870117,24.2809,32.4683
222.22574424743652,84.91020584106445,24.909489,32.08252
223.36977100372314,85.55276203155518,24.398146,31.815046
222.6879301071167,85.48416328430176,24.355303,30.864262
223.851336479187,84.68595886230469,24.305292,31.74916
224.43536472320557,85.58136367797852,23.482634,31.450455
223.17647552490234,86.77323913574219,25.446304,31.068146
223.59081363677979,88.3519115447998,26.678747,30.3774
224.51137924194336,89.2566614151001,24.69519,30.787123
224.7021780014038,90.23053359985352,26.529848,31.514885
227.12934112548828,90.45728302001953,23.698105,31.193832
226.95778560638428,90.565110206604,27.808641,31.911772
229.47550582885742,91.4735164642334,29.636879,30.837551
229.98047065734863,90.04985237121582,27.585987,31.899364
230.9724817276001,89.65040397644043,29.205114,30.24062
232.4302625656128,88.95113754272461,27.391077,32.192062
233.44553089141846,88.0820140838623,29.675177,31.48167
235.03762245178223,87.87971305847168,34.174313,32.699497
235.2509422302246,87.67640686035156,36.853783,34.048584
237.77007865905762,88.35057067871094,35.947132,33.55803
241.75809288024902,86.06269645690918,34.81966,34.61072
243.71514129638672,86.59280967712402,33.324112,35.302814
246.14517211914062,85.77612686157227,34.43872,34.7228
248.40237426757812,85.1891918182373,34.999954,35.728397
250.93054580688477,85.51857376098633,32.55651,34.421196
253.55856895446777,85.59730529785156,30.098988,34.19673
252.63322067260742,85.13412666320801,32.790398,32.406002
253.1835536956787,84.82909774780273,33.881077,33.375114
254.75757026672363,82.82331466674805,33.08061,34.79792
254.3627109527588,82.16814231872559,32.88534,34.37145
257.75381088256836,81.9830379486084,29.936302,34.78783
254.9563045501709,81.80856132507324,32.717487,33.84374
254.69132804870605,81.54839897155762,33.081074,34.20519
259.176589012146,80.7000560760498,29.394686,34.752842
259.92156887054443,81.17997932434082,27.879015,33.375484
258.18929290771484,80.91421318054199,29.79847,33.496067
257.93799209594727,78.88695335388184,29.993202,34.248905
261.2492275238037,78.06498527526855,25.831593,33.115116
260.4138011932373,75.33104991912842,27.33459,31.70576
256.97107696533203,70.38929176330566,29.455742,32.23554
257.78572368621826,66.95952129364014,29.355623,31.81238
255.60125923156738,61.11786079406738,32.793568,33.40906
251.39632415771484,60.104713439941406,35.508537,32.92698
252.64944648742676,57.87993049621582,34.24526,31.673649
250.44042491912842,57.28439903259277,24.504755,29.890469
249.3444004058838,52.91105079650879,19.714931,26.053883
250.09253692626953,52.0346097946167,18.445465,26.318605
249.24255466461182,48.08802604675293,18.79083,23.037174
252.88969039916992,45.21917915344238,16.427353,26.489986
253.99414348602295,43.53897666931152,14.795275,25.398335
252.76867866516113,40.43599510192871,16.89207,26.94846
253.10027313232422,37.04595947265625,18.664223,27.836212
253.5982265472412,37.47114944458008,15.785625,25.42762
251.45593070983887,36.10650157928467,17.881046,24.922281
252.8806276321411,35.08207702636719,15.622671,25.818527
254.31010246276855,33.53396987915039,17.692783,28.425682
254.62848281860352,32.09184265136719,23.38124,29.163338
258.26741790771484,29.871585845947266,30.279922,32.261894
256.07571601867676,29.180112838745117,33.609318,32.772945
257.1045837402344,27.632081985473633,32.3095,34.644657
257.92880725860596,30.283737182617188,29.989805,34.54844
260.0199089050293,32.38591384887695,28.779236,34.065857
259.98876094818115,30.631715774536133,29.787287,39.229862
259.1782503128052,28.561113357543945,31.186735,43.63753
253.04726791381836,30.6944580078125,37.67845,42.408974
256.3678894042969,29.129697799682617,36.110954,46.933712
257.7272186279297,33.53784942626953,37.646004,43.539406
258.928258895874,35.81631851196289,34.643917,44.174133
258.89552116394043,46.15632629394531,33.338634,34.96801
254.36233520507812,48.06579780578613,35.210167,33.21114
257.7868537902832,47.88089370727539,34.16037,34.687332
257.5767478942871,50.965436935424805,34.68643,33.287777
256.1871223449707,54.059085845947266,34.853806,33.482025
252.12189865112305,57.30036735534668,34.198593,33.855907
255.12442684173584,61.15803337097168,30.727182,33.637554
251.58319282531738,64.04606819152832,32.501537,33.231968
250.1899528503418,67.83276176452637,31.921013,32.57809
248.5752992630005,70.51678276062012,31.996298,32.218166
246.95076370239258,72.53078079223633,29.299011,32.703995
242.6152286529541,75.74259567260742,31.243816,32.29991
240.53977394104004,79.12891387939453,31.295513,32.250893
236.7109031677246,81.08750915527344,34.319557,32.49656
238.5917043685913,85.02364921569824,31.62877,31.656322
236.67656993865967,86.23167419433594,26.344072,32.662804
234.49081134796143,89.06577587127686,29.098402,31.197557
233.27099514007568,89.67389297485352,29.770739,32.42286
233.21549892425537,92.02285099029541,31.61484,31.96498
229.77863121032715,93.35644721984863,26.74747,31.513714
229.39845275878906,94.9560661315918,27.767624,31.293129
229.18694400787354,94.95806312561035,26.733267,31.331554
227.86759662628174,95.09248447418213,25.386633,31.636038
226.91022872924805,95.28943252563477,25.16565,32.031082
228.39673709869385,96.67753982543945,24.953695,31.445518
226.84961128234863,96.66055870056152,25.15009,31.086056
228.23750972747803,96.62589359283447,24.212091,31.6687
227.20259475708008,96.64234733581543,25.562637,31.439259
228.2157440185547,95.88704681396484,23.742989,32.00602
226.74592208862305,96.17495918273926,24.748772,31.717129
227.2319917678833,94.522047996521,24.559385,31.318972
228.55275344848633,92.03795337677002,23.434532,31.47003
228.53462409973145,89.67510318756104,24.459332,30.630674
227.56123065948486,84.1206111907959,27.895674,30.300869
229.60190868377686,79.30694389343262,25.417261,32.145145
230.70895385742188,75.02892971038818,25.619415,30.740427
232.80572700500488,71.00848293304443,22.498768,31.563608
232.83779907226562,67.31406497955322,22.274048,30.92581
233.65188121795654,63.817386627197266,21.008402,30.712791
231.74840259552002,59.51912879943848,21.053755,31.044453
232.11064338684082,56.199602127075195,19.969372,30.890507
229.39533138275146,52.367218017578125,22.033976,30.91732
228.47810077667236,48.60275363922119,21.5977,31.322256
224.67956161499023,45.413639068603516,23.656174,31.54242
226.1039171218872,44.90694808959961,22.272749,30.348969
225.5039882659912,43.81116008758545,22.188076,28.742693
225.7244119644165,41.875576972961426,22.24751,29.293692
219.94284534454346,38.89709186553955,27.340078,30.664923
215.51849842071533,34.6075553894043,28.73287,33.030624
214.32355880737305,34.80477237701416,30.875496,31.99269
215.73062229156494,34.56355857849121,29.206701,32.87804
215.69322776794434,33.14779090881348,28.57021,32.75188
216.68253231048584,31.537372589111328,26.568644,33.556778
217.03117084503174,33.36097526550293,26.677977,31.68459
216.3629503250122,33.059203147888184,27.834303,31.684198
219.89863872528076,35.0941104888916,28.669893,31.441776
218.44853591918945,34.52845001220703,28.817757,31.418839
222.56374740600586,35.584604263305664,27.557037,32.47906
226.26149559020996,40.75759220123291,27.861553,29.679472
230.21398544311523,43.32760143280029,23.176056,29.175798
233.5011224746704,44.61862087249756,26.566069,30.67653
232.87757110595703,46.30894184112549,29.808968,31.684011
235.0394058227539,48.978986740112305,28.246994,32.32201
232.33430099487305,51.37792778015137,33.55813,32.751507
239.14626121520996,54.44778823852539,28.399128,32.8824
241.34750652313232,58.09981727600098,29.79516,32.38944
244.23476123809814,61.88117504119873,29.360342,30.825579
247.25247478485107,64.0520076751709,28.409319,32.58018
248.25368213653564,66.79669952392578,29.306349,32.624237
251.98729705810547,69.39331436157227,28.315285,34.06066
250.78650188446045,73.97039222717285,31.221178,33.455975
252.90264701843262,75.41712951660156,32.028576,34.132065
254.959135055542,78.787109375,32.264553,34.38649
254.03652000427246,81.0301570892334,32.44195,33.31049
252.81524658203125,82.71787071228027,33.6419,33.938526
252.19453048706055,84.67717552185059,34.89444,33.520863
252.83025932312012,86.87270927429199,34.73881,35.169575
250.41056442260742,88.06098175048828,37.301758,34.748917
249.64435386657715,89.29565048217773,38.061153,35.469032
250.09620094299316,89.30084609985352,38.05776,35.53681
251.58459854125977,89.61037254333496,35.540268,35.978825
251.8852596282959,89.95417785644531,36.015285,35.712524
251.83582878112793,90.17303466796875,36.2792,35.958588
251.62184524536133,90.584716796875,36.344208,34.973785
250.26214027404785,89.79920959472656,37.434483,36.170135
252.35506629943848,90.94444465637207,36.274433,35.378902
255.36542129516602,90.86117935180664,32.178513,35.56948
252.1602077484131,90.89722442626953,35.56158,34.108597
253.98849868774414,90.71182441711426,33.935165,35.877773
255.7046947479248,89.24696159362793,32.5079,35.36185
252.1797275543213,86.7361888885498,36.70966,35.679737
256.3691053390503,82.2955322265625,30.89673,34.623016
256.37674713134766,79.92531776428223,31.592262,34.194782
252.4322910308838,74.73080635070801,35.576084,34.490963
254.68106269836426,70.55015563964844,35.370426,35.14444
254.57377243041992,65.68341064453125,34.58354,34.093216
254.7163429260254,62.11001968383789,35.571762,32.511772
255.12096214294434,57.544857025146484,35.173687,33.902733
252.72802352905273,52.72266960144043,34.454895,33.111866
254.40714073181152,46.182701110839844,34.542873,34.730583
255.31247520446777,34.88761329650879,34.38679,42.30122
256.59128189086914,31.638347625732422,33.871384,41.71499
255.72943687438965,32.02219200134277,33.79771,38.293568
256.00386142730713,30.301963806152344,31.413092,37.4756
256.4386806488037,28.317903518676758,32.62283,36.219036
252.56931495666504,30.937828063964844,33.33237,32.074768
249.41209506988525,31.316307067871094,25.853422,29.453384
251.69839477539062,31.25686550140381,25.9357,28.625002
252.6246452331543,30.670360565185547,26.339172,30.02893
251.5905122756958,31.032913208007812,22.594633,28.495216
250.73869609832764,32.34859752655029,17.725893,26.429438
256.04290199279785,26.57179069519043,30.290028,33.039608
259.2790107727051,28.66852378845215,29.729279,34.763073
261.3812198638916,27.184593200683594,29.505985,36.544914
258.0307788848877,28.993986129760742,34.406086,35.111065
259.38927841186523,28.201824188232422,36.540604,36.439774
261.07911109924316,29.883567810058594,36.800907,36.98707
261.25050258636475,32.75694465637207,27.280207,33.806263
279.1589584350586,31.77190399169922,27.466179,39.16037
286.0255346298218,32.97060203552246,24.61027,37.799183
289.6372947692871,35.034175872802734,24.82904,35.42051
293.02383041381836,35.79540252685547,24.570282,34.182938
295.62875747680664,36.36397361755371,24.87159,34.038906
289.3177375793457,37.89843559265137,34.205765,31.05206
289.27870750427246,37.3295783996582,37.19755,33.665115
288.6813688278198,40.51866436004639,29.02263,29.789675
299.22037982940674,36.47946548461914,29.151487,33.321556
301.5474491119385,37.04266929626465,27.251621,32.856434
303.7228202819824,37.71214485168457,24.751144,32.7802
300.89490032196045,37.44496536254883,28.681604,32.727753
290.9448013305664,39.174777030944824,33.973854,31.31058
289.462703704834,37.680908203125,37.85434,34.069283
287.2800979614258,38.60490798950195,38.005165,31.86818
286.83691787719727,37.93939971923828,36.00554,33.19245
294.8428611755371,35.52870178222656,25.207245,35.62867
292.33218574523926,37.20081329345703,24.864704,35.232307
288.68336486816406,37.70083999633789,24.755692,34.979347
283.434871673584,37.85316276550293,26.475883,34.413517
279.6935873031616,38.49862480163574,27.594904,33.510105
270.1407527923584,41.091583251953125,36.47063,32.03923
266.5885372161865,38.2460880279541,36.51975,35.130596
265.708553314209,29.936628341674805,32.75202,43.469044
260.1043701171875,29.501590728759766,34.184006,43.346855
253.2340383529663,36.21887969970703,30.408022,36.89406
253.28242111206055,34.77109336853027,35.61651,36.22127
246.1759853363037,38.40348815917969,34.33234,32.560684
243.77236652374268,38.83736991882324,31.952177,32.24782
253.92402458190918,37.165544509887695,35.289303,34.481075
247.14206314086914,36.5030517578125,32.72831,34.97209
244.81211376190186,37.09404754638672,29.102854,33.952225
245.2027072906494,35.89629364013672,24.976307,33.237625
243.59561920166016,38.71361446380615,25.684288,30.737192
241.77853107452393,37.540388107299805,26.58621,32.034336
237.39240264892578,36.671369552612305,25.213196,32.480785
237.03480339050293,38.85877799987793,26.786152,31.758167
234.6171817779541,40.09073734283447,27.568363,28.744314
233.47128772735596,41.64222717285156,26.98097,28.354294
228.71353435516357,39.81741237640381,26.74602,27.892206
228.08253383636475,40.888400077819824,25.464281,27.622446
227.0662326812744,39.9700813293457,24.825352,28.490936
224.24556159973145,36.04809379577637,24.13972,32.604473
221.04984664916992,33.35825157165527,25.747215,34.81197
218.9548397064209,32.99374961853027,25.042881,35.233196
220.40087699890137,37.18222618103027,23.206684,30.633625
217.3580503463745,36.904296875,23.576288,30.304863
214.67615795135498,33.98666954040527,25.34794,33.723553
214.41868591308594,33.494354248046875,25.92662,34.57804
214.01620483398438,33.03327941894531,24.850517,35.152786
212.7586965560913,34.86057662963867,24.413157,33.088753
213.71996688842773,35.701887130737305,23.628403,33.489002
213.97478866577148,36.58620643615723,23.084518,32.70644
213.74175930023193,37.12488555908203,24.298456,32.491997
214.3293333053589,35.50111961364746,24.73765,34.47188
213.77566146850586,39.03322124481201,22.80822,31.367205
214.7241621017456,40.971845626831055,22.999521,32.6238
213.8681640625,44.62090301513672,23.21576,31.583504
214.7777500152588,47.74752616882324,21.6918,31.513325
215.08655643463135,52.07817363739014,21.47444,30.689554
214.98461532592773,57.44637203216553,22.002762,30.359987
217.92914295196533,60.97647571563721,21.725927,31.486761
217.31770133972168,66.43618965148926,21.529438,30.842144
217.34453964233398,71.63461875915527,21.426193,31.327984
217.07292556762695,76.85799980163574,22.653229,30.773129
218.29923057556152,81.23130989074707,22.532307,32.14974
218.0813684463501,85.58010578155518,23.664267,31.763716
217.97368907928467,91.34462451934814,23.88103,31.295553
216.83491039276123,95.39687442779541,26.22133,29.425352
218.0057897567749,98.19599342346191,24.416582,30.661663
216.73345470428467,99.32803440093994,25.384333,31.759932
216.06241416931152,102.33962345123291,25.464375,31.147161
215.8893222808838,103.73751640319824,28.372166,30.190884
214.6167287826538,103.63464736938477,27.063791,31.421898
215.45403003692627,104.17706966400146,28.185896,31.312914
214.7163610458374,103.53781795501709,28.161242,31.954493
215.2792501449585,102.37572860717773,25.191362,31.37362
216.63087844848633,101.99338054656982,24.893661,31.004564
216.31327629089355,101.70604133605957,24.010616,30.862812
216.9151086807251,99.56377506256104,23.989737,31.842794
218.23857879638672,99.00064277648926,25.13601,30.611912
218.65807056427002,97.37694644927979,25.449385,31.180914
218.34858226776123,96.95618724822998,28.902308,30.364237
222.71198844909668,94.48171424865723,28.056675,30.428913
228.56488132476807,92.60802841186523,29.796965,30.393028
230.30146980285645,91.38321590423584,29.312595,31.162622
230.62440013885498,89.27968215942383,31.934855,31.616661
232.68473052978516,87.92569351196289,40.00827,31.998695
234.43377685546875,87.27154159545898,41.57109,32.190575
239.52134132385254,85.57490158081055,40.912212,33.85505
246.50489234924316,83.85801315307617,39.667416,34.776894
254.07408142089844,82.63681602478027,36.06259,36.68967
252.44936180114746,83.0456314086914,36.954456,35.99472
254.13128662109375,80.27825164794922,37.028458,36.55716
255.11059951782227,80.552490234375,35.247124,36.58554
259.19618129730225,80.76606750488281,30.48401,34.450302
262.6439018249512,80.91085815429688,27.409126,34.02832
264.1831159591675,78.93021774291992,28.02102,34.168976
265.588041305542,78.18424987792969,27.968838,35.64273
262.99938583374023,78.33032989501953,32.287926,32.714294
269.5932912826538,78.71333885192871,26.322039,31.832386
267.0244197845459,79.04962921142578,28.36205,31.337074
266.33815002441406,79.96087741851807,30.01258,31.035772
266.8441743850708,79.70170974731445,29.679342,31.84842
268.21203422546387,79.64091682434082,28.377872,31.51392
267.17183017730713,78.90843200683594,28.774008,31.85762
266.91649055480957,79.02963638305664,28.750439,34.186394
265.1092987060547,78.65930557250977,30.047646,35.29899
263.71853160858154,78.59766006469727,31.24431,37.06774
262.38515281677246,78.68664741516113,31.46104,34.563885
260.7017517089844,76.83529090881348,31.432259,32.96532
261.2058219909668,76.81879997253418,32.282486,36.177563
259.1882610321045,75.083251953125,35.33694,35.819817
257.5696659088135,73.69511985778809,37.395588,38.972713
257.6738815307617,73.41598701477051,37.594276,35.3859
252.99025344848633,71.45647621154785,38.579544,35.825443
250.51164627075195,72.96576690673828,40.45488,35.620094
242.37655639648438,70.44894409179688,40.119072,35.303444
237.39467430114746,71.46745681762695,38.28874,33.274597
238.23524284362793,71.02042961120605,34.871746,33.890514
237.18682384490967,71.99168014526367,31.637178,32.83824
237.6613655090332,72.0866470336914,30.467346,34.239662
230.8504638671875,71.46730422973633,36.3313,32.351906
234.2697696685791,72.79975700378418,32.87193,32.775303
233.27761268615723,70.99599838256836,29.944172,33.69741
231.88972187042236,70.68981552124023,25.811102,33.06814
231.44641780853271,71.01015853881836,31.753252,31.697289
233.06853771209717,69.71949195861816,29.852808,33.2477
231.45545196533203,71.01072883605957,31.047333,31.76978
230.9677562713623,69.26332664489746,28.478596,32.535236
230.05144786834717,67.46017074584961,24.518618,31.240059
226.72251892089844,66.42999935150146,24.912834,31.378893
228.03650951385498,65.63861656188965,24.618982,32.39194
228.86058712005615,63.58427619934082,21.74843,32.55131
226.5219497680664,61.65014171600342,23.483658,31.999956
227.5708293914795,59.63225269317627,21.513058,30.921286
226.02049160003662,58.68812084197998,22.217402,30.909166
227.1084680557251,56.461623191833496,19.721891,31.178522
224.89558601379395,54.27146053314209,21.901478,30.299631
225.13069915771484,53.29840850830078,21.289627,30.160225
222.25214004516602,51.44248676300049,22.199821,30.564543
222.33646965026855,48.79124736785889,21.732113,31.334986
222.04693603515625,47.2955379486084,22.124626,31.822727
220.24745178222656,45.78957462310791,22.84201,30.76753
221.37516021728516,43.68000507354736,21.611748,31.023893
220.55972957611084,41.535526275634766,22.990786,30.88089
218.96846675872803,41.226773262023926,23.723162,30.33631
219.78665447235107,37.9300012588501,24.483675,31.62512
220.44980335235596,36.39372158050537,24.61762,31.370928
221.0146780014038,36.09373092651367,24.753695,29.734253
218.14651679992676,34.96646976470947,27.116169,29.443518
219.2507095336914,34.85959815979004,29.203903,28.731136
217.9458465576172,31.135854721069336,27.577515,30.577686
218.32225227355957,34.457489013671875,26.418926,26.282661
217.8150291442871,33.96771049499512,24.810394,25.296986
218.64275932312012,33.84759330749512,25.308178,24.572948
217.62180042266846,31.69308376312256,25.865507,25.158945
214.00450992584229,32.33558940887451,26.441916,25.514727
216.4517059326172,33.22753715515137,25.151978,24.764904
215.82916259765625,33.79048252105713,26.31874,25.221937
214.66412258148193,35.514015197753906,27.056963,23.8469
213.54568195343018,33.6197452545166,27.499151,25.737247
214.53409957885742,34.503947257995605,28.406525,25.257723
212.42184829711914,32.63114070892334,29.194992,27.024889
215.0089931488037,34.31418991088867,30.058704,26.038742
215.4853868484497,33.218167304992676,28.148985,26.141432
214.72248363494873,32.485758781433105,26.02994,27.352358
214.82848644256592,31.161843299865723,25.589647,28.362814
215.52983379364014,35.136868476867676,26.771738,25.030523
215.9426383972168,32.66032791137695,25.14112,27.833328
216.10506439208984,33.96550273895264,25.82663,26.91984
217.8251714706421,37.15234661102295,24.13759,23.829447
218.0921277999878,34.42275619506836,24.975397,27.179283
217.38788890838623,36.221221923828125,26.091494,26.021675
220.33145236968994,37.20176124572754,24.372847,26.036022
222.16154956817627,38.12166404724121,21.667158,25.6086
221.0697717666626,37.038222312927246,23.208578,26.701372
222.6724100112915,37.98637294769287,22.680006,26.593187
223.76348209381104,38.52035999298096,22.714323,26.394613
223.75162315368652,37.07851982116699,23.205212,27.420818
224.2571268081665,38.681501388549805,22.137571,27.351093
224.87924766540527,38.171987533569336,22.670918,28.900677
224.31307983398438,39.24342346191406,21.681953,28.43238
223.15102005004883,41.532320976257324,23.589455,28.75062
224.09199237823486,43.81963539123535,23.266752,28.699322
226.13368892669678,43.06500053405762,22.272905,31.028133
226.14574813842773,42.189809799194336,23.873802,32.59302
227.21754932403564,41.2340145111084,23.838057,34.347256
229.9024658203125,42.83705806732178,26.299362,30.024347
232.59396743774414,39.738956451416016,27.410118,32.142105
235.01160144805908,39.40134143829346,26.43035,29.750486
237.40816402435303,36.68681812286377,24.80816,30.444487
235.78923988342285,34.83457374572754,28.324749,30.389172
238.29363536834717,31.52052116394043,28.138643,31.935757
242.9288158416748,31.6658935546875,27.976772,33.535667
245.67547512054443,30.352375030517578,27.122217,32.415855
247.57033252716064,29.133413314819336,29.78803,31.863605
253.72521114349365,30.697784423828125,31.660418,32.332077
248.18110466003418,31.167128562927246,31.476322,30.442888
252.6048698425293,26.881996154785156,29.825935,31.83123
252.21981239318848,28.219587326049805,29.310024,31.110668
256.41332244873047,25.248077392578125,27.221237,34.130722
254.5735387802124,26.31829833984375,31.236917,32.9909
249.23855018615723,26.826313018798828,34.707676,31.817596
249.64164352416992,24.034934997558594,33.056885,32.618095
248.0137996673584,24.399867057800293,33.33653,31.791246
249.27829933166504,25.753681182861328,32.753025,32.006607
254.41351318359375,24.92216682434082,31.117607,34.67243
249.5360870361328,30.0716609954834,33.598785,30.542019
251.64066123962402,29.091068267822266,32.197132,33.64305
247.95506286621094,33.916945457458496,29.021225,29.626047
244.57271480560303,36.99495792388916,25.090006,28.573362
241.09616661071777,36.968342781066895,27.05727,26.604864
238.9043378829956,39.351731300354004,28.16694,26.529142
238.24154376983643,39.490421295166016,26.11041,26.4235
238.594313621521,38.23745632171631,24.217432,27.418215
234.36886405944824,37.78366470336914,26.883823,28.858627
232.23060989379883,39.271711349487305,25.87854,26.638905
225.17973709106445,37.718329429626465,25.22245,27.384943
226.6169261932373,37.697879791259766,24.02789,27.439339
221.61671352386475,37.754719734191895,25.045168,27.028616
218.82271099090576,34.75515365600586,26.77408,28.838608
215.54072952270508,34.110530853271484,28.356995,27.699226
217.2789182662964,35.087138175964355,27.428385,25.981005
216.21008110046387,34.46341609954834,27.770046,26.47117
217.13242721557617,32.43720531463623,26.298096,28.269869
218.60096168518066,34.16759490966797,27.947964,26.737991
216.81856536865234,30.639155387878418,27.200119,30.349718
217.750883102417,31.68776035308838,26.516346,30.122435
216.81603145599365,30.57856559753418,26.342302,30.75629
219.3654146194458,31.61529541015625,26.882185,29.185791
218.34582901000977,31.400848388671875,25.385635,29.227242
217.9142837524414,29.70726203918457,27.439087,30.088902
219.89742755889893,32.216012954711914,27.41538,28.406284
221.38924026489258,30.931416511535645,26.815483,29.19702
223.46897792816162,35.88935375213623,26.627802,26.198336
225.21012687683105,36.25359630584717,24.229435,27.981043
226.45990371704102,36.94288349151611,20.432411,29.06806
223.03668880462646,36.736000061035156,22.842516,32.36467
224.88239097595215,39.33511734008789,22.329227,31.736305
225.4240207672119,44.47004413604736,20.326275,30.412794
224.13585472106934,47.95832920074463,21.292301,30.328024
223.8164119720459,51.42166614532471,20.677776,30.019361
223.59082508087158,55.0945930480957,20.043348,30.080193
222.10089874267578,58.99316692352295,20.712296,30.238466
222.78708457946777,61.11612510681152,21.132137,30.893276
223.75771808624268,63.911970138549805,20.590132,30.10928
222.65275955200195,65.06601810455322,23.524986,30.08196
224.4675178527832,64.59456729888916,22.345856,30.223867
225.48574256896973,65.18867301940918,21.691227,30.820065
227.18521118164062,65.0792760848999,20.930145,30.45582
225.04947662353516,66.19121170043945,22.591888,31.310402
225.3137035369873,66.79932022094727,23.48473,31.04367
225.9681339263916,65.60642528533936,23.813976,31.698671
225.41424369812012,64.02614402770996,24.659718,31.624554
226.46755027770996,60.033145904541016,24.261143,32.236214
226.5340986251831,57.158456802368164,25.464373,30.511257
229.1291790008545,52.33425045013428,24.400433,30.566317
228.7717685699463,47.38930130004883,27.14861,30.554314
233.6750192642212,43.7130126953125,26.117811,31.054588
231.92091274261475,42.76492786407471,28.814714,28.755323
234.0710792541504,38.07367420196533,24.759277,31.080648
233.54189109802246,39.65059471130371,24.802197,30.30312
233.1743459701538,38.680999755859375,25.822428,32.021965
234.9123125076294,42.063859939575195,23.180632,29.46474
233.40695476531982,40.17899799346924,24.770998,31.462385
233.90713691711426,38.99728488922119,23.299747,31.419004
235.17014503479004,38.666550636291504,23.702213,30.109137
235.16036224365234,38.49640369415283,23.546158,29.607275
235.30052375793457,37.29474925994873,22.907467,29.625917
235.7054958343506,35.79435634613037,22.782177,30.170618
233.8892002105713,37.55276870727539,24.04102,28.87851
234.67929553985596,37.86923313140869,24.039167,29.44248
234.29097175598145,35.22289276123047,23.42435,30.095245
235.9781837463379,37.06219005584717,23.12465,28.844248
235.4975299835205,37.64009952545166,22.59541,27.261229
235.8337984085083,39.50831604003906,23.810095,25.143394
235.1840524673462,38.037753105163574,25.042074,25.579454
236.64404010772705,38.0972785949707,23.773458,26.30651
232.91030406951904,36.949564933776855,26.083239,26.88022
236.21817588806152,35.753790855407715,25.028645,27.889475
237.5240774154663,37.068525314331055,22.714663,26.196918
238.3522253036499,34.4796028137207,21.760798,27.72358
234.04546546936035,34.62416172027588,25.524387,27.30284
234.2204933166504,36.375043869018555,26.870132,26.465221
230.883282661438,32.89974403381348,27.82218,26.776585
230.63698291778564,31.30947208404541,28.144964,26.314146
228.9755687713623,30.36913013458252,28.683247,27.372015
227.12212753295898,27.50322723388672,30.141441,29.303032
230.55023860931396,24.41762351989746,27.716555,30.511478
228.9689302444458,23.332115173339844,28.483297,31.409454
224.45197868347168,28.203046798706055,32.51077,28.292164
227.82973384857178,29.352449417114258,30.172045,26.65585
232.90318298339844,28.492786407470703,30.634895,29.71325
231.7554416656494,29.498522758483887,30.97356,30.510942
231.554105758667,31.41038990020752,32.333004,29.631475
230.56405448913574,29.722957611083984,31.983982,31.021889
228.61341667175293,32.0574312210083,33.216236,30.35343
227.44970321655273,31.166894912719727,29.790909,30.09061
226.90159034729004,29.075448989868164,27.657665,28.444363
231.03935146331787,30.944564819335938,30.84247,28.20443
228.63483238220215,28.210491180419922,27.667141,30.666862
224.87071800231934,29.783411026000977,30.576221,29.211971
228.50811767578125,30.602703094482422,30.197357,30.232536
232.62694644927979,29.794638633728027,29.849897,30.543528
225.53479766845703,28.34088706970215,31.964157,30.219006
222.03519821166992,27.509916305541992,34.017647,30.798168
224.96971702575684,25.288354873657227,35.104053,34.158573
218.7488498687744,22.547608375549316,36.733624,31.765356
217.72671508789062,23.845458984375,37.135483,32.701134
215.64990043640137,20.131420135498047,36.734974,31.679901
228.36902523040771,27.382795333862305,29.403337,33.963787
226.73279666900635,29.604676246643066,31.826254,31.20284
222.53645133972168,31.438111305236816,36.06174,30.775625
222.8847827911377,33.88930130004883,35.872738,30.121307
225.4297580718994,33.298644065856934,34.809002,29.898676
225.3418025970459,34.392229080200195,33.06101,27.027271
224.88025093078613,34.09702968597412,32.278065,26.467836
224.2092456817627,33.36183547973633,32.84377,25.364494
226.95232486724854,31.404751777648926,30.113577,27.205969
224.60585594177246,31.42941188812256,32.721027,24.985811
222.86019134521484,32.21486568450928,35.101242,23.194796
224.2435646057129,30.814093589782715,33.974236,24.979036
223.6001377105713,31.962571144104004,34.48763,23.324072
222.2500286102295,31.7940616607666,36.436886,23.406048
221.9359245300293,32.606316566467285,36.72989,21.855192
224.057523727417,32.408766746520996,34.976543,21.657297
222.61737442016602,31.664840698242188,35.677116,23.053848
222.25170707702637,32.8039436340332,36.688786,21.33741
223.57321166992188,31.59775733947754,35.585793,23.767498
229.34007835388184,32.81738567352295,30.995792,23.328737
230.10780239105225,32.73062992095947,30.938433,23.128271
229.00304222106934,36.34414005279541,34.66293,21.017614
232.76556777954102,34.66725254058838,30.409393,23.640821
235.0916566848755,35.35851860046387,31.881407,23.311428
237.37454986572266,36.582457542419434,32.83293,23.667711
238.3838596343994,36.37681198120117,29.522755,22.951447
228.94620418548584,39.28932762145996,30.193079,25.311993
230.45586585998535,31.488962173461914,30.85709,26.140972
224.8465232849121,35.07182693481445,32.340805,24.839134
217.91298484802246,25.297199249267578,32.00574,26.210548
215.04060745239258,25.76011848449707,32.552223,27.370808
221.39701652526855,27.398518562316895,35.823963,28.71121
225.96870613098145,29.222301483154297,36.76576,29.654327
225.03276443481445,29.61248207092285,37.71734,30.270802
229.38172340393066,30.417838096618652,35.973232,29.723642
237.38194274902344,29.250125885009766,27.548615,31.682022
234.48892307281494,31.885952949523926,30.425253,30.956259
233.9502878189087,30.205039978027344,29.111944,31.56987
234.2397117614746,31.153159141540527,27.881004,30.03834
234.73223781585693,34.22479248046875,26.209368,25.836136
236.77063179016113,31.647750854492188,23.071468,28.90551
235.974365234375,32.31645965576172,25.806046,28.001953
236.08178901672363,31.702436447143555,26.082493,28.983868
236.0646448135376,32.50968074798584,24.809607,27.736933
236.07914543151855,32.295148849487305,25.248539,27.587727
236.88183307647705,30.553831100463867,25.565695,27.988842
241.2543544769287,31.74512481689453,23.447163,28.866287
242.28235912322998,32.28338432312012,21.910181,29.360561
246.04067611694336,31.924297332763672,20.049408,29.9207
243.58810901641846,31.962142944335938,22.03562,29.346497
246.76294994354248,32.37131309509277,19.63782,28.53233
247.32275390625,32.788527488708496,19.226913,26.916445
247.0904941558838,32.133543968200684,18.62032,27.586107
247.45783519744873,31.642329216003418,18.71795,27.680597
246.58248805999756,31.214834213256836,20.302439,28.557629
247.15630054473877,30.255837440490723,19.520994,29.13661
247.09006309509277,30.55585479736328,20.79781,29.170448
247.58445930480957,29.733335494995117,19.732403,29.641857
247.68717288970947,29.688358306884766,20.77239,29.261963
247.3575611114502,30.168685913085938,19.889446,29.250854
247.96270942687988,29.480830192565918,19.9277,29.659029
247.48877716064453,30.418169021606445,19.918854,29.171604
244.98685264587402,31.24963665008545,21.897907,27.684397
243.55858898162842,31.701021194458008,22.336855,26.131535
244.0410509109497,29.272024154663086,21.545752,28.816212
245.70588302612305,29.719968795776367,21.566872,28.538113
244.2577781677246,30.50331974029541,21.675522,27.88214
244.47454452514648,30.05100917816162,21.32206,27.741953
246.9344072341919,28.817694664001465,20.3616,27.789873
247.74147415161133,28.303707122802734,19.688011,27.405602
243.44868659973145,22.512439727783203,22.921406,26.381577
242.5677032470703,26.441794395446777,23.38713,27.49888
242.2256088256836,27.30034065246582,23.280746,26.910976
241.41605186462402,24.1977596282959,24.158901,27.010876
242.36386394500732,26.293404579162598,23.35003,28.485548
243.05088996887207,22.674236297607422,24.215374,30.680756
241.06255722045898,17.944488525390625,24.941444,27.896255
238.92198085784912,17.779481887817383,25.09701,27.850689
236.87813663482666,13.528670310974121,27.468687,28.212557
232.48190879821777,1.4053459167480469,26.675312,21.269806
234.46296977996826,1.0571479797363281,23.963404,18.60083
233.78763103485107,1.5001182556152344,21.879053,19.65921
234.9257345199585,1.674342155456543,21.508127,18.837694
236.82962322235107,1.960963249206543,19.767862,18.504206
239.35261631011963,1.7360906600952148,17.353048,16.486338
236.10146236419678,1.8656997680664062,19.251623,16.790634
233.58317756652832,1.9851245880126953,21.800713,16.090733
234.00014686584473,1.2699079513549805,21.846352,17.91865
232.13220596313477,1.2131462097167969,24.57526,18.117973
230.9743995666504,1.2662105560302734,25.316273,17.091213
230.7406530380249,1.6936373710632324,24.14971,15.877702
232.00478649139404,1.5937495231628418,24.481962,15.549417
232.50214862823486,1.374605655670166,23.747538,15.72465
235.1209363937378,1.979362964630127,22.011534,15.884322
232.65013122558594,1.844146728515625,23.02489,18.05017
232.63363361358643,1.3491926193237305,24.166254,19.947481
230.69300651550293,1.7604351043701172,25.533653,19.040127
232.83853149414062,1.11663818359375,23.704784,19.003868
234.68347072601318,1.6044750213623047,21.19341,18.18468
238.96451091766357,1.3821353912353516,19.162603,16.3428
240.2450876235962,0.71563720703125,17.38547,14.8042755
240.39679336547852,1.5163664817810059,17.360683,11.645925
241.55497932434082,0.9438056945800781,16.23386,10
241.27624702453613,-0.6848278045654297,16.801388,10
244.1281509399414,1.0037364959716797,17.963501,10.187584
247.93605613708496,1.9834065437316895,17.450489,14.336146
243.75680828094482,0.9828228950500488,19.079172,13.082484
238.99132633209229,0.6768732070922852,20.273993,10.355642
238.13750457763672,1.0956859588623047,19.842339,10.552555
240.26514148712158,1.0179524421691895,19.203611,10.1738615
240.37070178985596,-0.0888214111328125,19.027075,10
241.9295768737793,0.044857025146484375,19.188446,10
240.4948387145996,-0.5731620788574219,21.208244,10
243.52188110351562,0.47844791412353516,20.315788,13.521597
243.7074146270752,0.4822807312011719,20.803669,12.204964
244.7720365524292,1.2390894889831543,18.133364,13.757524
243.68907928466797,0.30647897720336914,20.200233,10.304908
242.42787551879883,0.20486068725585938,21.269638,10
241.34336948394775,0.8010520935058594,22.059748,10
239.39348316192627,0.9733991622924805,23.034407,11.4333515
240.12903118133545,0.6000909805297852,22.345552,11.855825
230.58971405029297,0.7478857040405273,31.035133,11.307016
224.98857879638672,2.105149745941162,35.61528,12.356244
224.6322364807129,1.368494987487793,35.542824,18.178766
230.90662956237793,9.403519630432129,29.728794,29.415373
232.59769821166992,10.355229377746582,27.963737,31.58544
235.5219430923462,12.254648208618164,25.147787,32.346714
236.55828285217285,13.774374008178711,25.678501,35.100506
236.55981540679932,16.695659637451172,26.175978,35.264114
238.59986400604248,24.870359420776367,23.221567,31.427364
239.0055513381958,28.50607681274414,22.527212,31.265053
238.9772720336914,29.91655921936035,22.71196,30.402996
238.66250133514404,33.01813793182373,23.94436,29.363008
238.46125984191895,33.68130588531494,23.450695,29.587278
238.83889865875244,34.438459396362305,22.824888,31.327717
237.8335886001587,34.64484405517578,25.18868,30.428123
237.60223293304443,34.64788818359375,26.17927,31.125229
234.2772912979126,36.46771240234375,29.07569,28.86341
238.6724510192871,35.09929180145264,26.337746,31.670717
240.58402156829834,36.81074237823486,26.40555,31.269186
240.8899164199829,37.64821243286133,26.928053,33.182808
240.90949726104736,41.996365547180176,27.347486,30.596014
239.45108318328857,45.493574142456055,28.832605,30.407238
240.13290786743164,48.31385326385498,29.068428,31.111826
238.4947166442871,51.07174491882324,31.243065,30.312923
238.75944137573242,52.63136863708496,29.740631,30.975536
238.7602367401123,51.832895278930664,29.291767,31.320019
236.6432991027832,51.37863731384277,32.430634,29.665188
