54.0,19.0,85,92
50.96853256225586,17.849624633789062,88.09867,93.242065
51.494937896728516,18.742462158203125,87.38531,94.22296
51.368595123291016,18.437808990478516,87.04769,94.60787
52.495277404785156,19.51351547241211,86.804306,92.75977
53.77267837524414,20.070648193359375,85.44161,92.37543
54.400665283203125,19.88534164428711,84.40381,90.7523
54.32204055786133,20.49924087524414,83.65673,90.824425
54.56531524658203,20.475330352783203,84.43428,90.54998
54.94607925415039,20.880390167236328,83.78478,89.4392
54.692100524902344,20.508556365966797,83.69438,89.099495
54.7114143371582,20.11550521850586,83.803734,88.55753
55.064510345458984,22.391826629638672,83.17979,85.48295
56.130775451660156,20.860179901123047,82.02318,87.63935
55.238250732421875,23.538318634033203,83.17993,86.19051
56.75846481323242,21.865341186523438,82.044075,86.999756
57.65534591674805,23.535377502441406,80.96381,85.721176
57.97098159790039,23.793926239013672,79.99413,84.72596
59.71551513671875,24.784347534179688,79.10275,82.86133
58.9924201965332,24.735755920410156,79.142235,82.64638
60.97488021850586,25.49496078491211,77.79725,82.14164
63.006343841552734,26.82445526123047,75.56861,81.088455
63.25968933105469,27.419208526611328,75.18866,80.86596
62.26454544067383,27.33342742919922,75.411125,80.48738
62.87739944458008,27.50409698486328,76.152275,80.87117
63.77181625366211,28.034751892089844,74.00834,79.80788
64.85129928588867,28.8570556640625,72.69746,78.35828
64.62310409545898,29.31052017211914,72.989784,77.54598
64.75828552246094,29.118026733398438,72.55481,77.267914
63.78736114501953,30.694477081298828,73.18776,77.098015
65.61149597167969,30.808692932128906,71.73779,76.2939
66.10107421875,31.50835418701172,70.92319,75.136734
66.03409194946289,31.859756469726562,70.39724,73.884186
67.0414924621582,32.51926040649414,68.9674,74.09548
66.641357421875,32.56502151489258,69.04581,73.36123
67.08584213256836,33.78573226928711,68.60096,73.03681
67.76111221313477,33.543155670166016,67.51653,72.73995
67.58071899414062,34.283721923828125,66.86554,71.509094
68.09206008911133,35.04800796508789,66.720665,70.73394
68.63387298583984,35.5742073059082,65.88411,71.83938
68.44783020019531,35.786865234375,65.66321,70.21408
67.65170669555664,36.88627243041992,65.99352,69.98051
68.20040130615234,37.263057708740234,65.54692,69.77512
67.5472297668457,37.71034240722656,65.59188,69.47357
67.93058776855469,38.422603607177734,65.670685,68.54191
66.90491104125977,38.33113098144531,65.71761,66.855835
66.84292984008789,39.31736373901367,66.371605,67.53736
66.22481918334961,39.24473571777344,65.334114,66.35843
66.02881622314453,40.033016204833984,66.763535,66.20896
66.27771759033203,39.77629089355469,65.44646,65.67386
65.8757553100586,40.80945587158203,65.341354,65.31386
65.46515274047852,41.2528076171875,64.86608,65.21585
64.62887573242188,42.024620056152344,65.49988,64.89116
64.9328498840332,42.754974365234375,65.90594,64.48178
63.93939971923828,42.93692398071289,65.58391,63.856804
63.8301887512207,42.301727294921875,65.47488,64.22363
63.8866081237793,43.57701301574707,65.424355,63.301052
63.10639572143555,44.03600883483887,65.12525,62.03101
61.92070007324219,44.26023292541504,66.1445,62.163815
62.4361572265625,44.70686149597168,65.469086,62.12035
61.6003303527832,44.98550605773926,65.99694,62.227795
60.514190673828125,45.38104438781738,66.5717,61.947063
61.3098030090332,45.42264366149902,65.21543,61.89002
59.66715621948242,46.31113243103027,67.1045,60.560047
59.838375091552734,46.71650695800781,66.10366,61.2724
59.11268615722656,47.360225677490234,66.563736,60.851707
57.68513107299805,46.20426559448242,69.38383,61.26934
58.18893814086914,47.287349700927734,65.754906,61.062828
57.20191192626953,47.71346664428711,67.07417,60.597145
56.679359436035156,46.72378730773926,67.81766,61.165142
55.834590911865234,47.30833625793457,65.45902,60.072247
54.012672424316406,47.87370491027832,68.74951,59.50288
55.564517974853516,47.943695068359375,66.60752,59.52858
54.589202880859375,47.83633804321289,65.92755,59.97338
54.024959564208984,48.947038650512695,67.931786,58.843807
53.16707229614258,48.57088851928711,66.663475,58.83085
54.958744049072266,49.05103302001953,65.13395,59.146408
52.144569396972656,48.78903007507324,66.63988,58.507954
54.83143615722656,48.997493743896484,64.49315,58.177925
53.49116134643555,49.25266456604004,64.66636,57.93632
54.32480239868164,49.07224082946777,63.58793,57.51485
54.10285568237305,49.26166343688965,64.38427,57.04543
53.65873718261719,49.292253494262695,64.12021,56.830624
53.313453674316406,49.534467697143555,63.79544,58.027866
52.989362716674805,49.799007415771484,60.431355,57.52427
51.94979286193848,50.23361587524414,62.15736,55.682625
51.06502151489258,49.47177505493164,63.54679,56.45423
52.47067832946777,50.22837829589844,62.98261,56.564346
52.120962142944336,50.45924758911133,62.514103,56.454536
51.60699462890625,50.9592227935791,61.27948,55.88397
52.42840576171875,50.87314224243164,61.02333,55.19851
51.372615814208984,51.956411361694336,61.063255,54.801014
51.0846061706543,51.53483009338379,61.437172,55.37518
50.52642250061035,51.4929141998291,61.6495,54.635586
51.02155685424805,51.71981239318848,60.101463,54.723507
49.83283996582031,51.83332443237305,59.962387,53.814705
50.84594917297363,52.48393249511719,60.337032,54.53607
50.517127990722656,52.9107780456543,59.326294,54.457497
49.091312408447266,52.79289436340332,77.81031,53.180584
48.54951477050781,52.32835006713867,79.24489,53.599663
47.71100997924805,52.10343551635742,79.29626,53.452415
47.465938568115234,52.958187103271484,71.75164,53.20678
47.61421585083008,53.4950065612793,75.62098,52.120384
46.996360778808594,53.002851486206055,69.023834,52.849155
47.78985595703125,53.18178749084473,60.09253,51.72874
47.63991355895996,53.040348052978516,58.831547,50.560646
47.04261589050293,54.56888961791992,58.880344,49.567024
46.73800277709961,54.399723052978516,59.265892,49.575157
45.705848693847656,53.81100845336914,59.204605,50.230812
46.423967361450195,54.1794548034668,57.832302,49.76084
45.48395347595215,53.68625259399414,57.970142,48.789772
45.88992118835449,53.613691329956055,57.577168,48.698658
45.1546516418457,54.33356285095215,57.894646,48.075733
45.078622817993164,53.99701690673828,57.462963,49.08702
44.76984214782715,54.630624771118164,57.81394,47.75671
44.61842918395996,54.27220153808594,57.922092,48.35611
43.60165023803711,54.75795936584473,64.46154,48.113888
43.6342887878418,54.98180961608887,55.473152,48.234135
42.934186935424805,54.92363166809082,56.836567,46.948742
43.013275146484375,54.94482612609863,56.72577,47.472973
42.88110542297363,54.68537902832031,56.64111,47.861755
41.88871192932129,54.7747688293457,57.328197,47.838814
41.49160385131836,54.37170600891113,57.093468,48.44923
41.17086410522461,54.673723220825195,57.7125,48.233715
40.532880783081055,55.205976486206055,57.62131,47.917576
41.086957931518555,54.70024490356445,56.945087,48.446526
40.49811553955078,54.79777908325195,57.231613,48.51922
40.673566818237305,54.659400939941406,56.98485,48.176697
40.54544639587402,55.12561798095703,56.93462,48.190643
40.383344650268555,55.991966247558594,56.176823,47.792755
39.74609375,55.97415733337402,56.332794,47.54787
40.18967056274414,55.83389091491699,56.4233,47.143482
39.648441314697266,55.63443183898926,55.77015,47.006268
39.61710739135742,55.53985786437988,55.843422,46.977383
39.69490051269531,55.56208038330078,55.14279,46.784134
39.21919059753418,56.3933048248291,55.165882,46.706905
39.35114288330078,56.40074920654297,55.117096,46.455
38.96520805358887,55.95029258728027,55.60602,46.853703
38.42155075073242,56.58730697631836,55.349586,47.057747
38.45596694946289,56.49011039733887,55.211006,45.896595
37.86261558532715,56.52446174621582,56.05524,46.701565
37.981271743774414,56.62756156921387,55.793438,46.058826
37.79081916809082,56.40474891662598,55.45747,46.739758
36.69095993041992,55.99175834655762,55.31968,47.207615
36.61534118652344,56.60832405090332,55.491714,46.607662
37.29669952392578,56.35636901855469,54.607346,45.502655
36.30900764465332,56.3424015045166,54.81872,46.13917
36.39305114746094,56.44594192504883,54.702087,45.22622
36.416738510131836,56.155025482177734,55.03577,45.038383
35.804094314575195,56.35035514831543,54.967144,45.39771
36.109384536743164,56.800886154174805,54.73054,45.06484
35.001691818237305,56.76918601989746,54.84389,44.095005
35.01682472229004,57.04162406921387,54.66879,44.75237
35.104055404663086,57.26704025268555,55.417072,45.254692
35.09030532836914,57.23478889465332,54.083595,44.97624
35.011526107788086,56.78568077087402,53.975147,44.741215
34.921836853027344,56.72494888305664,54.22142,44.57975
34.385257720947266,56.67369270324707,52.851418,44.44595
34.6231632232666,57.09273147583008,52.927837,44.152657
34.62359619140625,57.38345718383789,52.9375,44.60453
34.20181465148926,57.55615043640137,53.453945,44.085087
34.555463790893555,57.65744209289551,52.961155,44.27139
34.03421401977539,57.37992858886719,53.18873,44.900223
33.0258674621582,57.23345375061035,53.266396,44.364864
34.350481033325195,57.29195022583008,51.660854,44.51252
33.97571563720703,56.96224784851074,52.363556,44.91054
33.84094047546387,57.867454528808594,52.737644,44.088882
32.96804237365723,58.167795181274414,53.00268,43.82916
32.59669303894043,57.418230056762695,53.224308,43.482113
32.544795989990234,57.48344802856445,52.868095,43.88981
32.06635856628418,57.67263603210449,53.862522,44.055347
32.433162689208984,57.9633731842041,53.457176,44.420086
31.21581268310547,57.79709815979004,53.465378,42.588207
31.57243537902832,58.258527755737305,53.46464,42.933613
31.139270782470703,58.06293869018555,54.28234,42.550896
30.200803756713867,57.95316123962402,54.208363,43.36365
30.734342575073242,58.30338668823242,53.05147,42.87977
30.73601722717285,58.50116729736328,52.985104,42.352325
30.549577713012695,57.73430633544922,53.361095,41.78943
31.41898536682129,57.79740333557129,52.101345,42.651684
30.32447624206543,57.70419120788574,52.884083,41.698902
31.635547637939453,58.282793045043945,51.681694,41.213924
31.792043685913086,58.40108680725098,51.028126,41.150265
31.19020652770996,57.90536880493164,51.95116,41.308617
31.511991500854492,57.39929389953613,51.292927,41.639248
30.124345779418945,57.774526596069336,51.733852,40.717182
30.855344772338867,58.42853546142578,51.01656,40.955444
29.983503341674805,58.35040092468262,52.0302,42.277668
30.51712417602539,58.52578353881836,51.068474,42.331978
30.518009185791016,57.78347587585449,50.920006,42.177357
30.619230270385742,58.07493591308594,50.623158,42.5587
30.430866241455078,58.57227897644043,50.606987,42.47124
30.42090606689453,58.298906326293945,50.18541,41.33566
30.22727394104004,58.201005935668945,49.677715,41.487377
30.435964584350586,58.237009048461914,49.76961,41.434002
31.2272891998291,58.3160514831543,49.418102,41.445396
31.114835739135742,58.06152534484863,49.13773,41.774517
31.073026657104492,59.00325584411621,48.411198,41.22727
30.278610229492188,58.81067085266113,48.634384,41.98596
30.447288513183594,58.853437423706055,49.015457,41.694523
30.422563552856445,58.816246032714844,48.718258,41.367676
29.911945343017578,58.405452728271484,48.70504,40.023994
29.230159759521484,58.74954414367676,49.09516,40.763393
29.54057502746582,58.47291946411133,48.891552,41.464256
29.98072624206543,59.00979804992676,48.278934,41.161983
30.706222534179688,58.515350341796875,47.544662,40.188004
29.80320930480957,58.95334815979004,48.009777,39.59054
29.217769622802734,58.923635482788086,48.753944,40.15308
29.357707977294922,58.356529235839844,48.607384,40.310287
28.922147750854492,59.1077880859375,48.37009,40.165512
29.186559677124023,58.48545837402344,47.42249,40.400375
27.414474487304688,59.094181060791016,49.798615,40.195778
28.191049575805664,58.573333740234375,48.461864,40.12596
29.692163467407227,59.17270088195801,46.693874,39.57562
25.411725997924805,58.81329154968262,51.11672,39.8398
26.646360397338867,59.041568756103516,50.386463,39.62446
27.40764617919922,59.10663604736328,49.36557,39.619568
24.628103256225586,59.405948638916016,51.002827,39.136543
26.33283805847168,58.9086856842041,49.93314,39.890545
26.04286766052246,59.43003273010254,49.6106,40.275173
26.36479377746582,58.96529579162598,49.526592,39.36482
26.083024978637695,59.41505813598633,49.045986,39.757927
24.458776473999023,59.12127113342285,50.73868,39.419857
24.160890579223633,58.84966278076172,50.718884,39.858917
24.309831619262695,59.19588851928711,50.329006,39.961586
26.55868911743164,59.37911605834961,47.948524,39.759132
25.387165069580078,59.078033447265625,48.895805,39.209564
23.228994369506836,58.99915313720703,50.584812,39.649185
24.1510066986084,58.6013069152832,49.29952,40.538353
24.24713706970215,59.3877067565918,50.01717,40.000954
23.18427085876465,59.20894813537598,50.39986,39.337032
23.048721313476562,59.34090614318848,50.70555,39.921276
22.740060806274414,58.76494789123535,50.948345,39.906414
22.642210006713867,59.0418701171875,51.014637,39.846466
22.926671981811523,59.37051582336426,50.337345,39.703457
22.92588233947754,59.17037010192871,50.11024,39.45087
23.01504898071289,59.3309440612793,50.92083,39.576942
23.42228889465332,59.51348114013672,50.47816,39.36725
22.374732971191406,59.132225036621094,51.157516,39.960464
22.258949279785156,59.36253356933594,50.401627,39.32376
21.979047775268555,58.8663272857666,51.303593,39.1486
21.909961700439453,59.31500244140625,50.81533,40.122116
21.694896697998047,58.976518630981445,51.372444,39.64172
21.391563415527344,59.33815574645996,51.571655,39.90209
21.286724090576172,59.48285675048828,51.679024,39.142166
21.54094123840332,59.06819534301758,51.40701,38.90383
21.976381301879883,58.85177230834961,51.171474,39.22338
21.96686363220215,59.52182960510254,50.29401,39.60832
21.746461868286133,59.556846618652344,51.113003,38.719177
21.90677261352539,59.60376739501953,50.8422,39.42099
21.707117080688477,59.62006378173828,51.249798,38.924393
21.4813175201416,59.53581428527832,51.36912,38.379513
21.228673934936523,59.34905242919922,51.0799,38.77495
21.62898063659668,59.44051170349121,50.519703,38.90288
21.29181671142578,59.09305381774902,50.967834,39.394337
21.281673431396484,59.122398376464844,50.953865,38.65892
21.587629318237305,59.1182918548584,50.66521,38.64876
21.253265380859375,59.760990142822266,50.35486,39.077843
21.363306045532227,59.82953453063965,51.018612,38.898365
21.395856857299805,59.23887062072754,51.073048,39.771557
20.91719627380371,59.17596435546875,51.637135,38.665375
20.996736526489258,58.81832695007324,51.19218,39.941883
20.830244064331055,59.328453063964844,51.086384,38.980576
20.962648391723633,59.62918281555176,52.00796,39.02548
21.000247955322266,59.477481842041016,51.940132,38.25196
21.28673553466797,59.124006271362305,51.24585,39.483097
21.2218017578125,59.73791694641113,51.6633,39.36366
20.700973510742188,59.488473892211914,51.0502,39.210354
20.893253326416016,59.677419662475586,51.627846,39.221638
20.862985610961914,59.533159255981445,51.598125,39.173748
20.707386016845703,59.425649642944336,51.498512,38.570026
21.1501522064209,59.446414947509766,50.991825,39.24755
20.724586486816406,59.640913009643555,51.112778,39.282948
21.165285110473633,59.97023010253906,51.13409,38.827972
20.992969512939453,59.752445220947266,51.688774,39.10441
21.25212287902832,59.741586685180664,51.447598,38.538906
21.437898635864258,59.28740310668945,50.88879,38.84124
21.381309509277344,59.91322326660156,51.888794,38.40042
21.560644149780273,59.79672050476074,51.59171,38.45351
20.93893051147461,59.26291275024414,50.480553,38.831352
21.467531204223633,59.56640815734863,51.15556,38.47018
21.259767532348633,59.68759536743164,51.415127,39.259407
21.409473419189453,59.58536911010742,50.185905,38.501976
21.041290283203125,59.93414306640625,50.847534,39.437866
21.155229568481445,59.64430618286133,51.545437,38.558266
20.771589279174805,59.504573822021484,51.025974,38.579903
20.4345703125,59.85932540893555,51.31279,38.943855
20.621320724487305,60.074832916259766,53.077747,38.534737
20.478504180908203,59.48854064941406,51.286858,39.21994
20.74016761779785,59.76174354553223,51.758266,38.155193
21.085548400878906,59.90633201599121,50.621353,39.017902
20.873321533203125,59.98593330383301,50.52397,38.57533
20.930809020996094,60.1265926361084,51.138702,38.68433
20.847091674804688,59.90914535522461,50.745483,37.894356
21.05014419555664,60.07347869873047,48.9663,37.72209
20.83976173400879,60.379276275634766,49.6318,38.312553
20.889236450195312,59.91000938415527,50.38057,38.556477
20.497346878051758,59.783254623413086,50.637585,38.135197
21.195009231567383,59.99429512023926,49.8202,38.545864
20.762840270996094,60.166664123535156,49.742767,38.88011
20.404525756835938,60.34146690368652,52.729065,38.626316
20.502302169799805,59.711891174316406,51.907948,38.767456
20.442642211914062,59.50335884094238,51.81784,38.935238
20.46132469177246,60.38117599487305,51.07825,38.533653
20.22285270690918,60.12916374206543,50.117085,38.325825
20.655864715576172,60.135276794433594,50.747963,38.521927
20.500078201293945,60.047250747680664,51.10638,39.021984
20.693668365478516,59.47076606750488,50.27938,39.588223
20.755468368530273,59.58373832702637,49.643635,38.56432
20.43117332458496,59.844303131103516,49.450428,37.868996
20.90484046936035,59.48720741271973,50.429806,37.85954
21.870046615600586,60.52732276916504,49.218357,37.776104
20.88552474975586,59.981435775756836,49.09687,37.73865
20.6857967376709,59.95284843444824,49.137318,38.30028
20.561382293701172,59.93886184692383,49.24227,38.649788
21.823211669921875,60.14730453491211,47.564835,37.877922
21.80925941467285,60.74004364013672,48.513973,37.43692
21.99411964416504,60.32065773010254,50.15933,37.1815
21.924278259277344,60.29921913146973,49.970474,36.640194
21.280797958374023,60.72872543334961,50.949955,37.287376
22.050647735595703,60.825740814208984,51.353004,36.89042
29.223346710205078,61.23824119567871,44.586082,36.094303
26.443836212158203,60.50116729736328,47.686287,36.623505
23.79534149169922,60.94370460510254,51.005997,36.024685
19.4683837890625,61.00206756591797,54.370956,36.691025
18.708330154418945,60.50166702270508,55.295925,36.534157
