61.0,32.0,11,35
60.897175788879395,31.811586380004883,11.758947,34.69141
61.56977367401123,31.99574851989746,12.013384,34.888752
62.87139558792114,31.756166458129883,11.455176,34.51016
63.84450960159302,31.496431350708008,11.025458,34.929203
64.94181156158447,32.244462966918945,10.341871,36.431446
65.80482482910156,32.177215576171875,10.496811,35.962486
66.37203216552734,31.913049697875977,10.658592,35.552036
67.18555641174316,32.16314125061035,11.549366,35.897144
66.69237232208252,32.173288345336914,12.596609,35.545994
67.74009132385254,32.478681564331055,12.354137,35.582806
67.47275257110596,31.782480239868164,14.36389,36.499775
67.30690240859985,32.263071060180664,12.998187,33.941006
67.9904112815857,31.846158981323242,14.762395,35.407635
67.9765682220459,33.15123176574707,15.5853615,34.830685
68.861487865448,32.502349853515625,15.029214,34.689926
71.42724084854126,35.42410659790039,12.933993,30.40989
71.77658367156982,35.952900886535645,12.689951,31.786589
74.04994106292725,38.80711841583252,10.899744,30.058928
75.38517475128174,38.52820014953613,10.492147,30.915592
76.85319995880127,42.454389572143555,13.270155,28.055271
79.12861394882202,42.6605806350708,13.387158,30.172613
79.04650640487671,37.4588737487793,14.522946,33.977028
78.92405796051025,39.4036283493042,14.583624,31.667376
79.09149932861328,38.808231353759766,13.478935,32.81083
78.30205535888672,41.73947525024414,13.293327,29.864449
79.52149677276611,47.13754177093506,13.127928,25.558008
78.84998750686646,41.64522743225098,14.476813,30.899296
80.71289920806885,40.968092918395996,14.185392,31.279657
82.24158811569214,38.236459732055664,14.881776,33.714542
83.18623447418213,40.803378105163574,12.398848,31.752337
85.46667003631592,42.05876064300537,14.88991,29.395067
87.60630226135254,43.422298431396484,20.278744,27.55677
88.74502944946289,43.53666877746582,14.332283,27.799908
89.36065101623535,41.155802726745605,12.9110985,30.647005
88.5971794128418,42.5267391204834,12.182671,28.892895
88.63370370864868,41.270612716674805,15.98305,30.625729
88.48096370697021,39.38317108154297,16.229586,32.141068
88.93146800994873,41.88200855255127,18.186022,30.355932
89.26692581176758,38.13450241088867,16.868614,34.02186
90.48216342926025,38.90258026123047,15.825033,32.896187
91.57490062713623,37.52694892883301,17.085527,35.28674
93.9418077468872,39.89450454711914,15.930777,33.75756
93.24236679077148,39.92897605895996,16.158768,32.643932
93.93938398361206,38.61195945739746,14.740029,32.86372
94.82905673980713,36.983877182006836,14.764837,36.093502
95.65609550476074,38.74786949157715,16.970997,35.108814
100.65529251098633,45.81342601776123,16.955582,29.601076
100.02624034881592,41.03758239746094,18.234629,33.170624
102.36245059967041,45.330323219299316,18.4027,29.255316
100.64107894897461,45.124484062194824,16.376686,29.699198
102.43460750579834,47.59329795837402,14.970751,27.430004
102.65612936019897,48.251038551330566,13.099324,26.119223
101.98954391479492,46.177024841308594,11.591377,27.437317
104.24833631515503,48.619646072387695,12.455689,26.747044
99.41488456726074,44.80415344238281,14.845097,27.41803
101.13351678848267,43.281615257263184,15.2105665,30.210924
105.63267374038696,45.74350070953369,13.401477,29.943548
104.18728876113892,44.04328918457031,15.151683,29.776642
105.14693832397461,45.99714183807373,16.73079,29.61638
105.8199782371521,46.43840789794922,14.355313,28.95591
103.08378171920776,45.91850662231445,14.592553,28.045174
106.45171117782593,47.97847080230713,13.888425,28.55551
106.76613521575928,46.56093215942383,17.15938,29.251251
105.90960359573364,47.71946620941162,12.873054,29.046152
104.36917924880981,47.22133255004883,13.893447,28.103363
106.17956733703613,47.54731464385986,13.321537,27.752668
107.84176349639893,48.02802848815918,13.283972,26.795383
108.03622913360596,47.16142177581787,12.754904,27.515604
108.17634868621826,47.56659507751465,13.299555,28.40147
108.13241624832153,47.552385330200195,13.197852,28.645191
107.92381858825684,47.85747814178467,12.946026,28.572916
108.3453106880188,47.298906326293945,13.145812,28.876568
108.10936784744263,47.303077697753906,14.264594,28.05899
108.57446193695068,47.8347864151001,13.552759,28.16873
108.26654005050659,47.901405334472656,14.536614,29.238693
107.54594802856445,48.86222171783447,13.398331,26.806494
108.66395950317383,48.160512924194336,13.04525,27.784725
106.1356201171875,46.09214782714844,12.899338,27.32257
106.80092668533325,46.62302017211914,12.96112,28.909775
107.66798877716064,47.526451110839844,13.645414,27.728455
107.09325170516968,47.4065523147583,13.538053,28.435812
106.82689332962036,47.332937240600586,14.060157,27.713818
108.62167739868164,47.29385757446289,13.541344,28.26326
107.63932800292969,47.07691287994385,13.464592,28.41471
108.18342065811157,46.56174850463867,14.101817,28.557335
107.51412105560303,47.10582637786865,13.896654,29.241533
108.69734287261963,47.457550048828125,13.725904,28.200264
108.9689416885376,47.61059856414795,13.698454,28.197138
107.3112678527832,47.91409969329834,13.528336,27.451838
108.21290349960327,47.34180545806885,13.345395,27.6108
108.52195262908936,46.29692554473877,13.9994755,27.372168
102.89427900314331,46.235480308532715,12.230409,28.690737
103.04408264160156,46.0541353225708,14.463867,27.286665
107.59277629852295,48.226884841918945,12.393732,27.996983
107.74445247650146,47.512314796447754,13.275072,27.755117
107.81638097763062,47.63509464263916,12.663671,28.387625
107.51127910614014,48.553239822387695,12.433779,27.484364
107.479332447052,46.955918312072754,13.508224,28.93427
107.65596055984497,47.16162109375,13.348632,29.646866
107.57640218734741,48.354002952575684,13.492604,28.274126
107.73711824417114,46.971181869506836,13.61814,28.60091
106.86842775344849,47.67860984802246,12.997748,29.263805
108.50854539871216,48.571587562561035,13.0559225,27.987143
105.98297119140625,46.674431800842285,12.772011,29.345541
106.47505807876587,47.31191158294678,13.12617,28.290201
104.56598281860352,46.716797828674316,14.697319,27.986006
107.72347784042358,47.569071769714355,14.399884,28.932474
107.29486894607544,47.430636405944824,13.550536,28.33475
107.76168441772461,48.383450508117676,13.307388,28.211454
108.07817506790161,48.55487537384033,13.279151,27.873579
107.78155708312988,45.770602226257324,15.175442,26.431536
106.83513736724854,47.35274410247803,13.542486,28.580576
107.4462628364563,47.829474449157715,14.016616,28.246859
107.75923204421997,48.2085018157959,14.170051,28.248104
106.63979816436768,47.11753273010254,13.935972,28.68031
105.93746852874756,47.62178039550781,13.6377125,29.264244
107.85650253295898,47.09340763092041,13.314133,28.970686
107.02938604354858,46.40506362915039,13.742208,28.366478
107.4894905090332,47.59465503692627,14.841026,28.452131
107.87406539916992,47.25528430938721,13.019005,29.144438
107.53279685974121,47.468467712402344,12.806911,28.04284
107.31349754333496,47.709900856018066,14.749004,27.496367
107.01463031768799,47.45764446258545,13.981459,29.08539
107.23882150650024,47.51211738586426,13.582164,27.79633
106.24271869659424,47.45251750946045,13.942205,28.41392
107.15377521514893,47.193169593811035,13.763319,28.282698
105.787353515625,47.16515922546387,14.039673,27.973476
107.72276496887207,47.47951030731201,13.861195,28.155931
108.20626401901245,47.96746826171875,13.599099,27.475327
107.32814025878906,48.567463874816895,13.672707,27.71314
107.7517466545105,48.05718803405762,13.040605,29.552547
107.71385860443115,47.0092077255249,14.752199,28.088137
106.55613899230957,47.46766185760498,15.088306,27.76723
107.23562383651733,47.52412700653076,14.914388,28.077951
107.53569793701172,47.550251960754395,13.981071,28.276968
106.63435077667236,46.55464553833008,13.543692,28.227226
107.47948694229126,47.83594799041748,13.945689,28.968645
107.8106780052185,48.0133638381958,13.652791,27.438917
107.73981094360352,48.15768814086914,14.250122,27.300209
107.56316709518433,46.81816577911377,14.086572,28.231405
107.26822280883789,46.8452844619751,13.4531555,27.765272
107.36812829971313,47.07925891876221,14.344684,27.93202
106.75044012069702,47.29257583618164,14.351697,28.089905
106.26658582687378,48.15573596954346,14.040475,28.457716
107.61322450637817,48.819692611694336,13.819709,27.685894
106.83305072784424,46.396921157836914,13.512045,29.745693
104.89172601699829,47.22806262969971,14.336268,28.739569
106.99399089813232,47.67843818664551,13.983957,28.612186
103.73058128356934,47.836785316467285,14.155636,27.616247
105.75054883956909,47.52603816986084,15.597985,28.396639
103.61561250686646,46.283583641052246,15.611815,28.19697
105.01222229003906,46.95431709289551,14.792114,28.165485
106.52132749557495,46.47268486022949,15.064118,28.056446
107.09227085113525,47.20783519744873,13.789602,28.068674
107.75474500656128,47.26228332519531,14.323312,28.353752
107.31597900390625,46.67996692657471,15.444099,28.766066
107.63196516036987,47.16967010498047,14.496469,28.712326
105.24864387512207,46.83363151550293,15.100018,27.595211
107.43601751327515,47.31384468078613,13.5886965,28.056408
107.82114839553833,48.319045066833496,13.458312,27.92924
107.25946617126465,48.156500816345215,13.443714,28.04848
107.89906787872314,48.783451080322266,12.572958,27.893425
106.88838243484497,47.499892234802246,12.775001,27.344515
107.24630641937256,47.82154083251953,13.71969,27.902
108.18015098571777,48.058218002319336,13.399769,27.877216
106.18642950057983,46.878854751586914,13.752622,28.160122
107.3235387802124,47.918283462524414,13.628595,28.254383
106.91780710220337,46.90473747253418,14.26755,27.556332
106.41870975494385,47.41634941101074,14.983854,27.793125
107.5928463935852,47.08595275878906,14.106002,28.106598
108.00313234329224,47.75563049316406,13.9714575,28.135658
108.33038282394409,47.79835319519043,13.876618,27.447643
108.0644121170044,46.75093460083008,13.783308,27.87378
107.81074619293213,47.184478759765625,14.402288,27.956856
108.2596926689148,47.996460914611816,13.9388895,27.6583
108.30786180496216,46.93211841583252,13.034827,28.843435
108.97030973434448,47.89224338531494,12.887391,28.053839
108.67156314849854,48.140374183654785,14.003759,28.434553
108.09197902679443,48.41972255706787,14.010637,28.161074
108.11660432815552,47.000511169433594,13.86196,27.333359
108.36754703521729,47.57591247558594,13.218237,27.331924
107.7174334526062,47.583434104919434,12.421334,27.189814
107.88877439498901,46.97041702270508,13.499581,28.405128
108.05444145202637,46.758399963378906,13.697681,28.334068
108.06041812896729,46.26276874542236,14.530165,30.099348
107.47935438156128,46.514198303222656,14.175416,28.784767
107.2486801147461,46.476943016052246,16.071129,28.798258
108.90019750595093,46.33042812347412,15.956166,29.007082
106.30196762084961,46.87434005737305,14.60643,28.836693
104.72775602340698,47.55190658569336,14.125482,28.464203
104.81830930709839,46.777159690856934,13.558572,27.70186
104.86773300170898,45.53607940673828,12.565918,28.52716
107.163405418396,47.198062896728516,14.921846,28.989365
107.01301860809326,43.90322685241699,16.187456,31.231998
103.26745080947876,45.65399742126465,15.39461,29.822727
100.66273212432861,43.59112739562988,17.300795,26.675968
99.56848573684692,45.20111656188965,14.688155,29.104488
99.45831489562988,46.310604095458984,16.366917,28.425781
103.33177328109741,48.10496520996094,13.637738,27.4021
102.53978252410889,46.905466079711914,12.936266,28.58466
102.55556297302246,44.905160903930664,16.043415,29.868977
104.16925621032715,47.26714897155762,13.99445,28.998814
102.09176015853882,44.254693031311035,13.484166,30.348303
102.86690139770508,46.55247211456299,16.356651,27.764448
96.78559017181396,42.611772537231445,16.712885,30.154682
94.08180522918701,40.02685737609863,17.330156,32.98386
94.31186866760254,42.54300594329834,19.093456,30.12694
93.48878288269043,35.761653900146484,16.61919,36.604675
93.52608299255371,37.352094650268555,17.311543,35.028385
93.33347415924072,36.72275733947754,16.73422,35.410145
93.36098766326904,36.74045372009277,15.000238,35.24412
92.94552803039551,36.60980033874512,14.370052,34.31283
90.91773986816406,37.74012756347656,16.141357,33.79825
89.50906801223755,37.52267837524414,13.699897,34.38836
88.2134017944336,39.29322052001953,12.939911,32.694763
88.05742979049683,42.43869495391846,15.490426,27.932684
84.07901859283447,42.55879878997803,12.176611,27.972872
86.14629745483398,37.86395835876465,13.731911,32.91096
83.75361633300781,38.76834297180176,15.988312,32.633495
82.93228054046631,35.96976280212402,17.391901,35.159145
81.31737327575684,37.629215240478516,15.77454,32.363487
80.99052858352661,41.36850452423096,15.548942,29.551352
81.58347177505493,41.75101852416992,14.200702,29.474472
79.02584886550903,45.621294021606445,15.298072,25.317371
79.10468244552612,44.57188129425049,13.881997,26.668745
79.81834411621094,43.23702144622803,11.844742,28.682795
79.66328859329224,43.32322406768799,13.65039,28.537
79.55325937271118,41.64211368560791,11.636905,29.761938
77.60110521316528,43.25195026397705,12.370833,28.37773
75.61043977737427,36.51809215545654,11.157088,31.688044
73.54397869110107,37.10782051086426,10.615358,31.680523
72.30655193328857,34.290300369262695,12.118937,34.19324
69.60475254058838,33.18782615661621,13.2865505,34.96729
69.0008020401001,33.693124771118164,13.097708,34.078213
69.47081851959229,33.767967224121094,12.213682,33.95478
68.54006099700928,33.495452880859375,12.854769,34.80961
67.36303091049194,32.87660217285156,12.723058,34.716606
67.15920543670654,32.969459533691406,11.630381,34.77735
66.54891729354858,33.01715087890625,11.506124,34.671593
65.98159742355347,31.64159393310547,10.058839,35.636856
65.07101345062256,32.15023612976074,10.593912,35.7235
63.31504201889038,31.238967895507812,11.192082,34.9131
62.92749786376953,31.76253890991211,11.693466,35.595123
61.55196714401245,31.867887496948242,12.21,35.007122
58.96384334564209,31.733352661132812,14.262972,34.670883
57.555909156799316,31.310039520263672,14.748114,34.48674
57.713314056396484,31.331214904785156,14.432625,34.93933
56.80688714981079,30.50531578063965,14.801784,35.559887
56.42345571517944,30.580581665039062,14.004941,35.355087
55.895976543426514,30.825170516967773,13.807786,34.972034
52.58477973937988,30.034555435180664,14.681339,34.82719
53.44837427139282,30.39069938659668,11.965228,34.23332
51.820472240448,29.30466651916504,12.35563,35.111668
52.922027587890625,27.81682586669922,10.388985,36.294044
51.65743589401245,26.969284057617188,11.6124735,37.986847
50.82636785507202,28.7000732421875,12.340711,36.096558
48.53942251205444,27.748485565185547,13.547544,35.986183
46.60494565963745,27.757978439331055,15.120782,35.791195
43.8633451461792,28.381860733032227,16.55279,35.72291
44.66110849380493,29.028291702270508,15.436938,34.682545
43.9665412902832,29.642934799194336,15.086731,33.836506
43.72058963775635,28.925413131713867,13.546408,34.71728
43.180564880371094,26.60277557373047,13.640884,36.445847
42.24255847930908,27.932289123535156,12.39308,35.26033
41.47562789916992,26.568519592285156,12.34523,35.875244
42.14906406402588,27.367155075073242,10.849653,35.800266
40.257285594940186,27.973215103149414,12.690705,35.55617
39.982110023498535,27.280588150024414,12.84741,35.61182
38.7670202255249,27.672792434692383,13.862169,35.285755
37.47593402862549,27.631610870361328,13.198957,34.526726
35.68771171569824,27.86290740966797,14.342533,34.61561
34.47785663604736,27.499168395996094,14.773329,34.62915
33.18630409240723,27.11105728149414,15.014477,35.10441
33.27431583404541,28.03249168395996,14.135237,34.22359
33.08270311355591,27.71401596069336,13.394477,34.732056
32.184654235839844,27.011646270751953,14.134026,34.006996
31.260526657104492,30.429759979248047,13.711025,30.03318
31.236360549926758,27.020029067993164,12.055874,33.93439
30.63173007965088,26.498308181762695,12.282019,33.86407
30.10417938232422,26.474435806274414,12.647209,33.026714
29.69440269470215,29.206156730651855,12.752888,30.775263
23.921512126922607,29.79722499847412,14.131951,29.577532
21.763892650604248,30.894954681396484,13.412286,29.585052
22.661513805389404,29.43343162536621,13.462663,30.531155
22.886186599731445,28.154884338378906,13.567852,32.88186
25.53581190109253,24.59487533569336,14.275369,36.04354
25.272508144378662,24.223777770996094,13.460042,36.15818
25.397684574127197,25.884319305419922,13.821429,34.916832
26.22733163833618,25.880887985229492,13.057956,35.3595
24.945788860321045,24.948020935058594,13.622354,34.745262
24.76720142364502,26.003463745117188,14.330442,33.79235
25.40759801864624,25.566240310668945,14.090146,34.382183
23.432430744171143,26.835837364196777,14.258536,31.892061
21.380640029907227,31.51564121246338,14.164249,27.590628
14.686249256134033,33.429182052612305,11.62606,25.214794
14.915053844451904,34.41386413574219,10.884904,23.733002
15.668869495391846,32.77972984313965,10.764548,26.66306
15.054173469543457,32.987547874450684,11.298704,25.879877
15.210846900939941,33.97592830657959,10.703466,26.023287
14.460079193115234,34.315433502197266,10,24.781494
15.165637969970703,33.95165157318115,10,24.787401
14.74376630783081,34.84351062774658,10.354798,23.434858
15.101758003234863,35.074790954589844,10.404135,23.15252
15.298525333404541,35.1446590423584,10.728961,22.444233
14.836082935333252,35.45655059814453,10.2440405,23.884567
15.398906707763672,35.37996482849121,10.096931,22.275425
15.57749605178833,35.533973693847656,11.346747,22.413155
14.862113952636719,33.481462478637695,11.841888,25.793041
14.854499340057373,33.95380687713623,11.716546,25.856821
14.526252746582031,34.09947967529297,11.683411,24.381317
15.23859167098999,31.587117195129395,12.11749,27.168463
15.290015697479248,34.02043914794922,11.924752,25.18821
15.399288177490234,32.327969551086426,13.394661,26.331602
14.537248611450195,31.895103454589844,12.436161,27.263527
17.502670288085938,31.820985794067383,11.508461,26.940334
16.41892671585083,32.559574127197266,11.998717,26.508377
16.211918830871582,32.383524894714355,11.2346325,26.555391
14.369304656982422,31.38166618347168,10,27.863033
15.19208288192749,31.593131065368652,10.8146715,27.594286
14.614567279815674,32.302833557128906,10.866103,27.91053
14.553431510925293,32.73867225646973,11.570513,27.384205
14.894558906555176,33.28380489349365,12.524626,25.926462
15.224120616912842,32.090803146362305,12.739335,27.6861
14.899306774139404,32.0508451461792,12.88598,26.632906
15.128752708435059,33.160569190979004,13.092463,26.379324
14.282870292663574,32.14932918548584,13.671762,27.618395
14.482760906219482,31.97457981109619,13.016664,27.04428
15.603503704071045,31.408305168151855,14.4302225,27.26446
15.7105131149292,30.488673210144043,12.604982,28.48878
15.043766021728516,32.123061180114746,11.327866,26.64789
14.470231533050537,32.028143882751465,10.522428,26.958292
14.85357666015625,33.89565086364746,12.239761,24.144527
14.710880756378174,35.278594970703125,11.363822,22.964958
15.339576721191406,34.82951354980469,10.733215,23.195244
15.424697399139404,35.014841079711914,10.343728,22.668179
15.19175386428833,36.532198905944824,10.680961,21.613626
14.91805648803711,35.99040222167969,10.823242,22.248718
14.799399375915527,35.463327407836914,11.355837,22.257534
15.047654628753662,35.00948143005371,10.434575,23.195873
15.32279109954834,36.247103691101074,10.182123,20.98356
15.310439109802246,36.06246471405029,10.870142,21.16545
15.278730392456055,37.17183780670166,10.54826,20.392954
15.28598403930664,36.48036479949951,10,21.480844
15.358938217163086,36.93284797668457,10,20.796467
15.022940635681152,36.50583553314209,10.148386,20.601767
14.678880214691162,37.3883056640625,10.69909,20.355103
14.440938949584961,37.611162185668945,10,19.765915
14.9505033493042,37.68026351928711,10.219381,19.934895
14.941137313842773,36.459397315979004,10.129353,20.385191
14.859432220458984,37.37670707702637,10,20.596535
14.710756301879883,37.28809356689453,10,20.105019
14.912548065185547,37.63358402252197,10,20.080614
15.16679573059082,37.92580318450928,10,20.154284
14.924772262573242,37.46408748626709,10,19.881708
15.291938781738281,37.35245323181152,10,20.655567
14.447542190551758,37.73565673828125,10,19.8597
15.004052639007568,37.38270378112793,10.18604,20.497013
14.516020774841309,37.67612266540527,10.497595,19.981403
14.561668395996094,37.210204124450684,10,19.987825
14.899065017700195,36.76316833496094,10,20.73537
15.329559326171875,37.113585472106934,10,20.144339
15.369691371917725,37.29270076751709,10.137124,20.72471
14.812255859375,37.541483879089355,10,20.430876
14.898170948028564,37.038936614990234,10.005069,20.62725
15.414687633514404,36.970964431762695,10.176461,20.890179
15.188148975372314,36.994815826416016,10.213714,20.778175
14.931979179382324,36.66810321807861,10.254263,20.9429
15.094715118408203,36.34822082519531,11.050808,21.274868
14.59529447555542,36.293663024902344,10.546086,21.502048
15.560980796813965,35.994866371154785,10.187086,21.677736
15.342330932617188,37.374714851379395,10,20.69536
14.999143600463867,37.25211238861084,10.248703,20.847788
14.680694103240967,37.74189758300781,10.09493,20.23782
14.86155891418457,36.62381935119629,10.220581,20.96296
15.048899173736572,36.39039421081543,10.454505,21.378258
14.969427585601807,35.69746112823486,10.468673,22.102621
15.382319927215576,35.513811111450195,11.062428,22.649837
15.436066627502441,36.415218353271484,10.795427,21.850182
15.312084674835205,35.68356132507324,11.324336,22.57716
15.67749547958374,36.236215591430664,10.945466,22.732815
14.770026683807373,35.404123306274414,10.69859,23.57761
15.310968399047852,37.66126251220703,11.368217,21.31424
15.468564987182617,36.70115375518799,10,21.564672
15.679275512695312,37.22938919067383,10.364136,21.929077
14.953733444213867,36.80093288421631,10,21.4299
15.174614429473877,35.7855920791626,10.441962,22.063139
15.53892183303833,36.48833084106445,10.5366125,21.473099
15.171823501586914,35.97929000854492,10,21.8116
15.030771255493164,37.137882232666016,10.024147,22.083328
14.935371398925781,36.72729301452637,10.241177,21.320194
15.16459321975708,37.076255798339844,10.566218,21.515446
15.067189693450928,36.648454666137695,10.10172,22.97068
14.774878025054932,35.7420072555542,10.471286,22.375624
14.736140251159668,36.919546127319336,10.808031,22.360695
15.377102851867676,36.87161827087402,10.213812,21.754417
14.967412948608398,38.0338830947876,10.356777,21.951761
15.324728965759277,37.06459426879883,11.220575,21.634537
15.71751880645752,36.42006969451904,10.721098,23.327219
14.623270034790039,34.92350482940674,10.184986,23.326452
14.914961338043213,36.81086540222168,11.004115,21.584156
15.69055986404419,36.72675895690918,10.648543,21.836086
15.440736770629883,35.52029037475586,10.530125,23.42585
15.330868244171143,35.54527759552002,11.3360815,22.527967
15.581919193267822,36.52917194366455,10.936862,21.739782
14.75430154800415,35.57059955596924,10.413608,22.926268
15.088702201843262,36.41909599304199,11.087358,22.200047
14.697316646575928,35.480753898620605,10.449407,22.02305
15.053627490997314,36.981690406799316,10.491462,21.765898
15.52872085571289,36.160688400268555,10,21.790627
15.313907146453857,36.256245613098145,10.735993,21.427603
14.870171070098877,35.75833225250244,10.838637,23.524305
15.532011985778809,36.01972007751465,10.932001,21.475101
15.153386116027832,35.804755210876465,10.677347,22.643618
15.639936923980713,35.84626865386963,10.892196,22.90264
14.617624759674072,35.58019256591797,11.148803,23.27845
15.132028579711914,37.39737892150879,10.745636,22.64487
14.611443519592285,35.377206802368164,10.694567,23.404377
15.43572187423706,35.30141735076904,10.976735,23.519518
15.009005069732666,35.64592361450195,11.529639,24.975052
14.772235870361328,35.67783832550049,10.975658,24.644423
15.565089225769043,35.75797748565674,11.451361,23.561407
14.664780139923096,34.719038009643555,10.140956,24.660816
15.336183071136475,35.57752799987793,11.062669,22.241474
15.06346321105957,35.07392501831055,11.491669,23.665573
14.899463176727295,33.963314056396484,11.503911,25.213203
15.193527698516846,35.53062152862549,11.15182,22.986814
14.763707160949707,36.32029056549072,10.051241,22.820051
15.158226013183594,36.96306800842285,10.547993,21.710613
15.706787586212158,35.9263858795166,10.15208,22.923664
15.636039733886719,34.08646202087402,11.486065,24.632702
14.914738178253174,34.86751365661621,11.954341,24.240376
15.477977752685547,32.78597068786621,12.319813,26.164692
14.792888641357422,34.1632137298584,12.35532,23.921429
14.959360599517822,34.41951656341553,11.823806,24.153948
15.30062484741211,35.88558864593506,11.061886,22.898432
15.195327758789062,35.90158271789551,10.481396,22.30904
14.674009323120117,35.71415424346924,10.818657,22.70394
15.36334753036499,35.997565269470215,10.591599,22.766542
14.80274486541748,35.54816913604736,11.115896,23.41776
15.34940481185913,36.644028663635254,10.033769,22.39491
15.459802150726318,36.27548408508301,10.56656,21.82227
14.765710353851318,36.23115634918213,10.64359,22.121405
14.662388324737549,36.15660858154297,10.799346,22.125343
14.621945858001709,36.87925338745117,10.7206545,21.219376
15.588438034057617,36.88718605041504,10.074383,21.538898
14.582332611083984,36.302674293518066,10,21.463896
14.583758354187012,36.89270210266113,10.597368,21.085815
15.531466960906982,36.209872245788574,10.552171,21.96163
14.812578678131104,35.8486328125,11.02769,22.687351
15.080179214477539,33.822028160095215,11.180424,24.336477
14.473356246948242,35.78319454193115,10.910709,22.265936
15.108361721038818,35.106882095336914,10.531827,22.949493
15.367478847503662,36.49792671203613,10.192845,20.72744
14.801811218261719,37.6589241027832,10,19.950397
15.122299194335938,36.949435234069824,10,21.288702
15.401099681854248,36.227829933166504,10.153718,20.780073
15.333160400390625,37.633880615234375,10.238609,20.140205
15.570518493652344,37.23818111419678,10,19.872805
15.19527006149292,35.75350379943848,10.374238,21.626953
15.097732543945312,36.7672233581543,10.0149765,21.166676
15.192056655883789,36.97163391113281,10.537498,21.03778
15.505985260009766,37.45778179168701,10.350803,20.559015
15.050619125366211,36.966691970825195,10,20.9865
14.642512798309326,36.70002841949463,10.025418,21.011183
15.203492164611816,36.08632278442383,10.062468,21.831993
14.717701435089111,35.75766181945801,10.453391,21.84185
14.915678977966309,36.44281196594238,10.659189,21.110672
14.770801544189453,37.64441967010498,10,20.634657
15.285764694213867,36.66139507293701,10,21.893415
15.011667251586914,35.84345054626465,10.258278,22.263317
15.184171199798584,36.971527099609375,10.398438,20.805756
15.42843770980835,36.55950355529785,10.536542,21.760735
14.887667179107666,37.22243404388428,10.741687,21.13545
14.784215927124023,36.67023944854736,10,21.337069
14.87749433517456,37.19054698944092,10.544259,21.354437
14.81071424484253,36.836649894714355,10.25126,21.716024
15.541526794433594,37.56647491455078,10,20.861195
15.393381118774414,37.353814125061035,10.521641,21.307055
14.913358688354492,36.729933738708496,10,20.78124
15.708307266235352,36.93359661102295,10.171936,21.683123
15.517624855041504,35.781901359558105,10.474707,22.595957
15.297627925872803,36.12359428405762,10.534368,22.458233
15.079168319702148,36.41008186340332,10.35503,21.930965
15.445140838623047,35.89610481262207,11.348938,22.535107
14.95456075668335,36.03763675689697,10.373624,22.268568
14.705629825592041,36.46877574920654,11.187816,21.508944
15.00682783126831,36.216712951660156,11.122415,21.814285
15.355762004852295,36.30737781524658,11.003068,21.58212
15.078765392303467,36.244521141052246,10.711717,23.875734
15.647677898406982,36.145419120788574,10.640428,23.32654
15.623623371124268,36.26316165924072,11.8842,22.57163
14.708762645721436,35.383585929870605,10.578179,22.672083
15.29506254196167,35.89297676086426,10.676911,23.916622
14.527862071990967,34.96957015991211,11.16253,25.156242
15.215597152709961,35.072261810302734,10.833332,23.033463
15.1531081199646,35.75247097015381,10.94431,23.805979
15.268004894256592,34.87788772583008,11.03444,25.056816
15.299141883850098,35.16709899902344,11.957548,24.72548
14.816845417022705,34.56344699859619,11.175994,24.010817
15.508428573608398,34.75423049926758,11.373646,23.637375
14.808170318603516,36.04506587982178,11.263123,22.547495
15.063982486724854,36.18842887878418,11.054309,21.697071
15.351760864257812,35.42601203918457,11.234451,22.882557
15.690685272216797,35.84285545349121,10.959061,23.327244
15.205916404724121,35.046024322509766,11.036264,22.58448
15.006640434265137,34.80586338043213,11.081621,23.56883
15.026658535003662,35.96718406677246,10.970296,22.488659
14.500598907470703,35.12454319000244,10.564789,23.453947
14.97559642791748,36.33408069610596,10.077639,22.126387
15.243879318237305,36.355759620666504,11.208645,22.317045
15.02264404296875,34.7335205078125,10,22.999496
14.532983303070068,35.8594856262207,10.584775,22.715446
14.97340440750122,35.565009117126465,11.246619,23.63421
15.125887870788574,36.02656936645508,10.752985,21.856422
14.60282564163208,35.46616268157959,10.660556,24.127527
15.55994987487793,34.94485855102539,10.8385315,24.712097
15.090789794921875,35.25125026702881,10.848804,24.72478
14.72651481628418,35.08571243286133,10.336975,24.956818
14.93570852279663,35.03865432739258,11.173394,23.315224
14.531237125396729,35.58768558502197,11.656234,23.337744
14.569673538208008,35.041476249694824,10.987274,23.25133
15.022643566131592,35.13804531097412,10.9926195,23.732584
15.194320678710938,34.790550231933594,10.543346,24.280891
14.852859020233154,36.05110454559326,10.531293,23.117235
14.436055183410645,36.32174205780029,10.76095,22.148485
15.332769870758057,36.847466468811035,11.154418,22.0782
15.401352405548096,35.73202133178711,10.666972,23.022423
15.38017463684082,34.78378486633301,11.3776245,23.65643
14.53649091720581,35.46210289001465,11.646443,23.913502
15.265093326568604,36.0178747177124,10.606177,22.75426
14.58817720413208,36.66450214385986,11.186229,22.38001
15.265120506286621,35.89731788635254,10.287291,22.085026
15.460384368896484,36.26374340057373,10.631672,21.71058
14.880809307098389,36.15139865875244,10.853925,22.722792
15.567052364349365,35.843018531799316,10.799325,22.133474
15.292707443237305,37.09905433654785,10.614456,22.050648
14.86695146560669,36.01293754577637,10.203601,21.786877
15.426145076751709,36.83427143096924,10.666192,21.80873
14.797169208526611,35.89097881317139,10.127059,22.01505
14.81456470489502,36.43205451965332,10.806646,21.72644
15.288874626159668,36.69330978393555,10.748507,21.72247
14.549552917480469,36.594882011413574,10,21.02313
15.354575157165527,36.00471210479736,10.574839,22.556974
15.327138423919678,35.28730392456055,11.144383,23.068588
14.794736862182617,36.322519302368164,11.372517,23.546001
15.188642024993896,34.364370346069336,11.444295,24.509953
15.45770788192749,35.04195690155029,11.509862,23.847864
15.481497287750244,35.74393844604492,11.189418,23.525345
14.687317848205566,34.291093826293945,11.066595,24.77081
14.9741530418396,35.45090293884277,10.829045,24.259998
15.035728931427002,35.466033935546875,11.545089,23.903755
15.002787113189697,36.313292503356934,11.346545,23.66076
15.381651401519775,35.63682174682617,11.117236,23.29435
14.966113090515137,36.752437591552734,10.994486,22.920006
15.214194774627686,34.71036243438721,11.378816,24.546446
15.44261121749878,35.990753173828125,10.913766,24.026787
15.64252519607544,34.76867198944092,11.242576,23.878977
14.748024940490723,36.12913513183594,11.401129,23.649673
15.0039963722229,35.726613998413086,10.89664,22.924343
15.08750057220459,35.194169998168945,11.102915,23.19682
15.110030174255371,34.21182441711426,12.509539,25.063374
15.489733219146729,35.47595024108887,11.922038,23.231548
15.712499141693115,35.51412391662598,11.378255,23.732456
15.141550540924072,34.94673824310303,11.22005,23.801256
15.360113620758057,35.469215393066406,11.838344,24.159454
14.796285152435303,34.5879020690918,12.398366,24.539307
15.378639221191406,34.922101974487305,12.149841,23.99474
15.539306640625,35.671138763427734,11.141464,23.166237
15.135025978088379,35.89817523956299,10.777647,23.354803
15.171103954315186,36.13250732421875,10.607659,22.277618
15.003989696502686,35.271164894104004,11.47162,23.447035
15.034818172454834,36.14178276062012,11.523038,22.848492
14.745382308959961,34.9949951171875,10.656979,23.680313
15.27619457244873,35.53521156311035,10.989901,23.413097
14.62400770187378,35.998477935791016,10.681809,22.990463
15.579062461853027,35.57921600341797,10.779436,22.876343
15.66393232345581,35.084014892578125,11.156999,22.67775
14.865359783172607,36.33214855194092,11.34707,22.755304
15.142473697662354,35.86020278930664,10.530337,22.82145
15.514671325683594,37.67758846282959,10.145821,21.33571
14.368459224700928,36.558621406555176,10.835347,22.436296
14.979979991912842,35.966691970825195,10.201783,21.847618
14.683116436004639,36.76826858520508,10.540517,22.475048
15.35847282409668,36.14451789855957,10.223427,22.052017
15.710596561431885,35.926180839538574,10.219474,22.85781
15.412620067596436,36.22347068786621,10.609899,21.81469
14.864534378051758,36.30354690551758,10.402275,22.647999
14.521232604980469,36.500450134277344,10.440784,21.648624
15.23877763748169,36.34854316711426,10.457927,22.082436
15.610682964324951,37.33590126037598,10.187657,21.017975
14.423423767089844,36.864410400390625,10,21.279514
15.40647554397583,35.35092735290527,10.201484,22.332527
14.68372631072998,36.31299686431885,10.84981,21.994822
14.593947887420654,35.8283166885376,11.140862,22.414095
15.147891521453857,36.30760860443115,10.450059,22.123487
15.418835163116455,36.28930377960205,10.599097,22.314936
15.201460361480713,36.24038124084473,10.637004,21.856125
14.524609088897705,36.0483512878418,11.12461,22.66418
14.71918773651123,35.50888252258301,10.9667225,22.4701
15.32127046585083,36.42446708679199,11.106879,21.773407
15.536215782165527,36.78879737854004,10.8180485,21.575127
15.050876140594482,36.12222480773926,10.030519,21.670696
14.915842056274414,35.89830684661865,10.825497,22.937952
14.892173767089844,36.073548316955566,10.612762,22.023619
14.78670358657837,35.35597896575928,10.2124815,22.490786
15.349031925201416,35.91465473175049,10.660892,22.806112
14.936961650848389,36.457953453063965,10.979043,22.953768
14.972443103790283,36.332698822021484,10.853148,22.431625
15.560768604278564,35.451279640197754,10.753982,22.409407
15.231112957000732,35.393911361694336,10.845681,24.167141
14.85209321975708,35.14210510253906,11.497375,23.892326
14.96924638748169,35.32252883911133,11.559897,25.222885
15.339540958404541,34.03412914276123,11.781917,25.994661
14.914998531341553,33.11557865142822,11.516904,27.239408
14.94323205947876,35.05219078063965,10.89812,25.227024
14.879072666168213,34.83664321899414,11.782222,24.905602
15.191695213317871,34.802123069763184,11.043955,24.343493
14.801329612731934,35.64773750305176,11.330057,23.78487
15.03135871887207,36.539398193359375,10.543667,22.71357
15.708078384399414,36.504173278808594,10.241566,22.102806
15.045629024505615,36.0877742767334,10.20255,23.364574
15.403110027313232,36.41700077056885,10.613801,22.282377
15.314104080200195,36.48201370239258,10.882923,22.6529
14.671216487884521,34.9671516418457,10.530835,23.936409
15.14729642868042,36.44544696807861,10.615167,23.997198
15.577330589294434,36.85276794433594,10.1848545,22.651283
15.162871360778809,35.696428298950195,10.4777775,22.654606
14.984562873840332,35.73721885681152,11.46929,23.926502
14.833788394927979,36.25528430938721,10.112048,24.96771
15.422040939331055,34.95021438598633,11.3353615,25.56752
14.77088737487793,35.76664733886719,10.758381,23.428436
15.393240451812744,36.43797492980957,10.917857,23.044903
15.554670333862305,36.584683418273926,10.761906,23.502523
14.78128433227539,36.05259895324707,10,23.774967
15.373411655426025,36.793559074401855,10.279025,22.36558
15.162087440490723,37.42884063720703,10.455015,22.260132
14.996344566345215,35.959710121154785,11.055094,23.323713
14.242599487304688,35.95701026916504,10,22.913662
14.75299596786499,36.086201667785645,10.5566,23.191
14.831345081329346,36.17926216125488,10.646331,22.62537
15.240918636322021,35.36097717285156,11.005055,24.761597
15.367655754089355,35.52664566040039,10.959162,23.777931
15.430404663085938,36.29241752624512,10.838562,23.214375
15.537949085235596,36.81769371032715,10.415153,22.293186
15.248941898345947,36.99918842315674,10.739184,22.2899
15.239298820495605,36.581953048706055,10.82062,21.890461
15.201423168182373,37.31806564331055,10.687898,21.240623
15.044559001922607,36.58668613433838,10.877843,22.533075
15.417633533477783,35.79574775695801,10.677226,22.594757
14.631876468658447,36.43763732910156,11.282813,22.030766
15.311868667602539,37.069865226745605,10.691795,21.787954
14.930449485778809,35.853013038635254,10.796072,23.39808
15.579549789428711,36.036553382873535,10.205475,22.883394
15.300023078918457,36.84114933013916,10.707048,22.00702
15.155201435089111,37.038519859313965,10.317821,21.53404
15.204174041748047,36.30064010620117,10.913128,22.919945
15.471977710723877,36.88035297393799,10.111285,21.341047
14.25762128829956,35.049049377441406,10.321134,22.407803
14.744401454925537,36.35603618621826,11.045075,22.456999
15.41937255859375,35.646111488342285,10.196941,21.930727
15.067219734191895,35.85737991333008,10.710699,23.12566
14.881961345672607,36.553236961364746,10.507539,21.967657
15.135204792022705,35.4514856338501,10.383681,22.285658
14.680392265319824,36.51302528381348,10.345667,22.275677
14.948118686676025,36.13652801513672,10.05186,22.400558
15.034622192382812,37.34280014038086,10.511429,21.587006
14.63764762878418,35.9913215637207,10,21.593987
14.556819438934326,36.39052677154541,10.705544,21.26449
15.293639659881592,36.366342544555664,10.573113,21.119999
15.239180564880371,38.001688957214355,10.2835865,21.071558
15.229904174804688,36.20651149749756,10.733463,21.198347
15.108664989471436,37.206233978271484,10.403081,22.72591
14.67090368270874,36.21318531036377,10.462434,23.036753
15.094381332397461,35.82764434814453,10.160545,23.16618
15.318972110748291,36.62330150604248,10.582419,22.99014
14.520227432250977,36.819026947021484,10.120155,21.796154
15.0862398147583,36.792378425598145,10.272348,22.747492
14.563329219818115,36.09852695465088,10.52086,21.70548
14.829034328460693,36.13343524932861,10.543748,22.328772
14.490236282348633,36.52701282501221,10,21.738134
14.979410171508789,36.70076084136963,10,21.061415
15.393810272216797,36.09771156311035,10,22.111778
14.498977661132812,36.31190872192383,10,21.257881
15.38254976272583,37.012343406677246,10.073501,20.94723
15.00571060180664,37.339606285095215,10,20.818144
14.571974754333496,37.26521110534668,10.252047,21.514782
14.913074016571045,36.681307792663574,10.514276,20.963701
15.125621318817139,37.364837646484375,10.335973,20.549168
14.878573417663574,36.702049255371094,10.672129,21.568874
15.222095489501953,37.13749313354492,10.678452,22.111881
14.927595138549805,35.590545654296875,10.444859,22.347961
14.559957504272461,36.621009826660156,10.359684,22.341217
15.155563354492188,37.57308387756348,10.455109,20.90546
15.284581184387207,36.40494346618652,10.645941,23.362175
14.81233024597168,35.64898109436035,11.232159,22.784004
14.86009407043457,35.725159645080566,10.497944,23.284006
14.434745788574219,36.82465839385986,10,22.348635
15.102420806884766,36.7372932434082,10,22.155537
15.225686073303223,36.340864181518555,10.231077,22.756752
14.842725276947021,36.267836570739746,10.271466,22.939062
15.093147277832031,37.07693004608154,10,20.97952
14.807191848754883,36.999939918518066,10,21.915377
15.305572032928467,37.32295608520508,10.425969,22.93491
14.53181505203247,36.9446439743042,10.210048,21.508123
15.225321769714355,37.05448055267334,10.308508,22.30525
15.357599258422852,37.19978141784668,10,22.41893
15.50093698501587,37.266459465026855,10.478217,23.07018
14.6891188621521,37.02924060821533,10.572106,21.646074
14.992044448852539,36.75058555603027,10,21.944725
15.588624954223633,36.6821870803833,10.540298,21.905237
14.857020854949951,36.478970527648926,10.108411,22.01301
15.47781753540039,36.497623443603516,10.29974,21.789307
15.082683086395264,36.82846450805664,10.303895,21.10088
15.0444655418396,37.13913345336914,10.939996,21.823338
15.038840770721436,36.20697021484375,10.693921,22.202457
14.998006820678711,36.27025508880615,10.884666,23.011015
14.988767147064209,36.85438537597656,10.690202,22.130863
14.760103225708008,36.21768283843994,10.546417,22.780458
15.053706169128418,35.915955543518066,10.500982,22.596178
14.803000450134277,36.27635097503662,10.580526,22.584044
15.1303129196167,35.72286796569824,10.606405,22.47628
14.834653377532959,37.497498512268066,11.0345545,21.26822
15.480000972747803,36.290587425231934,10.429009,23.22872
15.37944221496582,36.647817611694336,10.302025,22.737122
15.138480186462402,36.361961364746094,10.432676,22.117237
15.621191024780273,36.78757572174072,10.876633,22.581614
15.198336124420166,36.203457832336426,10.064818,23.143587
15.378301620483398,35.64597988128662,10.836006,22.610144
14.905871391296387,36.321343421936035,10.731787,21.639574
15.541713237762451,36.74557590484619,10.9149065,21.904924
15.570798873901367,36.46518135070801,11.019684,22.361946
15.17504358291626,35.702452659606934,10.581145,22.279959
15.021793842315674,36.62463665008545,11.243495,22.604116
15.40719985961914,37.030816078186035,10.328396,21.455652
15.287410736083984,36.526217460632324,10.622013,21.392805
15.289051532745361,36.1385612487793,10.743899,21.248821
15.201009750366211,37.110289573669434,11.096748,21.300001
14.877968311309814,35.14692497253418,10.439841,23.146378
15.181990146636963,36.58600425720215,10.46976,21.602684
15.103883266448975,35.83746337890625,11.259587,22.019577
14.742492198944092,34.30189800262451,11.576531,24.435457
15.131903171539307,32.17783451080322,12.329959,25.808287
14.793773174285889,32.51009178161621,12.388146,25.302845
15.539856910705566,34.01507759094238,10.946379,24.382961
15.036095142364502,35.66150760650635,11.202468,22.482176
15.442072868347168,33.053534507751465,12.028513,25.622751
15.6325044631958,34.72913932800293,11.234587,23.724567
15.020468711853027,35.72442054748535,11.370447,23.41505
15.2996506690979,34.856727600097656,11.468516,23.833176
15.007632732391357,36.3014030456543,10.224122,21.906853
14.875561714172363,35.551368713378906,11.124891,22.379951
15.775194644927979,36.19944477081299,10.621249,21.872122
15.378586292266846,36.29991149902344,11.329848,22.502266
14.69270658493042,36.294410705566406,10.719483,21.984016
14.500090599060059,35.97188949584961,10.656893,21.99121
15.323817253112793,36.70335865020752,10.571344,22.22338
15.006857872009277,37.23158550262451,10.875277,21.266367
15.863266944885254,35.857107162475586,10.723303,22.229717
14.674386978149414,35.83995342254639,10.833191,22.789286
15.049147605895996,36.97803783416748,10.3911495,21.356737
14.80316972732544,36.722750663757324,10.5952215,21.72885
15.213526248931885,35.6581506729126,11.287631,23.07844
14.884029388427734,36.21255111694336,11.101837,22.21851
15.65632438659668,36.72269821166992,10.176083,22.519123
15.040557861328125,36.83199882507324,10.671066,22.701271
15.449287414550781,37.1871976852417,10,21.22466
15.439497947692871,36.64445686340332,10.194056,21.258442
14.499620914459229,37.54322910308838,10.195498,20.858511
14.976228713989258,37.97811222076416,10,20.787237
15.566581726074219,36.846402168273926,10.188244,21.098196
14.822172164916992,37.548583984375,10,21.111008
15.359479904174805,36.56687927246094,10.264809,21.16415
15.55783987045288,37.009403228759766,10.731256,21.248562
15.35594129562378,36.30517864227295,10.32478,22.335619
14.738677501678467,37.19359874725342,10.338887,21.299639
15.464677333831787,36.93524169921875,10.464494,21.819328
14.791906356811523,35.29680156707764,10,23.104559
15.281938552856445,36.52273368835449,10.677101,22.19085
15.004869937896729,36.965023040771484,10.136855,21.939274
14.430593967437744,37.10494041442871,10.546874,21.685684
14.683759689331055,36.88122272491455,10,21.140795
14.511409759521484,37.95765781402588,10,20.23675
14.470327377319336,36.9386100769043,10,20.771427
14.841557025909424,36.99354076385498,10.296882,21.178556
14.907250881195068,36.82227325439453,10.046639,20.281807
14.79580545425415,36.8003511428833,10.242503,20.888342
14.671555995941162,37.57492160797119,10.302522,20.399061
15.248762130737305,37.45939350128174,10,20.76925
14.786698341369629,37.796396255493164,10.562246,20.299782
14.514777183532715,37.679229736328125,10.595831,20.65546
14.625490188598633,37.0886926651001,10,20.65668
15.149812698364258,37.021132469177246,10.2491,21.153845
15.43626356124878,36.4340124130249,10.389455,20.820597
14.48310136795044,37.14780330657959,10.619258,20.751497
14.967073440551758,36.13816547393799,10.098785,21.160543
15.086886405944824,36.89690685272217,10.943113,20.658014
15.176148414611816,35.73972225189209,10.253519,22.01106
15.594772338867188,36.50209140777588,10.665501,21.299883
15.626269340515137,36.385287284851074,11.078367,21.310942
15.496289730072021,36.99385738372803,11.191728,21.327269
15.479300022125244,35.58702754974365,11.141524,22.335508
15.288336753845215,36.21002960205078,11.356955,22.176647
15.346865177154541,35.958815574645996,11.31607,22.881445
15.208333969116211,35.58772373199463,11.45858,23.131945
15.246016025543213,36.430819511413574,11.408317,22.251356
15.753560066223145,36.23955059051514,10.963526,22.150106
15.019099235534668,35.504730224609375,11.105459,22.692738
15.21487808227539,35.425235748291016,11.78384,23.305897
14.903499126434326,34.36093997955322,11.378652,23.440416
15.38039493560791,33.9158353805542,12.45672,24.194738
15.149689197540283,33.67077922821045,12.123004,24.472593
15.929720878601074,36.26286697387695,10.090765,22.263676
15.411465644836426,38.286970138549805,10.999529,20.864136
15.775242805480957,37.76869869232178,10.219542,20.853712
15.74819564819336,37.030673027038574,10.895283,21.087236
14.680591583251953,36.35567855834961,11.011532,22.205616
15.29992151260376,37.002790451049805,11.534064,21.489693
14.629409790039062,34.35447978973389,11.463375,24.959486
15.21449613571167,32.64884853363037,11.651837,25.392569
14.501641750335693,35.287774085998535,11.482812,23.003641
15.118266105651855,36.506935119628906,11.865385,21.561977
15.336813926696777,36.571146965026855,11.573942,21.873434
15.286392211914062,35.7843542098999,12.204021,21.784025
14.916933536529541,32.64994144439697,12.050872,25.776117
15.623719215393066,33.059889793395996,11.523722,25.470694
15.107513427734375,33.22908687591553,11.397953,25.233679
14.825535297393799,34.03066349029541,11.371486,24.585138
15.520790576934814,30.872580528259277,11.326816,26.944738
15.180360794067383,32.12069225311279,11.57505,26.822638
14.817133903503418,32.009867668151855,10.675932,26.762884
15.072737216949463,33.19344139099121,10.881316,25.517105
14.494911670684814,32.68404483795166,10.725528,26.022722
15.45368480682373,33.772603034973145,10.484823,24.715014
14.525596141815186,34.52253246307373,10.360967,24.064886
14.71721076965332,34.540499687194824,10.386574,23.303236
15.29624319076538,34.66010284423828,10.51793,23.694767
14.844230651855469,32.76162528991699,10.338047,25.414291
14.268056869506836,35.02082920074463,10,23.836123
14.490152359008789,35.54819202423096,10,23.1953
15.488962173461914,35.22328186035156,10,23.124393
15.930196762084961,34.19947338104248,10.325409,24.73374
15.336101531982422,32.92272663116455,10.204975,26.724771
15.213465690612793,31.612601280212402,10.702337,26.704435
16.338764667510986,34.33012390136719,10.415149,24.351345
15.228437423706055,33.643903732299805,10,25.245865
16.445844650268555,36.049713134765625,11.263519,23.322102
21.149702072143555,37.22518539428711,12.475784,21.641994
22.14865493774414,36.93943691253662,10.503292,22.020933
21.92339038848877,36.39311218261719,11.503893,22.95412
21.493982315063477,35.857208251953125,11.868065,23.523792
19.74316167831421,32.51304531097412,11.877763,26.2115
15.948981285095215,34.188536643981934,10.949598,24.68669
15.835022449493408,33.062705993652344,10.44517,24.845112
15.126006126403809,35.32102012634277,11.60253,24.182632
16.069580078125,32.494842529296875,11.253727,26.199032
14.789146900177002,32.94552707672119,10.8995695,25.350481
15.21324634552002,34.208290100097656,10.318277,23.971294
15.790663242340088,34.90537452697754,10.827254,25.929146
15.072237968444824,30.864103317260742,11.457792,28.508018
15.754404067993164,30.86878776550293,11.711494,27.948845
14.647030353546143,32.35154724121094,11.597941,26.176685
15.198565483093262,35.19785118103027,10.475019,23.749619
15.542478084564209,36.03894233703613,11.610932,23.887733
15.371086597442627,32.41093730926514,12.115062,26.683012
15.6969313621521,31.56071186065674,13.225862,28.23514
15.617936611175537,30.231529235839844,12.876023,28.502827
14.967038631439209,33.8471794128418,13.525193,25.852207
14.396265983581543,30.534462928771973,13.896223,27.823671
15.239101886749268,31.220009803771973,13.17287,28.291399
15.777840614318848,30.830933570861816,13.292307,28.863993
15.106672286987305,32.43640613555908,12.287537,26.32828
16.00296974182129,32.362393379211426,13.288139,25.98997
15.69340991973877,32.21918201446533,12.122866,27.308725
14.643945693969727,31.9734525680542,11.278793,27.092756
16.4988956451416,32.09847831726074,10,26.649078
19.13715171813965,30.166434288024902,10,30.63503
15.915593147277832,32.489593505859375,10.525362,28.565388
17.574692726135254,32.118205070495605,10.332003,27.64997
18.68611717224121,30.648919105529785,10,29.435022
15.758586883544922,34.036163330078125,10.642071,25.800182
18.404973030090332,32.31618785858154,10.580812,26.877638
13.367618083953857,33.40827655792236,10.857991,26.163706
15.523032188415527,33.77259826660156,12.387075,25.466297
14.194292545318604,33.48798847198486,11.207,25.59852
15.59531021118164,33.920392990112305,12.539021,24.584534
14.998895168304443,34.599514961242676,11.237153,24.68561
15.399727821350098,34.304988861083984,11.366777,25.283955
15.801045894622803,32.336360931396484,12.433389,25.981258
15.127589225769043,34.627963066101074,11.244757,23.775618
15.617490768432617,35.85985851287842,11.471474,22.602545
15.050763607025146,35.96292018890381,10.332612,21.62226
15.03903865814209,36.31432247161865,10.056749,21.66657
14.889243125915527,36.31520652770996,10.460619,21.143463
15.332576274871826,35.861456871032715,11.087937,21.711931
15.698558330535889,36.39194297790527,10.431916,22.043613
15.054978370666504,37.279136657714844,10.939352,21.20324
14.537288665771484,36.210434913635254,10.076141,21.733889
15.167216777801514,36.42565059661865,10.150033,21.383116
15.613570213317871,35.859256744384766,10.976603,22.32386
15.011338233947754,37.2510404586792,10.4772625,20.898882
15.605680465698242,36.724063873291016,10.064644,20.813034
15.483272552490234,36.323537826538086,10.781181,21.133518
15.636151313781738,37.75022792816162,10.157206,20.477541
15.602521419525146,37.737953186035156,10.766217,20.600079
15.148192882537842,36.893436431884766,10.896493,20.978249
15.473686695098877,36.81106376647949,10.397735,20.981522
15.060410499572754,36.58052158355713,11.0163555,21.9545
15.328752994537354,37.020700454711914,10.93677,21.120491
15.554563522338867,36.49545478820801,10.346725,21.394878
15.524831771850586,36.818562507629395,10,20.691145
15.05986213684082,37.058043479919434,10,20.300009
15.268253326416016,37.729004859924316,10,19.87853
15.217503070831299,36.706597328186035,10.437758,21.67943
15.238051891326904,36.609925270080566,11.081254,21.576529
15.572312355041504,36.23150634765625,10.956846,21.773102
14.572500228881836,36.42020034790039,11.133091,21.314743
15.42924976348877,37.34770202636719,10.466818,20.687645
14.781475067138672,37.430978775024414,10.120785,19.858154
15.28952407836914,37.01436233520508,10,20.751091
14.966472148895264,36.990455627441406,10.012399,20.47202
14.787866592407227,38.21251678466797,10,19.409431
14.859395980834961,37.626933097839355,10,20.3664
14.980896949768066,37.44738483428955,10.482706,20.18281
14.876579284667969,37.48959255218506,10.308811,20.239866
15.153231143951416,37.31359577178955,10.105685,20.27714
15.386533737182617,38.7154598236084,10,19.480587
15.526196479797363,38.17786502838135,10.315458,20.186274
14.988989353179932,37.507996559143066,10.119658,20.962496
14.83530855178833,36.80687141418457,10.565814,21.637459
15.323062896728516,36.427818298339844,10.308056,21.33105
15.156982898712158,35.94175148010254,10.815471,21.620525
14.586104393005371,37.51790237426758,10.618006,20.442978
15.596106052398682,38.27656936645508,10.265784,20.08953
14.868293762207031,37.78230571746826,10.47678,20.531412
15.057666778564453,36.37023735046387,10.368549,21.11723
15.439549922943115,37.29306411743164,10.001336,20.515839
15.81725549697876,36.80292797088623,10.256488,20.56418
15.602542877197266,36.93841743469238,10,20.428871
14.7744460105896,37.19654941558838,10.223626,21.12327
15.0517578125,37.10940647125244,10,20.507559
15.366380214691162,38.262062072753906,10.302487,19.901173
14.378314971923828,37.572537422180176,10,21.007692
15.01020336151123,36.78538227081299,10.636999,20.726728
15.575784683227539,37.265862464904785,10,20.64923
15.441840171813965,36.73179340362549,10.763018,21.783022
14.846745014190674,36.04793357849121,10.663123,21.77393
15.519921779632568,37.08719062805176,10.388562,20.816586
14.917437076568604,37.81420707702637,10.2816725,20.837612
15.42503833770752,36.79874897003174,10.71958,21.523046
14.93886423110962,36.22493553161621,10.532973,21.030506
15.487876892089844,36.63314247131348,10.031391,21.90305
15.508328914642334,35.76627540588379,10.375939,22.5676
15.515968322753906,36.50118446350098,10.210888,21.407185
14.65243911743164,37.76904582977295,10,20.806925
15.260664463043213,36.23437690734863,10.346683,21.463402
15.244834899902344,37.01487064361572,10.512207,21.622576
14.643207550048828,36.558695793151855,10.160698,21.048044
15.033147811889648,36.69824409484863,10.037651,22.091991
14.855685710906982,36.69044589996338,10.241452,21.458685
15.684614658355713,36.90898513793945,10.51393,21.130623
15.656940937042236,36.514349937438965,10.691249,21.734411
14.808481216430664,38.09992790222168,10,19.773392
15.294294357299805,37.405335426330566,10,21.158987
15.663102626800537,36.992597579956055,10.091832,21.122002
14.629186630249023,36.219651222229004,10,21.436903
14.90367317199707,37.84006214141846,10,20.255789
15.195516109466553,36.38241481781006,10.507558,21.771803
15.725586414337158,36.658127784729004,10.718177,21.47964
15.307744026184082,38.17154884338379,10.085501,20.512093
15.657320022583008,37.219754219055176,10,21.188112
14.541131973266602,36.931989669799805,10,21.462757
14.926362991333008,36.473100662231445,10,21.0997
15.637572288513184,36.74430751800537,10.082605,21.633768
15.38365364074707,35.9521427154541,10.059303,22.077892
15.040533065795898,37.412875175476074,10,21.285479
