154.0,46.0,9,19
151.74326848983765,47.204261779785156,11.794419,16.963829
151.34603834152222,47.34379482269287,12.455522,16.91078
150.89770460128784,47.63157844543457,12.241731,16.066597
150.86398839950562,46.42772197723389,13.068559,17.258787
151.3062572479248,46.698036193847656,13.635139,17.420132
150.87796306610107,46.740580558776855,13.119455,17.584177
150.6271243095398,45.5361852645874,13.182801,17.476164
150.32268619537354,45.61634349822998,13.515043,17.53264
150.7229290008545,45.74852466583252,13.923313,17.733362
150.7348608970642,45.40821170806885,13.522458,17.410162
150.4875841140747,44.67036056518555,14.157434,17.902943
150.0198016166687,44.074588775634766,14.208158,18.792057
150.04956436157227,44.24448490142822,12.553356,17.84418
150.44025421142578,45.05372095108032,11.958862,15.660037
149.83304595947266,44.58653736114502,11.931255,16.605742
149.89450693130493,44.50142002105713,13.102675,16.381788
149.70031070709229,44.09293556213379,13.218626,16.655647
148.79324102401733,43.71235370635986,12.84224,16.872156
148.48672914505005,42.50671195983887,14.209788,17.887287
148.35016298294067,44.94345188140869,13.232356,16.521498
149.19734048843384,42.72571086883545,15.179374,18.473738
147.38940048217773,45.023406982421875,16.688114,16.94009
148.47574377059937,42.18515968322754,13.64203,17.970043
147.5305061340332,44.980024337768555,14.677128,16.462444
146.42361974716187,46.124831199645996,14.778337,16.38508
147.2657995223999,45.278889656066895,14.5547695,16.606882
146.4338264465332,42.04609203338623,15.512547,18.8038
148.57523727416992,44.282691955566406,15.754246,17.038158
145.63322401046753,42.038146018981934,14.448445,18.773031
145.74255466461182,45.02158832550049,16.661127,18.177813
146.8729476928711,44.967641830444336,16.436398,16.858437
147.99625301361084,44.16714382171631,17.245321,18.885931
150.76241636276245,46.334733963012695,13.974553,15.1298065
151.47056579589844,44.999918937683105,13.819122,16.444277
150.3538703918457,44.40065670013428,15.661945,18.238657
146.58363342285156,41.41047286987305,14.14603,19.717655
146.1594672203064,40.94409465789795,10.400544,18.579123
146.11246919631958,41.181979179382324,14.863383,18.792028
146.3947992324829,40.397356033325195,16.895555,20.723282
147.7937355041504,42.957923889160156,16.021626,18.882236
147.160964012146,44.32016086578369,15.249029,16.533403
148.00193166732788,42.55473327636719,14.634355,18.69748
146.55780792236328,46.00998401641846,15.744846,15.095655
147.03177070617676,41.74033737182617,16.119934,19.750313
144.72105169296265,39.75259780883789,15.526597,19.32711
145.27955436706543,40.60941219329834,16.153168,20.169
145.80597496032715,39.34015464782715,15.721451,20.1824
145.3687448501587,41.51475715637207,16.659433,20.607838
144.53276920318604,39.55468559265137,16.271166,21.031681
145.68061685562134,41.88250541687012,15.915183,20.39381
144.357843875885,40.906137466430664,13.549781,19.539944
145.16982650756836,41.994505882263184,13.134022,17.515184
147.82499933242798,45.32266139984131,15.744239,14.237513
145.2514591217041,42.26583385467529,16.041798,15.317667
145.76856803894043,40.30110740661621,14.6641655,20.513927
144.44116878509521,36.610321044921875,15.093241,21.986938
143.84765434265137,41.06286144256592,19.360027,19.491228
144.39084243774414,42.424317359924316,16.797958,18.354948
146.2003049850464,43.809258460998535,15.747667,16.578466
145.38302516937256,44.35298442840576,16.413805,15.529642
146.85508346557617,41.94214916229248,14.634293,15.363829
147.0975947380066,42.3123254776001,14.002828,15.840113
144.50680541992188,43.471590995788574,16.846863,15.697725
148.2402400970459,44.33466148376465,14.257641,18.285877
148.0077109336853,44.18554973602295,14.308576,16.496565
147.3700032234192,44.22584009170532,14.271831,13.134887
151.13312005996704,44.22401475906372,12.025107,12.975787
144.24418449401855,43.67230796813965,15.356255,13.869762
144.2319827079773,42.364943504333496,15.420487,16.19414
146.20276403427124,43.78482437133789,15.8090105,15.2005005
144.4380054473877,43.6129732131958,16.849827,15.722647
143.9214105606079,42.08902931213379,17.198698,17.088215
142.52507972717285,43.293227195739746,19.190037,14.997362
142.63675022125244,44.0727105140686,18.486952,14.07651
141.8432068824768,40.685659408569336,13.825156,15.390575
140.50288772583008,39.074185371398926,10,17.049894
140.52848625183105,39.31499671936035,10,16.377464
139.5456600189209,38.557745933532715,10,17.822973
140.1762351989746,37.4051628112793,10.199516,17.495464
139.23273086547852,36.86408710479736,10,17.512964
140.2229266166687,39.7718710899353,11.4968,15.968755
137.63555145263672,36.182573318481445,13.493771,18.80928
137.25310611724854,35.01549434661865,11.896242,20.092695
137.11611413955688,35.02975559234619,11.670226,19.402536
137.23844289779663,32.47077465057373,11.274251,22.700136
137.60185956954956,31.457911491394043,12.637437,23.856394
136.7633399963379,32.20930480957031,13.074966,23.14
137.38419342041016,33.38444232940674,14.62986,20.63201
136.1138095855713,35.7559928894043,10.83675,19.287437
136.6764440536499,36.517415046691895,10.243616,19.396036
136.94385814666748,34.60580348968506,11.133776,20.181646
136.0433406829834,34.955925941467285,10.806252,20.123499
136.076322555542,33.01369285583496,11.285004,21.379623
135.75851821899414,34.36451721191406,11.250095,20.931454
136.13274955749512,30.757168769836426,10,22.915476
134.81657075881958,33.099677085876465,11.28094,20.640318
136.0754256248474,41.30499601364136,12.185052,13.965947
136.18275499343872,38.56898021697998,10.02925,16.195337
136.02290058135986,35.09618663787842,11.079565,17.80892
135.412606716156,31.84417724609375,11.579541,21.60778
134.527090549469,31.507274627685547,12.182368,21.765633
135.00437450408936,30.9323673248291,11.962053,22.496525
132.4838137626648,30.897517204284668,15.074319,21.44501
133.9745216369629,32.03921604156494,14.511337,20.93646
130.83763456344604,32.3858003616333,14.937356,20.39794
133.85365772247314,31.89179229736328,13.0384655,19.685463
134.66500902175903,29.85592746734619,15.853225,19.434416
134.8790111541748,28.462379455566406,17.036594,19.363182
136.5097780227661,27.99228858947754,20.302961,17.986088
136.57032680511475,30.426440238952637,19.704012,20.434381
134.77408504486084,33.253883361816406,25.237398,18.219147
132.63404750823975,31.0734224319458,14.936884,21.479193
128.2646884918213,33.121591567993164,14.254284,19.001392
133.16864204406738,27.374951362609863,16.852604,20.057669
130.84799098968506,31.14965057373047,12.980143,20.383766
132.76707792282104,31.918782234191895,10.53476,20.01348
132.2798366546631,34.00096035003662,10,17.347498
132.5599160194397,31.756935119628906,10.259089,19.429302
132.00898551940918,31.23475170135498,12.640091,18.340506
129.67495250701904,36.06984519958496,12.487814,16.57383
130.32494926452637,32.227911949157715,11.961086,18.993948
134.77091312408447,28.507363319396973,14.96076,17.101107
136.22363328933716,27.715734481811523,14.516273,17.939857
136.49520349502563,25.39049196243286,13.923877,15.495303
136.71529483795166,26.74583339691162,13.871553,15.217279
136.08693933486938,26.03554058074951,13.630733,15.839277
135.5143599510193,25.3989315032959,13.368646,16.417076
135.60895919799805,27.137075424194336,14.3799095,16.041256
134.981840133667,26.357516288757324,18.712242,13.626257
134.93863201141357,26.16498374938965,18.161009,16.754173
137.01737785339355,26.951528072357178,19.839546,14.641717
139.97952938079834,35.96382141113281,16.155691,14.872021
139.8349289894104,31.477287769317627,14.00928,15.402133
133.5221757888794,29.7098388671875,15.71493,16.411053
131.55328512191772,27.353803634643555,14.932282,19.176895
131.91383361816406,25.541086196899414,16.921719,19.314873
133.2570662498474,27.448119163513184,15.591195,19.711637
134.53528499603271,27.396626472473145,16.17623,16.476015
134.00953769683838,29.140583992004395,16.62523,17.66752
133.8740873336792,27.902246475219727,17.685965,18.996902
135.3394651412964,27.856135368347168,19.20613,19.121748
135.25190258026123,28.14377498626709,16.288717,17.458899
132.49660205841064,27.881332397460938,16.117891,18.385616
127.87115383148193,29.08577060699463,18.156034,19.01198
127.54079723358154,28.5336856842041,11.574789,20.312195
128.2611804008484,29.821517944335938,11.93131,19.306347
129.20844841003418,30.294164657592773,10.594833,18.89518
127.67666339874268,29.013193130493164,10.834837,19.717636
128.6030879020691,29.174633026123047,10.43477,19.209557
129.1224274635315,29.89546298980713,10.6957655,17.217932
128.44618272781372,29.118131637573242,13.044822,17.744907
128.97621822357178,27.699437141418457,11.344759,18.981733
127.8645544052124,27.065308570861816,14.638739,18.402658
128.47980403900146,27.661529541015625,15.5113735,19.118717
127.80979299545288,27.73524570465088,10.828614,19.088213
127.88808345794678,26.317851066589355,10.900072,20.672323
128.29443454742432,27.294713973999023,10.343046,19.897057
128.75929260253906,29.030420303344727,10,18.282986
127.49871063232422,26.827177047729492,11.584766,20.148426
128.33126306533813,25.5319185256958,10.25907,22.372885
128.08716011047363,25.403827667236328,10,20.7271
126.98802137374878,26.78336238861084,10.717877,19.766542
127.69919490814209,26.806425094604492,10.080458,19.524494
127.48246955871582,25.592413902282715,10,20.765669
126.96866941452026,29.44014072418213,12.729859,17.014956
126.50968170166016,27.492409706115723,10,19.096823
125.98596477508545,27.03167724609375,13.70796,18.563812
126.06178188323975,27.384400367736816,10.5259,20.06304
126.5791130065918,28.92411994934082,10,17.921818
126.60567569732666,27.65287971496582,11.109163,17.967571
125.89657592773438,28.228927612304688,10,17.415886
125.55231094360352,30.59887933731079,10,15.995269
125.25399589538574,30.28348731994629,10,15.551346
125.11577796936035,30.77686309814453,10,14.049694
126.12695121765137,30.66885805130005,10,14.993854
125.62490177154541,29.705554008483887,10.14393,14.464861
126.80904245376587,30.19774055480957,13.225863,15.078823
126.63553285598755,30.256437301635742,10.413798,15.72081
126.14293766021729,30.987009048461914,11.329569,15.45536
126.56433916091919,30.515323638916016,11.22988,16.017586
126.62117767333984,31.518357276916504,10,14.935881
125.02571678161621,27.910045623779297,10,16.788963
124.95059013366699,29.606685638427734,10,16.388622
125.68412971496582,26.07165241241455,10,19.82252
125.882408618927,27.107797622680664,11.589824,18.572693
124.00929069519043,26.339247703552246,10,19.006788
124.13112449645996,31.10719871520996,10,14.187042
124.99753761291504,26.345115661621094,10,18.70937
125.50937080383301,24.758947372436523,10,20.41784
124.1706771850586,25.575411796569824,10,20.033064
124.69516658782959,26.327210426330566,12.875444,20.040674
124.84128856658936,25.556653022766113,15.562197,18.613958
123.54195165634155,21.944714546203613,15.90978,19.727552
123.46622467041016,25.981689453125,11.863678,19.135948
124.66403818130493,26.76777935028076,13.236232,16.38632
124.2793459892273,27.4045352935791,10.852254,17.181522
125.33498239517212,27.395002365112305,13.655238,16.08797
123.5395040512085,22.985438346862793,11.548365,21.039904
124.46922159194946,21.547606468200684,10.928447,21.448053
123.74422311782837,24.103188514709473,10.394515,19.173193
124.60287857055664,21.842379570007324,10,20.449232
124.00906181335449,23.439069747924805,10,19.049526
124.64648199081421,22.562896728515625,13.9974375,19.807346
123.0833044052124,25.85981845855713,15.076925,16.311594
124.56100273132324,23.945765495300293,13.579308,18.362055
124.89233779907227,25.247440338134766,13.154095,16.820152
124.3595175743103,23.4080867767334,11.196767,18.715294
125.12112951278687,23.357688903808594,10.960423,19.216312
125.00928783416748,24.274588584899902,14.851175,15.507986
122.78764772415161,23.158873558044434,13.294639,17.02056
124.16957521438599,23.092113494873047,11.535296,18.03749
124.55728149414062,22.691158294677734,12.121689,17.706177
124.2493667602539,23.493529319763184,10,18.215094
124.56380844116211,23.64586353302002,10,17.037481
124.2230453491211,23.760366439819336,10,16.977402
124.09786796569824,23.276097297668457,10,17.289385
124.76444625854492,25.238795280456543,10,15.424955
124.30619239807129,25.42817211151123,10,15.360243
124.07318115234375,25.717641353607178,11.567688,15.165734
120.11946153640747,25.282301425933838,13.662421,15.336768
121.95548343658447,25.365023136138916,14.097631,15.635829
122.05916690826416,23.44099235534668,15.303118,16.649258
118.67309188842773,25.222383499145508,15.123425,16.2364
120.2302598953247,24.35177707672119,16.648638,16.895998
121.1080493927002,25.316812992095947,21.170685,15.655189
112.48351860046387,21.829511642456055,20.660717,18.828316
113.17035293579102,20.83432388305664,21.798538,20.23257
112.11884117126465,19.97483730316162,17.061466,20.840658
112.64264392852783,20.75306987762451,10.148169,20.159262
113.2042818069458,23.506011962890625,16.368513,17.667706
114.62194919586182,23.393667221069336,13.717634,18.51249
116.38396453857422,23.237509727478027,15.08828,17.146906
122.98164415359497,23.909127235412598,11.898978,16.264471
114.65790462493896,23.11079978942871,16.625185,17.701336
115.19427394866943,22.50855827331543,16.068071,18.102978
117.92617702484131,23.792102813720703,14.1459675,16.331741
117.2683367729187,24.39536428451538,14.667134,15.770951
117.67753028869629,23.631763458251953,13.439049,17.407345
118.35223388671875,23.484103202819824,13.253418,16.412554
118.44668674468994,22.295119285583496,13.634142,17.940607
119.14881753921509,22.201217651367188,12.63655,17.6997
120.24091100692749,22.772719383239746,12.215234,17.606592
119.78087854385376,22.709247589111328,12.244449,17.901337
119.8642807006836,22.758967399597168,12.08485,17.279676
120.14003467559814,24.230130195617676,11.035593,16.58883
120.63887739181519,23.609390258789062,11.244363,16.93042
119.73514032363892,22.508846282958984,12.0955305,18.385704
120.1122989654541,23.25240707397461,12.282043,17.214119
120.59681987762451,22.73801326751709,10.737402,17.93202
120.29438209533691,22.24286937713623,12.494339,18.811548
119.41407299041748,22.594923973083496,11.087908,17.952467
120.7099347114563,22.47591781616211,10.818027,18.4483
120.27243280410767,22.071474075317383,10.884192,18.609623
119.64748620986938,22.834192276000977,11.325927,18.419552
119.55513191223145,22.185070037841797,11.840347,18.262547
120.50656938552856,23.55280303955078,11.036368,17.472984
120.15331745147705,23.701136589050293,11.623262,17.201437
121.01508569717407,23.115132331848145,11.762397,17.47267
119.78827714920044,23.30429744720459,11.272552,17.373716
119.9698052406311,23.483980178833008,10.999621,17.686531
120.21389389038086,23.067587852478027,10.81971,17.641268
119.4293909072876,22.62094497680664,11.330805,17.76057
120.43302011489868,23.589533805847168,11.227862,16.611937
119.89569616317749,24.31097412109375,10.339608,16.495968
120.53885698318481,24.244912147521973,10.741958,16.382223
120.48255777359009,24.703828811645508,11.549056,16.74995
120.65261459350586,22.688457489013672,12.334862,18.018276
119.91572904586792,22.18070888519287,12.115239,18.250242
120.5270128250122,23.549723625183105,11.211554,17.398539
119.77599287033081,22.59883689880371,12.493428,18.074966
120.37933540344238,22.137158393859863,11.345249,19.25128
120.33502721786499,22.046180725097656,11.187852,18.803345
121.4757490158081,21.873071670532227,11.100607,18.418098
120.47695016860962,21.715290069580078,10.414012,18.26767
121.61116600036621,21.82265567779541,10,16.418352
121.09600973129272,21.30467128753662,11.174447,14.564184
121.39804172515869,22.040616035461426,10.593103,17.447008
122.2311840057373,23.129091262817383,10,18.126183
121.47989273071289,24.24991512298584,10,17.651651
121.7116470336914,21.711833000183105,10,19.225473
121.67203903198242,23.584418296813965,10.821087,18.141623
123.01192140579224,25.031155586242676,10.305144,16.41517
122.36732864379883,23.454915046691895,11.571228,16.834105
123.17489051818848,22.09147071838379,13.186405,14.94445
121.71605491638184,20.944207191467285,11.861359,18.31626
120.74095249176025,22.02044677734375,12.617262,19.711487
122.27980899810791,22.094120979309082,12.228521,19.083128
122.00582361221313,21.990392684936523,13.348414,18.129253
121.0228533744812,22.349138259887695,13.59411,18.491032
121.10436010360718,21.796789169311523,13.5612,18.707851
120.47339534759521,22.234646797180176,15.087648,18.852232
121.08099269866943,22.27400779724121,17.671824,18.958263
121.57410621643066,22.13023567199707,16.73946,18.812786
121.65153503417969,21.73268413543701,17.721054,19.253588
121.33200979232788,21.857340812683105,15.845418,18.791918
121.28839874267578,20.197754859924316,16.584877,20.536535
120.36264705657959,22.38472843170166,16.53348,18.999388
121.60129833221436,22.465456008911133,17.335794,18.615856
121.42205858230591,21.668609619140625,15.119422,19.27272
122.13467979431152,22.195191383361816,14.739941,18.933386
122.50838804244995,21.54935646057129,15.265344,19.873585
122.33482933044434,21.019153594970703,15.558285,20.617653
122.34323310852051,20.532713890075684,15.831837,20.834986
121.70075988769531,20.7767915725708,16.692314,20.427992
121.62255954742432,20.51507568359375,18.46681,19.956116
122.74357509613037,21.272356033325195,15.492449,20.154453
122.79622459411621,21.683327674865723,14.636501,18.666868
123.42998170852661,22.290159225463867,14.724418,18.367168
123.08742570877075,23.282404899597168,14.404586,17.706087
125.15019941329956,22.943528175354004,13.236672,16.59484
125.20089769363403,22.165342807769775,12.02225,15.750197
125.77899360656738,22.82324981689453,11.448963,14.649387
126.04983377456665,22.815080165863037,15.485637,15.687989
123.34304571151733,21.65547275543213,15.824567,17.81241
124.55674362182617,22.663907051086426,16.896767,15.881029
123.0446138381958,22.84342098236084,12.694387,18.136518
123.72629880905151,22.104987144470215,13.196034,18.028585
124.50788021087646,20.88204574584961,11.752832,15.838909
122.62206411361694,21.41672134399414,12.446229,16.330822
125.42916536331177,20.82602310180664,14.65459,17.796417
122.63347101211548,19.627446174621582,14.174201,18.289137
122.18592357635498,20.420387268066406,15.529203,16.378105
124.88328409194946,19.851433753967285,11.59658,16.771612
123.97951793670654,21.055293560028076,12.71015,15.219178
125.39257907867432,20.584267616271973,11.729109,16.339651
122.67213249206543,19.80396270751953,13.262173,19.650303
121.94473695755005,20.276676177978516,14.664855,20.770359
122.94898128509521,19.636557579040527,18.822214,19.729773
122.34593200683594,19.180697441101074,16.035316,21.367659
122.48287868499756,16.526752471923828,14.763559,23.205639
123.47376871109009,17.394200325012207,14.089381,23.24843
121.79958295822144,17.69235324859619,15.381387,21.199701
122.61356592178345,18.20883274078369,14.732516,22.273897
123.25003910064697,18.619646072387695,14.266653,19.4002
123.09578275680542,20.698410987854004,14.345384,18.995958
124.59847116470337,19.88467025756836,14.072108,20.737652
125.86981391906738,19.85073184967041,13.125576,18.364252
125.2222318649292,22.526248931884766,13.318716,18.05679
123.66027355194092,18.76235008239746,15.23649,21.692142
123.19535970687866,19.087549209594727,15.640927,21.802113
123.40367126464844,20.297395706176758,15.087631,20.076862
123.76600790023804,20.809953689575195,14.062955,20.163502
123.43781328201294,20.191624641418457,15.086196,20.464224
124.45428657531738,20.585383415222168,14.488453,20.110392
125.0708737373352,20.591732025146484,13.8074255,20.35476
125.12521839141846,20.446157455444336,13.505423,20.213253
125.65266275405884,20.195839881896973,13.73257,20.468222
124.68653059005737,21.327792167663574,14.079576,19.427172
124.63794469833374,20.45630931854248,14.312322,20.63022
125.25699043273926,19.850513458251953,14.116192,20.901169
124.77159309387207,19.219260215759277,14.507595,20.872355
124.77283096313477,19.040162086486816,15.593246,20.860487
124.39209032058716,19.446690559387207,15.701583,21.287565
124.97438716888428,19.31216049194336,14.1360035,20.100052
125.70577669143677,20.36592197418213,14.499328,19.768019
125.84675788879395,20.863001823425293,13.840183,18.7791
125.4481258392334,19.96163558959961,14.863468,19.447067
125.12732791900635,19.454134941101074,16.53253,20.336168
125.09699821472168,21.24436092376709,16.778065,19.171892
125.65487432479858,20.457595825195312,14.60336,20.245148
125.77988290786743,21.0615234375,15.422893,18.944206
125.90398788452148,20.43558692932129,16.388397,19.373074
124.90638256072998,20.954090118408203,18.531313,19.09111
125.0440444946289,21.26051902770996,16.877495,18.935856
124.9103422164917,21.774685859680176,18.463945,18.932928
125.47034645080566,21.997429847717285,17.939877,18.855932
125.14974975585938,20.81419849395752,18.440422,19.711409
125.57393074035645,21.906078338623047,16.526081,18.003914
125.42523670196533,20.804844856262207,17.509771,20.131361
124.5445728302002,21.020167350769043,16.998844,19.667368
124.93140411376953,20.81520938873291,16.939293,19.982748
124.59718132019043,20.39011001586914,18.318592,20.869904
124.86785221099854,20.511120796203613,18.03662,19.737013
125.61616325378418,21.235692024230957,18.14719,18.932035
124.93220138549805,20.09276294708252,17.400513,20.152044
125.40833854675293,20.64168357849121,16.518871,19.273708
125.23304557800293,20.664472579956055,17.357723,19.689274
124.90773582458496,21.689435958862305,17.175816,18.313099
125.86160659790039,22.51163101196289,16.988014,17.85305
125.42745876312256,22.20331859588623,17.893091,18.235147
125.5602502822876,22.71121120452881,17.555151,18.102533
125.05941963195801,22.555167198181152,17.388828,18.41086
125.59925174713135,22.222485542297363,18.169264,18.601187
125.46838188171387,25.224533557891846,17.54488,15.436347
124.93521213531494,22.388598442077637,18.408834,18.521276
125.18922805786133,21.41645050048828,18.385544,19.162693
125.2223129272461,22.55192470550537,18.654533,18.330603
125.19816780090332,21.698387145996094,18.835323,18.85513
125.42286682128906,20.71141242980957,18.26001,19.141869
125.2077989578247,21.533955574035645,17.450834,19.39277
126.2744140625,22.950709342956543,17.193497,17.363379
125.77404975891113,22.790188789367676,18.217083,17.674906
125.9986400604248,23.165284156799316,18.008633,17.589846
124.92170429229736,23.73197364807129,17.320616,16.820778
125.05414581298828,22.36767864227295,17.67685,18.250868
125.97587871551514,20.69561767578125,18.997248,19.776379
125.29655933380127,21.286965370178223,18.660902,19.3173
125.49134349822998,24.084986686706543,18.6831,16.772474
125.20246696472168,27.94843626022339,17.185131,13.127332
125.48421096801758,20.046756744384766,18.579063,20.408443
129.9429850578308,19.966551780700684,15.307801,20.046911
125.2019910812378,20.29552173614502,18.425447,20.04838
125.81892013549805,20.457183837890625,18.452095,20.218105
124.75662422180176,20.13218116760254,19.031605,20.018036
125.51495742797852,20.657175064086914,18.950386,20.189362
125.00622272491455,21.71446704864502,19.196775,18.943895
124.48010063171387,20.50177001953125,18.755772,19.98515
127.1277027130127,21.39022731781006,17.91563,19.161665
125.18102550506592,19.93797206878662,19.062265,20.622648
125.19634819030762,20.05203914642334,19.884708,20.358305
125.13286018371582,20.37742805480957,18.926441,20.307983
124.70717239379883,20.775880813598633,19.128502,19.61515
124.98634433746338,21.369933128356934,19.429625,19.391027
125.21824169158936,19.533010482788086,19.40211,21.0084
127.54729652404785,20.2204008102417,16.464138,20.285482
125.62896728515625,20.790152549743652,18.286041,19.625082
125.60651302337646,21.698092460632324,18.373552,19.065992
124.93294906616211,21.4947566986084,18.481895,19.039513
124.83493137359619,22.53315544128418,17.63751,17.595139
124.76935863494873,22.775562286376953,17.846994,18.134792
125.37979507446289,22.977266311645508,18.595436,18.13211
128.82431650161743,21.24618911743164,15.192981,18.277401
132.45816230773926,23.64629554748535,10.967655,17.253967
131.59110021591187,23.34909725189209,12.338475,17.460276
130.81263875961304,22.404367446899414,13.230313,17.616024
131.57294464111328,22.47294521331787,10.962109,17.546171
125.55980396270752,23.62666416168213,16.090616,17.06381
125.30055904388428,22.74104595184326,16.422758,18.241732
125.42756843566895,23.244287490844727,17.93998,17.866985
132.0253872871399,20.08204174041748,10.773036,19.963037
125.61459636688232,21.513254165649414,18.126764,18.554394
125.58817100524902,22.32858943939209,18.241627,18.24013
125.27686023712158,22.064265251159668,18.222525,18.707644
124.95528793334961,21.92203426361084,18.608086,18.619417
125.50394535064697,22.156904220581055,18.624022,18.220531
125.8409309387207,20.921502113342285,17.376823,19.13204
125.06063270568848,23.254788398742676,19.017551,17.160444
124.7545862197876,23.916519165039062,18.832182,16.468018
125.49161529541016,23.580793380737305,18.579918,17.10825
125.46925258636475,22.842500686645508,17.722307,17.234257
125.01328468322754,23.8692045211792,18.395123,16.436892
125.13376522064209,22.681915283203125,18.291986,17.287605
125.16865921020508,22.477622032165527,17.831032,17.83999
124.78089332580566,23.219226837158203,18.089512,17.037643
125.0469217300415,21.89682960510254,18.411184,17.943035
125.5013370513916,23.21121883392334,18.195942,17.158838
125.83968830108643,22.45576572418213,16.519224,18.409704
124.85261058807373,23.80295181274414,18.777132,17.12584
124.94953727722168,23.151508331298828,18.248966,17.368813
124.92066478729248,24.158936500549316,17.880274,16.972136
125.67941951751709,23.416552543640137,18.388605,16.86822
125.12335968017578,23.796062469482422,18.168106,16.971764
125.33811569213867,23.331048011779785,18.911598,17.715803
125.67644596099854,23.22748851776123,17.752485,16.943552
125.31166458129883,23.9336576461792,18.164032,16.958597
125.56776523590088,24.418434143066406,17.83306,16.551323
125.64700126647949,21.599251747131348,18.205341,18.738256
125.46288013458252,23.271668434143066,17.406569,17.903357
125.46647071838379,22.725149154663086,17.46423,18.364498
125.15491580963135,23.11056613922119,18.037924,17.86302
124.72210788726807,21.82470703125,18.11299,18.613136
125.64469242095947,22.12169647216797,17.622282,18.258598
126.97937774658203,22.861594200134277,17.194954,17.733652
125.3399829864502,22.975536346435547,18.00893,18.191856
125.70055675506592,22.81501579284668,17.68519,18.012691
125.1163911819458,23.03708839416504,18.093245,18.10072
125.29296493530273,22.88913345336914,18.295021,17.999916
125.54378604888916,22.26969051361084,17.829046,18.365206
125.78227233886719,23.404258728027344,17.79795,17.80243
125.22673416137695,22.841354370117188,18.401093,17.646202
125.53650760650635,22.745698928833008,18.528555,17.504887
125.10850524902344,23.446483612060547,17.75344,17.738571
125.27774143218994,23.46575164794922,18.57575,17.388557
125.40242576599121,22.903282165527344,17.80627,17.340424
125.73366165161133,22.820098876953125,18.261345,17.265
125.64916610717773,22.964258193969727,18.173347,17.668972
125.32244110107422,23.619665145874023,18.799133,17.415722
124.79278087615967,23.531984329223633,19.113039,17.303066
125.85820579528809,23.517658233642578,18.036686,17.654907
125.94323348999023,23.03348159790039,18.235466,17.424759
124.62072944641113,23.563581466674805,18.612484,17.65086
124.75707721710205,23.664901733398438,18.695234,17.827385
124.66421413421631,23.05982494354248,18.41202,18.07757
124.90286254882812,23.23487377166748,17.990128,17.483477
124.88392639160156,22.882022857666016,18.055168,17.791588
125.20647048950195,23.105300903320312,19.357521,17.678146
124.88145637512207,22.760025024414062,18.91106,18.26213
125.95337772369385,22.894099235534668,17.46092,17.83285
125.01930332183838,22.88142681121826,19.127844,17.530405
125.43757057189941,22.983928680419922,19.02731,17.823006
125.89693355560303,23.349288940429688,18.242723,17.509796
124.96284580230713,22.193960189819336,18.490606,18.05618
125.2709608078003,22.54829216003418,18.312418,18.026768
125.78617763519287,23.119956970214844,18.194818,17.002632
124.5174446105957,22.653806686401367,19.845291,17.781063
124.44526481628418,22.124133110046387,19.787876,18.25815
125.26276016235352,22.531014442443848,18.904373,18.324133
124.59553337097168,22.345924377441406,19.568798,17.741104
125.50283145904541,22.16240692138672,19.068098,18.596024
124.86466312408447,21.9013671875,18.857801,18.786224
125.13836097717285,21.847015380859375,18.225864,18.377022
125.56136226654053,21.93703269958496,17.183947,18.212849
125.45757961273193,20.862618446350098,17.896273,19.492903
125.60546207427979,20.41597080230713,17.845839,19.732046
125.17365169525146,21.503652572631836,18.683336,18.994236
125.2200117111206,19.763604164123535,17.842607,20.30007
125.14855003356934,20.01812744140625,18.6226,20.396591
125.77796363830566,21.445955276489258,18.131153,19.107464
124.3398265838623,20.524829864501953,19.18787,19.71582
124.58181476593018,20.223140716552734,19.20143,20.075638
124.34846019744873,21.26942539215088,19.0684,19.020483
123.92274570465088,21.00686264038086,19.185156,18.786201
123.99562740325928,21.373716354370117,19.460436,18.585789
123.5632495880127,21.71656608581543,19.681652,18.055302
123.33664226531982,21.300188064575195,20.526361,19.810413
123.43543529510498,20.02015209197998,19.760485,20.602777
123.9042558670044,20.218891143798828,20.14057,20.91401
123.61447238922119,20.24724006652832,20.318052,19.942287
123.72490215301514,20.955272674560547,19.523607,19.864014
124.74578666687012,20.387990951538086,19.732319,19.971523
123.1574239730835,20.701457023620605,20.541002,19.69456
123.70809173583984,19.416232109069824,20.164299,20.871187
122.41052055358887,20.14804172515869,21.449978,20.668203
123.13726711273193,21.084351539611816,20.668268,19.884817
123.31987571716309,20.16507053375244,20.7514,19.881857
123.4315299987793,20.916595458984375,20.90258,19.77127
123.26559734344482,20.14401149749756,20.217363,20.01697
124.05347919464111,19.816075325012207,20.803747,21.374418
123.72788429260254,18.49096965789795,20.490658,21.237307
125.01960563659668,19.149746894836426,19.365574,20.572828
123.61679363250732,19.835243225097656,21.16804,20.810387
124.33207988739014,19.5927677154541,19.684778,20.190609
124.69344425201416,21.65117835998535,19.296812,18.674053
124.62751960754395,21.87598419189453,19.505695,18.568947
123.44708633422852,18.694422721862793,21.237038,21.295275
123.6741590499878,18.136032104492188,20.826548,21.400597
124.82566452026367,18.42305850982666,19.818687,21.209364
125.40527057647705,20.923648834228516,19.293356,19.142128
125.39402770996094,19.328381538391113,19.688515,21.235731
125.20107364654541,17.947675704956055,19.3925,22.05859
125.3969841003418,18.272174835205078,19.284859,21.8255
125.88136386871338,18.103296279907227,18.471144,22.496464
126.22485733032227,20.900415420532227,21.060654,19.653095
126.87826538085938,18.84738063812256,17.739914,21.503489
126.43841457366943,17.726537704467773,19.157251,21.854542
127.06055736541748,19.82518482208252,17.199594,20.066755
127.01884841918945,21.699045181274414,16.807999,18.237957
127.98243618011475,20.12104892730713,16.47149,19.786894
128.15122604370117,21.55387020111084,16.760979,18.375269
127.66850566864014,19.28426742553711,17.771227,20.917671
128.58610439300537,22.01548480987549,19.196611,20.477346
128.28989505767822,21.73285675048828,20.182981,18.869293
129.02217292785645,22.314265251159668,16.318035,17.285471
129.45582056045532,23.461905479431152,15.40945,17.0216
130.1198592185974,22.900811195373535,15.297338,16.798487
129.211501121521,23.11614418029785,17.264711,18.045494
129.16979026794434,21.19576358795166,15.426731,18.699541
129.71993827819824,22.079331398010254,16.123959,16.70975
130.6021637916565,22.1639347076416,15.381526,17.869576
131.45501375198364,22.92006206512451,14.542777,16.741072
129.82233095169067,22.991628646850586,15.489837,16.38464
131.14269256591797,22.3082218170166,14.5159,16.61369
130.20447397232056,18.85989475250244,15.746516,20.669443
130.4655408859253,21.024118423461914,15.359926,19.107918
128.36437034606934,15.30770492553711,17.319798,22.863655
128.42459774017334,14.908153533935547,17.112703,24.03894
128.99944400787354,16.02045726776123,16.58531,23.792864
128.87946891784668,15.72632884979248,17.142185,23.246584
130.19677352905273,16.36234951019287,16.593056,23.540773
129.6167459487915,15.969706535339355,17.624456,24.097193
129.53167915344238,15.65001392364502,16.724873,24.888952
129.97159957885742,14.986668586730957,17.025139,25.548315
131.25163650512695,20.144805908203125,15.256287,20.870384
130.58452033996582,15.931783676147461,16.34354,24.883663
130.7290620803833,17.39418125152588,17.05425,24.582174
131.49206018447876,16.028575897216797,15.387591,25.241768
131.14482402801514,20.33384895324707,16.366465,21.214611
132.47809505462646,15.979216575622559,15.548914,26.209871
132.42835903167725,15.224796295166016,14.665766,26.991013
131.63014793395996,15.616288185119629,16.08073,26.646376
132.8719997406006,15.560808181762695,15.364674,27.376125
133.22716999053955,14.864762306213379,14.168524,26.91551
133.32744312286377,14.642960548400879,13.835897,27.62055
133.51601028442383,15.276723861694336,13.780937,27.635822
133.91944694519043,14.890196800231934,14.074345,27.89676
135.2593584060669,15.040522575378418,12.024443,26.988802
135.15778064727783,15.091622352600098,11.928984,26.067953
135.0575656890869,15.011241912841797,11.94125,25.804
134.9344997406006,15.225847244262695,11.944576,25.60168
135.75093746185303,15.014585494995117,11.796251,25.742771
134.334858417511,15.191596031188965,12.769065,25.578066
134.56125211715698,15.201910972595215,13.34855,25.032488
135.79947471618652,14.744768142700195,12.751865,26.300152
135.4393277168274,15.41034984588623,11.841765,26.424677
136.23818492889404,15.215117454528809,12.2204075,25.48726
135.35482549667358,15.574764251708984,14.533849,26.522392
136.10648345947266,15.585987091064453,12.806686,26.41027
135.1186728477478,15.23595905303955,12.566014,27.019209
135.86122703552246,13.662028312683105,13.010342,28.127573
134.43920612335205,15.415938377380371,16.631765,26.140818
136.1043815612793,13.836833953857422,13.824654,27.711235
133.5776195526123,14.230052947998047,17.246868,26.341675
134.06316328048706,13.952280044555664,15.39187,26.239788
135.84622764587402,13.038799285888672,16.91032,26.166992
134.39722537994385,13.612969398498535,18.4372,26.648932
134.38580131530762,12.602289199829102,17.511868,27.160923
135.38580513000488,12.601372718811035,16.484913,26.332335
134.78953218460083,13.481054306030273,15.380713,23.15984
135.4075198173523,12.498884201049805,15.059724,27.251163
135.2418031692505,12.740944862365723,14.316969,26.98921
137.6406946182251,12.957193374633789,16.74481,26.603008
137.18543100357056,12.875123023986816,14.018573,26.106428
137.42343378067017,12.191072463989258,15.197017,23.23476
136.68406915664673,12.71019172668457,15.788157,26.558895
136.31418800354004,13.761594772338867,15.582569,26.466259
136.68946743011475,13.9588623046875,16.175196,28.182877
136.0438461303711,13.384442329406738,17.447159,29.810072
135.23030376434326,13.658528327941895,18.799166,29.761778
134.88958549499512,12.509586334228516,17.4799,28.739067
135.51577472686768,13.275725364685059,18.14559,27.6326
135.3174638748169,13.21621322631836,18.651213,28.772118
134.52643871307373,12.604207038879395,19.080416,28.578573
134.39873027801514,13.203466415405273,17.993738,26.17838
135.5633029937744,13.497403144836426,19.747166,27.777868
134.35372257232666,13.109795570373535,21.167028,28.323652
134.616379737854,12.7926607131958,22.58299,28.073217
135.29767417907715,13.296126365661621,22.920063,28.94539
135.0773630142212,12.528813362121582,24.037642,27.118582
135.75137424468994,12.477081298828125,24.371748,28.605225
136.00440883636475,12.964727401733398,24.869127,27.829708
135.27982902526855,12.429431915283203,23.72269,24.610275
135.86773681640625,11.978009223937988,24.31311,26.949781
136.3545970916748,12.55044174194336,24.071041,23.753471
136.20808124542236,11.65853500366211,23.561377,26.699898
135.47564315795898,12.386054039001465,25.39988,23.34556
134.2239465713501,10.84853458404541,27.504957,27.846663
136.7890110015869,11.466107368469238,23.96828,25.549322
135.6575517654419,10.884093284606934,24.363974,28.39438
136.24281120300293,10.680608749389648,25.499157,25.609089
134.24851512908936,12.276617050170898,24.944277,31.2347
134.77603340148926,14.258235931396484,27.451496,25.78669
135.5834379196167,13.413381576538086,26.786303,26.979473
134.1142282485962,15.196666717529297,29.21527,27.662514
135.03543663024902,12.49154281616211,28.27673,28.3721
137.36825847625732,12.383291244506836,25.94372,26.653873
136.78955078125,12.389764785766602,26.602982,23.309032
136.13992500305176,14.497920036315918,28.272053,21.470934
139.33708000183105,11.405210494995117,25.878849,23.768162
136.0180788040161,13.874394416809082,28.414068,22.94322
137.2131862640381,12.97585678100586,28.519604,26.07203
138.7577257156372,13.053343772888184,26.736776,23.767092
135.78228759765625,15.448548316955566,27.144333,25.075987
135.87010097503662,13.009381294250488,28.724253,27.862669
137.45897674560547,13.923337936401367,28.62819,23.041286
138.4946813583374,13.247291564941406,27.301538,23.366333
136.96986770629883,16.747684478759766,27.451889,23.2184
145.35461711883545,15.053123474121094,21.668543,18.936127
152.96033334732056,15.927895545959473,13.606555,15.677572
154.27015686035156,15.030138969421387,11.572464,16.014814
154.24039316177368,14.57459306716919,11.857596,14.795886
155.06140089035034,12.44218921661377,10.827943,16.222979
154.28781604766846,12.877758979797363,13.211435,16.676706
155.78055000305176,10.699050903320312,11.908119,18.957039
155.81607818603516,11.260675430297852,11.1219635,18.756435
156.43537616729736,10.430696487426758,11.569197,18.021103
156.28625869750977,11.003996849060059,11.276203,16.150927
156.78225135803223,12.838327407836914,10.9243965,14.242126
158.03532314300537,12.906034469604492,10.365408,16.507782
157.39968872070312,10.342140197753906,10,15.028011
157.65591287612915,11.254031658172607,11.340957,14.595132
158.79742002487183,10.552547454833984,10.6214,15.568352
159.00879907608032,11.11112928390503,11.174674,15.349332
159.54399299621582,12.606186866760254,10,17.636374
159.60286903381348,10.55064868927002,10.94001,15.682482
159.24257802963257,11.083057403564453,11.366498,13.969715
159.9254026412964,10.477856159210205,11.251329,14.49964
159.92312955856323,11.524222373962402,12.524446,13.58032
160.72237491607666,10.694794178009033,12.725336,14.130595
160.0892734527588,11.068849563598633,13.683033,14.504982
160.9102053642273,12.411175727844238,14.620458,14.066107
159.91821765899658,12.77973985671997,14.191957,13.88034
160.83913850784302,10.32001543045044,15.119014,14.805854
160.73869514465332,10.451343059539795,14.1107025,14.855828
161.45701599121094,10.591111183166504,13.473541,16.564348
162.82672452926636,9.872076034545898,12.60819,18.574749
162.7554750442505,9.865141868591309,14.127604,16.369856
163.56419229507446,11.827616691589355,12.417232,16.862226
163.9459867477417,11.329707145690918,12.530836,14.168272
164.26423501968384,11.078135013580322,11.844481,14.815459
164.31203699111938,11.368255615234375,11.927604,16.93467
163.77135801315308,11.397717952728271,13.79638,15.482514
164.0669937133789,10.852418899536133,13.319618,16.213898
164.25997018814087,10.336138725280762,12.999141,16.983503
164.98982620239258,10.647720336914062,12.24641,14.823948
165.34666204452515,10.902816772460938,11.650056,19.103714
165.16595125198364,10.139371871948242,11.592814,16.239258
165.84632349014282,10.090050220489502,11.398433,14.654254
165.17457818984985,10.564062118530273,11.230079,16.431969
165.23595762252808,9.805229187011719,12.684354,18.422615
165.00973892211914,9.217957496643066,12.026466,16.990622
165.48142099380493,9.938718795776367,11.552608,14.905338
166.52298974990845,10.172008514404297,11.656295,15.076881
166.13902473449707,10.118534564971924,11.329216,14.1861105
167.1635775566101,9.80738878250122,13.031594,13.96337
166.99090814590454,11.002614974975586,12.316302,14.043007
166.96318769454956,9.882402420043945,12.407907,14.387844
166.72746229171753,9.15144157409668,12.386853,16.03357
167.49438047409058,9.432877540588379,11.977998,16.579012
165.39058208465576,10.529186248779297,14.68836,15.568462
166.30529022216797,9.804142475128174,13.585487,14.451465
167.06318378448486,9.1471586227417,12.946825,15.830648
166.40128231048584,8.902305126190186,12.383944,15.540303
166.6698670387268,9.856653213500977,13.338851,14.233437
165.6919140815735,9.877791404724121,14.647803,14.530676
166.75350856781006,9.96509075164795,15.317366,17.673285
166.77102947235107,10.11734676361084,13.666769,17.275908
167.15081405639648,10.352495193481445,14.21386,15.438549
167.44086122512817,9.508666038513184,14.632941,15.563478
166.7778935432434,9.94545841217041,15.481597,16.069464
166.59398126602173,10.20769739151001,15.201583,15.657252
166.96450328826904,8.757481575012207,13.635481,17.19098
167.74622011184692,9.711583137512207,15.263133,17.002962
168.3595790863037,9.408726692199707,15.16275,17.046305
166.56660318374634,9.215231895446777,14.577868,18.966444
167.2909688949585,9.69854736328125,12.867945,19.129406
167.01978874206543,9.146855354309082,14.196774,17.926474
166.52582550048828,9.289437294006348,15.166603,17.21063
166.54673099517822,8.955784797668457,14.589727,16.703127
166.66605472564697,10.243280410766602,14.572615,16.193993
168.05368423461914,11.098557472229004,13.155464,16.567133
167.73592472076416,10.252314567565918,13.240374,17.030355
167.7616105079651,10.060125350952148,12.728904,17.09235
166.98216915130615,10.270081520080566,13.457476,14.943834
167.09362983703613,9.98677682876587,13.50243,15.624087
166.8145489692688,9.838155746459961,11.572124,15.811192
166.7589783668518,9.835846900939941,12.277568,14.741053
166.6969976425171,9.957659244537354,12.918158,15.214797
167.19742918014526,9.544536590576172,12.2343645,16.16819
166.9077410697937,9.479837417602539,12.590711,16.5596
166.80986166000366,9.57280158996582,12.13458,14.922554
166.6106300354004,10.054448127746582,12.45153,15.727491
166.46549701690674,9.49304485321045,12.943083,14.83354
167.2544870376587,10.49199914932251,12.339792,14.109023
166.73275995254517,9.809311389923096,12.831813,15.460509
166.47507429122925,9.686269760131836,13.067956,16.60154
165.90301370620728,10.620058536529541,12.408374,14.267291
166.2662477493286,10.289515972137451,12.294584,13.955377
167.06379175186157,10.796521186828613,12.168338,16.56449
166.55218410491943,10.059722900390625,12.257357,16.643444
167.47801113128662,9.673174858093262,11.423815,18.86085
167.33657217025757,10.153921127319336,11.334897,18.609066
166.38745546340942,9.4920973777771,12.240184,15.668183
167.63457107543945,9.810550689697266,11.318821,16.934826
167.74106645584106,10.249592781066895,11.531234,14.468306
167.46472930908203,9.765019416809082,11.832142,15.11133
167.44162511825562,9.801433563232422,11.512979,15.534546
168.4460096359253,9.558854103088379,11.991915,16.720427
168.25387811660767,10.535385131835938,11.285945,17.621098
168.61867666244507,10.156232833862305,11.848958,16.5821
168.05085849761963,10.059775352478027,11.1523,16.83386
168.88910675048828,9.759119987487793,11.218628,18.02347
169.2970151901245,8.850822448730469,11.316381,18.133556
168.82862854003906,9.315283298492432,11.316204,15.329513
169.18264150619507,9.598797798156738,11.004979,16.27382
169.02093648910522,10.011958122253418,11.545644,16.553354
169.27867031097412,10.745268821716309,11.448336,17.661459
169.67082357406616,9.436392784118652,12.460797,17.505796
169.74747323989868,8.663622856140137,11.4186735,16.47655
169.78018379211426,9.319517135620117,12.038521,14.651707
170.5126461982727,8.375186443328857,10.916854,15.322751
170.3928303718567,7.835698127746582,11.950095,14.598959
170.71510076522827,9.236851215362549,11.484761,12.94992
170.70484066009521,8.294013023376465,11.294703,14.294931
169.88875770568848,8.331074714660645,11.969669,14.509619
170.98355293273926,8.527735233306885,11.539688,12.65446
171.2403736114502,9.984926700592041,11.1304245,11.252063
169.77403116226196,10.744461059570312,11.281539,13.905315
170.76177501678467,8.788593292236328,12.586,14.693085
171.5822868347168,8.739508628845215,11.845573,15.991869
172.2414026260376,8.386706352233887,11.745634,16.035044
172.70976066589355,8.979289054870605,10.95015,14.742071
175.36668395996094,10.620053768157959,10,13.468781
175.63953399658203,9.256227493286133,10,13.910786
173.12658596038818,9.446953773498535,11.346842,15.456007
173.81391525268555,8.465682983398438,10.74836,15.470516
174.03084135055542,8.94963550567627,10.778867,15.950403
172.57534503936768,9.603232383728027,12.067812,14.190489
173.11293077468872,8.924325942993164,12.246478,14.661373
173.30028772354126,8.752769947052002,10.481269,15.021918
173.3933162689209,9.345351219177246,11.191765,16.928335
174.57730674743652,8.745122909545898,10,15.860813
174.84849739074707,9.24380111694336,10.595478,14.366562
173.79902029037476,8.857889175415039,11.170819,15.456722
170.9105281829834,8.90117359161377,12.735073,20.257467
170.29692792892456,8.072532653808594,14.506768,21.330505
171.6566915512085,8.8184814453125,13.593393,22.42028
175.42210388183594,7.664972305297852,10,17.833881
175.0853590965271,9.151780128479004,10.628892,16.299757
175.08627367019653,8.31365966796875,10.38494,14.396801
175.84470748901367,8.178112983703613,10,17.066946
176.33573722839355,7.966432094573975,10,15.453931
177.37578201293945,7.611886024475098,10.560196,16.148138
176.6645107269287,9.614004611968994,10,15.267337
176.32671737670898,8.591963768005371,10,17.0073
176.63722610473633,7.4434051513671875,10,16.438587
177.20498847961426,8.24213171005249,10,15.23702
178.52871322631836,7.571406841278076,10.269379,14.958364
177.6679334640503,8.079540729522705,10.3449955,15.235061
179.3923201560974,7.928345203399658,10.88627,14.191131
179.2829351425171,8.675986766815186,12.852251,13.830377
179.27178716659546,10.166210174560547,11.035203,13.640022
180.0926375389099,11.051192283630371,11.26426,13.524683
179.17553091049194,8.224592208862305,10.143647,16.059647
179.61577033996582,8.00246810913086,11.707993,14.1852
179.29988479614258,8.715220928192139,13.8541565,14.048013
179.6044373512268,8.753625392913818,13.278811,13.686803
179.80139684677124,7.603302478790283,13.04086,15.096866
180.52951002120972,7.470158576965332,12.1240015,18.081675
179.76363134384155,7.8256731033325195,12.334382,15.80448
180.80800580978394,8.32768440246582,11.576188,13.955502
180.6782307624817,6.90309476852417,11.541614,15.932961
181.26820135116577,7.0248799324035645,11.3771105,15.776698
180.44060039520264,7.055180549621582,12.031672,18.29872
179.65509366989136,7.41840934753418,12.687364,20.678432
180.22937202453613,6.783116340637207,12.333378,19.303335
180.35851573944092,7.219843864440918,13.487291,19.446497
181.01842641830444,7.469738006591797,11.45876,18.474037
182.3844165802002,7.400847911834717,10.7740555,14.98845
182.25545597076416,7.981838703155518,11.099894,14.56327
182.40396308898926,7.3506317138671875,10.381828,14.417469
181.78960180282593,7.641794204711914,11.05898,15.425976
181.32386445999146,8.248058319091797,10.810702,19.501102
181.601637840271,7.559215545654297,10.344553,20.22369
181.74081993103027,6.846733093261719,10,18.55252
181.34548711776733,7.401036262512207,10.616731,18.927885
180.19632387161255,7.309393882751465,11.697082,20.484373
181.7456817626953,6.801513671875,10.099281,20.606426
181.44181489944458,6.829166412353516,10.797805,20.808846
181.8422327041626,6.909473419189453,10.375975,20.754921
179.57123804092407,8.063218116760254,12.089396,20.652632
180.5652379989624,6.979304313659668,12.200853,20.651709
180.38049793243408,7.189162254333496,11.782728,20.509947
182.61965131759644,7.698609352111816,12.367127,16.91585
183.50668239593506,7.38932991027832,10.481272,16.048248
183.23484802246094,7.352734565734863,10,15.754869
183.2589874267578,6.6924238204956055,10,15.319532
183.83108282089233,7.0592875480651855,11.489091,15.521565
183.70637321472168,7.333761215209961,10.768436,15.640766
183.78793478012085,7.092585563659668,11.617497,15.6351795
183.25471830368042,6.677602291107178,11.553941,15.746087
183.73157835006714,6.279880523681641,13.397634,17.06908
183.49826765060425,6.68930721282959,12.358453,18.5418
181.3717074394226,7.182787895202637,13.180394,20.699636
181.51002407073975,6.779899597167969,14.888166,19.959217
183.11493492126465,6.472311973571777,14.838753,17.954237
181.65650367736816,6.48863410949707,16.384209,19.56826
181.18597078323364,6.2149505615234375,15.148448,19.329449
183.26912593841553,6.326266288757324,14.105787,18.038961
182.19762754440308,6.462019920349121,14.799764,19.364042
179.6448850631714,6.146623611450195,15.149527,20.440598
179.18426609039307,6.202794075012207,15.072321,21.124224
178.99195337295532,6.047443389892578,15.620696,21.036198
180.04728507995605,6.0780181884765625,17.120255,20.868465
181.70622158050537,6.205536842346191,13.252485,18.533434
182.266047000885,6.505998611450195,12.929488,16.984512
182.42219257354736,7.628129005432129,11.838041,17.841291
182.37753009796143,6.671787738800049,12.537188,15.646949
182.17392778396606,7.923150062561035,12.148791,15.184095
182.53693437576294,6.520136833190918,13.616954,16.000116
182.45083618164062,6.973038673400879,10.92543,15.722128
183.30127000808716,7.938114166259766,10.246158,14.32341
182.4399437904358,6.440595626831055,10.70795,15.286297
182.55195808410645,6.248918533325195,10.556133,15.795177
181.67313718795776,6.770587921142578,12.29984,15.240746
182.11549282073975,6.956607818603516,11.126768,14.263428
181.7161407470703,7.498684883117676,11.045532,13.661829
181.80272340774536,6.779021739959717,11.621116,14.158933
182.17908334732056,7.4028801918029785,12.152507,14.377982
181.51926946640015,6.41347599029541,10.156808,14.905348
181.41922855377197,7.108949184417725,11.37451,14.580522
181.7704553604126,6.445179462432861,10.6882305,15.60369
182.23089265823364,7.364139080047607,10.881278,14.95419
182.5350046157837,6.850366592407227,11.137053,15.500996
181.58835744857788,6.523741722106934,10.886533,16.00976
181.70387649536133,6.054903984069824,10.956894,16.803766
182.65548419952393,6.310413837432861,10.156347,15.335898
182.6414656639099,7.5193400382995605,10.906602,14.061456
182.85586833953857,6.655697822570801,10.242411,14.829786
182.9299111366272,6.075741291046143,10.080848,15.336749
182.99843072891235,5.61674165725708,10.06626,15.956519
182.42905521392822,8.250333786010742,11.701338,14.219219
183.42240715026855,7.942759037017822,12.809502,13.270038
183.48893117904663,7.191895961761475,12.138143,13.875241
183.1292018890381,7.4541015625,12.276634,13.393951
183.4683985710144,6.094808578491211,10.864053,14.254826
183.8236894607544,7.005198001861572,10.712381,14.325805
184.1074538230896,6.374483585357666,10.862916,14.073413
184.22595167160034,6.3596930503845215,10.005483,13.989377
183.8826560974121,7.0778656005859375,10,12.986824
184.67509174346924,7.323753356933594,10.8803005,13.144787
184.50994110107422,7.380956172943115,10.7686615,13.16097
184.91370153427124,7.7288031578063965,10.957749,14.088178
184.7715721130371,6.907073020935059,11.958832,14.195288
184.25493621826172,7.436203956604004,11.813953,13.996805
184.32756996154785,7.529889106750488,13.588802,12.756659
185.24338960647583,7.335778713226318,13.18632,12.6772585
185.42892837524414,5.7762603759765625,12.202656,15.797417
185.01808977127075,7.808784484863281,11.592681,15.776611
184.9611940383911,6.614633560180664,12.477045,14.982807
185.89434909820557,5.135560989379883,12.657869,16.787632
185.85757446289062,6.944494724273682,13.989944,15.782752
185.83366012573242,6.961251258850098,14.869457,15.713476
186.40501832962036,7.666982173919678,14.081454,15.216573
186.9547348022461,6.870235443115234,14.049221,14.929985
187.8333296775818,6.564400672912598,13.417703,15.890921
187.97574710845947,5.355135917663574,11.727732,16.005388
188.86755847930908,5.431916236877441,11.94499,15.744108
187.58647108078003,5.288806438446045,13.079717,15.607827
187.83008241653442,5.201097011566162,12.697894,15.966325
186.76646041870117,5.540060997009277,12.06897,16.83529
186.68794441223145,6.3439836502075195,14.722122,18.122961
187.1642575263977,5.4395294189453125,13.662745,17.892437
186.56479787826538,5.704061508178711,14.620072,18.965149
186.77338409423828,5.315617561340332,15.056126,19.298876
186.08435821533203,5.472406387329102,15.579067,20.019852
186.4739031791687,5.683978080749512,15.635297,19.334051
185.34056758880615,5.358771324157715,15.999533,19.472113
186.25867700576782,5.634729385375977,15.62287,18.785942
187.16212701797485,5.672104835510254,14.853515,18.16025
189.60405921936035,5.349677085876465,12.213959,16.90454
187.56493663787842,5.400708198547363,11.957441,17.955229
188.15252542495728,5.314542770385742,15.331351,18.693958
187.08293437957764,5.331827163696289,16.09973,18.848522
187.05907535552979,6.145938873291016,15.787287,17.77182
192.2542266845703,5.2387285232543945,12.098469,15.260828
192.2136836051941,5.415239334106445,12.269765,16.89898
191.6506805419922,5.529433250427246,12.847183,17.338491
192.2929286956787,5.458126068115234,13.191505,16.111927
191.58386325836182,5.17390251159668,14.392111,17.365387
192.53208017349243,5.536952018737793,13.326526,17.127333
190.58983993530273,6.130644798278809,14.464348,18.16825
192.50829124450684,5.117138862609863,13.674732,17.79188
193.59496927261353,5.393204689025879,12.686679,17.061316
192.82214069366455,5.585536956787109,12.933062,19.267094
192.3235945701599,5.132416725158691,12.335713,18.425276
192.64927577972412,4.794017791748047,13.996309,18.540676
192.88044691085815,4.5093488693237305,14.475968,16.769156
189.07591438293457,5.070425033569336,12.563042,20.59346
193.67357444763184,5.371843338012695,12.812767,19.320473
194.4937081336975,5.099339485168457,13.264083,17.710085
193.8501682281494,5.565457344055176,12.767479,18.434706
191.41390419006348,5.5103654861450195,16.337452,18.348436
193.1320071220398,5.647377967834473,15.185266,16.825747
193.6726622581482,5.377871036529541,14.134923,15.180373
195.34009647369385,5.177239418029785,12.689741,16.949446
195.5524616241455,5.6249189376831055,11.669212,16.345617
196.3707184791565,5.794344902038574,12.000342,12.5999775
196.5550045967102,5.162853717803955,11.765197,13.160224
196.67835187911987,6.122992515563965,11.827821,12.72077
196.740731716156,5.156459331512451,11.970853,14.294908
196.1936354637146,6.118189811706543,11.962426,16.312105
196.10289001464844,5.832995414733887,12.0743065,17.253149
193.97707319259644,6.071880340576172,13.93036,19.34166
194.25146484375,5.032878875732422,13.615089,19.195793
193.69365882873535,5.7339982986450195,14.174778,17.742926
194.60120248794556,5.422122001647949,13.817401,19.061197
194.0075159072876,6.040712356567383,13.496923,18.163906
196.07599639892578,4.624833106994629,12.547577,18.915434
193.6643466949463,5.460186958312988,14.4743,18.866125
192.34329509735107,5.391566276550293,15.113604,18.840128
193.57993745803833,5.289651870727539,15.296363,19.217487
198.53370332717896,4.8179850578308105,10.469047,15.680169
197.41212558746338,4.951016902923584,10.904715,15.974042
199.96703100204468,4.973977088928223,12.072446,13.034971
199.5487036705017,6.193485736846924,11.078485,12.297687
199.6359601020813,5.281214237213135,10.562034,12.53876
199.4194655418396,3.931157112121582,10.500295,12.7452755
199.61728620529175,4.453624725341797,10.495614,13.389046
200.6150074005127,3.416318893432617,10,13.037716
199.43577003479004,3.8046865463256836,10,13.1935215
200.97731399536133,4.318570137023926,11.112843,13.989664
193.97650289535522,6.152586936950684,15.374917,16.873804
196.07070350646973,4.037629127502441,16.193619,18.852987
189.17388534545898,4.324121475219727,21.426441,19.16521
189.09711170196533,5.080600738525391,22.806902,19.214378
198.91177320480347,3.378838062286377,14.034856,14.558593
197.18231868743896,4.415876388549805,15.906206,16.40607
198.23725938796997,3.7877025604248047,14.103568,16.629951
201.40344095230103,3.566014289855957,11.992877,15.445246
201.72115325927734,4.782191276550293,10.565701,16.550753
201.1968069076538,4.426054954528809,12.231451,15.172316
201.58563375473022,4.107486248016357,11.233811,15.137692
201.50046396255493,3.8021483421325684,10.822703,15.054608
201.6901912689209,4.025470733642578,11.2897,15.394199
201.3009147644043,4.34324836730957,11.847851,15.816841
201.33556461334229,3.826704978942871,12.252794,14.941774
202.00213718414307,4.623518943786621,12.798471,17.70049
201.4733328819275,4.9629974365234375,12.936166,17.64545
201.096538066864,4.518977165222168,12.340074,17.78934
201.93463516235352,5.072144508361816,12.21627,18.372583
201.064555644989,4.233848571777344,12.837899,18.176617
201.01944065093994,4.765824317932129,12.131273,17.95556
199.48596239089966,4.503726959228516,13.341697,16.91124
201.7077808380127,4.289214134216309,11.631073,17.517027
201.4283208847046,3.989561080932617,10.684118,19.970505
201.97623825073242,4.489102363586426,11.164291,17.466497
201.77002573013306,3.968562126159668,11.709781,17.458273
201.055570602417,3.7632341384887695,10.613247,18.575613
202.06637954711914,3.971332550048828,10.808914,19.158657
201.09744262695312,4.041224479675293,10.911301,19.50672
200.77960205078125,3.8711328506469727,10.732502,18.831213
201.29235172271729,4.189196586608887,11.095816,19.528368
201.48573350906372,4.253717422485352,10.8124075,19.857826
201.13322019577026,3.3731136322021484,10.839677,19.269032
201.20369911193848,3.7660045623779297,10,19.42186
201.28380155563354,4.32716178894043,10.156667,18.204369
200.81307554244995,4.570463180541992,11.592938,17.618427
200.4015507698059,4.129340171813965,10.838851,18.514345
200.49056911468506,4.424262046813965,10.918509,18.964338
200.50628995895386,4.4153594970703125,11.63569,19.450329
201.3299479484558,3.9608869552612305,10.366956,19.6757
200.90377712249756,4.361688613891602,10.785971,19.609322
201.83919429779053,4.1814680099487305,10.104158,19.21575
201.18488311767578,3.9399404525756836,10,19.30408
201.2252106666565,4.13176155090332,10.700988,19.043121
201.142569065094,4.752519607543945,11.245635,18.620888
200.85201978683472,4.050115585327148,11.746495,17.844921
201.28661108016968,4.991497993469238,10.280648,17.57664
201.18092393875122,4.698081016540527,10.956225,17.984282
200.86211919784546,5.0374908447265625,10.981416,18.537956
201.39531087875366,4.920886039733887,10.117867,18.623735
201.10141611099243,4.270734786987305,10.741004,18.88358
200.68594551086426,4.936972618103027,11.8521385,18.09698
201.23263835906982,5.232061386108398,10.398115,17.985542
201.56383228302002,4.928532600402832,10.38352,18.786718
200.98378896713257,5.035039901733398,11.091943,18.624893
200.96972513198853,4.54110050201416,10.459811,19.254538
200.60943031311035,4.199250221252441,10,19.536634
200.23422956466675,4.805690765380859,10.364881,18.930916
201.39213609695435,5.753908157348633,11.844874,18.110184
199.65135049819946,5.977991104125977,13.287635,18.321548
199.58046102523804,5.135359764099121,10.7691965,18.178354
200.4504632949829,5.561332702636719,11.112539,17.327454
199.8292999267578,6.0537004470825195,10.645149,17.926332
199.2422113418579,5.33228874206543,12.283079,17.253708
199.96780014038086,6.698141098022461,12.030891,15.607101
200.58751916885376,6.477388381958008,11.724265,15.55344
200.64513158798218,6.541367530822754,12.61519,15.107492
200.57130908966064,6.152416229248047,12.139254,16.758118
200.53371381759644,6.866988182067871,11.863858,15.656931
200.31144380569458,7.053551197052002,10.985366,15.722354
200.53219890594482,7.253815650939941,10.405233,16.432356
200.6495885848999,6.906562805175781,12.659456,15.504196
199.8354263305664,6.607297897338867,14.017338,15.561394
200.1715579032898,6.780637741088867,12.834741,15.779106
199.78730535507202,7.220658302307129,11.847356,15.804174
199.86046886444092,6.648935317993164,13.291353,15.786579
199.3718137741089,6.521763801574707,12.357508,15.097864
198.80581188201904,7.284610748291016,12.497702,16.069199
196.83061408996582,7.052545547485352,13.483288,16.404488
199.20699882507324,6.162823677062988,12.049435,16.763884
199.5881781578064,5.986917495727539,12.63704,16.717793
196.11406326293945,6.4273834228515625,15.360897,17.218147
199.45530796051025,5.310168266296387,13.284975,17.082335
200.35492658615112,5.197802543640137,11.981839,17.473436
200.872709274292,4.673572540283203,11.306129,17.823013
200.35576677322388,4.587629318237305,11.681792,18.245632
199.10347318649292,4.773186683654785,13.246221,18.43764
200.29974508285522,4.565415382385254,12.402474,19.124788
200.38659286499023,4.609949111938477,11.766037,18.72176
201.37089204788208,3.778766632080078,12.094596,19.62556
201.82454013824463,3.975327491760254,11.003107,20.234842
198.96299505233765,3.64266300201416,13.65442,20.502565
202.36889696121216,3.1750526428222656,11.058146,20.09731
202.53967714309692,3.8635358810424805,10.563804,19.912428
201.61287593841553,3.1053314208984375,11.257093,20.776928
202.59815979003906,2.8458518981933594,10.810299,20.72092
203.2679615020752,2.8814916610717773,10,20.161238
203.67575550079346,3.164031982421875,10.029886,19.932549
203.23057889938354,2.986701011657715,10.406293,19.115389
203.64760398864746,2.2529659271240234,10.602577,19.349834
203.686185836792,3.304790496826172,10.501522,20.312622
203.1389560699463,2.6289453506469727,10,19.041216
202.7668023109436,2.9876718521118164,10.379832,18.856485
203.08136701583862,3.5384416580200195,10.144162,18.836008
202.56219291687012,3.113353729248047,10.119625,19.439507
202.7923665046692,2.99884033203125,11.011889,18.764145
202.3391990661621,2.8538036346435547,10,20.307102
203.38943910598755,2.964120864868164,10.332,20.294834
203.756281375885,2.6045618057250977,10.05754,20.556974
203.0104842185974,3.3366928100585938,11.632527,20.892288
202.09998846054077,2.641366958618164,11.761548,21.061771
203.50485181808472,3.0031023025512695,10.477372,20.58875
202.5587191581726,3.083616256713867,10.893643,21.751846
201.9233636856079,3.331991195678711,11.168459,21.22013
203.05632781982422,2.7868728637695312,10.305607,21.509418
203.2806911468506,2.642946243286133,10,21.48729
204.2294406890869,2.9651784896850586,10,20.32334
204.08568000793457,2.285390853881836,10,16.433731
203.18264198303223,2.7462377548217773,10.381725,17.354559
202.48596000671387,4.574112892150879,10.9428215,18.34728
203.44934511184692,2.5591611862182617,10.324927,19.99642
203.36690664291382,2.3963098526000977,10.493936,18.381227
204.44722509384155,2.7843141555786133,10.16005,18.5017
203.8380069732666,3.1954450607299805,10.67609,17.48512
203.28659057617188,3.8008766174316406,10.971504,19.00505
204.734468460083,2.8728952407836914,10,20.72083
203.3746657371521,2.9678869247436523,11.441739,20.288958
203.84656953811646,1.96295166015625,11.227706,20.295143
205.35642623901367,2.7701292037963867,10,17.912378
204.76050901412964,3.2107019424438477,10.0188,19.941286
205.3648509979248,2.2937660217285156,10.04575,19.617489
203.84475564956665,2.3993473052978516,10.712104,20.074924
204.75445747375488,2.802008628845215,10,20.739431
205.4357204437256,2.36501407623291,10,18.33798
205.6027946472168,2.3317079544067383,10,19.531416
204.66608095169067,2.884235382080078,10.053557,20.140965
204.96902656555176,2.7375288009643555,10,19.8912
205.99336624145508,2.832193374633789,10,19.019665
205.72963333129883,2.43155574798584,10,19.162165
205.26205205917358,2.669708251953125,10.337949,18.604385
205.29990816116333,3.4653520584106445,10.491004,17.174185
205.82602405548096,2.250121593475342,10.164923,15.7763605
205.80458164215088,3.3903884887695312,10.40798,18.446732
204.75418090820312,3.0967845916748047,10.531143,17.915604
202.86239767074585,4.9784088134765625,12.629521,18.746136
206.19683837890625,3.224724769592285,10,16.546019
205.92074012756348,3.2860422134399414,10,16.1578
205.94684982299805,3.5162353515625,10,17.348186
205.9142861366272,2.902554512023926,10.141597,14.896105
205.13750839233398,3.804981231689453,10.533844,19.432003
205.63813638687134,3.07370662689209,10.183257,19.439684
206.25835609436035,2.8474597930908203,10,15.252346
206.53900337219238,3.1539974212646484,10,13.885181
206.02281188964844,2.9421730041503906,10,16.662159
205.50171852111816,2.860407829284668,10,17.685442
205.9706573486328,3.151348114013672,10,17.974316
206.56522369384766,2.813131332397461,10,19.273895
204.743492603302,4.9756317138671875,10.522342,18.090889
204.60925769805908,3.3195953369140625,10.714731,17.956673
205.81149244308472,3.4421443939208984,10.627038,18.433556
205.5553321838379,3.1899404525756836,10,18.299212
206.30154418945312,5.7183685302734375,10,16.35976
206.65043830871582,3.9575538635253906,10.007545,18.182556
205.89169549942017,3.925443649291992,11.09389,17.98127
206.71859645843506,3.9292941093444824,10.969393,15.821828
205.62322616577148,3.991853713989258,11.604069,16.87695
205.7258906364441,4.270893096923828,12.3470545,17.70081
205.6427526473999,3.7281055450439453,12.159811,19.465038
204.1368465423584,3.6922101974487305,12.669125,19.975237
203.93927669525146,4.356086730957031,14.863161,19.770897
205.47077131271362,3.265042304992676,11.739762,18.792036
205.8404688835144,3.282647132873535,12.664861,18.902285
205.20101976394653,3.9950990676879883,14.133761,20.224848
205.4856662750244,4.061806678771973,12.433571,19.385485
205.38077211380005,4.207581520080566,13.26961,19.180864
205.53348970413208,4.081793785095215,11.126853,19.727842
204.887686252594,4.703239440917969,13.412177,19.409554
205.54644918441772,4.214354515075684,13.914895,19.848436
205.53851747512817,3.897698402404785,13.216434,19.875067
205.80970668792725,4.12824821472168,11.300039,19.80119
206.11281538009644,4.179673194885254,13.654134,20.251749
205.92473697662354,3.9464521408081055,15.636545,19.661345
205.38712978363037,3.8909215927124023,14.532621,20.092474
206.18563556671143,4.362049102783203,12.22394,20.033901
206.20846033096313,4.109480857849121,13.452468,20.063917
206.06691312789917,4.0935773849487305,14.001859,20.172186
206.15180492401123,4.021904945373535,13.437841,19.987864
205.98392534255981,3.8421688079833984,10.471858,20.615662
205.63708114624023,3.549131393432617,10,19.42947
205.53376722335815,4.683498382568359,11.235875,19.292606
205.9958209991455,5.046098709106445,11.839043,18.63747
205.55248737335205,5.157750129699707,12.320948,18.834818
205.06875038146973,4.43549919128418,12.849209,18.97956
205.19538640975952,5.288332939147949,11.871221,20.423948
204.59274053573608,4.319649696350098,12.950902,18.16274
204.40358877182007,5.424160003662109,13.155156,18.810867
204.71457242965698,5.792895317077637,12.6947565,17.304071
203.14639806747437,5.644010543823242,13.205468,16.992867
202.79443550109863,5.6880340576171875,11.201946,16.478382
202.47866916656494,5.842759609222412,10.282476,11.62116
202.0823221206665,5.594219207763672,11.212011,10
201.87500190734863,5.177279949188232,10,10.046041
201.42022562026978,5.673835754394531,10.518844,10.011585
201.7369203567505,5.724669933319092,10.779749,10.206044
201.00558757781982,5.96255350112915,10.517164,10.419532
200.76871156692505,5.051530838012695,10.337176,10
200.70320987701416,5.709312915802002,10.387262,10.345523
200.98788690567017,6.019111633300781,10.456058,10.518314
200.34855318069458,5.259062767028809,10.444793,10.476007
200.61911487579346,5.868953704833984,10.545675,10
200.67233276367188,6.400787353515625,11.075367,10
200.5352702140808,6.77056884765625,10.994317,10
199.81172466278076,6.618045806884766,10.949759,10
199.98175764083862,7.185081481933594,11.004296,10
200.33464002609253,7.200662612915039,11.253716,10
199.7941198348999,7.740112781524658,11.34849,10.017131
200.25261402130127,7.360449314117432,11.436285,10.505366
200.87314701080322,7.884836196899414,11.011881,10
200.6667342185974,7.340799331665039,11.100114,10
200.2743639945984,8.385149955749512,11.307199,10.112394
199.81854820251465,9.443416118621826,11.562073,10.131703
200.15528678894043,8.602472305297852,11.51318,10.700214
199.94118404388428,9.053039073944092,12.662363,10.504739
200.308660030365,9.751142024993896,12.594178,10.467561
199.8783221244812,8.494240760803223,11.165685,10.507788
199.7909049987793,8.866283893585205,11.661064,12.000415
199.94995641708374,8.944130897521973,11.68179,12.097658
