325.0,138.0,18,45
324.9711742401123,139.13750457763672,20.166828,44.778046
326.0913076400757,139.52366638183594,20.094408,45.580124
327.4196968078613,139.96801567077637,18.935081,45.96303
329.42671394348145,139.76627159118652,17.46539,46.17992
330.13282680511475,138.53138542175293,17.252031,47.31902
329.45298194885254,138.83547973632812,19.702923,47.779266
331.3444871902466,138.18458366394043,19.637686,48.32755
331.96752738952637,138.00899124145508,18.58788,46.229042
333.7746458053589,138.5665283203125,19.543955,48.033783
332.48154735565186,138.1629867553711,24.91871,47.591278
334.68489837646484,139.64216423034668,26.414902,46.558155
338.59347438812256,140.5623016357422,26.391878,45.877487
337.19121742248535,140.1396026611328,27.172298,45.854355
338.5120658874512,139.83920860290527,28.156776,46.75945
339.2014465332031,140.25372505187988,27.773453,46.706905
340.30556201934814,139.9268341064453,26.858435,46.754913
344.5262870788574,140.13565063476562,23.324425,48.126602
346.43159770965576,140.36978912353516,20.929804,47.404327
350.5554943084717,139.62169456481934,16.95345,48.093845
352.19679069519043,139.46736335754395,14.797703,48.162838
353.90220308303833,139.1367645263672,14.882163,48.088013
356.1074266433716,139.7986602783203,15.015341,48.681854
356.68853092193604,140.23456573486328,18.51393,48.53055
358.689245223999,140.5691432952881,20.59969,48.11907
358.8993310928345,140.950927734375,22.224348,47.423492
359.2711658477783,141.44134902954102,23.662136,47.441093
360.0203905105591,141.66775703430176,24.66599,47.826916
361.97441005706787,141.74830627441406,23.668322,47.514633
364.0865831375122,141.68952751159668,21.126638,48.670887
365.89588737487793,142.05823135375977,18.851902,47.26194
367.5693368911743,141.55841827392578,17.951704,48.16269
368.70009326934814,141.0263385772705,18.104513,48.555584
370.35826301574707,141.24973678588867,19.247112,48.36361
373.695517539978,141.649751663208,17.064775,48.829556
374.75046157836914,141.54337120056152,20.156013,47.877186
375.30983543395996,142.16024780273438,23.05988,48.061188
375.88953590393066,142.2710132598877,25.440762,47.88116
375.9466972351074,143.70892715454102,27.503807,47.551643
376.9955711364746,143.4040985107422,28.474007,48.078156
377.80264472961426,143.8031063079834,27.37901,47.892445
379.18299674987793,143.03190422058105,26.554722,47.967228
381.79825496673584,143.02423477172852,24.437029,48.33506
383.6538095474243,142.48172187805176,21.519865,49.211636
387.79922580718994,142.36483764648438,18.849058,49.460022
390.73950386047363,141.84980010986328,16.002254,49.45674
392.7458162307739,142.01885604858398,14.914785,48.530235
393.5371308326721,142.04819297790527,15.54787,50.550144
395.4971675872803,142.83459091186523,17.559177,48.443214
395.99424266815186,143.0215244293213,20.19726,49.160397
396.88319969177246,144.07965469360352,22.367222,48.84533
397.7319803237915,143.9883155822754,23.917662,49.379692
397.91866970062256,144.06895637512207,25.543703,49.741146
398.8624153137207,144.1102523803711,25.120338,49.939453
401.5227813720703,144.03689575195312,23.306305,51.248962
405.2072858810425,144.3929786682129,20.774912,50.36091
406.26458644866943,144.03321266174316,20.176134,52.25903
409.48289680480957,144.03147888183594,18.641445,51.70497
410.9600896835327,144.95183563232422,18.782,51.009674
412.74261474609375,144.75486373901367,18.362976,51.44735
413.9314203262329,145.18813133239746,21.280653,51.07706
415.6620101928711,145.26270484924316,21.53621,49.80424
414.8405075073242,145.3171157836914,23.23729,49.71808
414.63993072509766,145.3941192626953,25.741318,49.664963
415.3033609390259,146.6803493499756,28.7366,49.457676
415.0638427734375,147.40383338928223,32.104202,49.423275
418.3400459289551,147.99434089660645,29.456688,48.349148
422.58673572540283,146.34500885009766,23.6406,49.404495
425.9506645202637,146.14109230041504,23.593697,50.400433
428.4574794769287,146.43615341186523,23.47005,51.29064
432.4408960342407,146.38985061645508,20.145262,49.63822
434.06457328796387,147.00184440612793,18.201008,50.481617
437.4709777832031,146.68210411071777,15.895859,51.324757
438.9306402206421,147.06957244873047,19.050097,50.35388
440.15704250335693,147.7114086151123,21.465395,48.853687
441.07633876800537,147.80124855041504,22.398134,50.406017
441.9044885635376,148.55204391479492,23.297895,49.5521
442.54825592041016,148.17277717590332,22.300583,49.375957
444.53727626800537,148.44183158874512,22.452593,47.229725
447.44451999664307,142.48212242126465,25.153074,53.52579
452.6777057647705,140.39476585388184,24.04066,58.058796
454.16294956207275,138.925443649292,20.870848,57.148167
455.9520654678345,141.53999710083008,20.235365,56.22097
456.05588817596436,140.7246799468994,21.436426,51.844692
455.99981117248535,145.3357391357422,19.163036,47.78412
453.52928829193115,144.6507453918457,20.720354,51.098885
452.05703830718994,142.50781631469727,20.691603,50.74984
448.0617561340332,141.854829788208,23.517113,50.3455
445.8922691345215,142.58119201660156,22.180977,50.095596
446.1028594970703,143.941556930542,20.99147,47.887424
443.1103467941284,144.42218589782715,21.795969,46.934284
442.4753637313843,144.26929092407227,20.537905,43.4479
440.2057514190674,146.49190711975098,20.899807,41.062496
435.1697025299072,145.61186981201172,24.376827,43.169533
433.71419620513916,146.3663845062256,25.083036,44.40797
433.1956672668457,144.31687927246094,24.148949,46.16488
432.55136013031006,145.70042419433594,21.30771,44.840096
431.83968925476074,144.17092323303223,20.411808,46.30826
429.32383823394775,143.4295139312744,21.062666,47.976643
429.2219409942627,143.23297119140625,19.705822,48.001472
427.5814037322998,143.1876163482666,19.110218,47.75472
424.4253225326538,143.32526969909668,20.932665,47.96014
424.8800964355469,142.5961856842041,21.530838,46.810123
421.4048089981079,143.19797325134277,21.722502,45.55473
419.91803550720215,143.45725059509277,24.196445,45.83769
418.2521152496338,143.1604995727539,21.28143,45.284096
409.28467178344727,143.13060569763184,28.15982,44.01701
414.9649877548218,143.34722900390625,22.239939,44.011116
411.74894428253174,143.19131088256836,23.700377,45.355682
410.8248882293701,142.44962310791016,23.43977,44.779655
406.74702739715576,140.9695053100586,23.339663,45.648857
406.2574586868286,140.4443244934082,22.18405,47.0477
404.6984443664551,140.8362693786621,24.928268,46.72342
399.19845962524414,139.6932373046875,20.69403,46.693245
391.9774866104126,139.8907070159912,22.829557,45.968304
383.99490547180176,139.31664848327637,23.962437,44.91673
377.0241184234619,140.46596908569336,24.526943,43.815765
367.15810203552246,139.4699878692627,25.67226,44.847843
358.85585594177246,139.30463981628418,24.07513,44.532894
352.2989311218262,138.3499641418457,23.42691,44.814575
344.6411533355713,137.79341506958008,21.766071,46.06624
331.51133155822754,137.57984733581543,22.253544,46.781216
319.5496654510498,136.8231601715088,21.794125,47.928043
310.24324226379395,135.51753997802734,19.21178,48.223137
301.96531200408936,135.4473934173584,17.248377,47.646297
294.1345262527466,135.60279083251953,17.2777,47.474403
287.0297842025757,136.03996658325195,17.834429,46.65779
278.92181968688965,135.6725788116455,19.52483,46.404453
270.8074655532837,135.71364784240723,22.532293,47.44544
263.2465934753418,135.68278694152832,23.947006,45.413044
259.5982856750488,136.59369468688965,23.530853,45.30752
255.81609344482422,136.10142135620117,22.00106,44.524933
250.25170230865479,135.99963569641113,22.454557,45.713963
247.83240604400635,136.98533630371094,19.412489,44.15394
242.21518516540527,136.0467014312744,19.14429,45.475094
237.71151542663574,135.37491035461426,19.795223,46.016445
229.83802700042725,135.7443733215332,20.758745,44.56907
223.01184940338135,135.27116012573242,19.988409,45.067818
216.0947971343994,135.07124519348145,22.250668,45.63693
208.6244659423828,134.50931549072266,24.206291,45.802597
203.7754364013672,134.67795181274414,22.309364,44.625893
197.28734874725342,136.01410293579102,25.591417,44.13935
191.55117988586426,134.77667045593262,22.396038,42.6449
187.85170364379883,135.01886367797852,22.172508,43.514336
183.10730171203613,135.2485580444336,20.508839,43.630737
177.30246353149414,134.91267204284668,19.690323,44.515278
171.8967170715332,134.70227432250977,19.312439,44.36554
166.07408142089844,134.76774787902832,18.61773,44.991726
161.11709213256836,133.8776741027832,18.846893,46.623062
155.25336170196533,134.65892601013184,21.278639,46.45976
147.68814086914062,134.5482120513916,24.78791,45.854862
141.74369716644287,134.93040657043457,28.684397,46.291904
133.71138191223145,133.76919174194336,26.36295,46.799988
125.44574165344238,134.53229904174805,24.166912,45.444794
113.73435497283936,136.6155662536621,24.756159,45.216125
106.06030941009521,135.61330223083496,25.12694,45.733532
100.25863456726074,134.5953369140625,26.687153,47.650703
91.80959796905518,135.3078212738037,26.690817,48.861523
87.00288200378418,131.98283767700195,24.903385,50.315735
74.78892803192139,133.63135147094727,27.775888,48.300934
64.22898769378662,135.0332202911377,26.600618,48.173695
51.20368194580078,133.95372581481934,28.839775,46.430187
36.62322425842285,134.94620513916016,27.31718,47.734184
27.176087379455566,134.1344051361084,25.300901,47.99165
16.245771408081055,134.20497512817383,27.981777,47.49536
15.549983024597168,134.6994915008545,27.130068,49.64314
3.254549026489258,131.51502990722656,34.377293,50.195045
2.0071449279785156,130.34202575683594,33.42592,52.629753
1.7571182250976562,128.97756385803223,25.609627,54.33785
1.5695266723632812,135.58191871643066,20.743477,47.037678
0.7590122222900391,140.94104766845703,20.73801,43.031242
0.47801876068115234,141.08209228515625,16.18519,43.3245
1.078967571258545,136.57174110412598,11.56907,45.22495
-0.09869003295898438,137.05824661254883,10,45.123276
-0.7863578796386719,136.29629707336426,10,48.216564
10.926778793334961,142.12251091003418,20.364376,43.037754
16.28110122680664,138.92024612426758,22.51915,43.38794
20.700294494628906,136.8858642578125,25.403084,42.88954
16.051809310913086,136.7287197113037,25.396885,45.238895
13.957416534423828,135.90231704711914,23.540413,44.952415
2.6839075088500977,136.1853313446045,19.399015,44.9594
1.7463417053222656,135.28663063049316,11.598167,40.978535
-0.3748931884765625,136.1820125579834,10,41.650936
-1.1169776916503906,137.16649436950684,10,42.39017
12.577247619628906,138.05311393737793,18.458916,36.863377
13.422097206115723,139.05893325805664,19.590895,42.9514
8.661322593688965,135.2965793609619,20.242762,47.75503
0.2796440124511719,136.87728881835938,16.72081,47.8172
-0.8686752319335938,135.5217399597168,10,49.788994
-1.8340530395507812,135.12998008728027,10,46.28886
0.6737408638000488,135.34811210632324,11.383735,43.014202
-0.7330856323242188,138.4920310974121,10,47.13949
2.1681089401245117,139.79713249206543,17.154573,39.69417
-0.509796142578125,136.31872367858887,16.07962,40.507206
-0.7974739074707031,152.0121364593506,10,38.355442
-2.4201202392578125,140.79790496826172,10,38.559464
-1.355177402496338,135.84739875793457,14.487294,38.028378
-0.8550028800964355,137.88398551940918,13.989699,37.552296
4.030261039733887,126.59386825561523,16.103067,41.8571
26.76765727996826,138.0030975341797,22.892176,43.27607
29.3160343170166,138.45209503173828,24.933437,43.77456
53.00516319274902,157.39509201049805,32.10509,41.60611
48.27513313293457,153.66943359375,32.243587,56.76214
43.878841400146484,154.95333862304688,34.422035,64.44503
49.450286865234375,125.6108627319336,47.196457,63.355095
45.53175354003906,129.72884559631348,63.78911,51.377674
44.08974075317383,115.90458869934082,56.700127,62.465046
43.38685417175293,97.32653045654297,50.24599,75.239845
86.2608470916748,131.83448219299316,58.17394,53.430424
68.61498260498047,125.66774368286133,61.32451,60.19577
105.43994140625,136.4439296722412,52.623108,53.305202
120.80343055725098,138.59883880615234,51.469524,53.71891
115.77096939086914,138.94317054748535,48.26069,52.864567
120.7656478881836,148.35659790039062,44.26941,50.67948
119.01551818847656,143.4665069580078,43.47368,50.444695
112.23637199401855,150.77980041503906,42.121418,43.540337
124.47564125061035,150.60391807556152,44.659023,46.09184
109.36355590820312,147.43861961364746,42.598648,47.981533
114.75536727905273,151.2003288269043,47.51345,43.608475
112.3138542175293,154.48067092895508,44.734962,39.820007
111.75555419921875,151.75894737243652,44.375732,41.387386
110.90476989746094,154.63884925842285,45.857483,41.207645
105.12623405456543,159.75337409973145,53.32578,34.80956
102.68716621398926,152.3699836730957,48.51547,42.943512
87.51888465881348,145.73620223999023,45.445385,50.71286
71.36322593688965,149.54079055786133,56.045444,44.570236
83.4620361328125,156.24887084960938,46.508743,38.36297
87.34230613708496,155.96113777160645,49.23183,36.611256
84.5793685913086,156.97511863708496,43.866196,36.549526
79.79644584655762,156.755464553833,46.66155,37.117466
75.03645515441895,157.3648853302002,49.156597,38.39928
68.13076591491699,156.75369262695312,50.69231,34.738304
65.03677558898926,155.9310646057129,44.816784,41.059647
57.35137748718262,152.69954299926758,49.87157,35.60005
56.5091609954834,158.7766819000244,46.53075,37.29543
40.686649322509766,155.5802345275879,44.699806,41.637695
37.385982513427734,155.2082004547119,49.271873,38.4222
38.690303802490234,156.88107872009277,50.206352,34.210094
21.119728088378906,154.6100616455078,41.73638,40.764122
7.41111946105957,152.5170497894287,41.45412,47.31529
9.615644454956055,143.27243423461914,33.30775,54.97101
3.2095947265625,159.26670455932617,40.979042,42.673813
0.6531848907470703,163.0846824645996,34.290348,39.841125
9.737279891967773,159.62653923034668,29.122051,39.619564
2.419567108154297,160.476957321167,29.014008,32.801968
1.2197399139404297,165.43449878692627,26.179333,29.971373
1.5050315856933594,165.43136596679688,22.635155,29.352936
1.8131561279296875,165.22866344451904,19.954697,30.92129
2.2245845794677734,166.66077327728271,17.247631,31.841349
1.8955612182617188,165.44717407226562,14.985855,30.17675
1.701484203338623,164.5131492614746,12.973382,29.265945
0.5315093994140625,157.3624038696289,10,32.906586
-1.0760955810546875,156.62921333312988,10,32.576374
-0.9473876953125,157.36320686340332,10,31.246311
1.4277067184448242,155.5492124557495,19.724169,21.80678
12.476860046386719,157.43888759613037,22.598,20.498278
18.302680015563965,158.5044240951538,19.602884,20.145014
22.318885803222656,160.4534854888916,16.561096,20.300343
21.354297161102295,160.06773471832275,13.718469,19.19937
17.84876298904419,160.73121547698975,15.6040945,13.544771
19.1446590423584,159.50427198410034,12.735218,13.899175
17.89774179458618,159.94274187088013,12.754519,14.75022
15.669667720794678,159.67812061309814,12.265412,13.932024
15.214050769805908,159.30408477783203,11.833278,12.844101
14.46051836013794,159.72714567184448,10.988505,12.206174
12.404829978942871,159.2984733581543,10.837942,12.244152
10.81653881072998,159.67163705825806,10.3914585,11.108462
9.098941802978516,159.09425497055054,10,10.741994
6.23698091506958,158.6595320701599,10.139258,10.738557
5.44366455078125,158.1760859489441,10,10.799249
4.304370880126953,158.19460821151733,10,11.839261
2.5636043548583984,157.3254737854004,10,12.289917
0.7965068817138672,157.88984537124634,10,15.495097
-0.040691375732421875,156.80925703048706,10,14.019673
-0.8155860900878906,156.1424674987793,10,17.65483
-2.176572799682617,155.91228103637695,10,24.816566
0.613675594329834,152.83148574829102,11.657968,27.13189
13.764055252075195,160.37132740020752,17.460968,25.683119
21.847169876098633,161.466383934021,26.584518,27.200716
29.128597259521484,179.87846088409424,35.51605,31.244528
24.562477111816406,173.45092964172363,34.1331,41.42039
20.786895751953125,179.78046417236328,45.541424,35.722168
12.204793930053711,177.48641967773438,50.61148,37.70523
9.178581237792969,170.79014587402344,52.714886,44.543427
0.3961639404296875,172.65237998962402,56.111263,43.558018
0.5258293151855469,168.7586784362793,56.758137,47.560493
-0.8009719848632812,169.2083034515381,56.85136,44.811985
17.74897575378418,111.17427062988281,56.817535,60.477074
34.83420944213867,110.07072830200195,59.159916,66.08258
82.90384292602539,113.86355590820312,53.761707,60.39144
111.57449913024902,106.30879402160645,37.347214,61.908085
153.7703981399536,112.41290473937988,18.847414,51.81995
156.50846767425537,112.25027847290039,16.118193,52.89496
154.79666805267334,111.84463119506836,20.94467,52.93283
153.48393726348877,112.35728645324707,25.2876,51.368824
150.31661128997803,111.86715507507324,29.945112,51.178127
147.94114780426025,111.70487785339355,31.4414,50.728985
145.07133865356445,111.88580894470215,33.33611,51.35098
145.33106899261475,111.15996551513672,31.562208,50.40281
144.22987842559814,110.01861953735352,30.780626,51.51277
146.33403778076172,109.21432685852051,27.735851,51.149464
148.3543586730957,108.96257781982422,23.48238,52.089256
150.35297298431396,108.90618324279785,18.988813,50.971973
151.9196014404297,109.89094543457031,17.983303,51.757988
148.1861696243286,110.49506187438965,17.163149,51.484905
141.30950546264648,111.26273155212402,20.010159,51.60484
134.37149810791016,112.23013877868652,24.862385,51.261242
124.46978378295898,112.78988265991211,32.70471,52.05072
109.8818359375,113.37920761108398,37.996296,52.97847
94.17348670959473,112.53863525390625,36.679337,55.69552
77.04397010803223,113.48978424072266,42.20024,54.749382
65.50506591796875,115.91876029968262,34.263615,55.714825
72.79982948303223,111.41332244873047,24.525116,54.676247
69.30755233764648,114.97024154663086,23.582882,53.125183
65.78081226348877,114.51097106933594,20.862024,54.227165
66.60843658447266,114.86407661437988,17.134968,50.826405
64.11623859405518,113.4888687133789,17.596567,55.057213
63.254512786865234,115.70491981506348,16.414562,50.353992
61.8740234375,113.57790184020996,15.255497,53.683666
58.277109146118164,115.91509246826172,15.5746155,51.18264
54.65637016296387,116.02246284484863,17.692787,51.620182
50.600605964660645,117.34626388549805,18.409021,50.051987
45.49432182312012,117.15311431884766,22.2042,48.85517
39.411051750183105,116.78881072998047,21.277372,50.134712
37.018609046936035,116.12301445007324,18.286882,49.054028
34.298784255981445,115.99210548400879,16.247337,46.268803
32.198670387268066,115.67220306396484,16.289942,45.14408
31.04216957092285,113.90497207641602,14.337265,42.752914
27.64820098876953,113.70842552185059,14.299915,37.900074
25.554062843322754,114.44953918457031,14.010164,30.412415
22.994853973388672,113.96034049987793,13.210529,23.867443
20.21281862258911,115.70181941986084,13.0807905,21.19166
19.741820335388184,116.41387176513672,11.807127,19.945213
14.052080154418945,114.69196796417236,16.037628,20.351511
13.473957061767578,114.79994106292725,16.776325,20.97003
13.060469627380371,114.21734428405762,13.687086,20.400688
14.216108322143555,111.23309326171875,10,22.20403
11.665801525115967,114.37638473510742,11.78914,18.53696
9.986345291137695,114.53442287445068,10.32925,17.953054
7.208693981170654,112.89896965026855,11.294835,18.66272
7.623746395111084,114.33033657073975,10.39586,17.471373
5.958808898925781,113.99697303771973,11.160332,17.385998
3.8035402297973633,114.16659164428711,11.303942,18.15588
3.5641674995422363,114.36168384552002,10.781459,16.664404
1.6609225273132324,112.50251483917236,10.590753,18.703558
1.7853240966796875,110.88306522369385,10,20.626154
1.5106449127197266,108.87765121459961,10,21.745968
1.8147964477539062,109.88181114196777,11.297161,22.093613
3.04549503326416,108.98231410980225,11.3997135,22.173155
2.400662899017334,107.09959411621094,10.849298,23.874226
7.423846244812012,112.79998874664307,10.700392,17.571306
7.949308395385742,114.36046981811523,10.789963,17.111374
9.593594074249268,113.80840969085693,10.538657,17.083586
12.739615440368652,113.28421401977539,10.687677,17.564098
15.177457809448242,112.48863124847412,11.964386,19.534056
16.664812088012695,112.36835384368896,14.3040085,22.2349
18.22019100189209,112.31779956817627,13.430174,25.322062
17.83314609527588,112.08872318267822,14.777544,27.565401
17.539450645446777,112.8100004196167,14.685453,23.457167
20.246578216552734,114.259446144104,12.117657,24.804781
21.0626163482666,113.79796314239502,12.494125,25.825312
23.14658832550049,112.80715084075928,14.772852,27.0129
25.999308586120605,111.77611827850342,15.013525,28.200888
26.689772605895996,113.35528564453125,20.145468,30.56036
28.881691932678223,111.40329933166504,24.458101,37.74951
27.075621604919434,100.47293090820312,27.777403,49.06747
28.618617057800293,92.14125442504883,27.830282,51.373295
38.55117988586426,102.44290924072266,18.193947,46.934826
39.26581859588623,103.59830474853516,16.405172,47.10777
41.7610969543457,101.1175365447998,14.534321,50.841568
41.483460903167725,108.40462493896484,14.3089075,42.22955
44.47243881225586,108.40373229980469,13.405827,42.46478
45.845757484436035,107.57438659667969,16.705828,43.487637
44.858585357666016,109.84258842468262,17.233524,38.607437
47.06702709197998,111.10662460327148,16.59934,38.6947
49.45741558074951,110.14614486694336,18.331244,38.35435
51.54882287979126,111.17964744567871,14.43856,37.442673
55.27615547180176,108.71890068054199,17.353302,38.00802
56.826809883117676,108.55470657348633,17.60708,36.59718
62.03313446044922,108.23477363586426,14.930088,38.62175
62.72598934173584,107.27026557922363,18.540358,40.190315
61.32448959350586,107.83661842346191,19.62955,41.577568
64.55178356170654,109.10295677185059,15.60874,39.42942
63.736732482910156,110.38701438903809,17.984707,37.453857
55.82922172546387,112.45755195617676,22.607162,37.18466
49.80752658843994,114.10720443725586,27.124292,38.340855
52.050034523010254,118.70074081420898,29.372248,41.263767
37.63657474517822,114.68434715270996,31.43558,40.861465
36.43156909942627,117.00150299072266,30.389505,41.92515
58.60757255554199,103.98453521728516,33.983437,47.180218
35.85992622375488,95.4572868347168,29.083076,48.658054
29.55119514465332,86.05455017089844,27.392326,48.949017
29.835432052612305,96.75030136108398,27.869751,45.10094
27.556909561157227,110.17607116699219,27.652214,38.44273
29.62193775177002,104.32343101501465,27.506884,43.781044
28.478507041931152,109.72504043579102,27.682936,42.679348
32.63798236846924,109.5944995880127,31.36844,40.40587
50.26658058166504,100.52922439575195,32.073402,49.042492
66.95517349243164,99.57060241699219,34.258762,55.57053
97.64545726776123,108.71418190002441,24.035238,50.421326
