228.0,61.0,32,37
225.13059616088867,63.48922538757324,33.614464,32.261204
224.77569198608398,63.406270027160645,34.76629,31.546133
224.4266185760498,63.08480644226074,34.751728,31.37717
223.6257495880127,62.68381595611572,34.751644,30.185469
223.20584869384766,63.03494644165039,34.023483,31.441261
223.01160621643066,62.573349952697754,32.938427,30.130629
224.20835494995117,62.565794944763184,30.57026,28.275255
222.23402404785156,64.0520830154419,30.859009,27.262129
221.40530014038086,63.5849666595459,30.449837,27.522572
221.85802364349365,64.02105140686035,29.888453,27.794773
221.91106414794922,64.35010719299316,33.86647,27.656841
221.64102363586426,64.98611640930176,33.39149,26.800655
222.10950469970703,66.02734088897705,32.911118,28.389242
220.9420566558838,65.71520805358887,36.965923,28.861988
221.22504997253418,64.71476650238037,37.27419,28.6496
221.68665885925293,64.69541931152344,37.24651,28.45105
220.40198135375977,66.60922718048096,34.9274,27.717978
221.19776153564453,65.90322208404541,35.88018,29.756262
218.63492584228516,65.67880058288574,36.543457,27.284893
218.13959503173828,65.60722064971924,38.08751,28.524092
214.37049102783203,67.3155689239502,38.20076,31.750507
212.76154327392578,66.75175094604492,36.896317,32.930374
209.0773696899414,67.12190055847168,39.62973,32.515606
208.34207725524902,68.1477222442627,37.878086,34.65656
206.68123245239258,69.26728248596191,36.40609,32.335194
207.30355072021484,70.6472578048706,33.743652,30.042711
205.76769256591797,71.23833751678467,34.877625,28.303598
205.4980068206787,72.66858673095703,39.934452,31.010605
204.06267166137695,70.38721466064453,41.47306,31.854187
199.77336311340332,72.26562213897705,44.64445,29.093435
202.19972038269043,74.83642864227295,40.954533,29.497309
197.96016693115234,71.14558601379395,42.037567,29.818005
197.9603672027588,72.15216445922852,39.538067,29.02256
199.04787635803223,73.7830810546875,43.296703,29.244888
197.49323844909668,72.47431564331055,41.993885,31.804695
199.61964416503906,74.21624565124512,40.97583,31.227482
197.9375400543213,74.94858837127686,39.929882,30.126398
195.6325798034668,72.91580009460449,43.437935,31.47771
195.83057594299316,74.33241844177246,40.823055,33.2141
195.36017608642578,73.75064468383789,41.553528,29.357262
193.41900825500488,74.25241756439209,42.089764,29.210466
191.1281681060791,74.62374877929688,37.654568,28.84607
190.36203384399414,75.92194366455078,34.35331,27.86232
187.9082794189453,74.53302764892578,34.014427,27.945686
186.23417282104492,75.4832649230957,36.040466,27.969376
184.5774440765381,76.40448760986328,35.611935,29.131416
184.10494995117188,78.44322776794434,35.346733,32.870342
181.50114822387695,78.51279640197754,38.672043,32.305424
180.26214790344238,79.22415924072266,42.72774,27.750618
175.05599403381348,79.66862392425537,41.589375,27.170832
172.84427642822266,78.78787136077881,38.609993,30.611292
176.40809631347656,79.79699230194092,35.024727,27.56421
176.57475090026855,78.73761749267578,36.729824,28.795006
174.5173168182373,80.55143547058105,37.758755,28.283169
171.59125900268555,81.18590354919434,38.98168,26.558315
170.98532676696777,79.52188682556152,37.529057,29.079235
168.15145874023438,79.14057922363281,41.383682,31.287743
172.08280181884766,81.15735244750977,37.89882,32.29123
170.7287139892578,81.36897659301758,35.604492,31.596466
163.51394653320312,82.00749683380127,36.49212,31.133512
161.8379611968994,81.71191215515137,39.462803,33.20956
168.47317123413086,82.7405366897583,31.176514,31.752623
162.31754302978516,81.92818069458008,38.968857,33.392464
166.41552734375,82.40434837341309,37.92247,34.115925
163.24777603149414,83.89564990997314,34.81623,28.558325
164.58829879760742,82.85341930389404,37.263405,31.618364
162.2492446899414,83.44076824188232,33.815857,31.426775
161.1612319946289,83.86228561401367,35.972824,29.661331
157.76362419128418,82.0224552154541,37.76964,28.866169
159.31451034545898,83.00393104553223,35.6755,32.439625
156.96342849731445,83.2685775756836,36.763527,28.61068
153.89830493927002,80.35288906097412,30.105055,30.522425
154.0936622619629,82.18055152893066,33.1492,31.0414
153.37562942504883,83.51480388641357,36.007385,28.469072
150.4446964263916,84.11486053466797,37.833157,30.431221
149.35559272766113,81.9637222290039,36.054424,31.480156
146.56659126281738,82.8820276260376,37.13209,30.321783
142.2942714691162,83.92382335662842,36.908268,28.872469
139.66560745239258,81.06714344024658,40.22004,29.808516
140.17570114135742,82.2118558883667,35.464577,29.12906
137.66223335266113,81.84359836578369,36.71303,30.642523
137.51306533813477,83.75374221801758,35.721268,28.219116
139.43144702911377,86.89841938018799,31.964079,27.179014
139.37926197052002,88.82865905761719,30.383474,23.489784
136.99829292297363,88.36006546020508,30.62222,24.987778
135.2295961380005,86.49311065673828,31.281744,26.838951
133.0036735534668,87.63833522796631,33.4946,28.92296
127.49607467651367,88.19374084472656,36.371788,27.896492
127.11648178100586,87.34158515930176,33.6298,27.85085
124.88327026367188,89.48815822601318,34.32144,25.118639
119.05643653869629,87.11190986633301,35.83208,29.470966
117.70638465881348,87.3753776550293,36.007877,26.418732
115.08039855957031,85.0137996673584,34.227295,30.070942
114.27745246887207,85.44266319274902,33.898533,29.037952
114.04207038879395,85.00093078613281,42.74605,35.22844
114.21877670288086,84.52956962585449,39.423996,32.064686
115.74386596679688,83.77282905578613,35.562477,35.1788
117.56954956054688,86.89682579040527,36.640144,30.886173
119.43391418457031,87.79458999633789,36.068916,30.101143
120.87582206726074,89.93587493896484,36.818768,26.949844
121.68451881408691,90.47935199737549,37.197086,28.356237
121.42737579345703,91.29465293884277,39.867973,28.48714
125.78832244873047,89.57580184936523,37.827065,29.949883
129.48423957824707,88.20806407928467,37.556217,28.216105
134.83935737609863,89.33903789520264,35.824604,28.264597
138.87005043029785,90.16929531097412,35.59676,29.510866
141.96919441223145,91.14229393005371,33.396336,28.938618
145.0641918182373,91.15463542938232,37.19488,29.917337
147.12825393676758,86.5569658279419,41.057465,31.446707
152.45716094970703,85.26850318908691,40.72045,29.888988
157.7634983062744,85.74347686767578,37.944782,35.570984
161.3260841369629,85.70071220397949,39.107437,32.229176
162.47949981689453,84.2883129119873,40.24125,31.913181
167.08996963500977,85.79602718353271,39.92636,31.561998
171.59375190734863,85.01580619812012,42.46065,29.912144
177.27354621887207,81.12271690368652,47.761127,33.10857
180.76569366455078,84.13132953643799,40.063194,30.909369
184.40790939331055,82.2348985671997,37.03447,31.70281
188.3838176727295,83.3257246017456,35.673565,29.50326
191.3433437347412,82.87585735321045,34.360546,30.282923
192.3629035949707,83.42407512664795,35.380234,30.039911
194.7700138092041,81.5396957397461,38.88628,30.752129
197.22826766967773,80.68834114074707,41.722397,32.683918
199.57207870483398,80.2217493057251,35.20897,31.363333
196.01115608215332,79.88920402526855,42.448627,28.967388
202.25220680236816,79.74528217315674,38.839527,30.11209
205.6553611755371,80.11819076538086,38.090454,28.725082
210.20148277282715,79.09796619415283,37.641094,27.87927
212.90687942504883,77.96052932739258,32.624542,30.801895
215.0641975402832,79.06791400909424,34.1017,30.806211
217.32632160186768,80.85796737670898,30.664427,28.784485
219.17217445373535,78.70769882202148,33.461224,29.820465
221.88402366638184,79.84747314453125,32.143375,27.068512
219.17133903503418,76.70317268371582,35.2972,27.318378
224.87483978271484,78.70993518829346,33.25679,28.84503
228.50046062469482,80.84875583648682,31.718637,25.22331
230.80990028381348,77.66315650939941,30.021915,26.763294
231.8667278289795,77.33923625946045,33.367657,23.164682
234.75022888183594,77.60694980621338,29.222038,21.437315
234.80086994171143,76.30594444274902,30.060163,21.873585
241.66961765289307,74.49797439575195,28.34406,25.75383
243.13140869140625,76.80922508239746,29.29596,24.831173
242.8584098815918,74.5640983581543,30.825111,26.530624
248.48290920257568,69.76581382751465,30.045427,28.27377
250.8165159225464,66.12961006164551,30.087809,33.617268
252.3180856704712,67.39048194885254,31.49986,32.634922
252.8895492553711,67.71037673950195,35.62668,32.46704
258.3530101776123,68.15277290344238,37.829243,31.796741
258.733678817749,68.82052898406982,37.229725,29.94185
261.84542179107666,67.29397678375244,29.566221,29.535208
259.9654006958008,62.652647972106934,32.43074,30.074205
254.1468563079834,61.10906505584717,40.430103,27.692171
252.39130210876465,60.20011615753174,46.042133,28.868773
252.2344150543213,54.86691665649414,49.501064,32.546432
255.44890594482422,54.367584228515625,52.043777,33.827065
256.1793327331543,52.73520851135254,46.353172,34.063282
252.6750373840332,53.991586685180664,43.03985,36.51946
254.55397033691406,52.51535415649414,44.270096,34.770416
252.0425205230713,51.957937240600586,45.061733,34.689266
251.69578742980957,50.026493072509766,49.312023,35.388428
253.59127044677734,50.020071029663086,48.54016,33.720745
254.3290195465088,47.673885345458984,49.499187,37.93312
254.08556747436523,44.99918746948242,50.50431,39.163696
253.38903427124023,43.1824893951416,49.346504,40.1953
254.81446266174316,41.51799774169922,47.867184,42.6392
249.78328323364258,41.99691390991211,48.288506,39.06874
252.95520210266113,38.05598258972168,48.375225,43.351604
254.8477382659912,38.57612991333008,48.237095,42.735077
257.61069107055664,39.119001388549805,50.3442,39.370815
254.6463966369629,35.09456825256348,50.42556,44.05724
265.0419673919678,16.580917358398438,42.528202,52.56005
252.99272537231445,39.349985122680664,57.133766,45.860233
251.1060905456543,38.715187072753906,59.528526,49.50173
246.49357795715332,39.44735145568848,50.456493,48.9325
250.41090774536133,41.79392433166504,57.35334,50.3277
247.42065620422363,37.93593978881836,55.262646,51.256073
250.53397369384766,39.91432189941406,56.6884,49.73452
251.9447021484375,40.47515296936035,60.37422,51.27184
252.91191482543945,39.201541900634766,59.56637,52.80832
252.94981956481934,39.76302528381348,61.561893,53.761463
251.35785102844238,40.71572685241699,57.268673,48.47285
252.5372200012207,40.98798179626465,51.949944,43.464977
249.56853485107422,40.23130416870117,48.58339,43.44075
252.92650032043457,42.68199348449707,51.42265,38.202656
253.9469223022461,46.398048400878906,44.088623,38.877403
254.61331939697266,49.15580749511719,47.566666,35.56588
254.0490951538086,47.37488555908203,45.188232,35.667625
254.99426460266113,48.32603645324707,51.581875,34.078983
253.34378623962402,48.93587112426758,44.42763,34.215485
255.5407600402832,50.03728199005127,45.314964,31.81848
255.29865074157715,51.33489227294922,47.42719,32.738747
255.20082473754883,49.873512268066406,48.492256,33.09368
254.8428192138672,49.98153305053711,43.79564,34.302444
254.7694969177246,49.29596138000488,47.66886,34.983616
255.12599563598633,47.6578254699707,48.97689,33.83342
255.88680267333984,47.08098220825195,49.596558,37.593277
258.3613510131836,50.7187442779541,46.007965,40.388386
256.40971755981445,48.69679069519043,51.069954,39.0724
247.3641414642334,49.49559020996094,41.478977,38.94625
251.41562461853027,52.29699897766113,43.077106,37.552616
254.11953353881836,52.151079177856445,53.012672,37.29793
261.74457359313965,51.600303649902344,55.85056,43.809196
259.2988872528076,46.61701011657715,57.975407,43.750835
268.7189235687256,50.45868110656738,50.06435,48.815205
265.3652057647705,50.093637466430664,51.500668,44.32616
257.6531867980957,56.462900161743164,60.965782,43.049152
258.55135345458984,58.93597602844238,60.235764,42.77123
261.4225788116455,58.181745529174805,54.812847,41.924587
254.99100303649902,59.29683494567871,53.891544,37.068157
257.41799545288086,54.0507755279541,54.98597,42.063892
269.7442512512207,57.6934871673584,50.114952,43.51887
260.57177352905273,61.83688545227051,50.491966,36.307728
260.89945793151855,64.46010780334473,48.67188,36.61362
270.32952308654785,62.83330535888672,48.792904,36.438454
272.1482048034668,59.9967098236084,43.97593,41.14265
272.8094005584717,57.36126518249512,43.489872,41.501858
260.66064643859863,65.23928833007812,48.242825,36.755943
270.5133991241455,62.87359428405762,44.574856,40.072033
278.92038345336914,59.109025955200195,43.60401,43.28139
293.04416847229004,61.50342559814453,33.86897,42.37568
296.9659547805786,59.821388244628906,30.814047,42.226814
299.3988037109375,66.95435905456543,28.430756,35.848736
300.680926322937,68.95806503295898,25.037317,31.615875
302.5919609069824,65.98211288452148,19.864136,34.576363
302.1470642089844,68.06234169006348,18.598091,32.987774
301.31546115875244,69.25434112548828,21.849417,30.838379
300.31524181365967,67.8363208770752,23.993517,33.53416
303.4294242858887,65.97883224487305,19.18811,34.427887
303.07280254364014,68.39981842041016,19.834139,32.09099
302.46688652038574,66.0273208618164,21.909428,34.53749
302.10330963134766,66.02039909362793,19.455956,34.93806
302.9638481140137,68.59774780273438,20.016594,32.049263
303.18414211273193,65.4592399597168,18.337503,34.080444
301.44792079925537,67.26613426208496,19.447603,32.04955
301.71457862854004,71.49204635620117,20.767353,27.458542
301.3052158355713,66.86550903320312,18.844067,32.69738
298.28942012786865,69.32848453521729,23.7315,30.425718
291.0430717468262,69.5493516921997,30.219154,30.79846
293.10973739624023,66.27632904052734,28.5616,37.52704
294.15194034576416,62.621795654296875,27.758673,38.87391
302.80449771881104,66.13556480407715,21.566305,35.3934
302.3025178909302,63.17770957946777,18.078901,38.943127
302.27685928344727,64.21900177001953,18.503792,37.507668
297.3670988082886,67.24945259094238,22.91575,37.228138
296.26850509643555,65.2057991027832,25.692856,43.91162
301.0678701400757,62.649070739746094,26.63093,42.674965
296.579065322876,61.418338775634766,31.0219,39.326538
295.6555919647217,63.26564979553223,32.44264,45.230274
287.0945739746094,63.813493728637695,34.805656,52.09563
287.0309638977051,61.44799041748047,42.07512,48.503746
286.8229866027832,65.74371528625488,39.278168,51.51714
289.11163330078125,63.047250747680664,33.63453,49.51044
288.0245056152344,56.26816940307617,33.729805,57.383286
287.05369567871094,59.6224422454834,38.030373,56.873287
289.1273193359375,59.4589729309082,33.646904,54.423584
296.44726848602295,59.87761116027832,27.575533,54.883
282.3067932128906,63.1841926574707,40.773903,51.11238
284.23444747924805,61.081138610839844,39.012238,50.69915
298.0374231338501,62.131019592285156,30.11315,54.673286
295.72249698638916,63.99341583251953,26.056067,51.290306
285.3190269470215,59.422088623046875,37.02504,48.16784
282.4354076385498,62.67727470397949,38.322796,48.35705
282.71102714538574,60.09232711791992,38.94502,55.59578
279.2146968841553,61.485076904296875,45.063137,55.0048
281.1525344848633,62.049991607666016,41.333977,59.142
279.8567943572998,62.0447998046875,42.619915,52.798943
282.54520988464355,60.39236259460449,41.317745,53.972027
281.71021270751953,62.554908752441406,41.45791,51.98217
288.9114303588867,59.64850997924805,35.700325,55.346695
289.3104705810547,57.43620681762695,32.50396,54.745544
288.61278343200684,59.135536193847656,38.7245,52.147102
290.9843940734863,62.16813087463379,34.86801,53.391666
283.57165336608887,63.95949363708496,40.213146,52.8717
285.26118659973145,62.90885353088379,42.807972,50.52625
291.09115982055664,61.126216888427734,34.47693,51.222275
293.5189428329468,62.437965393066406,30.829111,54.290916
294.62076568603516,61.677141189575195,33.718513,48.93195
290.2582015991211,60.1224422454834,33.54267,51.938473
294.54241466522217,56.53184700012207,31.134447,62.15421
288.9427146911621,59.10290718078613,38.11435,56.34827
291.17182540893555,68.27213478088379,37.536682,54.14049
281.5246410369873,60.83571243286133,46.16728,59.35765
235.12150764465332,72.29644584655762,51.2684,49.293118
237.95259857177734,68.35772705078125,41.271103,48.635597
227.5503044128418,65.19746208190918,50.088356,43.98335
238.35321044921875,59.379621505737305,41.606644,51.34988
233.59463691711426,60.92038536071777,42.486355,43.957653
257.5250663757324,47.17198944091797,46.767876,43.766884
232.12080574035645,60.68573570251465,47.4017,34.146603
233.04519081115723,62.688087463378906,44.44267,31.187538
236.00995635986328,57.70901107788086,45.484665,34.78743
248.45152473449707,49.90893745422363,46.377163,36.981663
239.00064849853516,56.208187103271484,40.331528,35.67595
260.66456031799316,45.523406982421875,46.60423,38.575798
260.0801181793213,28.194067001342773,48.21359,52.072964
258.42442893981934,30.824363708496094,53.179264,53.109627
262.96922302246094,19.71609878540039,45.005447,59.89456
261.64697456359863,17.33755111694336,45.318844,60.68605
262.3889503479004,18.668251037597656,46.955986,60.83555
262.75685691833496,21.94538116455078,48.055546,56.827553
261.02185821533203,25.621370315551758,48.652542,55.857258
245.75858116149902,42.63759231567383,57.62369,48.62857
257.8742332458496,36.704790115356445,51.5944,47.88944
245.28477478027344,45.30800819396973,57.492645,47.867268
231.90382385253906,52.393646240234375,65.94743,43.48925
230.3957118988037,51.77516555786133,59.167027,49.071167
232.60776138305664,55.63201713562012,60.83338,43.41026
234.84852981567383,53.768829345703125,58.29841,42.399086
252.77826309204102,47.43096160888672,52.438606,46.753944
242.10336303710938,51.79340744018555,55.695328,42.785156
260.1645927429199,40.594905853271484,49.078285,50.05435
259.70018577575684,47.463579177856445,48.20052,46.851
249.65444946289062,48.83394813537598,55.626328,42.263203
236.4335060119629,54.58262825012207,57.19335,43.99689
242.00831985473633,48.50739288330078,61.716057,47.55564
229.97440147399902,54.82987594604492,59.717686,42.597595
233.15794563293457,56.30617332458496,59.99583,42.445614
231.83334159851074,59.14626884460449,53.169895,38.83769
234.823148727417,61.10808181762695,47.05373,35.759415
233.90795135498047,63.76750946044922,44.14363,31.409966
234.99059677124023,64.35149574279785,40.90377,32.984974
233.87038803100586,65.22442817687988,38.31942,36.15038
232.49213027954102,67.19212532043457,38.883278,38.897846
231.09163856506348,68.84411430358887,39.15475,38.066616
228.70968627929688,69.64337539672852,38.958237,36.75775
229.4519386291504,71.62076187133789,34.585884,36.035324
226.60348510742188,73.07957458496094,34.45044,34.76568
226.13137817382812,74.80157279968262,33.411026,33.729916
224.02525520324707,77.50999069213867,32.713924,29.830673
219.62464904785156,78.49033451080322,35.537163,29.46665
212.8253688812256,78.60800838470459,37.503407,31.313898
205.72713470458984,81.717529296875,40.2593,31.3619
209.86461639404297,85.71371078491211,33.722603,33.865173
209.71718215942383,87.40855407714844,33.822006,30.362404
208.37276077270508,86.71463203430176,33.89763,27.664356
204.20778465270996,84.470627784729,38.23657,31.59841
197.54630279541016,84.05850219726562,43.308052,28.431526
198.92551040649414,83.29599094390869,41.792236,30.937384
198.91725540161133,84.35293579101562,41.79834,33.280586
195.9777126312256,83.16259002685547,43.942944,36.13819
194.9158878326416,83.43053245544434,41.942234,32.096706
192.23519706726074,82.81762313842773,40.596478,30.407303
187.88814163208008,82.93024063110352,44.26848,31.116928
191.8308391571045,88.78888130187988,38.577694,27.480473
192.1164951324463,88.73818874359131,35.442997,27.785257
189.63920402526855,85.44745349884033,36.46583,30.633894
185.91685676574707,84.52483654022217,38.84119,29.98163
186.6196174621582,85.68359565734863,36.796677,29.484516
185.41029739379883,88.42181396484375,35.14763,28.96659
183.1867218017578,88.46871376037598,36.528633,27.278454
180.2707118988037,87.47586822509766,36.3932,32.76999
176.97290992736816,89.0294017791748,36.0965,35.79703
173.61855697631836,88.82495307922363,33.756012,37.323193
171.6951084136963,87.88925552368164,35.119892,36.7501
169.50017929077148,88.41656970977783,35.63971,31.07047
167.05898094177246,90.04238796234131,34.596172,29.977053
165.72436141967773,89.42786026000977,34.560127,29.119614
161.57858085632324,89.48841953277588,36.94425,31.34931
160.95980834960938,91.1934642791748,35.433792,30.164867
159.98739051818848,92.36079216003418,34.22334,29.451656
158.42657661437988,91.84951400756836,35.418827,27.540627
159.58985328674316,91.69365692138672,34.24835,30.278244
161.7295742034912,91.11168956756592,35.777134,29.59524
165.36922454833984,89.61995697021484,34.147934,29.157654
168.8659954071045,89.46751308441162,33.85532,27.667925
169.26945114135742,91.05067157745361,33.307404,27.736181
173.63432502746582,92.71194076538086,34.239628,34.05523
174.34539031982422,94.64341735839844,38.284904,34.663788
178.76362800598145,96.1341495513916,37.389454,36.567226
182.63521766662598,94.33825492858887,36.018818,35.103626
184.12435722351074,98.42795085906982,37.620663,29.948252
185.7209701538086,99.29442119598389,35.0082,30.832209
186.6539707183838,102.84504890441895,33.814213,30.212734
187.1768970489502,102.95787620544434,33.88593,27.4212
188.92036247253418,103.43496513366699,32.17642,25.27528
188.83238983154297,105.96023654937744,32.86219,24.110449
187.4856252670288,107.14784622192383,31.55086,23.808632
187.7954158782959,106.68407154083252,33.35268,25.473974
187.9059772491455,105.98518657684326,33.236507,26.392267
186.8311595916748,104.99893760681152,35.479366,26.958172
186.34196281433105,110.12117767333984,36.029804,23.363106
187.62341117858887,110.9327917098999,35.127934,26.839823
186.6937427520752,112.0234432220459,32.62025,24.600986
186.20009422302246,112.2173719406128,34.497883,25.08697
186.63425636291504,113.21014499664307,35.89027,24.344984
187.40933418273926,116.4879207611084,35.24142,23.448872
188.11374473571777,114.45560359954834,34.346004,27.382593
187.11747360229492,116.50935077667236,35.637665,29.730818
184.0009365081787,115.92863464355469,36.175175,32.114616
185.32013320922852,115.61739444732666,38.694603,30.677114
182.62440490722656,118.77058506011963,39.550446,30.612005
182.12739944458008,118.49041175842285,37.803703,33.416813
175.2879123687744,117.64786911010742,42.161495,34.022247
183.15438079833984,122.89426326751709,41.108673,29.83053
180.9282569885254,122.70124435424805,42.006035,34.580704
183.6967430114746,123.8988265991211,40.41404,34.866203
177.5659294128418,122.94994926452637,44.637108,31.159634
182.53240966796875,121.44357299804688,42.026505,33.803352
187.80681800842285,123.04154777526855,35.70692,34.320446
183.56458854675293,121.56476974487305,38.40891,35.129227
186.88814163208008,122.1412525177002,37.353447,33.188236
180.7911548614502,120.17464828491211,41.959972,36.04857
180.6950740814209,121.74397087097168,42.702015,31.953487
188.20355224609375,123.61092185974121,34.091644,36.441204
183.66911506652832,122.96085548400879,39.703365,33.994114
182.22706985473633,122.00422477722168,40.615593,33.373135
186.60453414916992,119.59611415863037,35.742653,31.649729
185.59689903259277,118.62032794952393,37.29851,31.26991
183.82767486572266,116.16309547424316,39.725708,32.272755
183.48229598999023,116.36692428588867,40.546135,33.79756
184.51227951049805,93.6739330291748,40.210426,43.737057
171.79674530029297,108.93620300292969,44.702133,38.331917
182.93715858459473,109.70431423187256,39.149837,30.898249
184.30475616455078,108.18715000152588,33.66806,27.467718
183.40963554382324,105.64356231689453,32.798077,27.502144
184.22164249420166,107.75797843933105,30.616072,22.75777
183.58450317382812,105.78393459320068,28.949623,26.991785
183.2520570755005,104.11234760284424,29.897383,27.225737
183.09344482421875,104.67764472961426,31.83683,27.530361
182.69468307495117,102.37975311279297,28.643265,27.043488
181.57950687408447,102.58466339111328,27.797834,28.933563
180.56764125823975,101.04512405395508,31.589891,29.340233
179.94099807739258,101.26521968841553,32.16813,29.291422
177.59931755065918,99.53473949432373,34.27844,31.642199
178.72676277160645,98.63504791259766,32.44495,30.65406
176.15707206726074,98.0445671081543,31.78719,32.349815
174.3149471282959,98.89613342285156,34.85004,32.97371
174.6590919494629,99.35738372802734,35.60874,31.648438
174.4797649383545,99.5327262878418,34.25194,30.54995
173.2376537322998,101.13741874694824,32.675205,31.076786
172.35115814208984,99.18656158447266,34.91922,31.774956
171.84822845458984,98.43482780456543,35.762985,31.683239
169.9810562133789,97.16950607299805,35.15799,32.36786
168.60888481140137,98.35432052612305,34.78745,30.57048
167.18833923339844,96.62596702575684,33.494667,31.318645
165.59004974365234,96.84411334991455,35.633705,31.439268
161.86070251464844,98.16049003601074,35.946236,28.929806
162.67185020446777,98.20616912841797,38.23379,30.168892
160.5090446472168,97.09345436096191,37.32634,32.042027
160.87941360473633,98.43414402008057,35.752563,31.502264
159.59581565856934,98.8926944732666,34.837063,31.477222
159.27958869934082,95.46758079528809,34.704975,35.005978
158.82817459106445,99.7047929763794,35.54097,31.841444
158.4706516265869,96.78922080993652,36.28525,33.3744
158.62899208068848,97.27210426330566,37.065388,33.335636
159.29116249084473,95.50088310241699,34.173405,34.88943
159.5368995666504,96.36609649658203,36.068542,34.289116
159.9540901184082,97.46805953979492,36.488358,32.003296
161.06503868103027,94.62185859680176,37.004406,33.084827
163.6831932067871,95.82279777526855,36.61508,33.73878
166.981840133667,95.54871559143066,35.655697,32.346394
169.94593048095703,96.00724792480469,33.6466,33.620674
171.43302154541016,92.17082595825195,38.97962,37.525665
173.76466941833496,97.26729583740234,41.98985,33.138725
174.84323120117188,95.9360408782959,43.85476,34.33848
179.70961952209473,88.0077018737793,42.591663,43.303192
180.92481994628906,89.5272274017334,42.198784,41.59129
182.4662094116211,96.8669548034668,39.9813,36.590546
185.43517684936523,101.90826416015625,37.68091,35.021736
188.6614227294922,102.45309925079346,34.186684,31.267622
189.78922939300537,102.97952079772949,30.75184,27.825222
192.8739995956421,105.03819561004639,29.217134,27.86461
196.21564102172852,107.23081684112549,30.620026,25.399313
196.53211402893066,106.96850681304932,31.75423,26.942533
198.16518020629883,107.27140140533447,35.094803,27.88497
197.83819007873535,108.46122646331787,33.539585,26.824991
197.53248405456543,109.05550003051758,31.972614,26.742188
198.38316440582275,108.6360731124878,31.574194,27.26954
197.68035793304443,109.61815929412842,30.627748,24.310312
199.53496646881104,111.70050716400146,28.709715,24.531214
199.6476755142212,111.80726718902588,27.256262,24.202093
200.88244438171387,111.35110187530518,28.737118,23.537153
203.65604782104492,113.38559818267822,27.14116,22.067175
205.09648609161377,113.19931411743164,27.881392,24.036232
207.15030097961426,111.21317768096924,27.380024,26.015348
209.96376132965088,111.7870922088623,28.026052,26.926151
212.62572479248047,110.26357841491699,29.171661,29.162052
213.466046333313,110.8695478439331,30.460035,29.437769
216.6908950805664,108.3696174621582,29.806458,33.19905
217.6252784729004,108.32878112792969,30.668663,32.48594
221.02636909484863,107.18381881713867,30.575558,33.66311
223.53767108917236,107.27149200439453,30.03826,33.459885
225.96749782562256,109.27906036376953,29.458193,34.768707
225.26310348510742,106.49862480163574,32.39704,32.78468
229.04515171051025,107.3866195678711,31.868101,34.635902
230.75419998168945,108.87453079223633,31.61802,32.794785
230.79174613952637,109.00077819824219,30.879566,33.51647
232.5400390625,109.46337699890137,33.098404,33.859417
231.1868190765381,109.60615348815918,32.108753,33.505047
232.03752517700195,110.56218147277832,32.559975,32.793095
232.15989303588867,111.46523857116699,32.364326,32.420223
230.8040647506714,112.3559684753418,30.253511,32.761566
229.59700775146484,112.77335166931152,31.108612,33.554867
228.4193239212036,114.11438655853271,29.754927,30.300226
226.84795379638672,114.60037612915039,31.11007,31.5738
223.6489315032959,112.00677490234375,32.03574,34.629448
222.58191394805908,113.43363952636719,30.815939,33.13073
222.05700302124023,114.93942451477051,34.017235,33.545277
217.47380828857422,112.65665817260742,35.231247,35.903427
218.17899131774902,115.11634063720703,33.988895,32.187675
217.06072616577148,114.11126899719238,32.33248,33.68886
215.09334564208984,115.17617702484131,33.179916,31.607523
214.02281379699707,117.28511619567871,32.440716,32.62028
213.85796928405762,114.76455116271973,32.676395,34.230373
213.23256874084473,110.0524845123291,32.326153,34.68137
213.9418535232544,112.12731742858887,29.584997,32.11256
213.20043087005615,110.7208366394043,30.764582,35.742256
212.64471626281738,112.34655284881592,32.042835,30.597239
213.10616779327393,113.11566352844238,30.735655,32.688595
212.9610195159912,110.61225891113281,31.031628,34.175423
212.99731159210205,111.22176933288574,30.922606,30.840862
211.55395984649658,110.4302749633789,30.779394,33.45331
212.27232933044434,108.23272132873535,32.73792,35.473743
208.3450164794922,110.70227241516113,36.380386,39.408634
211.38330841064453,110.61578559875488,34.68509,38.449223
208.59685707092285,111.17988204956055,35.877666,37.714294
208.06692123413086,111.4810962677002,35.207848,32.207203
206.05532836914062,111.84543132781982,34.48091,29.010378
204.76205253601074,112.23301696777344,31.683208,31.816414
200.11455631256104,111.2237377166748,31.125341,36.60252
195.89007377624512,109.5167064666748,35.466656,36.47674
187.3548755645752,109.34763717651367,37.55193,40.62999
188.91963386535645,108.655517578125,34.93488,42.757698
182.7888126373291,108.10743522644043,39.10068,38.678753
182.3965835571289,102.15726280212402,38.278877,35.780727
179.05474472045898,101.13834381103516,39.04341,37.83683
177.31678009033203,107.44855880737305,32.867332,40.136444
178.2793369293213,104.29018974304199,37.74822,34.321545
175.2758083343506,106.26239013671875,37.19003,33.510353
173.97379875183105,103.31995964050293,30.816631,31.944775
173.10851860046387,106.71297359466553,26.691868,27.87179
170.22820854187012,108.90022945404053,28.402554,22.857782
170.05656051635742,110.01632881164551,29.566353,23.138203
167.27385139465332,108.1643934249878,29.63284,26.028803
167.84343338012695,106.67407417297363,28.473495,26.639088
169.8446283340454,106.94611072540283,29.403166,27.87139
167.6022891998291,107.99275398254395,30.243374,27.536457
169.20608043670654,109.3624439239502,31.443819,25.899426
168.6375856399536,109.31846714019775,31.215246,26.753057
168.51659107208252,111.24095058441162,30.935064,23.5124
170.14129734039307,111.51008224487305,28.86978,23.770203
170.57734489440918,112.05455780029297,30.93105,22.635399
171.1142978668213,110.01263523101807,30.298328,24.856665
171.46199417114258,111.24485492706299,32.22403,24.863424
172.76852989196777,109.95699882507324,27.990108,26.86591
177.10885334014893,109.78062152862549,28.424025,25.994719
177.64024925231934,110.1192626953125,30.618809,24.769447
178.69486331939697,107.5073184967041,31.262953,28.178196
181.25225448608398,106.74343872070312,32.795532,28.53518
182.9912338256836,103.95497417449951,35.737175,29.499323
185.00045776367188,97.7534351348877,36.077827,33.799015
