0.0,24.0,171,114
3.9648056030273438,22.354381561279297,195.13362,113.81486
33.67250061035156,22.713294982910156,193.0491,120.827805
51.77748107910156,26.858684539794922,226.00626,119.03208
54.556068420410156,28.00048065185547,248.442,127.35945
73.35392761230469,24.634960174560547,230.19547,126.5861
99.67440795898438,24.2474365234375,202.25684,128.98236
106.38404083251953,22.621673583984375,198.40685,148.00275
107.01797485351562,27.08563995361328,201.70502,147.02385
106.57247924804688,29.889251708984375,203.79724,143.01251
112.1808853149414,30.898048400878906,197.25853,135.78105
111.09567260742188,23.960617065429688,195.30829,133.78836
114.1283950805664,21.737136840820312,194.65385,129.634
110.35974884033203,15.057914733886719,203.23283,132.0041
120.14939880371094,7.4985504150390625,208.05954,137.80399
127.59644317626953,6.9496612548828125,230.55394,137.24557
35.14826965332031,2.7003707885742188,283.6201,136.57033
0.0449676513671875,-0.01978302001953125,273.72562,144.769
-3.196868896484375,3.1179885864257812,248.99646,136.1054
-2.8326797485351562,9.3529052734375,220.94331,145.69891
-1.3299789428710938,3.3978042602539062,230.09874,132.61815
-2.001983642578125,0.5755081176757812,237.32812,118.281906
2.353485107421875,2.5360641479492188,236.59326,115.27907
-0.3548126220703125,5.257118225097656,236.23532,130.21532
-1.802459716796875,3.963123321533203,226.71808,124.32259
-0.787384033203125,5.5979461669921875,224.71936,117.63986
-2.4319915771484375,5.572822570800781,220.49667,136.97978
-0.08998870849609375,9.161636352539062,214.3347,139.67612
-0.37760162353515625,6.899238586425781,226.02718,137.37315
-0.322052001953125,7.724754333496094,225.6394,128.51967
1.8571853637695312,7.386054992675781,223.36705,132.84709
1.9762039184570312,13.679893493652344,211.86284,133.80745
3.637115478515625,3.9799270629882812,230.3609,139.33275
1.2700576782226562,3.2234954833984375,221.30614,131.87808
4.224357604980469,11.070259094238281,240.22145,138.38707
5.61920166015625,7.865135192871094,254.36554,141.8318
3.262603759765625,4.175971984863281,304.07782,136.46959
-0.5148468017578125,0.38323211669921875,284.5156,130.7314
-6.00390625,2.523223876953125,303.74988,135.95538
3.083526611328125,2.2449111938476562,320.5799,135.97722
0.07159423828125,0.1433563232421875,281.5962,148.13364
1.211456298828125,-1.50872802734375,287.81763,133.56873
0.0221710205078125,-4.194053649902344,277.14908,130.96263
5.583526611328125,1.6672439575195312,327.89935,130.13335
-1.09918212890625,0.659698486328125,310.3225,131.42651
-0.1239166259765625,0.28350830078125,303.5535,138.7879
-0.7285003662109375,4.151344299316406,319.93265,128.69487
1.080047607421875,-0.5339279174804688,292.65668,133.99602
14.693267822265625,0.5492630004882812,279.37024,141.68187
2.473785400390625,2.15234375,247.39221,130.52771
24.922012329101562,5.597808837890625,239.76035,134.31091
33.66021728515625,12.374305725097656,265.11212,131.6533
76.8695068359375,8.802536010742188,287.51202,135.07413
19.795074462890625,6.1239776611328125,290.88916,130.18314
83.93092346191406,8.740089416503906,259.1649,138.35686
44.36445617675781,6.5449066162109375,279.2825,133.67221
53.7022705078125,9.318214416503906,265.99933,136.99126
8.243057250976562,2.8861770629882812,315.5228,109.33238
7.089202880859375,2.3359603881835938,263.96313,132.52675
71.52991485595703,5.662666320800781,239.33812,137.1256
3.85150146484375,3.900726318359375,223.57288,151.30426
109.6094970703125,6.840965270996094,246.52582,139.06453
45.05912780761719,6.645042419433594,275.14505,138.84517
4.021232604980469,2.528522491455078,252.20088,122.79934
105.27593994140625,6.6495208740234375,279.80853,140.48178
40.12309265136719,9.647483825683594,304.23587,131.04457
54.670379638671875,6.2991790771484375,287.003,138.41287
21.632362365722656,5.82470703125,251.33495,134.34418
4.918128967285156,-0.5314559936523438,211.94029,146.69548
4.499931335449219,4.07049560546875,251.33253,135.7143
60.97620391845703,10.657524108886719,251.01976,130.08638
77.30848693847656,12.356094360351562,284.74167,133.12534
56.06806945800781,11.814399719238281,289.40408,135.5767
7.585357666015625,4.707603454589844,306.65234,139.70784
14.629913330078125,1.4550018310546875,287.99243,159.32272
-1.7651824951171875,1.3900222778320312,258.78085,157.02788
2.5865478515625,11.217041015625,273.61237,147.46332
5.0100555419921875,4.6624603271484375,298.72116,153.27664
3.8315582275390625,18.283340454101562,325.02628,140.80399
-2.278594970703125,15.886222839355469,327.7976,149.8091
12.423553466796875,20.19672393798828,307.79413,148.7913
1.49493408203125,8.557174682617188,316.50183,129.11057
-4.7142333984375,2.417095184326172,327.30847,125.437355
17.865859985351562,1.5183944702148438,308.8218,149.09077
-3.319244384765625,1.3738327026367188,316.59302,133.36482
1.779296875,-2.59814453125,317.99982,145.01532
-2.7234344482421875,-13.354209899902344,319.0793,157.99638
0.101470947265625,-0.8585968017578125,315.4933,142.11374
-3.658294677734375,-1.2765579223632812,321.9176,144.6772
-2.143951416015625,-1.4209060668945312,330.92963,149.11885
-5.9310455322265625,0.87750244140625,328.30948,148.3761
-4.8371429443359375,1.9004592895507812,322.22226,147.1917
-2.14837646484375,2.8853759765625,316.28796,147.63953
-2.22003173828125,1.5210113525390625,315.57703,149.15482
-3.3785858154296875,1.0711517333984375,308.78403,153.85794
-4.3157196044921875,1.2239990234375,295.76462,158.30194
-1.1508941650390625,0.47408294677734375,282.3926,158.18379
-4.4384002685546875,-0.6954498291015625,284.5319,169.51779
-1.3449859619140625,2.586395263671875,283.21317,163.9367
-1.4129791259765625,2.5666656494140625,267.89297,156.13461
-3.995819091796875,1.5795211791992188,271.9301,154.94875
-0.150054931640625,-0.36547088623046875,271.91394,162.50377
-2.17303466796875,0.2007293701171875,269.55548,162.75406
-0.18896484375,0.5718307495117188,272.3246,144.56868
-1.33624267578125,4.494487762451172,269.75208,127.210365
-0.3394927978515625,0.9471969604492188,278.84415,128.48543
-3.2261505126953125,2.6858482360839844,284.79385,123.369514
0.220794677734375,1.7834320068359375,279.94403,129.9581
-0.781982421875,2.0544281005859375,263.30273,144.298
0.40261077880859375,3.5863265991210938,255.64088,143.47786
-0.667205810546875,-2.2325210571289062,234.7752,155.15211
1.0037841796875,0.01892852783203125,254.48071,130.3289
-3.4704437255859375,0.22319793701171875,259.46915,143.47383
-2.257720947265625,0.373138427734375,258.66388,136.56311
0.3367462158203125,2.3971099853515625,255.45108,133.59793
-1.2428207397460938,2.018878936767578,255.00652,113.70199
-3.231658935546875,0.8040313720703125,254.8584,110.136505
-2.331085205078125,2.771411895751953,212.63904,116.7734
-0.190521240234375,3.218982696533203,187.36462,118.916405
-0.8478927612304688,12.470409393310547,167.66264,127.45249
0.3797454833984375,6.80670166015625,171.31088,133.51544
-2.62298583984375,5.5236053466796875,173.77722,136.05698
-2.7206802368164062,9.949058532714844,172.66335,131.21388
-1.0133819580078125,5.868751525878906,168.15897,143.08531
1.4621353149414062,4.974906921386719,175.64922,120.180435
0.08850860595703125,19.83708953857422,175.31114,118.49483
-0.19274139404296875,9.111915588378906,166.18895,119.411545
-0.9429931640625,21.078113555908203,181.9361,118.70284
-1.9081649780273438,10.018379211425781,183.02104,123.48015
-1.4968185424804688,10.772232055664062,172.5374,130.11398
-2.296722412109375,8.347244262695312,193.2796,130.36465
0.4389801025390625,4.821281433105469,218.65799,122.43495
-0.869110107421875,4.362003326416016,276.80273,104.726555
3.10528564453125,-2.3662567138671875,285.50757,98.071686
-1.8714675903320312,3.6151275634765625,241.06612,108.88107
-2.6986007690429688,0.8896980285644531,243.78618,112.81808
-1.0838623046875,0.632598876953125,243.39233,114.427246
-1.8906631469726562,-1.6949691772460938,251.01399,127.623825
-0.29807281494140625,31.047557830810547,243.34682,121.131874
0.8253402709960938,0.3171844482421875,234.47163,124.46451
31.754791259765625,3.459686279296875,281.40173,135.02142
-1.2123565673828125,4.251953125,247.65067,129.73694
-1.2912750244140625,1.056610107421875,260.64072,149.14996
-2.1434173583984375,0.9423408508300781,276.51358,127.15603
1.1485748291015625,3.3328895568847656,258.49643,111.24706
-2.4741973876953125,2.4192886352539062,264.1409,113.96605
-1.3915634155273438,-0.5343170166015625,254.11131,122.00833
-1.5540237426757812,2.3663482666015625,247.4795,149.08621
-1.0460357666015625,1.8463897705078125,251.42783,138.14566
-0.51422119140625,3.5858917236328125,265.8258,122.49985
-2.8517990112304688,6.783660888671875,252.58763,117.12598
0.33966064453125,4.221435546875,261.6388,129.34991
-1.6931304931640625,4.938629150390625,249.93332,115.17615
-1.4613037109375,3.4058151245117188,256.63843,122.275406
-3.2297821044921875,4.119808197021484,263.58566,107.37238
-4.4963836669921875,-0.5318603515625,255.7554,120.480774
-1.9538726806640625,2.4132232666015625,268.0107,113.77377
-3.1625823974609375,0.6189689636230469,279.25546,114.41593
-3.50262451171875,-2.092193603515625,267.1828,118.47687
-1.803314208984375,-5.120628356933594,285.06012,120.76097
-1.698822021484375,0.2327423095703125,266.68903,119.145966
-3.6262664794921875,-3.3072509765625,288.40494,119.6048
-2.2957000732421875,-1.7072219848632812,264.78848,117.31502
-2.622589111328125,-5.398014068603516,284.024,119.74415
-2.080718994140625,-0.45116424560546875,264.2055,114.00157
-2.252197265625,-3.6223106384277344,261.56274,119.24273
-4.12713623046875,-4.320392608642578,260.99072,123.772865
0.8111724853515625,3.14361572265625,247.68295,119.80316
-0.868194580078125,2.4382781982421875,256.40222,109.16055
-2.5974273681640625,2.1290855407714844,263.39096,110.11854
3.00518798828125,1.5034561157226562,266.35388,112.12761
3.446685791015625,4.060649871826172,263.59076,118.96049
-0.44757080078125,1.6092720031738281,265.8391,117.36269
-0.11415863037109375,1.1411666870117188,254.55498,136.60365
-1.2233352661132812,-0.18103790283203125,243.06642,140.96089
-2.5808334350585938,4.624061584472656,230.16545,128.99968
-2.8367996215820312,1.3107070922851562,236.66194,113.70128
1.942779541015625,3.5770263671875,270.06152,111.79846
-3.43878173828125,3.40966796875,184.52399,135.05573
-2.0221099853515625,21.747512817382812,188.63913,115.95126
-0.4458160400390625,7.595951080322266,184.34323,89.47118
-3.4995956420898438,2.673809051513672,175.27885,95.809425
-3.7558441162109375,3.936969757080078,173.3406,89.86227
-1.9865036010742188,7.251461029052734,178.90965,120.85725
-2.4911041259765625,4.391689300537109,179.88718,109.88325
-0.35516357421875,5.0605621337890625,173.90588,111.19449
-3.011962890625,4.813472747802734,177.64618,124.91944
-3.3691177368164062,5.130485534667969,173.43855,127.51637
-2.6804428100585938,7.657569885253906,179.08311,127.725815
-2.3170242309570312,7.192138671875,182.26216,120.44574
-3.1595611572265625,5.540504455566406,177.47787,116.1505
-2.5450668334960938,2.9467811584472656,187.20226,110.487236
-1.75006103515625,4.628776550292969,203.27814,94.77162
-1.9246063232421875,13.354351043701172,186.64908,125.46818
-0.3999176025390625,5.003383636474609,206.7761,103.432014
-0.8526229858398438,12.191520690917969,189.34111,124.00502
-0.9746017456054688,11.59067153930664,193.8026,119.49236
-1.2131729125976562,29.047142028808594,179.49855,114.59108
0.511260986328125,33.814605712890625,170.04169,114.21332
-0.9093551635742188,45.21512222290039,153.36955,100.59069
-2.7374343872070312,46.1056022644043,146.57033,103.707436
-1.9914703369140625,54.611690521240234,154.09842,86.105446
-1.8635635375976562,59.79673767089844,152.91719,80.6886
0.0760040283203125,65.54280853271484,149.62991,74.341415
-3.4808425903320312,72.82373809814453,145.37718,69.03267
-0.14078521728515625,72.24771499633789,177.4929,71.859184
0.4611053466796875,13.235721588134766,235.02179,117.89556
-0.15302276611328125,2.998828887939453,252.27702,117.11416
-4.2531280517578125,1.657196044921875,275.93597,126.06018
-5.1596221923828125,-0.7482986450195312,273.64868,129.97853
-2.06671142578125,1.9863204956054688,256.81094,124.62935
0.44060516357421875,4.336688995361328,252.5294,120.40969
-4.9574432373046875,2.7884368896484375,266.4145,123.34219
-1.8005218505859375,1.2809600830078125,264.53937,136.38376
-2.3865966796875,1.606719970703125,264.36783,128.92798
-1.0147247314453125,2.0388565063476562,264.7433,128.46501
-3.9000244140625,0.9626693725585938,257.72128,137.56886
-2.0561065673828125,0.9520950317382812,263.67993,133.83617
-2.6087188720703125,1.9179458618164062,274.36383,133.39629
-2.886322021484375,-0.7408676147460938,279.33994,139.97276
-1.7367706298828125,-0.1263275146484375,290.92365,148.94943
-2.89434814453125,1.3552932739257812,284.89133,128.59947
-1.990142822265625,3.5900650024414062,285.05032,137.57988
-4.4114837646484375,2.5092391967773438,288.6541,133.08064
-0.1822509765625,0.80023193359375,284.80008,133.64612
-5.028472900390625,1.8056259155273438,287.56046,134.24751
-0.4266510009765625,0.13767242431640625,292.81177,132.7473
-4.3988189697265625,2.0232162475585938,279.3485,138.46223
0.931976318359375,1.05255126953125,278.27872,140.83514
-4.31231689453125,0.8321914672851562,274.7786,134.33086
-2.6329345703125,2.517925262451172,259.65482,127.58329
-3.7504119873046875,1.4436569213867188,274.10376,140.88454
-4.219635009765625,3.3257064819335938,275.34506,123.63722
-6.5413970947265625,-0.856109619140625,275.74304,128.57281
-3.914581298828125,-0.8110122680664062,277.87924,137.16176
-4.232147216796875,1.4000625610351562,271.4476,117.18114
-2.8341217041015625,4.367832183837891,267.0755,113.959465
-1.5589752197265625,3.353618621826172,264.1526,114.48167
-3.913238525390625,0.5954856872558594,266.03928,110.37672
-3.44586181640625,1.385589599609375,262.3848,105.481445
0.7194442749023438,11.9051513671875,246.99095,141.00153
-0.085968017578125,3.04193115234375,268.51712,130.07635
-1.82373046875,1.9415969848632812,262.0731,140.04887
-0.06360626220703125,2.36517333984375,255.2285,123.74567
-1.9219284057617188,3.0242767333984375,245.13911,121.621735
0.6643829345703125,3.9367408752441406,240.4945,125.55425
0.8057174682617188,3.4096603393554688,212.52025,131.89058
-1.4430770874023438,1.943878173828125,232.56453,126.085144
-1.3768844604492188,2.3590164184570312,234.19673,126.75188
-0.5837173461914062,3.9689064025878906,222.83061,108.04034
-5.847328186035156,6.8324127197265625,173.16063,132.14053
-0.42185211181640625,4.862129211425781,157.57683,137.46391
-1.4476089477539062,3.3753433227539062,160.22057,136.28893
-0.24017333984375,3.9861526489257812,164.69193,134.94334
-3.50537109375,5.119056701660156,158.9603,134.05486
0.4960784912109375,5.108634948730469,153.92651,135.59737
-0.6053619384765625,5.0380706787109375,166.63666,136.3251
-2.8726654052734375,3.0703964233398438,148.1399,141.00838
-0.56011962890625,3.3176956176757812,146.63675,135.67741
-1.3922500610351562,4.4364166259765625,142.93608,135.03476
-1.0413360595703125,3.86322021484375,147.12054,139.6579
-1.4469146728515625,4.0092926025390625,142.28113,139.93216
-1.8093795776367188,4.7443389892578125,146.24416,138.04678
-0.7520980834960938,4.195167541503906,148.78499,135.2642
-1.8647232055664062,4.7867431640625,140.8922,144.68457
-0.3909759521484375,4.088134765625,154.19104,131.30603
0.7145919799804688,4.300262451171875,142.6198,142.62946
-1.6057968139648438,3.4957237243652344,148.8998,119.82337
0.33240509033203125,4.227607727050781,158.40541,136.86388
-0.7437667846679688,4.381248474121094,163.6581,131.04018
-2.7626266479492188,6.160072326660156,156.98665,129.41264
0.15491485595703125,8.564872741699219,163.03401,130.2469
-2.3125534057617188,7.7275848388671875,165.28218,132.03964
-0.4540252685546875,12.849594116210938,181.50616,123.598724
0.0654449462890625,4.536609649658203,191.58356,119.92782
0.5042495727539062,5.332008361816406,220.25813,112.71434
-0.36356353759765625,17.31612777709961,222.33415,119.102486
-1.24444580078125,25.955947875976562,211.85928,120.50058
1.0120697021484375,22.661609649658203,218.60956,124.16036
-1.1410446166992188,36.62261199951172,207.87947,119.24104
-0.8905181884765625,30.971111297607422,227.57794,122.36649
0.8554306030273438,19.898887634277344,222.6978,134.88844
-1.155853271484375,29.096832275390625,226.50339,130.7196
-1.4484329223632812,36.8261833190918,221.64256,120.69401
-0.4725799560546875,31.55097198486328,222.76959,125.656235
0.3132171630859375,-4.536231994628906,233.52466,144.49208
-1.6946792602539062,0.00624847412109375,233.60252,136.7989
-1.2300491333007812,0.7863540649414062,247.63219,143.22716
1.5055465698242188,-1.0577163696289062,243.8969,189.05891
0.8268508911132812,2.6926727294921875,236.90688,183.4581
-0.5867462158203125,-3.5142440795898438,227.15167,181.96886
-0.6971664428710938,-0.3858184814453125,234.69801,176.00766
0.118896484375,-0.5547637939453125,211.71579,179.87338
2.9610748291015625,0.6304855346679688,219.2464,188.52846
0.86297607421875,2.5217666625976562,269.1818,180.78099
1.5501785278320312,-0.12957000732421875,230.86867,183.27
1.8900375366210938,0.07300567626953125,222.8148,188.07451
-0.8354110717773438,0.2353973388671875,240.84792,178.58475
1.3255081176757812,-1.7792892456054688,223.44478,182.70604
-0.18340301513671875,-2.3336715698242188,231.88393,165.48979
-1.7770843505859375,0.891448974609375,227.3487,165.29199
1.7650680541992188,-3.6334915161132812,229.14635,166.15395
-3.1095046997070312,1.3503265380859375,205.0587,157.53934
-0.05538177490234375,1.4652481079101562,221.15645,153.75072
-0.3819732666015625,-2.0954742431640625,221.4223,162.33322
-1.2722015380859375,-1.8177871704101562,216.27148,171.68483
0.584869384765625,3.5319747924804688,265.2216,173.05629
37.913116455078125,16.744239807128906,223.28586,185.067
17.21739959716797,5.565765380859375,230.08989,170.24866
61.12815856933594,37.53953552246094,219.25531,173.90414
122.5038833618164,74.87590026855469,192.96767,183.89194
121.73683166503906,83.53539276123047,194.91577,171.72401
83.6485595703125,59.11378479003906,236.49826,178.53915
-0.08676910400390625,9.435417175292969,200.87346,163.6786
-0.5934219360351562,8.903396606445312,194.31615,150.27023
-3.15118408203125,8.091323852539062,204.00406,136.9332
-1.7877120971679688,2.5547256469726562,196.42055,132.28246
-0.6436843872070312,26.06218719482422,176.04185,114.515396
-0.9215774536132812,41.01796340942383,169.33873,106.82015
-0.54034423828125,42.07432174682617,177.25876,101.11698
-0.2465057373046875,39.969539642333984,176.88477,102.592476
0.04701995849609375,38.891361236572266,175.21996,107.32299
-1.0951461791992188,39.6409797668457,179.79585,99.266014
-0.4047393798828125,42.83241271972656,161.55127,101.83353
-0.43953704833984375,42.14267349243164,169.76155,101.511955
-0.0788116455078125,45.00673294067383,181.13275,99.20132
0.4987945556640625,42.64997100830078,180.41876,102.785446
0.06793212890625,41.96147537231445,179.35666,99.25356
0.79205322265625,39.84427261352539,173.64627,109.615105
0.05654144287109375,41.61735916137695,156.01897,101.26186
0.1968231201171875,41.52052688598633,163.78455,104.17489
-0.3995361328125,42.61457824707031,176.80539,102.280304
1.08544921875,40.82796859741211,161.60013,100.34504
0.724273681640625,41.43421173095703,167.04355,103.641525
0.5675277709960938,41.47868347167969,175.24352,99.06143
0.5968399047851562,37.99690628051758,172.76967,105.09255
0.12819671630859375,37.19175720214844,169.02745,102.286835
0.183074951171875,35.57136154174805,175.36417,106.28983
-0.9209060668945312,27.35973358154297,154.76915,115.77443
-0.49961090087890625,33.549686431884766,145.43797,112.30743
-0.6443328857421875,31.48311996459961,157.55426,110.70902
-1.26171875,27.205467224121094,142.32187,112.42998
-0.716400146484375,31.43994140625,155.48135,108.134125
-1.1176681518554688,27.435375213623047,128.4889,116.92353
0.70819091796875,27.47061538696289,139.61536,114.59643
-2.3483963012695312,28.402748107910156,145.23122,112.32765
-0.02671051025390625,25.40542984008789,148.12263,113.37499
-1.1580581665039062,28.909210205078125,134.22609,111.13043
1.0666770935058594,28.772342681884766,127.955696,111.1809
0.7826461791992188,28.777259826660156,128.99525,109.840195
-0.9504241943359375,27.856403350830078,134.47565,110.32809
0.6833038330078125,27.2828369140625,142.60815,109.905
-0.3710174560546875,23.437232971191406,141.90884,115.24867
-1.8236312866210938,20.14697265625,138.98418,117.26663
-0.25494384765625,19.86273956298828,133.89236,118.15224
0.3992767333984375,18.373619079589844,144.33264,121.146866
-1.8633193969726562,17.339439392089844,131.46892,122.984146
-0.00426483154296875,17.397621154785156,138.85805,120.113205
-0.08995819091796875,13.160499572753906,148.2375,112.87804
-2.213165283203125,10.142791748046875,122.82532,94.03229
-0.46166229248046875,11.849349975585938,126.92668,74.99066
-0.015087127685546875,9.356513977050781,124.06097,87.84474
-0.2834968566894531,12.079936981201172,123.960304,103.52686
0.748016357421875,11.012191772460938,124.77347,102.111694
-0.9817276000976562,21.298683166503906,129.85979,119.79329
1.4676513671875,22.285743713378906,133.1997,115.99928
-0.5335273742675781,23.875728607177734,124.443275,114.99934
0.8638153076171875,27.276641845703125,128.00778,114.19989
1.6744232177734375,30.5894775390625,123.21164,108.32156
1.0976409912109375,39.758934020996094,126.90198,99.67949
0.0490264892578125,35.0648307800293,127.50223,102.82462
0.4985809326171875,40.94859313964844,132.87814,95.59506
0.41645050048828125,39.56267547607422,121.56981,105.03093
1.5047111511230469,40.41830062866211,121.559364,107.55659
2.3022422790527344,39.756771087646484,118.29267,110.01792
