156.0,38.0,17,50
155.62167167663574,38.314998626708984,16.68729,48.640297
157.37164115905762,38.471357345581055,16.724003,48.02608
156.85339069366455,38.764944076538086,16.592276,47.957233
158.14749240875244,37.770545959472656,16.741957,48.568848
158.32654666900635,38.16053009033203,16.652647,47.84958
157.89731693267822,38.71417808532715,17.143126,47.79494
159.6697120666504,37.89097213745117,17.343529,47.760582
159.203688621521,39.29083251953125,17.655611,46.381943
160.0795669555664,38.907752990722656,17.966583,46.472366
162.36695289611816,39.21923065185547,18.135998,46.25807
162.486310005188,39.501821517944336,18.715933,45.636204
162.31091594696045,38.89098930358887,19.896418,46.119236
163.39099979400635,39.381765365600586,19.017698,46.230915
163.93874168395996,39.223337173461914,19.924229,46.343258
166.63294219970703,38.9908390045166,18.478546,46.61529
167.7538423538208,38.328495025634766,18.151403,46.724373
170.70222759246826,38.28585433959961,16.341043,45.581436
172.61937475204468,38.49726676940918,15.512227,46.730923
173.8262424468994,38.2535400390625,17.683468,46.226265
175.5511999130249,38.059743881225586,17.405016,45.256428
176.9069881439209,37.84596252441406,16.657215,47.64321
177.59184074401855,38.00532531738281,16.736134,48.773903
179.66741466522217,38.39794158935547,18.341196,47.2315
178.47756004333496,38.161197662353516,19.57137,46.644226
178.28594207763672,40.044979095458984,20.218903,45.03282
179.26877403259277,40.15357780456543,21.260426,45.05772
179.22537422180176,40.41431999206543,22.27499,44.01266
179.98448371887207,40.454633712768555,24.95013,45.90585
180.55767631530762,41.22257995605469,25.004017,45.27958
184.4569330215454,40.98932075500488,22.11714,44.737278
186.5186309814453,40.0135498046875,21.987442,47.109
189.45929145812988,40.205007553100586,19.716793,46.976406
196.00822114944458,39.68559455871582,15.729911,47.36832
198.0520887374878,39.098968505859375,15.691919,48.40827
199.38757705688477,39.06216239929199,16.963768,47.44885
198.40781784057617,40.16031455993652,20.35775,46.703426
201.1211290359497,40.36181640625,19.764166,47.697365
203.8465175628662,41.790754318237305,20.036594,46.26443
207.168532371521,42.615421295166016,21.772387,47.275833
208.29702281951904,41.80653762817383,19.587656,47.092575
210.22381782531738,42.26005744934082,19.480251,47.178043
212.87608909606934,40.626298904418945,16.828465,47.191654
214.30252170562744,39.788028717041016,16.168852,48.892715
215.38183403015137,40.42459678649902,17.866413,47.577663
218.3077449798584,41.223134994506836,17.986118,48.01205
219.61542892456055,40.8131103515625,18.722237,48.52645
222.8008737564087,40.537391662597656,19.028776,48.10987
223.52535152435303,42.112491607666016,19.877306,47.321976
223.48258209228516,42.39824104309082,21.885208,47.154713
223.90524291992188,43.1880989074707,23.519821,47.25534
225.23778533935547,43.40304756164551,25.115906,46.419224
225.9007682800293,42.630470275878906,26.39466,46.866554
225.16301250457764,42.78420829772949,27.853846,47.238995
229.43752098083496,43.03615188598633,25.12952,45.96907
231.98952770233154,43.01970863342285,24.364054,45.03664
238.60210990905762,43.35026741027832,18.469242,44.140156
240.63881301879883,42.626407623291016,17.593529,45.532196
241.51697635650635,41.46780014038086,19.33203,46.680946
243.46496772766113,41.7034854888916,18.799664,47.15701
243.10769748687744,41.454782485961914,20.226484,47.23495
243.61636447906494,42.013545989990234,20.530378,46.95034
246.29277229309082,41.84863090515137,19.955822,47.454975
250.82710075378418,44.04534339904785,20.464588,44.38432
249.88494777679443,43.13077735900879,22.357058,46.1851
254.01725387573242,44.61263656616211,19.707191,44.234993
255.3713722229004,46.5136833190918,21.303688,41.295723
258.83907318115234,45.50167274475098,18.94629,39.60867
262.77874851226807,45.14391326904297,19.859922,42.609024
262.829381942749,45.15823745727539,21.418468,40.51249
266.893798828125,44.20635223388672,19.132576,40.423218
267.287317276001,43.84167289733887,21.509693,43.923138
270.2035274505615,43.16817283630371,19.004604,44.936733
272.6679983139038,43.24812698364258,17.667261,41.90342
274.1578245162964,42.862844467163086,17.488642,43.289524
274.94486808776855,42.52207946777344,18.619083,44.546326
276.35307598114014,43.91120719909668,18.799356,43.17671
278.9427013397217,44.243852615356445,17.94312,45.298733
279.64584827423096,45.067893981933594,18.491621,44.67881
283.14044761657715,45.18098068237305,17.097668,45.793266
285.0681457519531,45.284889221191406,16.574959,47.262665
287.69135999679565,45.19877052307129,15.369851,46.289196
289.10736179351807,45.48065376281738,14.772902,45.733097
290.3389239311218,44.849151611328125,14.78003,46.654922
290.993540763855,43.822330474853516,15.734278,47.331924
292.6522397994995,44.142417907714844,15.820673,46.64646
293.82350730895996,43.33176612854004,16.084965,48.800907
294.77631187438965,42.13947296142578,18.445316,49.46054
295.7568120956421,43.25505447387695,19.872591,49.0866
295.4745178222656,44.242191314697266,22.050919,48.51426
296.0461950302124,44.38467979431152,23.413698,48.687016
296.11121559143066,45.86885070800781,24.73106,47.327774
297.66595554351807,45.63580894470215,23.984465,45.59885
298.3174800872803,46.30884552001953,24.161121,46.251892
299.59397888183594,46.443111419677734,24.849045,46.955162
302.2358732223511,46.387115478515625,22.172815,47.06865
307.34107780456543,45.35796546936035,19.79398,47.138073
306.5956811904907,45.048166275024414,21.046553,47.288433
309.0627727508545,43.12965965270996,20.828709,47.2992
313.77721118927,45.83770179748535,17.877188,44.74139
315.9323310852051,44.37265968322754,16.509521,46.446712
317.25140380859375,44.50128936767578,16.305672,44.7995
318.71908950805664,45.06070137023926,17.063744,46.145313
319.431209564209,45.07616424560547,16.511093,45.39953
320.506799697876,45.23607635498047,18.000584,46.579353
320.8574047088623,45.14046096801758,18.928371,46.200714
322.8949394226074,44.40317916870117,18.109756,46.252396
322.2771224975586,45.570960998535156,20.897911,45.967354
323.0618362426758,45.737478256225586,20.681725,46.740597
327.7759428024292,45.70062065124512,16.691713,46.849987
325.03742599487305,45.96529769897461,21.122574,45.986748
325.97268295288086,47.33645820617676,22.13919,45.55566
327.3415365219116,45.58542251586914,21.40249,46.696846
329.80296516418457,45.52621078491211,18.76009,46.7409
331.89271545410156,43.84775352478027,18.520927,47.349796
333.4361057281494,43.2940788269043,20.869267,45.405174
334.88617038726807,46.25193786621094,19.91802,44.07103
335.75308322906494,46.393680572509766,19.583105,45.711952
335.7633113861084,45.15867233276367,20.607204,47.736504
337.0693521499634,46.28995323181152,19.373922,46.94991
337.7461395263672,45.24541473388672,19.594536,48.601974
338.08635807037354,47.51811218261719,18.667105,45.905655
339.2115888595581,48.599273681640625,17.652422,45.196533
339.3718099594116,48.629600524902344,17.354074,45.649223
339.290566444397,48.993520736694336,17.998579,44.71477
340.7535390853882,49.783103942871094,19.399263,44.56402
341.6186981201172,48.39442825317383,18.639938,45.612312
341.0873670578003,49.8720703125,20.97732,44.204865
341.37697982788086,50.660648345947266,20.824898,44.559074
342.77294063568115,49.83027458190918,20.824968,44.176105
343.77008152008057,50.77987861633301,22.305983,43.14317
347.90764331817627,50.49555206298828,20.538702,43.76053
348.6788339614868,51.26359176635742,20.276915,43.32763
351.6186695098877,50.35013008117676,17.66792,43.382412
353.00792121887207,49.310415267944336,16.182453,44.62463
353.40257358551025,50.035207748413086,16.424528,43.38397
354.6098356246948,50.36889839172363,16.263819,43.234882
355.2648410797119,51.13075828552246,16.53542,42.94582
355.5505380630493,50.1953239440918,16.485601,43.100708
356.23170375823975,50.97621154785156,15.811701,42.69761
358.259304523468,53.38152503967285,15.258422,40.75636
359.07538414001465,52.03811264038086,15.63332,41.24794
357.6817436218262,52.92852783203125,17.799416,40.480057
350.6561679840088,51.64835548400879,29.00449,41.435513
346.5749397277832,51.24062538146973,34.10318,40.617397
353.07353115081787,50.94598960876465,28.45849,42.756504
357.36900424957275,51.46517753601074,24.314215,41.862125
346.7831621170044,54.08074474334717,31.733297,31.49933
344.69567108154297,51.78824806213379,32.59871,38.387424
345.2820587158203,52.263221740722656,39.257553,30.878014
356.62629985809326,48.829647064208984,28.013056,44.76747
360.15249729156494,49.48453140258789,30.378996,39.802124
374.1517810821533,49.4425163269043,16.725277,45.64
374.6792502403259,50.21516418457031,15.16779,42.968925
375.748010635376,50.65207099914551,14.863979,41.982
376.8927597999573,50.592599868774414,15.668338,43.788166
375.9080820083618,51.02400016784668,18.696371,43.574215
376.8804473876953,50.647539138793945,19.741554,43.435207
377.5964870452881,50.89752197265625,18.798435,39.227585
379.4742040634155,50.4801139831543,16.715616,43.23739
379.2046489715576,50.67935371398926,18.977734,39.47085
381.5492353439331,51.383188247680664,18.450335,40.98122
382.9181270599365,50.11052703857422,16.835835,41.724136
383.1121196746826,51.227874755859375,18.95869,39.469887
378.1015205383301,50.57497501373291,26.309128,31.690504
380.53380012512207,51.781615257263184,24.002964,31.051874
385.84082984924316,51.583641052246094,20.155964,33.22322
390.55126094818115,51.79712677001953,16.561678,38.15043
390.9477348327637,50.18245887756348,16.309532,39.2272
393.11452436447144,50.56453514099121,15.084115,46.350384
390.7789669036865,51.54315376281738,18.217564,44.25649
389.5169401168823,48.74919509887695,20.58726,44.26342
391.55476665496826,51.967790603637695,17.928278,43.7084
391.0232448577881,51.325002670288086,17.97298,44.668285
392.4476079940796,50.79491996765137,16.602167,45.121243
391.5484285354614,51.50373840332031,17.540022,43.280434
388.74923610687256,50.49148750305176,21.493937,42.714428
385.11054515838623,48.90694999694824,25.488573,44.260517
383.59864139556885,49.43227958679199,27.136251,42.861347
365.19416999816895,55.48529624938965,42.110455,40.034428
384.88618755340576,53.21456336975098,26.508158,45.481594
389.4197006225586,50.50764274597168,20.793747,47.605534
390.3738679885864,49.67503356933594,19.298437,47.642258
389.2406396865845,47.42770576477051,19.599989,48.936398
392.5928134918213,50.073720932006836,16.861233,46.716618
386.5327386856079,48.76108360290527,23.447432,46.3074
382.2019100189209,48.74852180480957,25.85944,46.890232
381.0751142501831,48.34832572937012,27.228022,46.933743
376.7981929779053,49.76906394958496,32.009403,41.30447
378.41505908966064,48.77703666687012,29.030127,43.70837
389.39286708831787,52.67353820800781,22.209246,42.555305
383.1584119796753,50.26787757873535,25.021547,35.472668
390.02641010284424,48.0590705871582,18.715284,40.482933
392.91271352767944,50.942726135253906,15.408246,43.2418
390.7877607345581,54.41220283508301,16.87797,39.489094
392.70921325683594,51.918453216552734,16.143333,42.993317
381.5273151397705,47.82513618469238,25.879108,41.699085
377.3810987472534,48.497920989990234,29.430315,43.662292
369.0225944519043,46.46332931518555,33.256317,42.721832
374.1183195114136,46.23327827453613,31.676195,39.037296
383.00354385375977,45.26573944091797,24.441803,39.302223
381.06608486175537,46.291460037231445,20.75812,40.153385
382.86907386779785,48.23370933532715,18.567463,42.0574
375.29483795166016,48.37013626098633,26.07174,33.926437
382.60752868652344,48.655961990356445,16.441963,42.982166
381.8592529296875,49.525901794433594,15.749855,43.21044
382.0367136001587,49.70130157470703,15.003424,43.86628
381.39719581604004,49.43820762634277,12.946865,44.54434
380.98194694519043,50.92452430725098,13.727261,43.063313
379.70234537124634,51.25926208496094,13.459651,42.865646
378.7989168167114,51.07297706604004,14.475836,43.082447
377.60400199890137,49.805870056152344,15.602741,43.22802
377.44814014434814,51.545677185058594,16.331022,40.537247
376.6852068901062,51.8915901184082,14.778924,40.757072
376.4679751396179,52.53741455078125,15.033929,41.51528
374.13801527023315,50.94517517089844,15.439645,38.682808
373.6326222419739,50.68315124511719,15.751868,36.744926
369.66067028045654,51.01381874084473,16.803942,39.73817
369.8805179595947,50.954294204711914,16.397305,42.411015
353.00159454345703,51.03899002075195,32.60376,27.614418
345.30799865722656,52.32805633544922,17.332893,40.00026
345.215030670166,52.08878040313721,36.577866,30.11093
342.2317752838135,47.089468002319336,21.586979,40.477825
346.94659996032715,50.16816520690918,30.093182,40.964428
351.17677783966064,47.87189292907715,25.983595,42.533092
351.03433990478516,49.494340896606445,24.656303,43.626484
357.89793586730957,51.04696083068848,18.023624,42.65334
359.58218908309937,50.53840637207031,15.514821,41.18239
359.0004358291626,49.756187438964844,15.694906,42.400566
358.05393171310425,50.62998008728027,15.989259,43.68295
356.2465229034424,50.50215530395508,17.022938,43.57408
355.98404598236084,50.215389251708984,16.134424,43.090027
355.0788221359253,50.05994415283203,16.129648,43.544373
354.1288204193115,49.211591720581055,17.366375,44.25542
353.0233449935913,49.29689025878906,16.711275,44.513565
351.66893577575684,49.54874801635742,17.849087,44.33699
350.8575963973999,49.211585998535156,18.349863,44.79355
347.0383234024048,48.81033897399902,20.83978,44.99969
347.72783279418945,48.13116264343262,19.255135,45.69929
347.1962070465088,48.44533729553223,19.236721,45.256474
347.66802978515625,47.751102447509766,17.756104,44.8105
346.7732152938843,48.222347259521484,17.215014,45.061684
347.41750717163086,47.90882110595703,16.823235,45.623558
346.4571723937988,46.2890625,16.970703,46.53512
346.5956926345825,46.125741958618164,16.241903,47.07826
346.67895555496216,45.40820121765137,15.764136,47.23328
343.5774326324463,44.53122901916504,18.407703,47.797802
345.9068350791931,44.0584774017334,15.475705,48.681553
344.87857389450073,44.24530601501465,15.329911,48.153965
344.1062650680542,45.13625144958496,15.55398,47.60262
342.6814432144165,45.804134368896484,16.79711,46.378098
341.24531269073486,44.45356750488281,17.316732,47.966644
340.9173631668091,45.05724334716797,18.213812,48.054855
339.52740955352783,44.78125,18.405844,48.266434
337.79829025268555,45.64930725097656,20.627907,47.5459
334.64422035217285,44.545738220214844,23.885998,48.462097
334.55350399017334,46.40769386291504,23.325457,46.987286
334.0211019515991,45.27184867858887,24.317247,48.239033
332.68639373779297,45.38649559020996,25.383087,48.727192
333.540488243103,45.62834930419922,24.42705,47.944748
333.80498695373535,45.994096755981445,23.941906,46.943417
332.2904529571533,45.866905212402344,26.003048,48.087814
330.9584560394287,47.08839988708496,26.394535,46.688923
330.0832586288452,44.32077980041504,25.946077,48.958187
328.5384588241577,44.72711944580078,27.276217,49.572144
328.54151916503906,45.08969688415527,26.805923,47.83724
327.1718349456787,44.734548568725586,25.619205,48.20171
326.23691749572754,45.24984550476074,26.301464,47.47228
324.5889940261841,44.999258041381836,23.27291,47.38387
323.3948173522949,43.440155029296875,21.905891,48.06447
322.148006439209,44.721988677978516,22.203102,47.849342
320.82548332214355,44.93779945373535,20.440311,47.95628
319.79379081726074,45.37801170349121,19.172306,46.610294
319.8052234649658,43.98405838012695,18.49757,48.685493
316.6839818954468,44.04862594604492,20.632692,49.11953
314.52698135375977,45.40740203857422,22.443336,46.292374
313.35767936706543,45.06575012207031,22.519047,47.790405
311.7384080886841,45.08173370361328,24.685629,46.741837
310.96189975738525,45.93588447570801,20.149366,46.435894
310.3445653915405,45.58719825744629,15.531229,46.525204
309.9194474220276,44.904178619384766,13.959468,47.19539
309.0679817199707,44.20043182373047,13.932602,47.894775
306.0241198539734,43.196054458618164,15.643357,49.22382
304.3110375404358,43.38565635681152,15.935557,48.14996
302.413556098938,41.532752990722656,17.026373,50.64662
300.5831060409546,42.77066230773926,17.905138,49.724194
297.9225797653198,42.43847846984863,20.749872,50.31901
295.64716148376465,43.750457763671875,23.106602,49.171295
295.17231941223145,43.63726043701172,24.028301,48.19957
291.4348249435425,45.22408103942871,27.485453,47.67194
292.1439275741577,44.63931083679199,25.14586,47.552357
291.74084281921387,46.02285194396973,25.328312,47.908092
290.78068828582764,45.27758979797363,22.557428,47.271755
289.2244472503662,45.74064826965332,21.923801,47.411312
288.0322570800781,44.95383644104004,16.533417,46.175655
286.8941192626953,44.55119323730469,17.874191,46.292564
285.7981367111206,44.18402671813965,18.56962,46.678455
283.8671131134033,43.59646987915039,16.139675,46.956993
282.12296772003174,42.72921180725098,16.63912,46.667545
279.7102909088135,43.089698791503906,17.05386,45.57618
278.0139102935791,43.91399383544922,17.65849,43.950806
275.6509666442871,44.069854736328125,18.960426,45.91501
272.683874130249,43.85139846801758,20.297367,44.63642
274.23295497894287,44.21012878417969,18.067385,44.607178
273.1750192642212,43.80002784729004,17.304327,45.38934
272.30479526519775,45.23184013366699,17.10385,43.638294
271.3465795516968,44.89679145812988,16.506037,42.696598
269.88117599487305,44.602237701416016,16.215477,44.422165
268.8463912010193,44.54862976074219,15.553166,42.712074
267.2806005477905,44.66123390197754,15.812288,42.239536
265.69024085998535,44.258155822753906,15.926861,43.158188
264.95953369140625,44.633955001831055,14.763954,41.189617
262.7204132080078,43.292747497558594,15.859055,42.55593
260.28614568710327,42.31831169128418,15.9978075,44.035572
259.9889831542969,42.39467430114746,14.823013,44.718708
255.43611335754395,42.662559509277344,19.077785,43.77285
255.5680456161499,41.087921142578125,18.916979,47.262924
254.52155208587646,42.51071739196777,18.575823,46.051105
253.58218002319336,43.35892105102539,17.820328,44.264046
251.11873531341553,43.71065330505371,20.752855,45.11601
248.69468784332275,43.5013427734375,20.523207,45.38076
249.80434131622314,44.317718505859375,18.339636,44.174324
246.83848094940186,44.964839935302734,16.36551,44.03379
245.57017707824707,45.41287803649902,16.855328,41.370564
244.9932518005371,43.54486083984375,17.027016,44.94902
243.09461307525635,42.04059982299805,16.599234,45.564674
242.02771663665771,42.66782569885254,15.245653,44.772984
240.15835571289062,41.96245002746582,17.363762,46.40379
237.91746139526367,42.28224563598633,19.213814,47.231636
236.97362899780273,42.906938552856445,17.075905,45.546276
232.7378044128418,41.85859298706055,19.696472,45.863335
233.26472091674805,41.68405723571777,18.289017,47.19089
232.01726913452148,42.75370788574219,18.102936,46.6967
229.40871620178223,41.92984962463379,19.952442,45.58238
228.707350730896,40.926353454589844,22.167734,48.606125
226.15752792358398,43.298927307128906,21.777252,46.628723
226.16797161102295,42.59086608886719,21.175173,47.03604
224.64605903625488,42.77872848510742,18.64191,46.61811
222.87366485595703,42.503883361816406,19.558296,44.916794
220.85025024414062,42.65022850036621,17.86422,46.07874
219.64210510253906,42.25882339477539,19.119087,47.83512
215.73249435424805,41.076934814453125,20.323502,47.897858
214.94391632080078,40.0828800201416,21.46688,48.19395
213.91466808319092,40.3524169921875,20.122316,49.06839
214.36105155944824,39.298709869384766,18.603848,49.927376
213.50570583343506,39.34383773803711,17.595438,49.67643
212.27461910247803,39.53371810913086,18.504648,49.26806
210.08076572418213,40.49304962158203,19.948751,48.146545
208.97240257263184,38.245832443237305,20.592724,49.787586
208.431303024292,39.91293716430664,20.585903,48.740746
207.25434970855713,39.99043846130371,21.672415,46.652637
206.17628479003906,41.093963623046875,21.543617,45.426407
203.5652084350586,41.68653869628906,19.31166,45.982117
202.09011363983154,41.1798210144043,16.98739,46.31211
200.63311672210693,40.47360420227051,15.949701,45.81912
199.0042495727539,40.42581748962402,15.361267,45.424564
197.87008571624756,37.857194900512695,15.221735,46.937458
195.96121978759766,37.566864013671875,16.12127,47.553726
192.7559118270874,40.869550704956055,18.218874,46.390034
190.47704315185547,39.45895195007324,17.818176,46.895733
187.77482223510742,38.5026912689209,20.364159,48.25375
183.38478660583496,38.612789154052734,23.808018,48.37787
183.9251832962036,40.06703758239746,22.790274,47.665447
