147.0,65.0,55,72
148.88886833190918,64.86833572387695,59.399296,72.33524
154.2594223022461,64.13349914550781,61.281784,75.15474
158.41724967956543,64.57156372070312,62.97385,72.73985
166.59279441833496,65.8109016418457,62.108265,76.62589
176.23565864562988,66.95450210571289,62.10281,77.9629
183.72857666015625,69.90962600708008,64.40216,78.07978
187.2154769897461,72.74511337280273,64.38527,77.04577
189.51223373413086,76.35332107543945,66.86613,74.89631
190.7305145263672,78.04000854492188,65.92139,74.719284
189.5355682373047,77.45289993286133,66.066895,75.97892
185.91439056396484,76.78277587890625,66.851974,75.21867
183.7000217437744,76.10999298095703,61.856884,73.520905
178.7908706665039,74.46359252929688,61.60353,73.10744
174.85064888000488,73.04624938964844,61.46661,72.42085
170.1142635345459,72.19985580444336,60.696003,72.8861
166.44217491149902,70.02670669555664,58.999012,71.35752
163.3169822692871,66.28753662109375,60.129128,73.32121
159.7510814666748,62.87690353393555,62.70737,72.399956
159.31499671936035,60.13492202758789,60.31834,72.32978
159.78641891479492,56.08012771606445,59.389442,70.94529
158.37014389038086,52.97227096557617,61.604744,72.4139
155.90330123901367,50.33118438720703,61.52909,72.250916
155.59901809692383,47.07193374633789,62.671135,74.04426
153.82058334350586,43.273475646972656,63.13212,74.32596
152.02669715881348,40.24001693725586,63.402874,74.6589
149.99634742736816,35.32100296020508,60.580364,74.66627
149.13353157043457,33.43856430053711,62.257626,72.316734
148.38409805297852,30.580955505371094,60.452232,72.99872
147.59210205078125,27.847583770751953,59.29593,74.10621
148.07226943969727,25.953758239746094,57.95382,73.31308
146.20336723327637,23.374099731445312,58.69608,72.07588
146.58463287353516,22.57581329345703,60.820816,73.757416
147.01092338562012,21.809429168701172,59.274723,73.5704
146.4993019104004,22.508804321289062,57.512444,73.3152
145.73702239990234,22.902809143066406,60.787857,73.18997
146.18435096740723,24.12497329711914,60.06419,73.146736
146.83133125305176,24.911911010742188,61.265102,74.12233
149.49854278564453,26.656963348388672,58.573624,71.70919
148.67442512512207,27.510364532470703,58.964596,72.411995
150.07017707824707,29.616214752197266,58.553493,71.57801
151.76444053649902,33.094947814941406,58.266865,70.34854
154.6292552947998,34.06038284301758,59.7132,73.435524
156.50726127624512,33.917335510253906,61.369846,77.07843
161.1695613861084,34.223052978515625,61.48406,76.198105
168.59399795532227,33.83033752441406,70.50945,77.5862
176.55215072631836,33.57670974731445,64.74317,78.31275
180.9599723815918,32.675689697265625,69.74827,78.44124
190.91013717651367,30.73883819580078,68.25352,79.07269
196.60821914672852,30.048812866210938,70.65008,81.77013
202.96931838989258,28.453453063964844,69.896416,82.527405
207.08452606201172,27.680591583251953,67.834854,81.696815
208.68191146850586,28.38006591796875,68.788795,79.41579
208.90006256103516,30.416568756103516,69.31151,79.265205
206.34759902954102,31.234912872314453,69.82671,78.2902
206.0689697265625,32.857784271240234,69.3555,78.20843
204.9866065979004,34.10851287841797,69.02596,77.10831
205.20051193237305,34.39041519165039,68.19431,76.66331
203.29486465454102,35.20063018798828,70.57656,77.64642
204.1296730041504,34.51530838012695,69.56045,78.40476
206.89130020141602,35.065513610839844,69.6079,78.40872
207.9785919189453,36.27743148803711,69.00925,76.73858
208.3986358642578,34.736595153808594,68.42926,77.977264
205.76578903198242,33.77217483520508,68.85032,77.804146
201.8635482788086,33.56260681152344,66.94154,79.21895
195.2781105041504,33.97571563720703,68.33706,80.35681
181.4469871520996,34.58869171142578,74.304085,79.08496
177.76172256469727,36.422264099121094,66.30294,75.01755
171.83637237548828,36.174949645996094,66.6664,78.44064
162.46651077270508,35.51002883911133,59.309196,75.7645
154.0119800567627,36.07292556762695,60.472256,75.385475
145.5663356781006,36.12401580810547,61.61626,75.82059
140.3567409515381,37.66120529174805,58.277912,73.62789
133.3241786956787,39.01299285888672,56.821873,72.170166
127.53916358947754,41.02345657348633,59.57826,72.03886
123.75970077514648,43.593326568603516,60.621468,71.91389
123.5930347442627,45.83510971069336,57.914577,72.74038
123.6651611328125,48.316978454589844,56.692627,71.95819
120.9998950958252,50.20943832397461,56.40037,71.698204
121.20255279541016,53.2398681640625,58.19275,70.77434
122.54611206054688,53.528743743896484,56.47676,72.05883
125.32758140563965,54.554443359375,58.200413,71.796646
130.08850860595703,54.48290252685547,58.659058,73.234344
134.7856044769287,55.006961822509766,58.537052,72.83021
140.5600757598877,54.35079574584961,57.327282,76.15893
146.40474891662598,53.1905632019043,58.403225,78.72967
152.002534866333,51.085269927978516,59.938274,78.66404
156.2544174194336,47.89684295654297,60.258118,81.95273
160.92771530151367,46.75144577026367,60.0906,72.312126
163.64246940612793,43.390132904052734,58.701374,75.47384
166.02562141418457,41.44294357299805,57.882458,72.439384
167.8607349395752,37.688175201416016,58.174236,75.48249
169.74087524414062,35.68900680541992,57.78331,74.55099
169.9146728515625,33.10200500488281,55.72621,72.61644
170.56010246276855,32.611209869384766,55.657673,75.44984
169.03890800476074,30.234508514404297,56.50588,68.28365
169.41115188598633,29.415424346923828,57.06495,70.49987
169.2918586730957,29.216381072998047,56.18122,66.25872
168.7591724395752,27.129779815673828,56.068493,71.46177
167.49581909179688,24.538341522216797,56.71936,69.48434
167.61900329589844,24.29092025756836,55.434708,71.16555
167.76060104370117,23.421112060546875,55.015236,65.85364
167.69243240356445,23.11880874633789,52.96772,67.67762
167.48994064331055,23.180095672607422,53.733253,68.35932
167.7450351715088,22.15203094482422,54.67503,70.270386
165.94865036010742,21.76937484741211,56.559135,69.10189
164.60202407836914,21.76697540283203,55.593376,69.85239
163.4435806274414,22.3660888671875,57.938293,68.85051
160.63312530517578,23.353878021240234,55.11586,68.97561
159.37393951416016,24.207523345947266,53.41298,66.81629
156.08088493347168,25.442245483398438,55.274815,70.38675
155.71859741210938,27.854373931884766,53.216843,68.52271
152.70358276367188,30.208011627197266,55.11563,67.71604
151.48352432250977,32.890541076660156,55.90934,64.58693
150.6913948059082,35.15742111206055,55.839012,71.53156
148.26067543029785,38.101226806640625,58.825924,69.78308
148.99356651306152,42.4583625793457,56.033726,69.05709
148.3018913269043,44.75438690185547,54.358315,69.7169
145.5539321899414,47.275718688964844,57.43428,69.927704
144.16984367370605,49.27610778808594,55.8203,72.00282
142.13361930847168,50.43812942504883,55.778934,73.550606
140.92117500305176,54.59737777709961,55.4241,72.267845
139.28470611572266,56.44920349121094,55.32437,70.52449
137.88693809509277,58.94965362548828,56.14194,70.599915
137.51255989074707,59.804569244384766,52.620876,70.59655
133.5365753173828,62.39619064331055,53.735962,69.12496
132.77410125732422,63.76666259765625,53.341415,69.168274
131.0956153869629,63.48486328125,54.130684,68.74997
129.5049533843994,63.52778625488281,54.91772,69.15553
129.0481014251709,62.16859817504883,52.222675,69.81487
125.85465812683105,63.49738693237305,54.499073,67.50776
122.81115913391113,62.54081344604492,54.028744,67.51028
118.29410552978516,61.36965560913086,54.628036,68.622795
116.0867919921875,58.44392395019531,53.123505,70.04181
114.60202598571777,59.37418746948242,52.01833,68.4457
113.10738182067871,58.07695007324219,52.484715,66.740875
111.86824989318848,56.3795166015625,53.30926,67.75316
111.73342323303223,56.28636932373047,53.231335,67.508514
110.18931198120117,55.6497917175293,53.48452,65.58741
109.77506256103516,53.67364501953125,53.761093,67.64638
108.41551971435547,51.45185089111328,52.49115,66.65027
102.1032485961914,47.328147888183594,56.8275,69.50984
102.44910430908203,48.18760299682617,55.222946,66.32496
96.04821014404297,48.44781494140625,57.73622,64.58757
89.68859481811523,46.960960388183594,62.463646,61.618256
87.21288871765137,45.20392990112305,57.478733,61.649147
82.65720558166504,42.691017150878906,60.46034,63.197754
81.53804016113281,40.720821380615234,58.14041,65.592064
77.86109924316406,38.77389144897461,57.277313,66.980354
74.43122863769531,37.761383056640625,61.69597,67.19829
72.3598804473877,38.83466339111328,58.693707,64.11749
71.39708518981934,39.10331726074219,56.957844,65.05232
69.49295806884766,38.639875411987305,58.03003,63.730396
68.33449172973633,39.11402702331543,58.307762,62.27715
67.45330238342285,38.98089027404785,58.96638,61.002254
67.71940612792969,38.09103202819824,57.86798,58.759754
70.04229545593262,39.77235984802246,54.206974,55.47005
73.5961971282959,41.60176658630371,49.11658,52.499928
74.24337387084961,42.63072967529297,50.381554,49.014526
78.46241760253906,44.07297897338867,43.87732,35.74827
81.66559028625488,44.49831581115723,41.732937,35.611614
82.19007873535156,45.031229972839355,41.691376,31.560236
84.00546646118164,43.353206634521484,39.565376,35.696114
89.74477767944336,44.46887016296387,37.815895,34.028477
90.49601554870605,45.01995086669922,36.33913,31.481522
95.1570291519165,45.294809341430664,31.553282,29.463955
94.82539176940918,45.359843254089355,33.249928,27.018503
100.72241020202637,48.281174659729004,31.56911,24.365347
99.47913837432861,42.09181594848633,30.054617,23.809647
100.14605236053467,37.3685998916626,28.591349,22.446608
98.93932819366455,47.00762462615967,27.356695,22.26433
100.77897357940674,47.782480239868164,25.132582,23.674511
105.70357131958008,46.35805702209473,25.191116,21.894833
105.60522270202637,50.76599407196045,26.205677,23.4061
103.82781791687012,45.45657444000244,25.145214,22.16683
99.05276203155518,44.26934623718262,26.531477,22.145267
95.77543830871582,29.591625213623047,33.231686,22.574478
93.08645439147949,37.200857162475586,29.09097,27.113628
94.48033714294434,41.293975830078125,32.711445,28.4197
94.3918228149414,42.741576194763184,33.544662,30.901804
92.15074920654297,36.34135627746582,33.851456,34.887196
87.08329391479492,37.19485092163086,36.652077,34.489334
86.33315849304199,25.204822540283203,41.860477,38.27485
87.66645622253418,28.40573501586914,43.992863,40.77775
80.02372169494629,19.27045440673828,46.709805,40.63066
72.7020263671875,27.53366470336914,48.60103,46.045296
66.75675201416016,18.412734985351562,57.57367,48.29312
80.11861228942871,6.121572494506836,62.041157,49.07372
79.5106029510498,5.97871208190918,62.776066,52.63991
76.48723220825195,4.4201507568359375,65.62925,55.783585
64.31809997558594,16.77237319946289,66.224686,64.87183
47.32441329956055,20.58226776123047,68.07313,69.773254
82.48049926757812,35.82310485839844,69.16162,64.49815
87.78768157958984,28.742523193359375,70.231064,68.974014
97.32130813598633,40.83942794799805,70.63775,69.618645
96.33675765991211,42.536773681640625,71.53367,74.64876
106.59698486328125,44.26514434814453,75.59479,72.15497
108.57047271728516,36.7468147277832,76.40294,78.57548
101.30016708374023,32.38684844970703,82.28721,86.854645
99.13178253173828,39.99245834350586,87.9948,86.88201
104.08842468261719,25.453853607177734,90.328735,85.84222
108.52015686035156,26.255210876464844,90.45691,87.887634
104.34946823120117,28.656925201416016,94.25761,93.44996
100.89961624145508,21.93724822998047,94.750175,99.54501
101.12560653686523,28.57793426513672,101.81104,96.52896
130.21311569213867,23.909168243408203,93.16291,84.18235
169.18995666503906,25.989856719970703,51.291046,61.54618
165.84329414367676,26.212459564208984,54.795605,64.31353
163.29376220703125,26.088668823242188,54.42752,65.43202
162.59724044799805,25.368080139160156,57.656563,64.93498
161.10677337646484,23.929962158203125,57.391235,65.71715
158.60084533691406,19.578311920166016,55.306213,71.54728
158.0897445678711,19.61901092529297,52.63919,66.64374
156.591646194458,19.016033172607422,51.647137,67.12057
152.82054138183594,19.947399139404297,53.825516,60.47509
147.62485694885254,20.56916618347168,53.4967,58.001896
144.3418083190918,21.67961883544922,55.741646,57.440002
142.51386833190918,23.151409149169922,51.631794,56.84536
138.37730026245117,19.862701416015625,53.320763,60.74597
134.98090934753418,21.560869216918945,53.357807,58.30685
131.7895393371582,20.63595962524414,50.831535,60.592857
129.69410133361816,21.522693634033203,50.90173,60.847115
128.62852668762207,23.395673751831055,50.59367,58.897297
128.66033744812012,24.483108520507812,50.65082,58.04088
129.5193214416504,27.81803321838379,53.199013,56.29423
130.82769966125488,31.77527618408203,52.12788,56.2585
131.6881446838379,35.075265884399414,57.741905,60.33653
132.26456832885742,39.51254844665527,56.9405,61.37148
132.6846103668213,42.5621280670166,57.82017,63.699673
136.16053009033203,45.83437728881836,61.839447,64.95042
138.00724601745605,49.22344207763672,62.583973,66.13258
144.04169273376465,49.17613983154297,56.860996,70.514206
145.60246658325195,51.95790100097656,59.679543,75.19525
146.40533828735352,53.44318389892578,60.46604,75.727615
145.83413124084473,56.33351135253906,59.112667,70.66437
145.79026412963867,59.040706634521484,59.831352,69.62281
147.85928916931152,61.383522033691406,56.727146,71.86961
147.92080116271973,63.51395034790039,53.86746,69.0566
147.5517921447754,65.40037536621094,55.222984,69.71254
146.5865478515625,65.2549057006836,54.491974,70.65729
147.59617614746094,65.0854377746582,53.956284,72.09231
146.4233798980713,65.00757598876953,55.509304,71.73024
146.0053997039795,66.78010940551758,54.722813,69.95745
143.6837673187256,67.5131607055664,59.32633,68.088
143.4036979675293,66.45023727416992,56.592476,70.00143
141.63601303100586,68.99873352050781,56.585808,66.57199
139.70298194885254,69.31351852416992,61.41386,66.296165
136.4212760925293,67.86318588256836,63.63125,68.34797
138.70102882385254,67.09025192260742,57.88003,69.006325
138.15867233276367,66.51603317260742,56.564415,67.141045
139.67177963256836,64.83258819580078,56.33956,69.886475
140.16197395324707,63.657711029052734,57.601055,69.915016
143.6948070526123,61.73793029785156,59.493977,70.681885
147.44500923156738,60.09101486206055,59.71336,74.08201
147.22362518310547,60.484375,64.65372,72.691315
149.27874374389648,56.877037048339844,69.103294,77.45653
147.33697891235352,54.65439224243164,74.23991,78.659355
157.45372772216797,54.547054290771484,66.6521,77.38926
157.48681640625,51.46227264404297,66.96559,79.818954
156.83920669555664,48.28084182739258,72.24723,78.98171
156.52731323242188,46.279510498046875,79.06734,78.59601
153.0758399963379,43.24724197387695,82.338234,81.193504
155.7917022705078,41.042747497558594,82.26466,82.44331
156.42279052734375,37.96882247924805,86.60094,81.99842
152.8574562072754,34.901397705078125,92.89469,80.482666
150.88573837280273,29.781963348388672,99.39031,83.44413
152.66698837280273,24.646488189697266,101.457634,85.285484
159.53692245483398,22.191448211669922,96.72683,80.57395
159.0966796875,18.355350494384766,99.1342,79.91772
160.43824005126953,16.089523315429688,100.93106,80.73453
189.5206184387207,14.138050079345703,76.68845,77.1386
195.53897094726562,10.595394134521484,74.30379,79.2523
201.73492813110352,6.811428070068359,70.6439,78.47086
162.76343536376953,0.3066749572753906,105.82089,82.66253
162.2566261291504,0.6788711547851562,102.46955,80.564865
169.34003448486328,1.2360725402832031,91.63837,82.13171
177.08110427856445,-0.3010063171386719,80.88828,83.51531
182.86373901367188,0.23000717163085938,72.691086,87.51762
175.0898094177246,0.8141365051269531,72.51821,83.691246
167.55284881591797,0.67523193359375,71.39993,70.80032
172.8111801147461,0.5082893371582031,65.75061,70.58773
165.49285125732422,-0.6941413879394531,67.421936,69.909065
163.2680206298828,-0.8070526123046875,68.719925,71.11417
159.5761375427246,-0.24988937377929688,69.78066,71.56939
156.75263595581055,-0.30338287353515625,62.146935,73.65074
153.16703033447266,0.8764152526855469,60.38437,75.00861
150.0383701324463,1.6110458374023438,61.72079,75.6631
148.5996036529541,0.9285774230957031,60.9801,75.10674
148.09819412231445,2.4946250915527344,58.93769,75.10325
147.74282264709473,2.70330810546875,59.734585,71.96951
148.5455780029297,3.7868194580078125,61.279648,73.614044
150.19091796875,4.82928466796875,63.323135,72.739716
152.61938285827637,5.221668243408203,61.15169,72.34048
155.09369659423828,5.822532653808594,62.42981,71.38121
157.85215377807617,6.318305969238281,63.962547,69.469284
162.93451309204102,6.239341735839844,62.59156,68.7744
173.48098754882812,5.175960540771484,60.6017,68.77207
175.176513671875,7.403282165527344,67.27055,68.81508
178.17292404174805,12.63632583618164,64.11736,65.290764
172.5114402770996,13.312602996826172,73.81066,66.67945
169.2646942138672,8.594734191894531,79.278244,71.33089
180.19742965698242,14.1468505859375,75.37594,66.13379
174.19906616210938,18.699817657470703,79.15639,60.635246
182.03577041625977,17.731338500976562,72.373024,59.117462
191.05902099609375,20.10667610168457,65.60091,60.155514
172.25768661499023,10.729156494140625,77.347725,70.357605
180.1498260498047,16.230606079101562,68.860535,69.88147
182.781005859375,14.692619323730469,65.689575,75.24037
188.3400821685791,15.07889175415039,61.19441,71.72991
191.45827293395996,15.217704772949219,61.100117,77.19591
196.04900932312012,14.520072937011719,62.040104,77.52815
198.92440223693848,15.785835266113281,62.70503,76.83244
200.19959831237793,17.408889770507812,61.962803,75.85498
201.23506546020508,16.700206756591797,63.949486,77.13456
202.9908905029297,17.155128479003906,64.60062,75.9706
204.38136291503906,16.916831970214844,64.65256,74.89055
204.47821044921875,16.691890716552734,64.075745,74.70115
203.27654838562012,17.140201568603516,62.82181,74.5346
199.55708694458008,17.911407470703125,61.981316,75.62683
196.936861038208,17.94942855834961,62.60809,76.962776
194.7199001312256,18.89612579345703,62.145466,77.18172
192.92259788513184,20.893783569335938,61.989185,76.61737
190.68316078186035,21.874237060546875,58.84083,75.61081
182.0711727142334,23.275150299072266,61.803196,75.8287
175.2871551513672,23.579639434814453,65.92149,74.011345
165.26596069335938,25.802181243896484,68.83305,70.69514
160.32204818725586,37.87308311462402,62.555443,58.674244
150.97119140625,22.567176818847656,64.958466,73.82887
144.55452346801758,22.526851654052734,72.36315,62.38111
136.92456436157227,21.71405792236328,70.44257,66.73012
132.93701934814453,18.084686279296875,73.45502,70.07901
125.97820281982422,15.446125030517578,64.075806,73.63854
121.00950241088867,13.547630310058594,64.18954,74.027054
118.25035095214844,12.120552062988281,66.50798,75.97664
119.04492950439453,15.499656677246094,67.37451,70.41435
123.98144912719727,14.646053314208984,70.410286,73.10764
130.44556045532227,14.624549865722656,67.413155,70.084305
134.29083633422852,11.737236022949219,71.57917,73.92799
146.72287368774414,3.9988555908203125,66.07334,77.64148
157.05482482910156,8.338146209716797,65.857315,77.70866
160.12865447998047,3.490245819091797,68.414734,81.6876
172.9349021911621,10.95196533203125,67.9479,76.384735
176.07338333129883,10.96304702758789,82.74387,80.73336
189.88703536987305,12.301921844482422,76.3937,81.76142
199.12189865112305,17.877002716064453,71.42721,78.65389
197.3079948425293,19.82828140258789,75.39098,80.22384
201.28902435302734,24.155479431152344,71.841675,80.12001
203.52922821044922,28.615432739257812,70.899445,80.819214
208.81206512451172,33.639705657958984,66.27435,80.04032
209.48153686523438,39.65629196166992,65.492386,77.857185
209.48023986816406,42.88759994506836,65.83067,77.1645
207.89651489257812,46.6261100769043,66.24962,77.284096
205.89548110961914,48.870662689208984,65.212776,76.654
204.77108764648438,49.43812561035156,65.03902,76.16901
203.50017547607422,50.21561813354492,64.0141,75.04398
200.68878555297852,50.58591842651367,66.6695,74.76231
198.35076141357422,52.01881790161133,69.575806,73.71212
195.5337905883789,53.14143371582031,68.079926,73.58765
188.82318878173828,55.417701721191406,77.776276,72.30119
183.8661117553711,53.103450775146484,77.90872,72.42506
182.27581405639648,50.49173355102539,74.90255,74.85259
182.00733375549316,49.22166442871094,62.49954,74.92108
182.95139503479004,44.27921676635742,59.549862,71.349556
182.1988868713379,40.547122955322266,58.425728,71.55677
180.98443603515625,35.18783950805664,60.054398,74.25619
180.6055736541748,32.69894027709961,62.604206,71.60175
180.40863227844238,29.856117248535156,60.325512,70.34715
178.51635551452637,24.675113677978516,62.78142,73.13763
179.5936679840088,22.91857147216797,61.716946,73.36772
180.7759017944336,21.66913604736328,69.65588,72.59645
177.25677108764648,19.330120086669922,93.54327,70.89686
178.13241577148438,15.772132873535156,94.71095,74.22081
177.5290756225586,15.474578857421875,95.63483,73.47452
179.86212158203125,12.95730209350586,95.608505,74.88633
179.40272903442383,12.645915985107422,64.299995,69.53083
178.20398330688477,10.791557312011719,65.31538,69.684494
181.36615753173828,9.374153137207031,62.120575,70.288376
175.47080612182617,6.7540740966796875,67.17965,71.21826
177.32593536376953,5.357704162597656,63.107635,70.537
176.63262939453125,4.487926483154297,61.7213,71.627754
176.0378017425537,4.738742828369141,59.40958,70.7788
172.11200332641602,5.299404144287109,58.905632,68.22303
167.77334594726562,5.461475372314453,60.479813,70.88006
164.7365322113037,4.343158721923828,60.50217,70.16027
162.16976356506348,3.4220199584960938,61.762173,71.07326
157.79771995544434,2.6935501098632812,61.747715,72.909256
157.0366725921631,5.306751251220703,58.319614,68.582054
151.89884185791016,3.755645751953125,59.776306,72.95784
149.84576988220215,5.943733215332031,57.37064,68.449554
144.3393268585205,5.4696044921875,60.281796,72.005646
139.9818344116211,5.835502624511719,66.70827,72.75191
134.5598602294922,7.551422119140625,69.40964,72.90338
131.85650253295898,7.893241882324219,70.68076,72.01659
129.2296600341797,8.235294342041016,71.867004,72.57232
127.9697265625,7.884132385253906,69.70831,74.52751
123.74057388305664,9.30838394165039,75.23043,73.20507
121.04970932006836,9.549156188964844,68.48359,73.56401
118.0377197265625,10.667423248291016,63.26303,71.2387
115.16324234008789,9.38698959350586,62.12475,72.623604
111.59054946899414,10.07687759399414,64.29052,72.94146
108.69744491577148,9.915481567382812,63.79026,73.20828
106.37716674804688,11.9429931640625,64.33139,74.06824
99.07312774658203,14.262409210205078,67.97246,72.292046
102.26444625854492,15.742881774902344,66.42982,72.12529
101.1191234588623,17.918292999267578,63.145634,72.06963
93.83348083496094,18.685497283935547,69.9682,71.06092
89.24073028564453,16.26984405517578,72.44133,73.78441
90.74341583251953,18.365802764892578,67.7039,77.362785
88.14001083374023,20.18262481689453,67.30811,75.719315
85.78049087524414,20.088314056396484,70.8337,75.27125
85.0084342956543,21.774471282958984,66.202675,74.067635
84.8376579284668,22.766006469726562,65.93928,76.301605
84.3670539855957,24.15624237060547,65.43993,72.6237
84.30519485473633,23.52655029296875,72.38943,78.75607
83.39944458007812,24.22989273071289,70.076416,74.01806
82.64480590820312,29.19518280029297,67.4928,68.74718
81.36045837402344,28.22565460205078,66.454834,72.77113
78.89618682861328,31.505828857421875,70.49962,71.23413
77.37201690673828,32.92281723022461,68.90263,69.577705
77.05233764648438,33.37145233154297,65.727875,71.93364
75.89136123657227,33.09455871582031,72.38894,75.153076
74.0726432800293,34.71828842163086,70.51707,74.77708
73.59798049926758,38.23594665527344,65.558464,72.111084
69.7120475769043,39.6640625,67.08268,71.22351
67.07510375976562,40.03156661987305,70.55264,71.30903
64.87737274169922,42.901275634765625,66.114426,68.52731
62.986812591552734,39.70674514770508,64.91935,70.547264
61.49716567993164,44.87146759033203,65.73159,65.35057
61.300811767578125,46.93178176879883,65.73505,64.02163
60.829071044921875,44.76765823364258,72.828064,67.713585
62.77900695800781,51.67691612243652,63.90863,59.78722
63.16160202026367,47.79521560668945,66.94628,67.15327
63.161678314208984,47.08274459838867,67.11056,69.01058
62.406410217285156,47.36720275878906,65.7128,68.72328
60.36285400390625,49.18613052368164,64.66814,67.73499
55.340084075927734,46.387577056884766,64.58599,70.12257
52.68488693237305,47.714195251464844,65.53805,65.799194
50.579790115356445,44.007686614990234,63.919445,66.73769
47.613121032714844,39.604427337646484,63.710007,68.91274
46.70852279663086,35.0859260559082,65.19376,67.86001
46.93273162841797,29.710609436035156,65.66377,69.56459
46.172386169433594,26.943130493164062,68.719986,68.25076
44.83270263671875,20.727020263671875,70.16919,72.056946
44.4281005859375,19.02196502685547,72.10599,72.03374
43.969974517822266,18.430225372314453,71.13784,69.1072
43.726646423339844,16.19617462158203,69.25075,68.65184
41.851871490478516,14.373283386230469,70.81924,68.41557
40.05567169189453,9.149700164794922,69.52638,71.31516
38.024513244628906,5.9531707763671875,72.09816,71.21274
36.88826370239258,5.73919677734375,70.98031,68.076294
37.886474609375,3.303974151611328,66.812775,68.032555
36.75532913208008,3.05401611328125,68.89571,66.71954
37.48579025268555,1.6277275085449219,68.24192,65.10798
37.905059814453125,1.20428466796875,69.050385,64.52869
38.550132751464844,2.7683067321777344,74.432755,62.386208
39.577171325683594,2.8241729736328125,72.243454,58.498108
42.67832565307617,2.7665138244628906,80.1634,57.852806
43.47365188598633,1.1646404266357422,77.69164,58.34284
44.943416595458984,0.6882591247558594,75.56672,54.87162
46.487754821777344,1.7064075469970703,68.812546,51.488735
48.637916564941406,1.6504840850830078,64.67363,50.28317
50.45762634277344,1.035196304321289,64.08519,47.09582
51.403377532958984,0.2479400634765625,61.117455,48.52083
53.9764347076416,0.5743312835693359,60.925625,46.396656
52.67011642456055,0.2696857452392578,63.240334,46.75134
53.14766311645508,1.079793930053711,66.571526,47.816593
56.49709892272949,0.6766796112060547,62.891453,47.902225
57.28180694580078,1.5448055267333984,64.39543,47.75722
60.09040832519531,1.0963611602783203,64.11615,50.168407
62.50609588623047,0.9667396545410156,65.75612,52.51345
66.26959991455078,0.6374912261962891,63.42047,55.248257
69.77295875549316,0.42760467529296875,59.60156,58.268585
73.7396125793457,0.7205123901367188,58.718193,59.19319
76.28528022766113,0.7769374847412109,57.41345,63.182865
80.03124618530273,1.1333808898925781,55.382744,64.53773
80.91947937011719,1.4486923217773438,55.126877,65.3934
81.98912048339844,2.2546920776367188,55.060944,66.67807
82.12131690979004,2.19940185546875,57.532604,68.14375
83.49547386169434,2.950714111328125,57.233906,69.5081
83.08476066589355,4.654693603515625,56.28269,68.40526
83.79671669006348,5.41583251953125,58.026257,68.76128
84.0997085571289,6.872528076171875,59.625595,68.754135
85.7136459350586,9.043182373046875,59.027603,68.80916
85.34245681762695,9.108810424804688,60.404045,70.4926
87.05397605895996,12.803237915039062,57.397755,68.542465
91.60456085205078,14.80712890625,52.378708,67.253845
94.03126525878906,16.22860336303711,52.304413,67.13172
93.594482421875,17.419239044189453,56.701828,64.888145
96.07316207885742,19.362943649291992,61.29815,60.762836
94.55538177490234,19.544952392578125,64.495605,59.844666
96.14338302612305,20.51885223388672,62.59571,66.52272
97.62408256530762,19.94512176513672,63.834812,67.83699
96.17765045166016,22.312477111816406,65.367905,61.68907
103.33979988098145,25.61648178100586,56.945187,67.21201
101.91145515441895,26.942405700683594,59.10925,65.768036
105.37865447998047,30.041439056396484,54.596832,61.421944
106.94716453552246,30.33138656616211,54.374546,73.60395
106.53938865661621,32.39268112182617,56.175022,77.75184
110.65681648254395,36.161231994628906,56.597332,69.87953
112.09957504272461,38.64778518676758,57.491356,72.88085
113.72775268554688,40.57460403442383,57.357773,72.96615
116.53037643432617,42.85728454589844,57.029655,71.64444
117.056884765625,45.05215072631836,57.46547,71.20597
118.64150047302246,46.60984420776367,56.09522,71.296974
119.40060997009277,48.142982482910156,56.75217,72.11653
121.58665466308594,48.23868942260742,55.26393,72.65226
123.04460906982422,50.27347183227539,55.258484,71.56524
128.23587226867676,51.83139419555664,52.45509,70.93899
129.15620803833008,53.91489791870117,56.537865,71.981224
132.29039001464844,54.38901138305664,55.669617,72.046
131.58716011047363,56.542274475097656,58.979122,71.49216
135.40277099609375,58.30210876464844,58.188354,70.96361
139.32792282104492,60.09554672241211,55.25788,70.14394
142.74078369140625,61.79411697387695,54.003143,70.85703
145.52008819580078,62.41764831542969,58.719437,71.74623
149.81796646118164,64.20829772949219,54.222282,70.54759
149.69338035583496,64.31304931640625,58.772175,71.96127
154.16608428955078,65.24180221557617,54.747818,72.022865
157.91449737548828,66.20590591430664,57.064987,71.62939
160.62060928344727,66.2938232421875,57.11178,72.169464
163.7659797668457,67.91533660888672,57.498558,71.29024
162.71714401245117,68.43501663208008,59.214302,71.843956
164.6987075805664,68.81847763061523,60.833237,73.09391
166.27608680725098,69.58820343017578,56.384624,70.07588
166.20550346374512,70.82096862792969,60.125553,71.87259
165.38810539245605,71.36692810058594,60.224155,73.01895
165.59490394592285,71.38703155517578,60.706768,72.87306
166.97708129882812,72.9178466796875,59.438446,71.87933
167.02883911132812,72.89181137084961,58.94168,70.64097
167.60003280639648,73.12011337280273,59.3321,70.41456
165.49279022216797,72.99245071411133,62.15529,72.522026
166.67621994018555,73.9156608581543,60.01853,71.831856
167.4272689819336,74.45819854736328,59.501205,71.74715
167.51591682434082,74.6925163269043,59.188534,71.82053
166.0069580078125,76.19421005249023,58.963043,69.87693
165.78761672973633,77.3751335144043,58.567223,67.8549
163.64615631103516,79.88383483886719,61.060715,66.25394
164.50450897216797,80.9062728881836,58.044907,65.01131
163.14688873291016,80.91344451904297,61.574585,65.940994
164.64748764038086,80.45809555053711,61.931572,64.53832
165.6869354248047,79.39554595947266,57.420303,66.5025
165.58876419067383,77.74802017211914,56.943153,67.87733
166.30380058288574,77.5344352722168,52.24222,67.07609
167.01572608947754,75.83629989624023,55.345654,66.968864
165.95976638793945,74.56747055053711,58.643867,68.61559
167.48257446289062,73.0569839477539,59.672836,67.25589
167.92560958862305,73.5182991027832,59.00283,67.03391
167.96887969970703,72.52056121826172,59.978256,66.28424
168.10797691345215,72.41656112670898,55.250935,66.26342
167.74128341674805,71.39904022216797,57.553856,66.624146
168.1063938140869,71.36959075927734,57.050564,66.94206
168.0683765411377,72.40509033203125,58.43324,64.38609
167.2181625366211,72.1161003112793,63.496033,66.26592
168.41203498840332,72.39095306396484,58.953136,66.2966
168.37806510925293,73.02636337280273,61.106693,65.21282
168.66169548034668,72.3056755065918,60.354694,66.133385
168.80302047729492,72.33409881591797,60.723137,67.08511
167.94817352294922,71.85307312011719,63.375366,65.72037
168.69917106628418,71.2774543762207,58.379093,66.73269
168.66576766967773,68.80400085449219,61.652504,70.268326
169.08818817138672,69.04103088378906,59.145737,69.71983
170.82727432250977,67.71483612060547,58.32775,70.55017
170.7322826385498,66.48967361450195,59.575687,70.93484
171.46513175964355,65.1421127319336,57.89591,70.69667
171.0003147125244,64.36161041259766,58.246105,71.05113
172.03276824951172,62.3332405090332,58.39348,70.428444
170.0665111541748,59.94190216064453,60.003895,72.114105
171.17469596862793,56.55055236816406,60.330738,72.08626
171.43503189086914,54.28619384765625,60.975227,76.1429
172.8549041748047,53.42264938354492,60.233505,73.45788
173.96281242370605,50.75906753540039,63.825428,78.339455
173.6677017211914,51.173011779785156,65.06448,75.643585
174.43140983581543,51.464908599853516,63.91512,77.38218
176.5991096496582,51.67459487915039,65.07996,75.79459
177.12321281433105,50.623260498046875,61.859333,74.91664
178.52016067504883,49.51513671875,63.145363,77.51906
179.01291847229004,48.78378677368164,61.456295,77.14817
179.4810276031494,47.776397705078125,62.93127,78.12453
179.068265914917,48.21484375,60.08095,75.172134
178.61414527893066,48.68586349487305,62.7272,75.84258
179.4936237335205,48.964683532714844,63.327526,76.70767
178.6942138671875,49.0310173034668,63.902786,75.448814
178.02961921691895,49.962589263916016,62.664013,76.86854
177.18903350830078,50.951171875,63.781677,77.34996
175.1511573791504,50.937477111816406,62.440834,77.05795
172.95664978027344,52.24801254272461,63.32332,76.8341
170.52104568481445,52.72666931152344,61.674934,76.17827
166.49385261535645,54.42223358154297,61.93809,76.54285
166.39138412475586,54.16779708862305,58.93261,71.286766
161.7116584777832,54.696136474609375,62.30265,74.78975
160.25589561462402,54.41080856323242,61.66129,77.096855
158.20324516296387,53.53984832763672,61.30263,78.15982
159.28677940368652,51.98005676269531,60.110935,79.83928
160.6031436920166,52.750850677490234,57.89108,71.76177
157.96148300170898,52.402496337890625,63.877495,77.90187
158.66167831420898,50.78338623046875,61.704582,74.720566
158.4115982055664,51.47939682006836,60.299713,73.57104
161.38108253479004,50.5058479309082,59.97006,73.61829
159.97810173034668,50.15432357788086,61.473072,76.81133
160.03233528137207,48.909027099609375,62.326122,76.79167
159.78073120117188,48.528141021728516,62.891464,79.80164
