406.0,175.0,20,15
405.4986743927002,175.87069606781006,19.187313,14.948389
405.9442949295044,176.33868789672852,17.885366,15.187729
404.40116691589355,175.31642150878906,18.075535,15.207741
402.80254077911377,175.11703824996948,19.225546,15.592866
401.57055950164795,175.88728284835815,19.260614,15.821961
401.5754985809326,175.190279006958,20.364902,16.604252
400.1078567504883,174.5115098953247,20.025444,16.757292
397.5661554336548,174.97405910491943,20.677084,16.552896
396.7082824707031,173.77436351776123,21.88276,17.5095
394.46275329589844,174.30298519134521,23.13247,16.581278
392.7964210510254,175.48221111297607,22.881927,16.509897
393.7473440170288,175.43219089508057,21.02775,16.338636
392.8130712509155,175.06994152069092,22.209612,16.745836
391.5752172470093,174.98286724090576,23.10032,16.821085
389.297474861145,174.47515106201172,23.751905,17.420303
388.7617778778076,174.84265518188477,24.465466,18.208199
386.5104351043701,174.62145805358887,26.554401,18.137913
384.7974662780762,174.47019958496094,25.438637,17.870476
382.9404754638672,174.93882751464844,24.554,17.995293
382.0891408920288,175.07253742218018,25.916239,18.38516
380.8841276168823,175.03454399108887,27.013025,18.316257
380.8745822906494,175.6178674697876,25.236515,17.818487
379.46271896362305,175.45779418945312,25.621315,17.279839
377.5424642562866,175.61726093292236,25.962809,17.36794
376.0426502227783,175.9913682937622,26.242756,17.93749
375.00572204589844,175.27462100982666,26.713676,18.383062
373.8008270263672,176.21327018737793,27.556107,18.19962
372.3184928894043,174.5689296722412,27.639389,19.25533
370.7989168167114,173.4894905090332,26.962034,20.264664
369.8868713378906,173.92246627807617,28.036018,20.086266
367.4253396987915,174.01694297790527,29.196959,20.742992
366.16163539886475,174.90173530578613,27.118402,19.660244
364.89741230010986,173.81561851501465,29.454107,21.30717
363.0517349243164,174.7001314163208,29.60711,20.329206
359.61976623535156,175.43230724334717,32.958076,20.010447
358.42715644836426,174.05681324005127,32.391346,20.784185
357.36223220825195,174.1497573852539,30.610619,21.933388
355.8343105316162,174.65109634399414,29.661083,21.191002
354.8985061645508,173.557635307312,29.49398,21.935724
352.4084177017212,173.4514560699463,31.530348,21.988583
351.3549098968506,174.27936935424805,29.7477,22.188179
347.7620792388916,173.57871341705322,33.679577,22.599981
349.23383617401123,172.89072513580322,30.891878,22.947454
353.1241064071655,172.42193126678467,26.155405,23.074892
357.11938190460205,172.69433212280273,21.16152,23.372116
358.67028617858887,174.4930648803711,18.191624,20.339043
362.01750564575195,172.35619258880615,16.797844,19.786196
367.39395332336426,173.07151794433594,19.033718,17.811111
365.0433759689331,175.3024082183838,19.85303,18.556385
357.10090160369873,174.6494550704956,22.120825,19.457514
330.00701236724854,175.24934005737305,28.552843,22.0074
326.2508773803711,174.66155433654785,31.045475,22.936634
324.02727127075195,174.26798057556152,34.003574,23.640415
321.23240089416504,173.1928358078003,38.103477,25.395105
319.4344482421875,173.1325340270996,39.764637,25.659325
316.1527404785156,172.73520946502686,40.72266,26.3146
312.71727752685547,173.37558364868164,40.984715,26.458717
309.6087894439697,172.3639144897461,42.195496,27.044724
306.1877899169922,172.78221130371094,43.15015,26.992432
303.2604751586914,172.77640914916992,44.46877,27.54998
300.25806999206543,172.67455387115479,44.91427,27.536207
296.7643699645996,172.8119773864746,44.843273,27.75718
292.7951240539551,172.34802532196045,47.383953,27.789942
289.56031608581543,172.5207872390747,49.553093,29.144125
285.7220230102539,170.8903045654297,49.010822,30.477875
281.4891948699951,172.26744270324707,50.55134,29.911495
277.0742721557617,173.29360961914062,51.373447,29.880615
273.24639320373535,172.17307949066162,52.25592,31.259676
269.367525100708,171.26690864562988,52.76248,32.44972
263.7577953338623,172.4803009033203,53.453957,32.205658
259.9628677368164,171.99574375152588,54.21912,31.819853
253.60064888000488,173.06734657287598,56.892197,32.360043
249.29909133911133,172.7398338317871,58.794292,33.045128
243.6171703338623,172.37028312683105,59.941032,33.404285
237.36523628234863,173.32971382141113,61.792465,33.077663
231.45481491088867,172.6823558807373,63.576397,34.546284
225.00757026672363,172.60168647766113,65.813,34.73202
218.8176784515381,172.0587215423584,67.91697,35.7867
211.8324031829834,171.92830848693848,70.548546,36.844173
204.56837272644043,171.90119552612305,73.10331,38.302284
196.9101848602295,171.52754020690918,75.663414,38.71761
188.752290725708,170.98600959777832,77.31528,40.042294
180.21376991271973,170.41832733154297,81.01921,41.109665
171.4766330718994,171.36034965515137,83.928955,41.35378
162.29282569885254,170.26593589782715,87.3224,42.619938
152.64657402038574,169.55859565734863,89.70933,44.22285
142.10992240905762,168.75640106201172,93.542656,46.124573
132.92209434509277,169.95363235473633,96.44648,45.85105
123.00018119812012,168.90149307250977,99.714226,48.671303
110.44592475891113,168.88473510742188,103.817825,49.384842
96.92191886901855,168.33437156677246,108.10088,51.926304
81.18838691711426,169.44069480895996,114.50169,51.840244
71.56678199768066,163.28637313842773,120.30002,57.8294
49.63271522521973,160.67062950134277,136.74438,61.76447
32.34123420715332,159.43217849731445,146.13567,58.87223
13.213235855102539,159.06829833984375,138.13873,67.58293
85.03421211242676,122.41884231567383,150.4026,86.47724
7.532220840454102,148.8516731262207,135.74496,74.87647
2.118703842163086,154.3075942993164,122.37064,66.34546
3.7657604217529297,156.14298629760742,96.19546,73.549706
