5.0,171.0,21,15
1.1540632247924805,173.27227401733398,28.591646,10
1.7049636840820312,172.93617296218872,28.36792,10.194312
3.808476448059082,172.3018937110901,25.438993,11.095065
1.7156047821044922,172.12235260009766,27.70544,10.712769
4.744329452514648,172.3737916946411,24.940556,11.864965
5.537938117980957,171.6601219177246,24.76422,11.891006
7.276884078979492,171.9982557296753,24.827572,12.329042
5.695283889770508,171.8480944633484,26.650028,11.711251
7.957370758056641,171.39104795455933,24.749123,12.053361
7.951925277709961,171.76805448532104,25.257961,12.068933
7.741024971008301,171.30872201919556,25.752317,12.168368
8.220369338989258,171.70408010482788,26.595837,11.982144
6.981204986572266,171.21968746185303,27.96627,11.918604
3.9971981048583984,171.1498155593872,33.025463,12.518866
4.1416778564453125,171.78380584716797,33.0326,12.6115265
4.563745498657227,171.5233120918274,32.774593,12.562545
9.02768611907959,171.23792266845703,28.462145,14.339905
10.312382698059082,171.1377739906311,27.307364,15.392749
12.308168411254883,171.8018126487732,26.704166,15.769116
10.200308799743652,171.42974853515625,28.975542,17.220482
10.1942777633667,171.4961061477661,29.580751,18.391256
9.970854759216309,171.6248893737793,30.840334,17.551163
12.873880386352539,171.7432680130005,28.475811,18.83109
8.955341339111328,171.59123039245605,33.633034,18.484951
7.264728546142578,171.40102767944336,36.574776,19.89994
3.9326648712158203,171.25947093963623,40.03835,19.347918
3.400360107421875,170.6533432006836,41.068535,20.350433
2.494243621826172,170.7737226486206,42.540688,19.435122
2.403993606567383,171.09402751922607,43.44456,19.980867
2.2024688720703125,171.4360113143921,44.657593,19.149942
2.7565994262695312,171.3564624786377,43.92463,19.857746
3.0198287963867188,171.69141387939453,44.415123,19.94703
3.8643932342529297,170.80555820465088,44.630047,20.759024
2.6291160583496094,171.55360507965088,46.672974,20.534384
2.617788314819336,171.51207447052002,47.987514,21.385847
2.4230690002441406,171.23333549499512,47.96692,21.510632
2.7191390991210938,170.89522457122803,49.493828,21.967112
2.9501590728759766,170.81213188171387,49.926563,21.328167
1.7993621826171875,170.68638610839844,51.997185,22.458946
1.7956886291503906,170.6455774307251,52.200027,21.61553
2.4698848724365234,171.11669445037842,52.448666,22.128893
2.37677001953125,170.8131561279297,53.056953,22.13462
2.6575450897216797,171.17512798309326,54.344143,22.136843
1.5463809967041016,170.64544486999512,55.7264,23.058224
1.8127365112304688,170.19200229644775,56.849953,23.630957
1.40362548828125,170.23526287078857,57.776848,24.105455
1.5339202880859375,170.53605461120605,58.755882,24.15585
0.7570915222167969,169.43492031097412,60.04898,24.990778
2.0984134674072266,171.10246181488037,59.98218,23.83961
1.0289363861083984,170.0951042175293,61.77493,24.98677
1.0588836669921875,169.57247352600098,63.19024,24.949284
2.0565013885498047,170.06071281433105,63.97291,24.025082
1.4251632690429688,170.5735673904419,66.52813,24.585127
1.7320060729980469,171.19994354248047,64.72226,23.912285
0.872283935546875,169.84638595581055,68.85902,25.962341
1.15948486328125,169.30376625061035,48.06687,24.804188
0.8096256256103516,171.88517475128174,35.294697,18.132673
1.135035514831543,172.2060317993164,30.895098,10
0.9969377517700195,172.1209487915039,29.740568,10.48349
1.1739368438720703,172.12215566635132,29.238186,10.848241
1.2904386520385742,172.43585062026978,29.572794,10.264415
2.1538352966308594,172.25652647018433,28.142479,11.025048
3.8237953186035156,172.43227672576904,26.9431,11.051867
4.574958801269531,172.70430326461792,26.08406,10.90381
1.3987016677856445,172.0952262878418,31.400671,10
2.5275182723999023,172.44532203674316,29.586504,10.898426
2.8389463424682617,172.18494510650635,30.40021,10.704344
1.314042091369629,172.0947265625,30.931913,11.428398
0.3394804000854492,172.26838302612305,31.929422,10
1.1800317764282227,172.12580013275146,31.70024,10.189005
0.7089080810546875,172.09962368011475,32.50598,10.042955
3.687135696411133,172.46388006210327,28.815723,10.5929
1.523813247680664,172.21647834777832,32.105038,10.141743
3.872831344604492,172.3000602722168,29.779446,10.7067795
2.939685821533203,172.1691927909851,30.620705,10.557221
4.083417892456055,172.31714963912964,28.767902,11.06762
1.7159996032714844,172.9087142944336,33.12184,10
4.416481971740723,172.50455045700073,28.142653,11.843614
1.1527881622314453,172.6011610031128,33.1431,10.149088
1.7019367218017578,172.3407678604126,32.382565,11.181623
0.8516426086425781,172.25584888458252,32.6613,10.650961
1.901702880859375,172.0657696723938,31.135445,11.606162
1.2470531463623047,172.30388975143433,33.10071,10.412805
1.594080924987793,171.6538462638855,31.817698,11.785478
0.6769275665283203,171.71655797958374,32.88756,11.152646
2.796375274658203,171.83262014389038,29.809319,12.410779
2.9461183547973633,171.39732360839844,30.45838,13.006683
1.179025650024414,172.07259130477905,32.538395,11.320958
1.192911148071289,171.83228397369385,32.278416,13.03755
5.850555419921875,172.1499538421631,27.162842,13.133839
7.956048965454102,171.61465072631836,25.171131,12.763741
9.942237854003906,172.43439483642578,23.048386,13.182762
9.562256813049316,171.74895334243774,23.70748,13.508998
8.796388626098633,171.18762350082397,25.043034,12.944104
4.561851501464844,172.0881643295288,28.8115,12.44459
1.2500972747802734,172.18308925628662,32.46105,12.246607
1.4369964599609375,171.98891925811768,32.808205,12.635405
0.9167232513427734,171.87780952453613,32.84403,12.789265
1.0913333892822266,172.1272325515747,33.2692,12.512922
0.6677837371826172,172.22477340698242,33.107777,12.424576
1.4329166412353516,172.00729703903198,32.958317,13.335938
0.6521568298339844,171.57287406921387,33.85647,12.760326
0.22215652465820312,171.6737241744995,34.27095,13.286089
1.319570541381836,171.75185918807983,34.254986,12.510312
1.0379276275634766,171.69701671600342,34.768467,13.282137
0.5062141418457031,171.60193061828613,34.828392,13.340923
1.252288818359375,171.63356971740723,34.933083,14.022976
0.9252891540527344,171.86932373046875,35.47885,14.516617
0.8759212493896484,171.31091403961182,36.084034,14.38468
0.7159652709960938,171.35070085525513,36.36035,13.544257
1.7070140838623047,171.6504077911377,35.796642,14.218128
0.9719963073730469,171.99361991882324,36.93268,15.083607
0.6097545623779297,171.5771312713623,37.05968,14.837124
0.42140769958496094,172.1843934059143,37.862858,14.380527
0.6747016906738281,171.5701608657837,37.869637,13.764074
0.4424400329589844,172.07704067230225,38.50096,14.278063
0.5469779968261719,171.78696489334106,38.76249,15.071242
1.4585075378417969,171.57323122024536,39.13629,14.609939
1.2363739013671875,171.5772409439087,39.77282,14.850416
1.220804214477539,171.66530799865723,40.03964,14.189777
1.002798080444336,171.94835901260376,41.68749,14.186374
1.3306388854980469,171.58495712280273,42.687042,14.782585
1.1221847534179688,170.81353044509888,43.15695,15.970511
1.3832283020019531,171.40610265731812,43.665886,14.759664
0.818603515625,171.437819480896,44.879486,15.648668
1.3081550598144531,170.9334282875061,44.88787,15.032527
0.8913478851318359,171.54423236846924,45.21593,15.526793
1.335702896118164,171.40322017669678,45.874805,15.580736
2.3093395233154297,170.5546646118164,44.290363,16.062935
1.2945442199707031,171.33850955963135,46.492676,14.938704
1.2123184204101562,171.83239936828613,46.878365,15.755688
0.5608005523681641,170.62664127349854,48.060062,16.064215
0.6891040802001953,171.20441722869873,49.54244,16.037355
1.4980487823486328,171.4108476638794,49.408375,16.167753
1.165517807006836,171.5993528366089,50.792645,16.226732
0.7736129760742188,171.07262706756592,53.792686,16.083284
0.6864871978759766,171.34118461608887,52.967777,16.838818
1.3946304321289062,171.10056591033936,53.39155,16.495638
1.2981834411621094,171.69489860534668,53.660492,16.519833
0.7093906402587891,171.95197105407715,54.399097,16.27026
0.7078971862792969,171.4844627380371,54.996765,16.106003
0.7117977142333984,171.06599712371826,56.24589,16.072863
1.1164093017578125,171.08379936218262,57.002098,16.81834
0.5526313781738281,172.0627326965332,57.377365,16.37761
0.9585361480712891,171.23946571350098,58.767292,17.569355
0.2038249969482422,170.57405805587769,57.919674,15.784265
1.0468158721923828,171.11758708953857,60.149998,18.052797
0.4285011291503906,171.21776676177979,54.486984,17.2329
0.30565452575683594,170.6704158782959,55.37161,16.723522
0.5333404541015625,171.0444688796997,54.31594,13.967222
2.0985450744628906,169.97386741638184,59.69966,17.968136
1.7683696746826172,171.23130893707275,50.501583,15.6068325
2.2855167388916016,170.33936023712158,50.020542,16.012083
3.787830352783203,171.1875343322754,52.970016,16.26918
