94.0,174.0,20,12
92.834059715271,174.58605766296387,22.015127,10.211819
92.45955562591553,174.67640495300293,23.549482,10.427364
92.96253871917725,175.07015562057495,23.05155,10.739556
92.87763595581055,174.74061965942383,23.911053,10.404114
93.72231578826904,174.6493320465088,22.98345,10.628765
94.66309547424316,174.64591455459595,22.765984,10.881656
93.61488246917725,174.50254583358765,23.884825,10.533849
93.37532615661621,174.5249629020691,24.389862,10.740731
93.9716100692749,175.08271074295044,24.887793,10.956389
94.3288459777832,174.51494550704956,24.545849,11.118989
94.58969497680664,174.17669010162354,24.915386,10.967947
94.10480976104736,174.5756106376648,25.315828,11.327439
94.27504253387451,174.66485977172852,25.151937,10.99118
95.60165596008301,174.05304336547852,25.155434,11.178688
97.73099899291992,173.8674440383911,23.080196,11.5276165
97.04284286499023,174.023334980011,24.073566,11.23696
100.9226598739624,173.81369018554688,20.572859,11.692337
102.77373218536377,173.72595834732056,19.402338,12.017573
103.54033279418945,173.82654905319214,19.794628,12.098676
104.56026363372803,174.4973554611206,18.445486,11.964064
102.68281841278076,174.6452498435974,20.796293,12.115743
102.77626514434814,174.31756448745728,21.050936,12.427585
105.21036720275879,173.29886674880981,19.566338,12.938865
103.96392440795898,173.84773302078247,21.311306,12.876647
104.68954944610596,174.38322734832764,20.813875,13.653032
106.13064575195312,174.40403270721436,20.66412,12.626383
106.34435081481934,173.64803838729858,21.05294,13.29012
105.36559581756592,174.29953575134277,22.627012,13.73489
105.36815071105957,173.94687128067017,22.984299,13.380954
107.19322776794434,173.44944953918457,21.913734,13.979046
107.24285888671875,173.77892112731934,22.166927,14.007465
107.89867210388184,173.77319860458374,23.169899,13.5947695
107.31103038787842,173.80934619903564,23.685568,13.842497
107.38355731964111,173.20003700256348,24.443293,14.340771
107.24172592163086,173.71010446548462,25.225971,15.118716
108.10294342041016,173.67389488220215,24.395779,14.666309
108.08523273468018,173.4004349708557,25.288263,14.413783
109.89176082611084,173.69774103164673,24.579039,15.432315
111.50958824157715,173.457181930542,23.285507,15.164181
112.71571159362793,173.58548784255981,23.568771,14.559409
113.47745418548584,173.41765594482422,23.024488,17.16124
114.5967149734497,173.63654136657715,23.064142,15.250919
116.84738731384277,174.20930194854736,22.14669,16.913527
116.20750045776367,173.3052978515625,24.134228,17.32856
117.5154504776001,173.27739715576172,24.177263,18.200462
116.39261245727539,174.0510015487671,24.604252,17.599192
116.24044513702393,173.20834636688232,25.72146,18.406221
117.04185199737549,173.84334754943848,26.106531,18.472012
116.87971496582031,173.17504978179932,26.57983,18.105139
117.59591865539551,172.68122100830078,29.541245,18.780037
117.7488660812378,173.5388879776001,30.587736,18.190878
117.52372169494629,173.250901222229,31.382141,18.710714
118.97352504730225,173.26942348480225,31.641058,18.992579
123.28146743774414,172.47872161865234,26.940762,20.449669
124.1905689239502,171.57731246948242,25.655487,21.049759
124.29755401611328,171.5804901123047,26.35587,21.276314
124.60832691192627,172.5407009124756,27.223017,20.471188
123.56890487670898,174.19175624847412,28.652378,19.525614
121.70416831970215,173.76820755004883,32.19947,19.891716
126.46603202819824,172.53782558441162,28.126846,20.92653
125.95080471038818,174.01543521881104,29.92034,19.72656
126.78666305541992,173.2857370376587,31.087727,21.392988
127.66780185699463,170.98323822021484,31.776163,23.494888
125.67325782775879,172.9489049911499,34.368195,21.53612
128.89777183532715,173.99832439422607,33.374283,21.03753
130.9871120452881,173.7537899017334,32.630104,20.904415
133.71487998962402,174.37280368804932,32.07978,20.848867
133.8507480621338,174.1251106262207,33.211647,21.329521
137.23003005981445,173.89608764648438,31.518864,21.602898
137.69936752319336,173.80423736572266,31.23898,21.85109
139.01309871673584,174.10223293304443,31.359465,21.823107
138.51205444335938,174.1267957687378,33.103558,22.298563
140.09267234802246,174.65771293640137,33.83249,22.046711
140.976655960083,174.2382526397705,35.138275,22.397434
142.0885772705078,174.3558225631714,34.820606,22.981943
144.2883071899414,174.5866641998291,34.888424,22.906376
145.63565826416016,173.60912036895752,35.302578,23.06169
147.22827529907227,173.8520450592041,35.253307,24.137592
148.23704147338867,173.59264183044434,35.317043,25.425457
149.80521202087402,173.841326713562,38.922554,25.320269
150.01229858398438,173.61007404327393,32.439106,24.146872
149.43277835845947,179.88677406311035,27.270784,18.434338
146.63082218170166,180.74852657318115,25.749552,15.912981
141.80659580230713,184.66948127746582,25.085627,13.6453285
141.28507900238037,184.567485332489,22.554136,15.73021
134.13061904907227,184.28335189819336,23.217602,13.94458
131.49562644958496,184.93233394622803,21.548157,10.888071
130.2793426513672,185.1227650642395,19.603859,11.765594
131.6554732322693,182.6626000404358,14.656014,12.34373
129.79112100601196,184.9642391204834,13.134116,10.178226
126.0638918876648,182.5240831375122,13.266702,11.941278
122.03992652893066,184.1004581451416,12.540195,10.161682
117.09800672531128,182.8160138130188,14.05243,10.997508
115.52227354049683,181.91079807281494,13.210885,10.717073
107.60901260375977,182.904456615448,16.04449,10.139646
103.095871925354,182.35970449447632,17.8622,10.172795
100.06451797485352,179.80636882781982,18.296757,11.358568
96.95283889770508,180.1353268623352,17.447647,10.082511
94.23147773742676,180.364116191864,18.137299,10.300679
91.732346534729,176.9288296699524,17.681181,11.83348
86.61572265625,174.46378707885742,17.186806,12.108089
87.25372982025146,175.92541408538818,16.612085,10.585047
84.20529460906982,177.24461555480957,17.143831,11.049015
83.44976997375488,176.2713532447815,15.426823,10.791358
81.89922761917114,176.52520656585693,15.29362,10.030802
79.29926300048828,175.67561149597168,14.709019,10.551109
75.09471654891968,174.93272590637207,15.161252,10
75.11467838287354,174.5721344947815,14.992186,10.170623
72.16280221939087,174.67815971374512,15.5600195,10
66.34671974182129,171.6396689414978,16.938587,11.975579
66.57214641571045,166.63163566589355,15.8944645,12.33794
64.27202320098877,161.127827167511,17.044424,13.456893
65.26351547241211,157.33464241027832,18.109398,15.603977
75.09783554077148,151.33316612243652,17.877762,15.838528
75.56397247314453,147.1509027481079,16.253471,14.686583
75.19816398620605,148.71771097183228,14.533173,12.848449
73.44249534606934,149.2174949645996,14.381592,11.762119
71.31521987915039,149.99287223815918,13.400864,12.8768425
70.45812034606934,151.4616255760193,13.221249,12.593881
68.11124229431152,151.61935710906982,13.019375,11.665026
67.299569606781,151.21595907211304,12.994164,11.651204
65.91967296600342,150.63555431365967,16.556826,12.117537
64.76107978820801,151.03911304473877,16.127506,11.928949
61.49938344955444,149.3013858795166,15.904088,12.485184
62.60974073410034,146.3322229385376,15.769513,12.613226
59.639917850494385,149.6079134941101,15.41265,13.111833
55.47697162628174,146.06089973449707,17.145452,13.792118
55.76096248626709,146.46568202972412,17.152224,15.1271305
51.97673225402832,145.14575815200806,17.687428,15.538611
45.154685974121094,133.55047607421875,19.152336,17.740707
45.676109313964844,123.19731616973877,17.651558,22.453886
