92.0,134.0,15,12
91.9337797164917,135.0590624809265,17.72059,11.312882
93.25393104553223,135.84222841262817,16.83065,11.069953
92.62422847747803,135.31901931762695,17.663073,11.317345
93.06074714660645,136.12978553771973,17.385536,11.315289
93.9044189453125,135.71895265579224,17.49541,11.48775
94.46843719482422,135.54104232788086,17.213596,11.494133
93.93710231781006,135.16367387771606,17.427671,11.901568
94.40466213226318,135.5414695739746,18.65143,11.866116
94.4425401687622,135.9776611328125,19.780287,11.80138
95.14782619476318,135.7220606803894,19.733644,12.333768
96.2020902633667,135.30631923675537,19.359682,12.342543
96.40961837768555,135.56018018722534,19.845383,12.376004
97.01860809326172,135.0656542778015,18.745644,12.443067
97.29402351379395,135.6145567893982,19.674892,12.469628
97.3386583328247,135.26206922531128,19.27506,12.7853365
97.82842350006104,134.98086071014404,19.860983,13.103506
98.99465942382812,135.5134139060974,19.508522,12.888574
98.9412727355957,135.27557849884033,19.281334,13.322687
99.63495922088623,135.8125762939453,19.36545,13.085979
99.4759693145752,135.82805109024048,20.315395,12.790793
99.6329231262207,135.49641799926758,19.942833,12.860134
100.75481796264648,135.9124674797058,20.381607,13.079831
100.84471797943115,135.89972448349,20.326433,13.113305
101.50507736206055,135.61801481246948,20.693245,13.763516
102.36385726928711,135.7395248413086,20.002281,13.87582
102.18862819671631,135.34278011322021,21.20975,14.304838
102.53796005249023,135.85967254638672,21.568909,13.939129
103.30399513244629,135.1696081161499,21.939457,14.2976055
104.34639644622803,135.38916110992432,21.729494,14.246569
104.8261947631836,135.31600761413574,20.974503,13.969505
105.26994895935059,134.87025213241577,21.688015,14.824212
106.05793857574463,135.45855379104614,21.662504,14.476802
106.21578598022461,135.12692785263062,22.452393,14.311242
107.49103355407715,134.90907430648804,22.098637,14.586503
107.93184757232666,134.58881425857544,22.61872,14.992991
108.4617862701416,134.31976699829102,22.440418,15.342693
109.61493587493896,135.83895921707153,22.386332,14.793941
109.3860216140747,135.07273197174072,22.5323,15.397013
110.72021579742432,134.85256385803223,23.079908,16.2528
111.59257221221924,134.83804750442505,22.872229,15.465472
111.56555652618408,134.34585046768188,23.672018,15.830527
112.73809146881104,135.24948167800903,23.82173,15.6309
112.85985946655273,134.5583791732788,23.716805,16.38066
113.54626560211182,134.37955570220947,24.071432,16.270754
114.1413106918335,134.44505310058594,24.387003,15.9551735
115.89455318450928,135.79105472564697,24.497026,15.822962
116.45509719848633,134.934730052948,24.542763,15.908315
117.24630832672119,135.4568691253662,24.15656,15.661713
118.0198106765747,135.4279499053955,25.952482,15.763817
119.49168395996094,135.23884630203247,26.971924,15.977023
120.4677677154541,135.10690212249756,26.109348,16.24079
120.35323524475098,135.6349925994873,25.00642,16.24076
121.79130744934082,135.1704969406128,25.222546,16.678083
121.92528247833252,135.43987560272217,26.440832,16.713614
123.66952228546143,134.96605110168457,26.138273,17.235085
123.89964008331299,134.63931846618652,26.52986,17.595924
125.51149368286133,135.75231647491455,26.142845,17.434633
126.28841018676758,135.15199661254883,26.317741,17.922314
128.0670042037964,135.25938320159912,26.332155,18.005552
128.1789093017578,135.44928550720215,27.541695,18.531769
129.19647884368896,134.5874662399292,27.666033,18.574957
130.17289066314697,134.63282680511475,27.779722,19.101309
130.49342441558838,134.64037990570068,27.848974,18.861532
131.36035823822021,134.57284450531006,28.47465,18.67758
132.11991691589355,135.05935287475586,29.052174,19.042828
132.8367509841919,134.3952178955078,29.606153,19.711346
134.12561798095703,134.81997108459473,29.024078,19.912285
135.5431900024414,135.12002277374268,29.526405,19.679575
136.42617321014404,135.08275413513184,29.976,19.595276
137.1010217666626,135.2515754699707,31.09091,20.11607
138.59833431243896,135.2135524749756,31.109163,20.597519
140.0885763168335,134.708722114563,30.758814,20.572786
142.07073783874512,134.8906011581421,30.866726,20.801184
142.80021572113037,134.86153602600098,30.81981,20.768448
143.87445449829102,134.66467189788818,30.894203,21.077421
144.79844284057617,134.86388778686523,31.702148,20.94946
146.17406749725342,134.82041549682617,31.974558,21.054272
147.0681209564209,134.67350101470947,32.099567,21.497583
148.03033256530762,134.95387744903564,32.72823,21.401285
149.93016624450684,134.50233459472656,33.15742,21.85426
150.73171997070312,134.98575115203857,33.959778,21.808485
152.64744758605957,135.54491233825684,33.69537,21.702309
154.00206565856934,135.6151294708252,35.006664,22.062119
154.46435928344727,135.4942855834961,35.434433,22.330631
155.37581634521484,135.09664154052734,35.76024,22.937717
156.9909782409668,134.68488693237305,35.553215,23.144695
159.65241241455078,134.68365669250488,35.129776,23.036163
160.3244342803955,135.3052101135254,36.55972,23.15659
161.5434455871582,135.31706619262695,36.580673,23.02187
163.56273078918457,135.2928352355957,36.834507,23.550869
164.22077751159668,134.63477993011475,38.383297,24.396566
165.69413566589355,135.51195621490479,39.46124,24.080667
167.5375747680664,134.49811935424805,39.415184,24.356205
168.78139114379883,135.48667430877686,38.742218,24.4681
170.40071487426758,134.67358303070068,39.970673,25.262602
172.2644500732422,134.64929866790771,40.210533,25.683485
173.23367309570312,134.6681547164917,42.869698,26.16886
175.78954124450684,135.32681846618652,41.54951,25.724762
177.14910507202148,135.08324432373047,41.51738,26.18507
179.80571365356445,134.18283462524414,42.20456,27.061893
180.4940013885498,134.77733993530273,43.02682,26.5293
182.8435401916504,134.69222259521484,43.265427,27.24171
184.74516677856445,135.94056224822998,44.168182,26.665426
186.14319801330566,134.70002365112305,46.099995,28.328388
187.5601978302002,134.80291938781738,46.636066,28.139824
189.223783493042,135.10819149017334,47.36868,28.606459
191.27124786376953,135.33780479431152,48.386925,28.635437
192.26257133483887,135.79528617858887,49.78491,28.684067
195.97223091125488,135.58860778808594,48.719685,29.236752
198.22938346862793,134.82670497894287,49.696712,29.889158
200.66807746887207,135.3352565765381,50.29404,29.782272
203.46514320373535,135.12538623809814,50.82912,30.560152
204.43114280700684,135.57740020751953,52.727688,30.933834
206.0186824798584,134.97035598754883,54.767895,32.274525
208.57792282104492,134.80416870117188,55.520203,31.937939
211.07822036743164,135.0257453918457,56.801727,32.655033
214.14733695983887,135.59647369384766,57.313244,33.05122
215.78940391540527,133.59078979492188,59.324093,35.4967
215.97752380371094,133.55396461486816,63.03031,35.707787
219.8505573272705,132.25253295898438,62.639103,37.90649
225.0248737335205,132.29645538330078,62.078236,38.543804
227.68656730651855,132.00292205810547,63.772274,38.684902
230.2593650817871,132.81203269958496,65.12956,38.87497
234.11014938354492,131.99573707580566,66.531845,40.07464
237.88968658447266,131.59197235107422,67.460594,40.814037
241.04742431640625,131.37796783447266,68.609535,41.94073
244.85686874389648,131.58213996887207,70.458755,42.543724
247.2091941833496,132.4939136505127,72.57828,42.452095
250.8612289428711,133.5038299560547,74.64614,42.032406
255.4270896911621,134.1299228668213,75.97511,42.583122
258.8701820373535,134.72657012939453,79.098114,43.12533
262.52234268188477,134.0278720855713,80.38257,43.150047
266.5637741088867,134.30342483520508,82.92495,44.12006
270.6634635925293,134.12903594970703,84.747696,44.78877
275.5699996948242,133.48726272583008,87.67385,46.22771
280.0459747314453,133.93428230285645,89.9817,47.396935
284.65723419189453,133.31614303588867,92.50655,49.246952
289.53980255126953,132.87662506103516,96.00115,50.528423
295.00922775268555,132.35979461669922,98.49831,52.105633
300.3617362976074,132.36896514892578,102.27922,53.516796
305.2536277770996,132.66961479187012,105.916916,53.61548
311.10350799560547,133.07037544250488,109.68786,54.386894
317.5945587158203,133.43492126464844,112.69126,55.324184
324.0256462097168,133.45323181152344,117.05049,56.228085
330.09389877319336,133.17194366455078,121.91881,57.895824
337.4999237060547,132.94911766052246,126.45313,59.765
343.96892166137695,132.5797290802002,131.54797,60.59777
352.08053970336914,131.86710166931152,134.94211,63.255173
360.50729751586914,132.01025581359863,139.19168,65.26321
369.31928634643555,131.34338188171387,132.21764,67.25098
377.19068145751953,131.35389137268066,124.67794,68.17164
386.6338005065918,131.85915565490723,115.09047,69.71952
397.8660774230957,132.1904811859131,104.07715,71.579025
407.911922454834,133.1584529876709,93.995834,75.331406
