430.0,141.0,73,35
423.6534614562988,141.38698768615723,79.37908,33.81123
419.66904067993164,141.35419845581055,81.14791,32.684837
414.8375663757324,141.1850929260254,78.55569,32.08663
409.40796279907227,141.87951183319092,76.61036,31.620981
403.8243522644043,141.42807579040527,74.89225,31.042957
399.13791275024414,140.95207977294922,73.42538,30.60347
392.79497146606445,141.16067600250244,72.532585,30.269209
388.65126037597656,140.92994213104248,70.1673,29.826975
383.93404388427734,140.63000106811523,68.03183,29.350853
379.4984588623047,140.28087425231934,68.35893,28.884861
375.2023277282715,140.35124588012695,66.07423,28.983452
369.85271072387695,139.87979793548584,64.48449,28.918062
366.0634536743164,139.21706295013428,62.99597,28.684252
360.9737491607666,139.11907577514648,62.255672,27.58268
357.23401832580566,139.7603588104248,61.31056,26.866673
353.8666076660156,139.42233180999756,59.94162,26.995455
349.6580638885498,140.02532768249512,60.127018,26.376057
346.1733341217041,139.63489055633545,57.27226,26.473139
341.9938049316406,139.16825199127197,56.814407,25.81442
338.41888427734375,139.29065704345703,56.143036,25.230698
335.24548721313477,138.75832843780518,54.702644,25.299017
331.35418128967285,138.5953598022461,53.755917,25.31128
327.5064888000488,138.04805278778076,53.355873,25.36738
325.0060119628906,138.2521734237671,51.795837,24.774996
321.3242835998535,138.03509330749512,51.029152,24.24686
318.45478439331055,137.72738933563232,50.530617,24.245188
314.73843002319336,137.76008892059326,49.676796,24.049799
311.5059242248535,137.16204166412354,48.472404,24.2366
309.12452697753906,137.83533382415771,48.24405,23.50548
305.8345470428467,136.83612060546875,48.604374,23.841904
303.02857398986816,136.66142463684082,46.003826,23.849209
299.5881576538086,136.68581771850586,45.145874,23.777855
296.53245544433594,137.08519172668457,45.24901,22.860058
293.77795600891113,136.92236232757568,44.258648,22.689287
292.20491790771484,136.9202537536621,42.935745,21.949455
289.10942459106445,137.333158493042,42.6967,21.855946
286.49041175842285,136.59224605560303,42.34174,22.432756
283.6277770996094,136.71819877624512,41.747,21.740498
280.1672534942627,135.8583402633667,41.279613,21.676165
278.4607810974121,136.0495376586914,41.26024,21.964203
276.0135021209717,136.57683658599854,40.644573,20.760412
274.7840347290039,136.5353193283081,39.63202,20.074778
268.3418731689453,135.85892581939697,43.10878,20.788595
268.73041915893555,135.65219497680664,40.061386,20.47039
266.40646743774414,135.24175930023193,38.976074,21.028147
265.12457275390625,135.96590518951416,38.431076,20.37506
262.21667861938477,135.473970413208,37.918343,19.972591
259.840913772583,135.76198387145996,37.064877,19.537174
258.611780166626,135.22434902191162,36.76914,19.6346
255.80066871643066,135.68803119659424,36.724277,19.289976
253.94518280029297,135.48259162902832,35.43476,19.020672
251.509033203125,135.49493217468262,35.05677,18.806355
249.48150253295898,136.21507453918457,34.511246,18.605633
248.78087425231934,135.68004512786865,33.684452,18.426294
247.41551208496094,135.82652854919434,32.857765,18.609974
244.8831272125244,135.70579433441162,32.83935,18.288736
242.9933090209961,135.85252475738525,32.38127,18.158293
241.91075038909912,135.65279960632324,31.791483,17.71915
239.31484985351562,135.14063835144043,32.782104,17.597958
238.20983505249023,135.30947971343994,32.815353,17.650396
236.03461933135986,135.45116424560547,30.033186,17.53334
234.46115398406982,135.58766269683838,30.338358,17.109152
230.74976444244385,135.32608604431152,31.658949,17.23521
229.5547513961792,135.4178409576416,31.329859,17.452702
227.856915473938,134.86947345733643,30.93263,17.33042
227.48681926727295,134.76152896881104,29.939089,17.05934
226.04922580718994,134.88929748535156,28.835806,17.088058
224.19976902008057,134.92138385772705,29.092436,17.044493
221.5579833984375,135.45781421661377,29.46276,16.586386
220.11181354522705,134.9767427444458,29.992132,16.308256
218.36588287353516,134.68056201934814,29.791832,16.411627
217.8970823287964,134.29537200927734,29.105867,16.467957
216.94206619262695,133.9751796722412,29.799248,16.366604
215.0142059326172,134.64215517044067,28.504837,15.954482
214.11345863342285,134.44913911819458,27.263004,15.333732
213.33419799804688,134.5225715637207,26.280533,15.444008
213.0633373260498,133.94406652450562,25.701298,15.552152
213.65851402282715,134.1238832473755,23.756374,14.905806
213.41144561767578,134.76538372039795,22.440224,14.912554
212.0213165283203,134.79333066940308,22.457092,14.712548
212.4588851928711,134.69610691070557,21.51867,14.9056835
210.60983180999756,134.836980342865,22.16646,14.829427
210.02377128601074,134.40490007400513,21.382702,14.914199
209.27569389343262,134.3097472190857,21.283268,14.683339
210.34247970581055,134.8079423904419,18.472435,14.564955
206.985689163208,134.00211477279663,19.081207,15.139859
204.4547643661499,133.65021991729736,19.99011,14.622313
205.13886833190918,134.22593641281128,17.776054,14.769624
202.59309768676758,134.43285131454468,18.143963,14.247037
202.4017505645752,133.54399585723877,17.442444,14.612204
202.48229694366455,133.98497247695923,16.62169,14.679271
199.93803024291992,134.44570016860962,18.169666,14.876597
195.75833129882812,133.0483078956604,20.743015,12.605266
193.05748653411865,133.12172174453735,22.15824,14.296184
191.24182033538818,132.78842735290527,23.933256,13.060596
187.41384410858154,132.2475552558899,26.298025,14.2213125
184.37435054779053,132.94842863082886,29.442778,15.8637705
184.06112575531006,131.48888158798218,30.227316,15.945462
184.698335647583,132.1807985305786,29.201141,16.331419
184.656964302063,132.19477939605713,29.319864,16.333693
181.89085006713867,131.3292841911316,31.517025,15.286088
182.9788475036621,131.44619607925415,30.13976,15.912669
182.2723913192749,132.09936428070068,29.354696,15.798792
182.92845249176025,131.58016633987427,28.008715,15.622008
