480.000,171.000,15.000,9.000
479.000,171.000,15.000,10.000
478.000,170.000,16.000,10.000
476.000,170.000,16.000,10.000
475.000,170.000,16.000,10.000
474.000,170.000,16.000,10.000
473.000,170.000,17.000,10.000
472.000,170.000,17.000,10.000
471.000,170.000,17.000,10.000
471.000,170.000,17.000,10.000
469.000,169.000,17.000,10.000
468.000,170.000,17.000,10.000
467.000,170.000,17.000,10.000
466.000,170.000,17.000,10.000
465.000,169.000,17.000,10.000
464.000,169.000,17.000,10.000
464.000,169.000,17.000,10.000
463.000,169.000,17.000,10.000
461.000,169.000,17.000,10.000
460.000,170.000,18.000,10.000
460.000,170.000,17.000,10.000
459.000,169.000,18.000,10.000
457.000,169.000,17.000,10.000
456.000,169.000,17.000,10.000
456.000,169.000,18.000,10.000
454.000,169.000,18.000,10.000
453.000,169.000,18.000,10.000
452.000,169.000,17.000,10.000
452.000,169.000,17.000,10.000
451.000,169.000,17.000,10.000
450.000,168.000,17.000,10.000
450.000,168.000,17.000,10.000
449.000,169.000,17.000,10.000
447.000,169.000,17.000,10.000
447.000,169.000,17.000,10.000
446.000,169.000,17.000,10.000
445.000,168.000,17.000,10.000
444.000,168.000,16.000,10.000
444.000,168.000,16.000,10.000
443.000,168.000,16.000,10.000
442.000,168.000,16.000,10.000
442.000,168.000,16.000,11.000
442.000,167.000,15.000,11.000
441.000,168.000,15.000,11.000
441.000,167.000,14.000,11.000
440.000,167.000,14.000,12.000
440.000,166.000,13.000,12.000
439.000,166.000,13.000,12.000
439.000,166.000,13.000,12.000
439.000,166.000,12.000,12.000
438.000,166.000,12.000,11.000
438.000,166.000,12.000,11.000
437.000,166.000,12.000,11.000
436.000,166.000,12.000,11.000
436.000,166.000,12.000,11.000
436.000,166.000,11.000,10.000
435.000,166.000,11.000,10.000
435.000,165.000,11.000,10.000
435.000,166.000,11.000,10.000
434.000,166.000,11.000,10.000
434.000,166.000,11.000,10.000
433.000,166.000,11.000,10.000
433.000,165.000,11.000,10.000
433.000,165.000,11.000,10.000
432.000,165.000,11.000,10.000
431.000,165.000,11.000,10.000
430.000,165.000,11.000,10.000
430.000,165.000,11.000,10.000
429.000,164.000,11.000,10.000
429.000,164.000,11.000,10.000
429.000,164.000,11.000,10.000
428.000,164.000,11.000,10.000
427.000,164.000,11.000,10.000
428.000,164.000,11.000,10.000
427.000,164.000,11.000,10.000
427.000,164.000,11.000,10.000
426.000,163.000,11.000,10.000
426.000,163.000,11.000,10.000
425.000,163.000,11.000,10.000
424.000,163.000,11.000,10.000
424.000,163.000,11.000,10.000
424.000,163.000,11.000,10.000
423.000,163.000,11.000,10.000
423.000,162.000,11.000,10.000
423.000,162.000,11.000,10.000
423.000,162.000,10.000,10.000
422.000,162.000,11.000,10.000
421.000,162.000,11.000,10.000
422.000,162.000,11.000,10.000
421.000,161.000,11.000,10.000
420.000,161.000,11.000,10.000
421.000,161.000,11.000,10.000
420.000,161.000,11.000,10.000
420.000,161.000,11.000,10.000
419.000,162.000,11.000,10.000
419.000,161.000,11.000,10.000
418.000,161.000,11.000,10.000
418.000,160.000,11.000,10.000
418.000,160.000,11.000,10.000
418.000,161.000,11.000,10.000
417.000,160.000,11.000,10.000
417.000,160.000,11.000,10.000
417.000,160.000,11.000,10.000
417.000,160.000,11.000,10.000
416.000,160.000,11.000,10.000
416.000,160.000,11.000,10.000
415.000,160.000,11.000,10.000
415.000,159.000,11.000,10.000
415.000,160.000,11.000,10.000
415.000,159.000,11.000,10.000
414.000,158.000,11.000,10.000
414.000,158.000,11.000,10.000
413.000,159.000,11.000,10.000
413.000,159.000,11.000,10.000
413.000,159.000,11.000,10.000
412.000,158.000,11.000,10.000
413.000,158.000,11.000,10.000
412.000,158.000,11.000,10.000
412.000,158.000,11.000,10.000
412.000,158.000,11.000,10.000
411.000,158.000,11.000,10.000
411.000,158.000,11.000,10.000
410.000,157.000,11.000,10.000
410.000,157.000,11.000,10.000
410.000,157.000,11.000,10.000
410.000,157.000,11.000,10.000
410.000,157.000,11.000,10.000
410.000,157.000,11.000,10.000
409.000,156.000,11.000,10.000
409.000,156.000,11.000,10.000
409.000,156.000,11.000,10.000
409.000,156.000,11.000,10.000
409.000,156.000,11.000,10.000
408.000,156.000,11.000,10.000
408.000,156.000,11.000,10.000
408.000,156.000,11.000,10.000
408.000,155.000,11.000,10.000
407.000,155.000,11.000,10.000
407.000,155.000,11.000,10.000
408.000,155.000,11.000,10.000
407.000,155.000,10.000,10.000
406.000,154.000,10.000,10.000
406.000,155.000,10.000,10.000
406.000,154.000,10.000,10.000
406.000,154.000,10.000,10.000
406.000,154.000,10.000,10.000
406.000,154.000,11.000,10.000
405.000,154.000,11.000,10.000
405.000,154.000,11.000,10.000
405.000,153.000,11.000,10.000
404.000,153.000,11.000,10.000
404.000,154.000,11.000,10.000
404.000,153.000,11.000,10.000
404.000,153.000,10.000,10.000
403.000,153.000,10.000,10.000
403.000,153.000,10.000,10.000
403.000,153.000,10.000,10.000
403.000,152.000,10.000,10.000
402.000,152.000,10.000,10.000
402.000,152.000,10.000,10.000
402.000,152.000,10.000,10.000
401.000,152.000,10.000,10.000
401.000,151.000,10.000,10.000
401.000,151.000,10.000,10.000
401.000,152.000,10.000,10.000
401.000,151.000,10.000,10.000
401.000,151.000,10.000,10.000
400.000,151.000,10.000,10.000
400.000,150.000,10.000,10.000
400.000,151.000,10.000,10.000
400.000,150.000,10.000,10.000
400.000,150.000,10.000,10.000
399.000,150.000,10.000,10.000
399.000,150.000,10.000,10.000
399.000,150.000,10.000,10.000
399.000,150.000,10.000,10.000
399.000,149.000,10.000,10.000
399.000,149.000,10.000,10.000
399.000,149.000,10.000,10.000
399.000,149.000,10.000,10.000
399.000,149.000,10.000,10.000
399.000,149.000,10.000,10.000
398.000,148.000,10.000,10.000
398.000,148.000,10.000,10.000
398.000,149.000,10.000,10.000
398.000,148.000,10.000,10.000
397.000,148.000,10.000,10.000
397.000,148.000,10.000,10.000
397.000,148.000,10.000,10.000
397.000,148.000,10.000,10.000
398.000,148.000,10.000,10.000
397.000,148.000,10.000,10.000
397.000,148.000,10.000,10.000
397.000,147.000,10.000,10.000
397.000,147.000,10.000,10.000
396.000,147.000,10.000,10.000
396.000,148.000,10.000,10.000
396.000,147.000,10.000,10.000
396.000,147.000,10.000,10.000
395.000,147.000,10.000,10.000
396.000,147.000,10.000,10.000
396.000,147.000,10.000,10.000
395.000,147.000,10.000,10.000
396.000,146.000,10.000,10.000
395.000,146.000,10.000,10.000
394.000,146.000,10.000,10.000
393.000,145.000,11.000,10.000
391.000,145.000,11.000,10.000
392.000,139.000,10.000,10.000
389.000,143.000,11.000,10.000
389.000,140.000,11.000,10.000
388.000,138.000,11.000,11.000
390.000,139.000,10.000,11.000
384.000,137.000,11.000,11.000
379.000,138.000,11.000,10.000
378.000,136.000,11.000,10.000
371.000,137.000,12.000,10.000
371.000,131.000,12.000,11.000
366.000,136.000,11.000,11.000
365.000,132.000,11.000,11.000
359.000,133.000,11.000,11.000
357.000,132.000,11.000,11.000
352.000,130.000,11.000,11.000
350.000,131.000,11.000,10.000
346.000,129.000,11.000,11.000
347.000,130.000,11.000,11.000
339.000,126.000,11.000,11.000
338.000,128.000,11.000,11.000
331.000,124.000,10.000,11.000
332.000,127.000,10.000,11.000
325.000,123.000,10.000,11.000
319.000,124.000,10.000,10.000
315.000,120.000,10.000,10.000
311.000,122.000,10.000,10.000
307.000,121.000,10.000,10.000
303.000,119.000,10.000,10.000
303.000,120.000,10.000,10.000
295.000,115.000,10.000,10.000
297.000,118.000,10.000,10.000
286.000,113.000,10.000,10.000
287.000,116.000,10.000,10.000
281.000,110.000,10.000,10.000
281.000,113.000,10.000,10.000
274.000,109.000,10.000,10.000
269.000,109.000,11.000,10.000
266.000,108.000,10.000,10.000
262.000,108.000,10.000,10.000
263.000,108.000,10.000,10.000
257.000,106.000,10.000,10.000
256.000,111.000,10.000,10.000
250.000,102.000,10.000,10.000
251.000,104.000,10.000,10.000
245.000,99.000,10.000,10.000
244.000,103.000,10.000,10.000
242.000,100.000,10.000,10.000
239.000,100.000,10.000,10.000
237.000,101.000,10.000,10.000
233.000,96.000,10.000,10.000
233.000,96.000,10.000,10.000
226.000,92.000,10.000,10.000
227.000,94.000,10.000,10.000
225.000,92.000,10.000,10.000
223.000,92.000,10.000,10.000
221.000,91.000,10.000,10.000
216.000,88.000,10.000,10.000
217.000,88.000,10.000,10.000
215.000,87.000,10.000,10.000
210.000,83.000,10.000,10.000
212.000,84.000,10.000,10.000
210.000,83.000,10.000,10.000
209.000,82.000,10.000,10.000
206.000,81.000,10.000,10.000
205.000,80.000,10.000,10.000
203.000,79.000,10.000,10.000
205.000,79.000,10.000,10.000
200.000,77.000,10.000,10.000
200.000,77.000,10.000,10.000
200.000,77.000,10.000,10.000
197.000,75.000,10.000,10.000
199.000,76.000,11.000,10.000
197.000,75.000,11.000,10.000
196.000,74.000,11.000,10.000
196.000,73.000,10.000,10.000
195.000,72.000,10.000,10.000
194.000,72.000,10.000,10.000
194.000,71.000,10.000,10.000
194.000,70.000,10.000,10.000
193.000,69.000,10.000,10.000
194.000,69.000,10.000,10.000
193.000,69.000,10.000,10.000
193.000,68.000,10.000,10.000
194.000,69.000,10.000,10.000
194.000,67.000,10.000,10.000
194.000,66.000,10.000,10.000
195.000,65.000,10.000,10.000
195.000,65.000,10.000,10.000
195.000,64.000,10.000,10.000
198.000,62.000,10.000,10.000
196.000,61.000,10.000,10.000
196.000,61.000,10.000,10.000
196.000,60.000,10.000,10.000
196.000,59.000,10.000,10.000
197.000,59.000,10.000,10.000
197.000,59.000,10.000,10.000
196.000,57.000,10.000,10.000
192.000,50.000,10.000,10.000
191.000,48.000,10.000,10.000
190.000,47.000,10.000,10.000
190.000,48.000,10.000,10.000
190.000,48.000,10.000,10.000
190.000,48.000,10.000,10.000
190.000,48.000,10.000,10.000
196.000,48.000,10.000,10.000
195.000,48.000,10.000,10.000
194.000,48.000,10.000,10.000
191.000,48.000,10.000,10.000
191.000,48.000,10.000,10.000
190.000,48.000,10.000,10.000
191.000,49.000,10.000,10.000
190.000,48.000,10.000,10.000
190.000,48.000,10.000,10.000
191.000,48.000,10.000,10.000
190.000,48.000,10.000,10.000
190.000,48.000,10.000,10.000
192.000,48.000,10.000,10.000
