326.000,143.000,21.000,49.000
326.000,144.000,22.000,48.000
327.000,144.000,22.000,48.000
327.000,144.000,22.000,47.000
327.000,145.000,22.000,47.000
327.000,145.000,22.000,47.000
327.000,145.000,22.000,47.000
326.000,146.000,22.000,46.000
326.000,146.000,22.000,46.000
326.000,148.000,23.000,45.000
326.000,147.000,24.000,43.000
324.000,147.000,24.000,43.000
322.000,147.000,25.000,42.000
321.000,146.000,25.000,41.000
321.000,147.000,26.000,41.000
321.000,147.000,26.000,40.000
323.000,148.000,26.000,40.000
323.000,148.000,26.000,40.000
322.000,148.000,25.000,40.000
323.000,148.000,25.000,39.000
322.000,149.000,25.000,40.000
323.000,149.000,25.000,39.000
322.000,149.000,25.000,38.000
324.000,149.000,25.000,38.000
323.000,150.000,25.000,38.000
324.000,150.000,25.000,37.000
324.000,150.000,25.000,37.000
323.000,151.000,25.000,37.000
324.000,151.000,24.000,37.000
325.000,151.000,24.000,36.000
324.000,151.000,24.000,36.000
324.000,151.000,24.000,36.000
324.000,152.000,24.000,36.000
325.000,151.000,24.000,36.000
325.000,152.000,24.000,36.000
325.000,152.000,24.000,35.000
324.000,152.000,24.000,35.000
325.000,152.000,24.000,35.000
325.000,152.000,24.000,35.000
325.000,152.000,24.000,35.000
325.000,152.000,24.000,35.000
325.000,152.000,24.000,35.000
325.000,152.000,24.000,35.000
325.000,152.000,24.000,35.000
325.000,152.000,24.000,35.000
325.000,152.000,23.000,35.000
325.000,152.000,24.000,35.000
325.000,152.000,24.000,35.000
324.000,152.000,24.000,35.000
325.000,152.000,24.000,35.000
325.000,152.000,24.000,35.000
326.000,152.000,24.000,35.000
326.000,152.000,23.000,35.000
326.000,152.000,23.000,35.000
326.000,153.000,23.000,35.000
326.000,152.000,23.000,35.000
326.000,152.000,23.000,35.000
325.000,153.000,23.000,35.000
325.000,153.000,23.000,35.000
326.000,153.000,23.000,34.000
326.000,153.000,23.000,35.000
326.000,152.000,23.000,35.000
324.000,152.000,23.000,35.000
325.000,152.000,23.000,35.000
326.000,152.000,23.000,35.000
325.000,152.000,23.000,35.000
326.000,153.000,23.000,35.000
326.000,153.000,23.000,34.000
326.000,153.000,23.000,34.000
325.000,153.000,23.000,34.000
326.000,153.000,23.000,34.000
326.000,153.000,22.000,33.000
326.000,154.000,22.000,33.000
326.000,154.000,22.000,33.000
326.000,155.000,22.000,33.000
327.000,154.000,22.000,33.000
326.000,154.000,22.000,33.000
326.000,154.000,22.000,33.000
327.000,154.000,22.000,33.000
326.000,154.000,22.000,33.000
326.000,154.000,22.000,33.000
326.000,154.000,22.000,33.000
326.000,154.000,22.000,33.000
327.000,154.000,22.000,33.000
326.000,154.000,22.000,33.000
326.000,153.000,22.000,33.000
325.000,154.000,22.000,33.000
326.000,154.000,22.000,33.000
326.000,154.000,22.000,33.000
326.000,154.000,22.000,33.000
326.000,154.000,22.000,33.000
326.000,154.000,22.000,33.000
326.000,153.000,22.000,33.000
327.000,154.000,22.000,33.000
326.000,154.000,22.000,33.000
326.000,154.000,22.000,32.000
326.000,154.000,22.000,33.000
326.000,154.000,22.000,33.000
327.000,154.000,22.000,33.000
326.000,154.000,22.000,33.000
326.000,154.000,22.000,33.000
326.000,154.000,22.000,33.000
327.000,155.000,22.000,33.000
326.000,154.000,21.000,32.000
327.000,154.000,22.000,32.000
326.000,154.000,21.000,32.000
327.000,154.000,22.000,32.000
326.000,154.000,21.000,32.000
326.000,154.000,22.000,32.000
325.000,154.000,22.000,33.000
324.000,154.000,22.000,32.000
322.000,154.000,22.000,32.000
321.000,154.000,22.000,33.000
318.000,154.000,22.000,33.000
314.000,154.000,22.000,33.000
308.000,154.000,21.000,33.000
302.000,154.000,21.000,33.000
295.000,153.000,21.000,33.000
288.000,154.000,21.000,33.000
282.000,153.000,21.000,33.000
274.000,153.000,21.000,33.000
262.000,154.000,20.000,33.000
252.000,152.000,20.000,33.000
244.000,153.000,20.000,34.000
237.000,153.000,20.000,33.000
231.000,153.000,20.000,33.000
225.000,152.000,20.000,33.000
219.000,153.000,20.000,32.000
215.000,152.000,20.000,32.000
210.000,152.000,20.000,33.000
207.000,152.000,20.000,32.000
204.000,153.000,20.000,32.000
201.000,152.000,20.000,32.000
198.000,152.000,20.000,32.000
195.000,152.000,20.000,32.000
190.000,152.000,20.000,32.000
184.000,152.000,20.000,32.000
179.000,152.000,20.000,32.000
175.000,152.000,20.000,32.000
169.000,152.000,20.000,33.000
165.000,152.000,20.000,32.000
161.000,152.000,20.000,32.000
158.000,151.000,20.000,33.000
155.000,151.000,20.000,33.000
149.000,150.000,21.000,33.000
146.000,151.000,20.000,33.000
140.000,151.000,20.000,33.000
136.000,151.000,20.000,32.000
133.000,151.000,20.000,32.000
128.000,152.000,20.000,32.000
123.000,152.000,20.000,32.000
118.000,151.000,20.000,32.000
111.000,151.000,20.000,32.000
105.000,151.000,19.000,31.000
98.000,151.000,19.000,31.000
90.000,150.000,19.000,31.000
83.000,148.000,19.000,31.000
75.000,146.000,19.000,31.000
66.000,145.000,19.000,31.000
57.000,144.000,18.000,31.000
53.000,154.000,18.000,31.000
43.000,155.000,18.000,32.000
31.000,156.000,20.000,31.000
21.000,154.000,19.000,31.000
16.000,155.000,20.000,30.000
11.000,157.000,21.000,29.000
7.000,159.000,22.000,28.000
3.000,159.000,21.000,28.000
3.000,157.000,19.000,30.000
2.000,146.000,18.000,32.000
-0.000,143.000,18.000,33.000
-3.000,143.000,17.000,34.000
-0.000,142.000,16.000,37.000
13.000,140.000,15.000,40.000
17.000,143.000,17.000,37.000
15.000,148.000,19.000,34.000
8.000,148.000,21.000,31.000
6.000,149.000,22.000,30.000
3.000,149.000,23.000,29.000
-1.000,150.000,23.000,28.000
-4.000,149.000,21.000,28.000
-6.000,146.000,19.000,32.000
-7.000,144.000,17.000,35.000
8.000,142.000,16.000,36.000
22.000,148.000,17.000,34.000
16.000,149.000,19.000,31.000
11.000,149.000,20.000,30.000
6.000,150.000,21.000,28.000
0.000,151.000,21.000,27.000
-4.000,151.000,20.000,27.000
-1.000,149.000,18.000,30.000
2.000,152.000,17.000,31.000
3.000,153.000,17.000,29.000
-0.000,152.000,16.000,31.000
-7.000,151.000,16.000,32.000
-9.000,152.000,15.000,32.000
-9.000,151.000,15.000,33.000
-16.000,151.000,15.000,33.000
-16.000,150.000,15.000,33.000
3.000,149.000,15.000,32.000
5.000,158.000,15.000,34.000
5.000,159.000,15.000,35.000
7.000,169.000,15.000,37.000
4.000,170.000,14.000,37.000
5.000,175.000,14.000,38.000
2.000,172.000,13.000,39.000
2.000,178.000,13.000,39.000
3.000,176.000,13.000,41.000
3.000,178.000,13.000,43.000
3.000,176.000,12.000,43.000
4.000,177.000,12.000,43.000
30.000,172.000,14.000,41.000
27.000,174.000,18.000,39.000
24.000,175.000,21.000,36.000
19.000,176.000,23.000,35.000
17.000,177.000,25.000,33.000
14.000,176.000,26.000,33.000
11.000,178.000,28.000,33.000
9.000,178.000,28.000,32.000
6.000,177.000,29.000,32.000
3.000,177.000,29.000,32.000
-0.000,178.000,30.000,32.000
-2.000,178.000,30.000,32.000
2.000,176.000,29.000,32.000
0.000,174.000,27.000,34.000
-0.000,173.000,25.000,36.000
-1.000,172.000,23.000,38.000
1.000,172.000,21.000,39.000
4.000,171.000,20.000,41.000
5.000,163.000,20.000,41.000
4.000,165.000,21.000,41.000
17.000,168.000,21.000,42.000
23.000,172.000,22.000,41.000
35.000,169.000,24.000,40.000
29.000,170.000,25.000,38.000
40.000,162.000,26.000,36.000
35.000,162.000,26.000,35.000
30.000,163.000,27.000,33.000
24.000,163.000,27.000,31.000
20.000,165.000,27.000,30.000
16.000,164.000,27.000,29.000
12.000,165.000,26.000,28.000
9.000,167.000,26.000,27.000
5.000,167.000,26.000,27.000
2.000,167.000,26.000,26.000
-0.000,168.000,25.000,26.000
-1.000,168.000,24.000,26.000
-3.000,169.000,24.000,26.000
-4.000,169.000,22.000,27.000
2.000,165.000,19.000,29.000
1.000,163.000,17.000,30.000
0.000,163.000,15.000,32.000
-0.000,160.000,14.000,34.000
-4.000,159.000,13.000,34.000
-2.000,158.000,13.000,35.000
5.000,158.000,13.000,36.000
6.000,158.000,13.000,37.000
3.000,159.000,13.000,37.000
13.000,149.000,13.000,38.000
14.000,149.000,15.000,35.000
3.000,124.000,15.000,37.000
3.000,123.000,14.000,40.000
3.000,122.000,13.000,42.000
3.000,123.000,12.000,44.000
-5.000,123.000,12.000,46.000
-2.000,120.000,12.000,47.000
5.000,110.000,12.000,48.000
3.000,108.000,12.000,48.000
2.000,108.000,13.000,48.000
-2.000,109.000,13.000,48.000
-4.000,109.000,13.000,49.000
-6.000,107.000,13.000,49.000
-7.000,106.000,13.000,50.000
-7.000,106.000,13.000,51.000
-7.000,106.000,13.000,51.000
-9.000,105.000,14.000,52.000
-9.000,105.000,14.000,53.000
-6.000,117.000,14.000,54.000
0.000,122.000,14.000,54.000
-7.000,123.000,14.000,55.000
-6.000,123.000,14.000,55.000
6.000,120.000,14.000,56.000
7.000,120.000,16.000,55.000
16.000,107.000,17.000,54.000
18.000,103.000,18.000,53.000
16.000,101.000,18.000,52.000
15.000,101.000,19.000,51.000
13.000,101.000,19.000,50.000
11.000,102.000,19.000,49.000
9.000,102.000,20.000,50.000
6.000,104.000,19.000,50.000
6.000,103.000,19.000,51.000
4.000,103.000,19.000,52.000
2.000,103.000,18.000,53.000
1.000,102.000,17.000,54.000
-2.000,102.000,17.000,53.000
-6.000,101.000,17.000,54.000
-6.000,100.000,16.000,54.000
-9.000,96.000,16.000,55.000
-11.000,95.000,16.000,56.000
-11.000,93.000,16.000,57.000
11.000,94.000,16.000,57.000
23.000,94.000,16.000,57.000
19.000,94.000,17.000,58.000
12.000,95.000,17.000,59.000
4.000,95.000,18.000,60.000
16.000,86.000,17.000,61.000
27.000,99.000,19.000,61.000
34.000,121.000,21.000,59.000
24.000,125.000,26.000,54.000
3.000,126.000,25.000,56.000
3.000,126.000,28.000,52.000
2.000,126.000,30.000,50.000
-1.000,127.000,31.000,48.000
-3.000,127.000,32.000,47.000
-7.000,127.000,31.000,47.000
-9.000,127.000,29.000,49.000
-8.000,124.000,27.000,50.000
17.000,122.000,26.000,52.000
59.000,120.000,25.000,50.000
56.000,120.000,25.000,50.000
54.000,120.000,25.000,48.000
48.000,120.000,25.000,48.000
42.000,120.000,24.000,47.000
37.000,119.000,24.000,46.000
32.000,119.000,24.000,46.000
28.000,121.000,23.000,45.000
31.000,130.000,25.000,43.000
20.000,160.000,27.000,41.000
14.000,162.000,29.000,39.000
9.000,163.000,30.000,38.000
4.000,162.000,32.000,37.000
1.000,163.000,33.000,37.000
-3.000,164.000,33.000,37.000
-5.000,163.000,31.000,39.000
-8.000,161.000,28.000,41.000
-8.000,163.000,27.000,42.000
4.000,174.000,24.000,43.000
2.000,161.000,23.000,45.000
2.000,159.000,24.000,42.000
2.000,160.000,25.000,41.000
1.000,161.000,26.000,40.000
-1.000,162.000,27.000,39.000
-3.000,161.000,27.000,38.000
1.000,161.000,28.000,37.000
2.000,160.000,28.000,36.000
40.000,156.000,30.000,35.000
39.000,157.000,31.000,33.000
38.000,157.000,32.000,32.000
37.000,159.000,33.000,30.000
37.000,159.000,34.000,30.000
36.000,159.000,34.000,30.000
36.000,159.000,34.000,29.000
36.000,159.000,35.000,29.000
35.000,160.000,35.000,29.000
35.000,159.000,35.000,29.000
44.000,157.000,35.000,29.000
35.000,159.000,35.000,29.000
34.000,159.000,35.000,29.000
33.000,158.000,35.000,29.000
33.000,160.000,35.000,29.000
33.000,159.000,35.000,29.000
32.000,160.000,35.000,29.000
32.000,159.000,35.000,29.000
33.000,160.000,35.000,28.000
33.000,159.000,35.000,28.000
33.000,161.000,34.000,28.000
34.000,160.000,34.000,28.000
34.000,161.000,34.000,28.000
34.000,159.000,34.000,28.000
34.000,160.000,34.000,28.000
34.000,160.000,34.000,28.000
35.000,160.000,34.000,28.000
34.000,160.000,34.000,28.000
34.000,159.000,34.000,28.000
34.000,160.000,35.000,28.000
43.000,156.000,35.000,29.000
35.000,159.000,35.000,28.000
35.000,159.000,35.000,29.000
35.000,159.000,35.000,29.000
36.000,159.000,35.000,29.000
36.000,159.000,35.000,29.000
36.000,159.000,35.000,29.000
36.000,160.000,35.000,28.000
45.000,157.000,35.000,28.000
38.000,159.000,35.000,29.000
37.000,159.000,35.000,29.000
46.000,157.000,35.000,29.000
46.000,157.000,35.000,29.000
37.000,159.000,35.000,29.000
46.000,157.000,35.000,28.000
38.000,159.000,35.000,28.000
37.000,160.000,35.000,28.000
37.000,159.000,35.000,28.000
37.000,160.000,35.000,28.000
37.000,159.000,35.000,28.000
38.000,159.000,35.000,28.000
38.000,159.000,35.000,28.000
38.000,159.000,35.000,28.000
38.000,159.000,35.000,28.000
