144.5,28.5,24,29
143.83157998261242,28.74142984293171,23.86564976101343,29.078538224254686
144.63262831427087,29.086035588413107,23.670700386018932,29.070072096527362
144.8393274004878,29.954541876914064,23.5700124093649,29.011038035150452
144.70688633203474,30.41056208061076,23.506564804316195,29.035449003241524
145.8074074743587,30.3319800953398,23.51354654463167,29.119282437298722
145.53725228954815,31.01406637285532,23.440294151515495,29.102215742977826
145.81344892917,30.47459539205102,23.433150811236658,29.193948682541286
145.5909651393475,30.56676272564932,23.366335685097813,29.162651548508723
145.3998596759414,30.823936187816138,23.438043695335516,29.270176930045142
143.9138079547027,30.370868478069966,23.297944970301963,29.32095380852567
143.0888750169274,29.84550663767434,23.23091359663074,29.336176843679414
141.88284930376471,28.966408405941024,23.251195136939245,29.38559981337926
141.21552946800963,28.543724891051838,23.2554443551108,29.388620770960667
140.5791774122118,27.797037765840255,23.25910430586355,29.39506357816942
139.29040839288535,27.541744768865357,23.281603653949468,29.406462788090213
139.29835669756488,26.687278779089585,23.341288610089663,29.402389105677337
138.81513689863044,26.525244461688235,23.358465171707486,29.455517406875224
138.12518414626425,26.20800824512421,23.353835244578047,29.33175313374641
138.19882353859032,26.48722891107142,23.289248807392838,29.246083923281436
137.38350287335976,25.941962991206147,23.301213117781014,29.380001209083606
136.89760512838754,25.677957000829434,23.316016279558482,29.312896395727684
136.98985025167744,25.45860554345957,23.333219582730905,29.17467141015308
136.63962084118307,25.602907856712527,23.405090621336708,29.238788981418235
136.75172943510222,25.367027602792923,23.408431629089346,29.1619882142521
137.75844850512982,25.702856371191686,23.63739890361548,29.349010806505785
138.1688809375293,26.04914228041507,23.583373543058457,29.457960468142485
139.46153808422366,26.909844617577647,23.644702888280563,29.476816990907476
140.35040534041948,26.727853430567233,23.470791560855957,29.453330430869165
140.41107912687315,27.51704471028816,23.39752560202571,29.444327797155157
141.43226599678962,27.7693927506469,23.305578559923806,29.547115699477526
142.29334640399668,28.272842081523216,23.17273816672852,29.549170847463063
143.9959443020534,28.247279348214022,23.119098433313493,29.694808486124774
144.5647292698486,28.34520457694176,23.091110087421846,29.7477124406051
145.03627143917555,28.965818902133297,23.039461908378737,29.585914727989056
145.7638630520284,29.157942629839788,23.116994360888025,29.52300243926881
147.0939121929746,29.382302015007014,23.202699435166284,29.589276442467227
147.96730797166973,29.039868721974276,23.104713734480768,29.663896012579634
148.64435657380253,29.978489665883863,23.04570815924349,29.59153092911227
149.81849201865262,29.88761328338726,23.01554344401227,29.58495356531653
150.76860746430035,29.885965659841347,23.022943234708386,29.566398030893115
151.62158036841134,29.937276429959063,22.974751251674075,29.55206415709769
152.3559012950681,30.102438898068257,22.945471924300534,29.504630166552285
153.0464118480334,30.23216174410441,22.969951468775854,29.479293190729447
153.76770590723987,30.283718365834662,22.912368586034887,29.40581933104692
155.42595364459885,30.49580622983033,22.8212773738596,29.413065091579067
156.1661383508852,30.476045905186872,22.81227532044831,29.47807441550664
157.00758262486133,30.66518770298326,22.76120566306762,29.520014979869845
159.3531501248213,31.056854055407705,22.60465137069774,29.610763767444965
159.8646268819555,30.971594038257827,22.588402067664415,29.519975638340256
160.9033516590322,31.326838559934213,22.564080279166493,29.459762004209132
162.17711294338503,31.002423638515413,22.578464525036065,29.5570203586663
163.79822552308954,31.621217455128818,22.597765950252285,29.556187023649635
164.42529837123982,31.511431445568753,22.582022382171292,29.634599284798004
165.5268273009824,32.10666725118324,22.576681235637817,29.502904767456354
167.61001213840666,32.40640444740269,22.588075976530273,29.612295779146486
168.0276021910057,32.50663207735126,22.756459990671143,29.664231231748957
169.34578632925076,32.96627398176741,22.855919398583502,29.815120328838603
170.09533874193903,32.923128249315795,23.037583420672476,29.894702645100157
170.35117471428617,33.36343719665277,23.286596144996004,30.022199326765925
170.8366102809787,33.72992324147037,23.49163417317865,30.08997481050643
170.4459501319711,33.21402295394938,23.676494903647008,30.380386110951232
170.30744684277553,33.31357658674635,23.8039858532234,30.643744101809858
170.03677466659167,33.04081311181032,23.89295485320852,30.84102787474481
169.44112175932003,33.38627499265133,23.860385145138263,30.942782946070608
167.71403551543867,33.519110938395606,23.851473173596172,30.98756640665
166.59785724750054,32.76419966034067,23.842370816650153,30.943587426199812
164.92645543609245,32.87218335871281,23.80862781814371,30.904007801419606
163.40870929763824,32.24673930765213,23.73592836646022,30.884208204223047
161.19881512748503,31.61859881120816,23.60609131003808,30.827296114301532
159.77829715936332,39.931002108405956,23.92840733470623,28.66218628962029
157.29672294338843,32.39727971498493,23.828047256066405,29.075135837204527
154.9557762291168,31.277448923533655,23.72905021982696,29.43256225069638
153.47459377932202,30.383160122314674,23.60459404016233,29.5813081909563
152.9392251219575,29.963986494521208,23.40614247397097,29.698133592142597
151.8922379025603,29.512815053196196,23.41972979728683,29.811243147880695
150.76943856107016,29.389385260971295,23.43752048160993,29.742506926685504
151.2275165679777,28.585568585945108,23.332235055620654,29.78992039281912
151.020125479033,27.887572696717275,23.336825071711516,29.854489603907233
150.52764946253834,27.54262389114633,23.38655650552637,29.911695831687304
151.1515718059836,27.789130335660047,23.292991646707435,30.030109772951615
151.30308066812583,27.04908244091134,23.350729336193652,30.192682679033805
152.14037151236062,27.039413345026695,23.44536859594338,30.3096945551617
153.37360489179235,26.55149743416112,23.519875500409956,30.341882091690817
153.69044906111856,27.0317254787456,23.548700894667743,30.364019956131326
154.98825794121836,26.75332233200143,23.637903786476144,30.348438792725748
156.24729030625662,27.695739009544077,23.757308348086696,30.26959732568672
156.7487540714814,28.005631548476835,23.926841850504566,30.38461103684556
157.6547163827983,28.418449919062418,24.032356450206535,30.43139287811381
158.3250956818661,28.154617561218394,24.00221661027256,30.491152728060126
159.21686647072434,28.69947171356133,23.978574768006805,30.579549539264764
159.49006802323308,28.11300304207974,23.945621272268944,30.856981692332315
159.12557032668795,28.28599666110008,23.825222224708263,31.005950977471638
159.12067837976622,28.374180652525965,23.621591300503287,31.101129984299206
160.0096152156856,28.546366839413274,23.34296959037256,30.963229456032206
159.1091348039853,28.322525305507796,23.077778079559867,31.031395147420284
159.5304867481623,28.4393104923321,22.976992755048666,30.907906908376127
158.68264265483327,28.26768541785713,23.014258352404685,30.958856862824188
158.70589767512047,27.82210960029964,23.03307322181534,30.926758180365628
158.55202971949652,26.840257750366476,23.036192502985905,31.00740833904848
158.2988128524196,26.419611904534648,23.036920940146526,30.92078022566224
159.3070310881294,26.824589971080535,22.93151297309851,30.616746290866065
158.5080366676142,26.806077058646476,22.72471858906941,30.50807125869091
159.01990750949855,26.89410111780532,22.469593820049834,30.218078900458806
159.09813357394248,26.749093995064314,22.301011707297288,30.019621995542565
159.91218639661741,27.178254650442994,22.31235351258521,29.837572719430288
159.5667110974422,27.390592166696596,22.388451324871475,29.829031209910447
159.86781434597276,27.964926015090448,22.345503706041406,29.71822509873981
159.62863262211852,27.98529302559704,22.535024386272855,29.89061569566085
160.088994925264,27.72030894177583,22.701456075758315,29.96001692537984
160.80488211911515,27.42147953227216,22.84073865006922,30.046164835783514
160.19999426451494,27.358693382001462,22.992512602601554,30.257577026268503
160.1038396370747,27.96909017174373,23.033585785299326,30.246756543631502
160.26443237587188,27.807269529282834,23.01407073979576,30.288953726027586
160.59476920128373,27.822939633994785,22.847196447578444,30.162516481434086
160.44678542104393,28.223432103814257,22.7791444353232,30.04738287732065
161.14740360681407,27.692767176605493,22.66117758835719,29.83484536304006
161.26638297637643,27.80325461153985,22.496124330094098,29.77294615566505
160.3844403016594,27.85207267791846,22.35016003582093,29.75083674468336
161.00522489819036,28.454411275052905,22.215650917565174,29.5159838645319
160.7035445899501,28.501852601450246,22.084869886230035,29.53965370280606
160.99392585636267,28.99721515650897,22.038555142597104,29.505405102259683
161.36504201421383,28.751826716938844,22.12791860536005,29.72407345636218
161.57049549426978,29.243733152437823,22.282056405952197,29.75602303367507
161.90374026694374,28.978172666619386,22.418319951462696,30.084042742861726
161.68205504578265,29.343692692249014,22.608246258595834,30.259561086034534
162.0040986118565,29.19978659343856,22.692453975843858,30.2820665128539
161.55740882029164,28.984481509638428,22.79104442351752,30.280005878576194
161.9011484450816,28.63131488493677,22.907444017721943,30.314897513351664
161.48682736484244,28.864474599821946,22.807383048908704,30.32887767559944
161.22747494469644,28.298151732682424,22.593626734739786,30.379498835598703
160.78408753845665,28.621968085618057,22.407081992890507,30.490047463269303
160.92267433857361,28.87803213211491,22.167231968123414,30.48280748758899
160.51790081061534,28.594523722654397,21.99999419871496,30.64479062869362
160.03037003004218,28.32030447302912,21.91371054024914,30.70287804704971
160.40152321243113,28.12854596323966,21.952173225592585,30.673123013625318
160.96569650231075,29.74064833422964,21.897468184453324,30.596956182106783
160.34223270715097,28.970733354238433,21.893770164421298,30.629319110610314
160.52528692175193,29.413267672211177,21.981096232337414,30.545452295038363
159.74637157927685,28.83904432462935,21.95159907934353,30.578933074522084
159.9027251860559,29.481972411366257,21.950756003434932,30.412866024583426
160.03847631197817,29.222235523319082,21.886454636409468,30.330158604465005
160.42081705608308,30.17190122242262,21.90529807867674,30.29269248831665
160.73437414636203,28.989155242373556,22.1023516861476,30.319715658360447
160.49554907503273,29.547825738927244,22.21763282789449,30.31591793727151
160.1262352924719,28.89383139337503,22.352400968425044,30.5080611865577
160.2013372131519,28.871559493135692,22.40916422756612,30.59395550818363
160.36651728745508,28.81215429153069,22.579649272822703,30.532323071532716
162.23377874280956,28.402780804689595,22.74060341861702,30.75341451047064
161.17113713571027,27.90421718203131,22.841142360583568,30.918852636448218
161.31319671047524,28.14122614070328,22.99982215338108,31.1115031937785
161.50233386894854,27.93382236464396,23.063709843527924,31.187993053617337
161.41691705439789,27.24411220337178,22.985720336537995,31.25188534099781
160.98982886429297,27.580425704666567,22.920509078178977,31.31472851415134
161.35125895310387,27.458498129793064,22.95356227736532,31.332995133596295
160.69428022283492,27.597338189747408,22.997935558978664,31.447055186789036
160.68063195634267,27.2544510542984,22.96712508839355,31.364683538840925
160.25339136005425,26.986709883370857,22.93476045386775,31.343521142975515
159.65394049254522,26.42146305379432,22.920267070172407,31.361740155369564
160.2831091153379,26.819844250178804,22.940565684076503,31.63013660659473
159.68111984069486,26.407784529477446,22.99949907211532,31.748608102593398
159.5637560087849,26.289007671313232,23.01341609905724,31.67617895287301
159.97777594794366,26.336719324331256,23.108180993593564,31.72666303397438
160.02263482794288,25.88913550721495,23.020967252661805,31.825560834165394
159.99817902031634,26.22318206241456,22.93269462054038,31.86649584857544
159.96620430839587,26.047122718145566,22.899305956524547,31.984693724506617
159.95851091461805,26.32894966911125,22.87163251212634,32.020462575432454
159.9642377205002,26.424449337813282,22.85779810924182,32.125496292618614
160.06294313076663,26.761151582444068,22.776526238699216,32.166012337014116
160.1221039794123,26.922830089478595,22.864566505752872,32.1748707214951
160.2013631128854,25.812780572673795,22.884466755919384,32.1863606509482
160.17066627433556,26.86997222669686,22.95529667623277,32.17073627883042
160.20552439739862,27.243097145170314,23.04939002759886,32.071936710152094
160.0635643982611,27.131292934631013,23.22821939283922,32.03938809063469
159.22369068337974,27.09336081308733,23.23927518747005,31.936971905670102
159.6341674922113,26.387666239321838,23.323781391031176,31.96657828304423
159.50044373042505,27.177674295108588,23.333737445220454,31.98026889849862
159.1920814177395,26.85744162761953,23.187637058384496,31.907391149618245
158.74160405403558,27.603212470332846,22.872187228564282,31.533164041294278
158.7819207438549,27.832916684529987,22.576456600371372,31.212923309137558
158.19203894870978,27.437119090238284,22.276039569514488,30.939019788042312
158.30522373249926,28.262027846689627,22.015903110128185,30.6935644768303
158.62968424518706,27.315543240079023,21.706693095208678,30.716140890674072
159.08818309544452,27.682430172349008,21.510641945063004,30.561934935374826
159.2278675395633,28.420256415742372,21.495469542106434,30.45099373322555
159.3609593993202,28.037645900438243,21.407112152658403,30.480388629152102
158.64041868816574,27.5838019444064,21.474190522255796,30.516814586908232
158.86093947167058,27.986838021365656,21.500767659088307,30.38609399310553
159.0909821063945,27.31201187845315,21.490708335542323,30.44033564584339
159.48595019375483,27.66926443056759,21.497325534158453,30.3736224041023
159.12899830799267,28.343625127319818,21.355496983943592,30.26093564232697
159.3537373401492,28.482639193978564,21.2978355952935,30.205883031289215
159.54660013913772,27.721769867112474,21.097199823900322,30.251133690827366
159.7707175244125,27.98837182441879,20.955221526415183,30.16927742531218
159.78236387560054,28.09735527099646,20.872135493310125,30.100123601023572
159.86981363198498,28.475586028259837,20.80234811595151,30.13750636912392
160.19993116726144,29.120630562404962,20.79609943980397,30.105655377997365
160.8322131398262,28.821258250065526,20.758285987724072,30.140557229238734
160.7751577961267,29.570334715001813,20.732597095145085,30.173186164486093
160.73842533150088,29.695596506445952,20.749825839263302,30.346572633182063
160.8577523989107,29.710749569630863,20.816392636212043,30.367509495368864
160.91121757264062,29.639203188771866,20.908531848326326,30.477569668426142
161.3417845174622,28.885408501046925,20.84664498512666,30.64211595496306
160.7851980443738,28.989516034022465,20.922833368429615,30.66530978307402
160.96224734139625,28.944826759225982,21.06761554816743,30.686059857596984
160.94632079578727,28.92200291942431,21.15705679197282,30.850304478433014
160.4247161602456,28.485099755437812,21.16810637696763,30.975908363283146
159.84439797143827,28.88681650051586,21.194483053807097,31.004368496002265
160.30216712804827,28.271331675253975,21.208665857606796,31.106099898654637
160.29611347283338,28.209843586623784,21.221398118487883,31.136952589813394
160.35734137408616,28.066375972741486,21.315097412870813,31.18199470491853
160.4046592421083,28.04130170886394,21.50550566147816,31.18187580078862
160.5811995408877,28.123849543559786,21.575781477760575,31.16090256803957
160.81870638058004,28.164065753956642,21.74080301041584,31.15980874996755
160.80310459276802,29.28312917738536,21.797846769759868,31.102845214114758
160.91735775773031,28.906364598500506,21.939480575123532,31.089189339516757
161.14897569154778,28.521165199125804,22.085718770408242,31.11798541943605
160.3710058933213,28.12536991706304,22.140577853860666,31.245258971728386
161.13540261105533,28.24882051329581,22.175216992664787,31.21024116027195
160.9013351415314,28.165467215018346,22.17024408712148,31.105205770552157
160.49850185876502,27.694548409903774,22.15044562913666,31.161837575479634
160.18320079651252,27.98143240852638,22.185730807135158,31.182600637499565
160.68740931690286,27.036534191227034,22.228216371411264,31.14316149451494
160.06871251583448,26.55380387222608,22.29457992899232,31.17208248255347
160.2424406001473,26.408790158413197,22.43023463525796,31.091928021837333
160.13132830752915,25.165342180326064,22.52071613212967,31.08956664234876
159.5762086794039,23.119509716509405,22.55419318897834,31.185490441060566
159.0212419364622,21.966126969041728,22.5873126194189,31.13105846437727
158.21106114813796,19.909524960097485,22.564813187423262,31.062641884426398
158.6805139125947,18.47912129553597,22.625316618852196,30.93945949797326
158.24952654058555,16.165974117917976,22.767996695626554,30.890325939543473
157.72907231707487,13.46395962248628,22.920199829442193,30.945807471758183
157.71185190810044,12.732971718066825,23.01795347593183,30.78369153617418
157.39615639060798,9.757724318557816,23.157111651782113,30.774422331438537
157.92195914944276,8.018129772681107,23.311173153002937,30.812298633274963
157.40974175392995,6.709086200542295,23.52480304052132,31.075347134669286
157.68159779772088,6.141864134278089,23.660338689870265,31.062509620469182
157.58008923084154,5.882822901113297,23.83942901419886,31.05626695442877
157.63807447342592,5.724647093795035,23.913193658505683,31.09717134945508
157.78142200571682,6.234298327718276,24.043181582329126,31.060354116345994
157.90101042990526,8.378528523435348,24.098157202395143,31.02998231362645
158.40063474821096,9.831059284378627,24.08113499715354,30.858934349173975
158.17805919502987,11.605685233518653,23.969338514595133,30.738485894802615
158.29411585347617,14.809106425639861,23.898612060099737,30.82016556332509
158.24007994239656,16.026426778531388,23.940434757553135,30.76691733648491
158.27127846260973,18.192865019516084,23.924415662818145,30.683234046043836
158.78952696667795,19.67559427145288,23.95379537701753,30.595007855326372
158.39714078091177,21.613348372680157,23.84474746275274,30.760493820199702
159.12591940417073,22.623556993392114,23.79338979070535,30.617336429277795
158.9497572251734,23.813226866350156,23.673031702458594,30.5802899458434
158.94248571469265,24.676817703555475,23.56423767065765,30.553887590242276
159.28768670684914,25.4708504465082,23.589766148228204,30.626662854077427
159.28902186222095,25.025240088234852,23.587735300677373,30.816472859812503
159.2338633061776,25.26466427765517,23.597130051747822,30.839541843185
159.11602469916613,23.47880813875077,23.54471518899234,30.984433127570345
158.92559955655315,23.130726560479882,23.48575317162885,31.060891024312163
158.44314697449553,22.479307204053182,23.347847476063897,31.037482998731726
158.62010624063856,22.533989281510415,23.3726837681778,30.90071743936195
158.58601214613057,22.16235417532061,23.448815541777495,30.85289799777276
158.15596502769336,21.266011400662563,23.511933987197597,31.08401445243095
157.71585358488747,20.7783469333257,23.54091075426385,31.368663300491974
157.81447252128655,21.2586690489848,23.47124312315539,31.440131309965093
157.8853665899805,21.656412263114213,23.49388833096611,31.484748925190004
157.99269739634258,21.57062341646727,23.400637244577183,31.273325529387822
157.50319912052657,21.62636200545256,23.32903147935281,31.278449535427747
157.8521867820089,21.688968482194536,23.335619118443304,31.300179078243538
157.46509851587655,21.986734779099756,23.177633902298776,31.253566340981404
158.35685903453447,22.099112082393162,23.02591029788242,31.117729637996717
159.29257763240767,22.938273671904415,22.630790030999552,31.029331271291106
159.1953264076893,23.989866908942503,22.066581917253462,30.637083131679958
160.60150981051174,24.73131600220211,21.230376710767786,30.26260031037986
161.42830344021013,24.878224747608876,20.471198511849263,29.8524481726261
161.55068495714787,24.919232302899772,19.813995177986005,29.572985881296315
162.76066586295997,25.028942956393756,19.07669537655468,29.401076837367963
163.38924715458953,24.960127057594427,18.327372353804247,29.514580266842263
163.66987396160098,24.520160318906186,17.587671537933332,29.688685733182822
164.7664786962931,25.062537498908526,16.854966242781565,29.707596844255104
165.62894115234297,25.899203765824048,16.219509929047607,29.378349169318415
166.35388368560058,25.217469359623458,15.52586952195623,29.45360329818688
167.12680350081303,25.476191647149335,15.097330401937826,29.592482871313223
165.66223173632036,23.916885488685487,14.565502337066354,29.95902619181147
166.85786239010372,24.444051491974413,14.280483924625978,29.93091152665666
165.88412433543843,23.361643501216932,14.027033968511628,30.10044128189904
166.58755751783312,24.384389690184875,13.64602004550993,30.115888931200086
167.27030630898673,25.405366647046655,13.506443736434194,29.86897061813876
167.24247591540546,26.214793402589414,13.373343870458609,29.218995614667378
168.04552313846213,26.693155847060527,13.46524484861592,28.738564498184182
167.49323346762347,26.039447834572496,13.422878236924102,28.560812662175444
168.11909722217234,26.201949872690605,13.329888983327104,28.466265102085885
167.3486178159273,25.58152763154622,13.323207114550412,28.576158418221702
166.87837289075,25.35081436479333,13.601229783222443,28.43132036051044
165.1647986679208,24.11064966033611,14.041350345351171,28.721144026398143
164.6435178765789,25.19213726233069,14.879556494451728,28.66200917351372
162.5905984972482,24.34150241677125,16.05917650502046,28.714887140999792
161.37543910259782,23.592197111797894,17.341951744783564,28.807769172378993
160.55559784351928,24.191093126606987,18.494599226853605,28.97830535645252
159.88443459268225,22.442145501767673,19.598616717664342,29.4991846339937
159.49701030693592,21.610892460944854,20.624343384783852,29.99004936584686
158.47515681838004,21.607909639036524,21.495013905787502,30.362607834122592
157.3791746996845,22.220526084859223,22.179543417417143,30.59156710403725
157.09175129892841,21.918059778044864,22.953929835633332,30.787371409369765
156.75268681851418,21.97351791835044,23.692151994433402,30.909881058901025
155.66562819989667,22.798815423810982,24.313013554445188,31.050920011564834
155.48464324494546,22.538491306859,24.871263079511408,31.355716938553513
155.49001455477622,22.285638228742172,25.327710993726303,31.55165668300586
154.88087205291552,21.63750255520693,25.627790795821916,31.726703149857837
154.61763864752524,21.432970200602078,25.986044760680933,31.823368173684695
154.7871666537194,21.440873568576517,26.299596487264353,31.947981829891468
154.64679053413883,21.27945999739763,26.627147421304294,32.196651041338654
154.71784523995115,20.256265727841637,26.93944197634496,32.442252131567585
154.4300416509381,20.133454204388315,27.391490536242713,32.719406478869956
153.8160816058594,20.18147646482402,27.80580835770426,32.95006911251095
153.68958033377962,19.606713930993664,28.082635796664654,33.214845900123294
152.95711280830784,19.595116123732872,28.247809909917468,33.48183521080996
152.4182284342452,19.342116378927592,28.19453045552808,33.647203394249104
152.97046515982262,19.38477050893039,28.0875081309487,33.79283002236797
153.03683490267144,19.355693561343024,27.813793259346763,33.89795343188287
153.90052928596182,19.442880330181957,27.569284965902884,33.764204754879145
153.73854307463833,19.851701554754595,27.213571676689245,33.39910592202873
154.32190610846604,19.661544949367475,26.609595114076832,33.096869656179436
155.00680381379138,19.57691736153765,25.961263979739932,32.82649834672976
155.81472744333354,20.559369691955588,25.258100863245204,32.67282267644869
155.5418356604297,21.14013702830112,24.370989483908193,32.41154696209732
156.543965388909,19.867561970189648,23.46453123544574,32.6799426990478
156.65512534467967,20.348108968422515,22.416473430323,32.81614839759702
157.68387268725408,20.993873644190586,21.284202632140893,33.126450124590235
158.4412133095739,20.509558762239145,20.21886447279022,33.34904031911522
158.1875374829541,20.749581537866185,19.550462771003566,33.27581181664921
158.2497385644078,20.789041131358324,19.079642137951915,33.25739371339658
158.3304483049062,20.731134737578657,18.852933636416783,33.09040970081935
157.53880714875388,20.976240161127524,18.90332431759505,32.990216541996
157.46398402299474,20.967566043427603,19.102446890899962,32.776344278714774
157.1721522006739,21.394713408108483,19.559254312792838,32.512707021963486
157.57343179253837,20.34881716330856,20.343361236241655,32.526530675732644
156.6690430612355,19.663584544819713,21.439155805857276,32.77118600479713
156.26124685344377,18.913950078887087,22.683753158851093,33.09247975889749
156.18737285769595,19.306948325069744,23.648812854505522,33.12859391945576
156.01138364892248,19.994703346011413,24.222254192360587,33.29550164223612
155.75363686983394,19.695047698287464,24.91142138029838,33.273415144391016
155.95089438964993,19.957205360585977,25.193047185488364,33.36292722715407
154.8932282526367,19.502749481111216,25.664990234508714,33.5068561665464
154.61808553294813,19.558521478489933,25.877945690174588,33.47789406439856
154.29279792286107,19.741348375927316,25.846755771245775,33.34631000433558
154.80565828959865,19.812251893616494,25.892503748669956,33.21714209197233
155.20349550841559,19.12958071110353,25.75082476534747,33.2260329456152
155.3019590056232,20.026183135691497,25.456814761152852,32.89217689423742
156.15815265604314,20.798265591706013,25.159932392716488,32.37753547406783
156.72518055189244,20.9412820439018,24.9520836666002,31.84746397292695
157.54889934185599,21.79124274995553,24.731333804110832,31.523738945249423
157.82348491289855,21.56498340832716,24.62332384752871,31.322629875248406
157.8571466924425,21.46622532494108,24.405193175985378,31.198679387481455
158.1754018193384,21.590713911971015,24.324735308954345,31.03274648906303
158.87870439543315,22.183958777527387,24.277560469875183,30.729166532730563
158.50990458603093,22.507089790281814,24.233416383406933,30.521796365084178
159.11899394845918,22.883255965925148,24.046271889736357,30.405183015090692
159.36036301681455,22.8911905673533,23.789929956066736,30.3640255172336
159.47898799879005,23.565915745249086,23.50932440424586,30.205891885265576
159.5733572272352,23.63932597498902,23.337342787405746,30.167085897614637
159.91936302489654,23.39550248375931,22.9288908422658,30.153192815262358
160.39724678457398,23.2927286762759,22.39936498898945,30.06285191690253
160.58282404074237,23.050492989630236,21.803969368950433,30.147217992628395
161.19610893826837,22.31707315024279,21.31571146068584,30.113236319398283
160.80626492429815,22.594958547748355,21.041043748079105,30.124941498946935
160.13574906942247,22.2339785616309,20.928971200246863,30.224714989229184
160.0846159380724,21.693603649608015,21.03861659666692,30.30256826595745
159.24424247623168,21.4797554799178,21.229326198304044,30.425313265377785
159.28274861612377,21.34031539968626,21.39045398001753,30.45946998662424
159.57729674282785,21.366319335771564,21.50670967534748,30.435493679702603
158.72817859921298,21.29220802610824,21.544216435103763,30.64252910354938
158.97100718550922,21.32153567608009,21.66567560410213,30.62301131977642
158.84794918327967,21.122914883189072,21.709454552162864,30.547343127201906
158.86989899659721,21.854267471468088,21.729710809614858,30.339467238172865
159.50338747060982,21.346660993062837,21.79551708378815,30.323640003332976
159.2539207876911,21.46023626739821,21.758450853506666,30.450319225942522
158.99506525959532,21.38152916659979,21.674154878257475,30.61712556424726
159.17948987570756,20.94338962689455,21.47410960611792,30.60163058531576
159.82388041334633,20.665837874768158,21.24025850253534,30.696955691293173
159.39589425856923,20.58875226439392,20.90123016359101,30.71480055431936
159.5498770661191,20.799733388173518,20.63880781681415,30.68841141614852
159.59334380255694,21.13312427096149,20.299939994401612,30.618204374293132
160.2771822781397,21.001649285591526,19.943444636177368,30.596658246276263
160.55797665075096,21.17715923183296,19.56246200283895,30.525790168015735
160.6438584806229,21.098957278908543,19.267353280958417,30.477311124273882
161.64465694325764,21.325170973787834,18.980454312727815,30.603816854289168
161.78991540388134,21.13302636497018,18.72854920586016,30.5520004033797
161.3577545188521,21.1542255455671,18.586365963406415,30.556480681794486
161.7998553498324,21.10503160230899,18.351301798394026,30.583637612888776
161.62776284377978,21.456392958246365,18.261635896259403,30.686986182447136
161.22337209491954,20.779857563626187,18.362567891416404,30.762992886680774
161.56721037046205,20.72068556010577,18.732596861914928,30.618491049691226
162.48172333478607,20.812442281491222,19.36815075389986,30.662088037518583
162.060129822627,21.36757590380921,19.926751497633646,30.56736139270561
162.0632368714425,21.08495675609331,20.371394383664267,30.547172999943136
161.60887121730184,21.443434241682205,20.92935483103518,30.513242673617032
161.44722399627963,21.157234265260666,21.395277793806784,30.60529013531974
160.85215363363622,20.860332918323742,21.83029907615384,30.919040405716416
160.88853434496798,20.781207475911636,22.301072588011028,31.09937349453979
159.7373965730993,21.432754485542223,22.915835614773016,31.242248341626883
158.7792335494969,20.839169489956276,23.51082706152918,31.310959942562878
158.27524967289958,21.260667202381722,24.347913096326717,31.545112120746957
156.87563975889418,20.81379492052662,25.327814987440203,31.771261715184544
156.75315746377095,21.064347188945995,26.10812239022483,31.970870395604248
158.11570928880585,20.152004435620846,26.277172811962906,32.1925074584603
158.64884047912642,20.42374554904666,25.87139575856557,32.463602513083735
158.60811013286985,20.381740891379714,25.473799377485545,32.451422366769165
158.69036381714685,20.891631057712356,25.175226947123917,32.162243523647795
158.760983295927,20.993498312274582,24.835987513799363,32.01820457500847
158.60319132417843,20.553884733087536,24.5821875976621,31.670184256804806
157.9948452800972,21.54392695921985,24.201246562426718,31.24698361649086
158.28696906437736,21.258730285440624,23.73794326286789,31.14960842605111
158.07930686443493,22.117867028442213,23.2271525075327,31.01200303182192
158.36402885800538,21.838578212030868,22.49213441679796,30.856154862413774
159.05160268678742,22.587245236981023,21.95866782240911,30.756478206922644
160.7377701075913,22.86003456385214,21.614122096707106,30.844089231372553
161.10713337583255,23.303055135212034,21.16987099643521,30.739601774317894
161.893318780712,23.44668034711313,20.890393357986746,30.65496586653552
162.84454016534082,23.1580078836057,20.49341085102769,30.647927544267542
162.80575258381964,23.40218497691209,20.45945590383005,30.63257933790798
163.1261991993752,23.63050549390246,20.61831836520096,30.557149763563924
163.43537882948138,24.3271204673787,20.716893428299436,30.534128199217957
163.35467587288457,23.954689268125783,20.74106213539164,30.583930702208345
162.53844748354007,23.901360068091392,20.5921498240004,30.627247708210323
162.87857259423174,23.17541525536568,20.414644694532193,30.578497060567564
161.99439411685577,23.04329414749486,20.419427525901533,30.56356134237786
161.8218403175216,23.093945049412177,20.333670850068074,30.394257888269426
161.59826463696731,23.51670961069545,20.410992735297015,30.40354645416799
161.97934556394492,23.867916204748802,20.433539023622338,30.31472976502751
162.22859152495002,23.81957502004056,20.317451667423303,30.165013402377838
162.59498240389286,24.03857332668793,20.1886027074464,29.981495213870616
162.79563547804145,23.843836449132937,19.982241924339753,29.989652396552852
163.145991287673,24.439851995570173,19.786400183368706,30.01682501423441
163.27816294235632,24.52986070354211,19.64323588844646,30.15064450067053
163.4191012960746,23.591939339285865,19.54627344211258,30.343813298061193
163.17404841074028,23.984543358642934,19.430679733201288,30.3904283699275
163.53507830967766,23.626862839417257,19.415366632752345,30.56731180875804
163.90717979008545,23.739429078036963,19.437809818711045,30.56571337912223
164.32741725545563,23.38253520557921,19.60064068077922,30.601634545935624
163.72248566209186,24.435336065938046,19.99083718383293,30.520125976310478
163.10313048435663,23.973870428257996,20.454461911270677,30.43950779507421
162.6732666490086,23.860434686436005,20.99468171486888,30.44969951194401
162.6149085630723,24.574444806113533,21.224027337599125,30.31974767678665
162.74994857715708,24.265656623021556,21.52275163310284,30.147737916166253
161.8098536432885,24.413144352518458,21.77319101065137,30.038445454279955
161.6864544776427,23.036376349560037,21.955741964726126,29.814049245459856
160.36432412623284,23.701771107887396,21.87438168251475,29.671452215568138
159.87949678260293,23.019565144348757,21.7252923540809,29.52740528987747
158.97441420548228,23.183727324105575,21.516913072821126,29.58490432919234
160.08323335533422,23.839455821430175,21.369952530380456,29.595028102174673
160.68776598531056,23.705340303791235,21.39643278644184,29.823784069002578
160.98839443117052,24.014131200060817,21.52789191864389,30.135197349305063
161.02230356030816,23.75699785829094,21.223728875870396,30.300194970564156
161.53635801183322,23.452156740387192,21.055582316989913,30.509506101892818
162.178645885,23.190131328347114,20.977426634628777,30.63379363985924
162.06748932497027,22.660013383250156,20.85096776534273,30.68936427450658
162.9082369168638,23.081458291648822,20.86817765872697,30.71333758923238
162.86881220329875,23.506245476153453,20.77393294735401,30.755108005913428
162.77414793471564,23.35135935240867,20.74224966706494,30.620820076792043
162.66466467467302,23.208739079962292,20.679894303948547,30.50343994850517
161.81024712318265,23.36825324497714,20.70124180469542,30.332885685925053
161.68345845424696,23.44541968134071,20.596305370079182,30.180022419615145
161.70781719868128,23.132777740119757,20.551858271817952,30.12337844227388
161.3462567992015,23.532030120542224,20.51160593425709,30.032339568498642
160.8446061027149,22.992730190647215,20.36763497882642,30.07289497562142
161.08522621650866,22.892248300431035,20.188664537835137,29.96694868825708
160.84964679388275,23.309974650863104,19.973974789375113,29.82152477405218
161.03569570075842,23.068913250505695,19.75426219555538,29.72359436450851
161.52146682810377,22.827787517397766,19.461168737137,29.730588344619402
161.70941639748594,23.101086623406815,19.119961569168034,29.803638887198023
162.17226628369065,22.571627729836443,18.76204813270374,29.87741742358345
162.9171064660383,22.562255075331464,18.616111092288225,29.640332087032196
163.05197681240824,23.017167559345836,18.50015352721383,29.545851691070713
162.55552989571203,22.895451959414707,18.61971301240456,29.48469496049206
161.75098368276608,21.97562420671825,18.790819422022942,29.36433183108883
159.7206700333561,21.851822796274096,18.686802956347066,29.28367643559607
159.35471463558727,21.458254007304742,18.94045883760093,29.110509157234425
160.61760188890864,20.857622509400414,19.36263660146602,28.98557405199938
161.4014787649713,22.51829020333535,19.925364092474233,28.86945411823107
160.78789870072714,22.126542159562707,20.56068216564182,29.080433824035786
160.7329631929508,21.291617979932546,21.064607117199138,29.22500957549276
160.8289915141425,21.41306600992914,21.178049879484558,29.269235973719105
160.79105709727054,21.55125158278029,21.23830340084588,29.20888734927421
160.60303168423556,21.68975558168939,21.300887290565967,29.12060391398175
160.41725272714461,21.27656525203559,21.432864558590595,29.153663202210865
160.40454190911072,20.574786470220925,21.649334503865354,29.223689147721906
160.07880294873965,20.05031704513497,21.940278263278223,29.439180124301437
160.60739336540877,19.727033573030177,22.235003610321776,29.579765205966016
160.75902508818942,19.707887846700743,22.401705771688345,29.6645399816029
160.77314721433544,18.93601264840708,22.676317636883226,29.985467831231308
160.20741953266077,18.542391277787356,22.884159332744513,30.21898515104207
160.1043803482905,18.63699440260985,23.084681056147538,30.268030408679337
159.209766680086,17.66232939112608,23.321521631844863,30.538295323347626
159.56080945695612,17.61536488428484,23.601980738672882,30.684377581644704
158.74324012409926,17.407268268380648,23.98626979977995,30.894166663920767
157.8694940471202,17.873415757048626,24.28925709667474,31.074840846664774
156.85527120834487,18.070958997060913,24.519375805078692,31.467641403440584
155.47915567174698,18.001803242490922,24.924321369165007,31.8379368722554
155.95078571061882,18.47087953594331,25.29434819194164,32.289171535297214
154.98367172118319,17.150546932772283,25.481027352224633,32.70942663307299
155.30855288940495,17.09128079100374,25.346930546939586,32.608383287971805
156.41494342899549,17.32335916667886,24.855490958504067,32.34984241472673
156.30911397527325,17.888852015227044,24.27825187476809,32.138068343683216
157.40922202224377,17.05986289341164,23.624487945477053,31.836174699153315
157.35009927596144,17.46807684281729,22.69280024292755,31.355910827794492
158.46404244762465,17.038869226193647,21.808861787021808,31.22284588936132
158.61053451214485,18.39306264420486,21.355713331551996,30.835002580942046
158.80693427728517,18.49809587536926,20.78097847600645,30.304714336882597
159.49997974166084,18.25213439903154,20.30490783906039,29.994666152034387
160.3461639173194,17.662610319696654,19.90574200716007,29.98211219984142
161.10453542488426,16.784304812803782,19.926021344248976,30.098419005825345
160.90235564953156,16.367471589760207,20.058664985711722,30.36278766138516
161.50030034919675,14.640385478400002,20.37865032984299,30.952487733302952
161.314540901802,14.55543309173532,20.809481706065647,31.312375874552238
161.76448309571595,13.556598909255232,21.285639684265576,31.80822272156808
161.56801776825424,13.080317221323973,21.724789680645845,32.22993413724841
161.53001727913733,12.647175444152985,22.198647937465115,32.6526690420409
161.6389924904736,13.054398651858918,22.619772257586582,32.91759562868134
161.63641659161812,12.087869866082222,23.052266976792996,33.247322468842825
161.2809027206241,11.93055066459177,23.493226073303724,33.38614506603092
160.58108301164071,12.326914496820756,24.077705514788146,33.40165018584419
160.2705079400058,12.296868447242602,24.664536514315607,33.599046397315675
159.4577262664843,12.233546835268598,25.429197492336282,33.8504734277665
158.92837757946748,12.331017885456458,26.347045991324112,33.86731527295124
158.60498418565427,12.726520182213815,27.192955550571277,33.82704179000934
158.0041375191179,12.754094188098648,28.006655935350345,33.97784019390244
157.28710527549407,12.32082999200814,28.607688351007617,33.700580725213094
157.15595781414058,10.284455304300195,29.33587794300896,34.02880061492647
156.71535918929584,10.752620818089085,29.746696913012425,33.96162809374212
156.79361054907366,6.855386969362311,30.11476412210286,34.85568132433776
157.0151358652052,6.789378710706966,30.59617586786487,35.08177436334311
156.255445280625,6.439548913475129,31.084330282836728,35.40862877964135
155.1954607511841,8.911646659883424,31.691684972326158,35.14746341530376
155.06995842508755,8.931653532878002,32.21762320110307,34.66267978019832
155.1229285269362,8.792444835041763,32.686784253776366,34.17770162800397
155.39156078853986,8.855847240617365,33.08079056835281,33.816377588513575
155.932906089531,9.414668788592024,33.39702777417847,33.40349105050569
154.66587305766893,9.790205001452414,33.94103875367408,32.99611265602347
155.15967566924903,10.68774953730351,34.207777397815846,32.211994653657214
155.16922224789369,11.396099611789726,34.34833404476106,31.50931404165683
154.8588155094346,12.068397038994615,34.462285298530844,30.619958363997235
155.58593663988125,13.132845497934227,34.45035205958733,29.802345392155303
155.14561650225903,14.160666661014963,34.30145906781057,29.06159440434222
155.59974855588516,14.89286295278641,34.27180795570604,28.31700211424491
155.357600766655,15.596215404832657,34.2883910126133,27.615524048741133
155.2144542188993,16.628190058738326,34.21205859862418,26.93933692984123
156.053240909002,17.498006888613084,33.95275151480551,26.65808396924943
155.62295098247085,17.57438759935582,33.58017170657479,26.53231805762686
155.87509959773686,19.630712630335424,33.44332343181709,26.475111759400562
155.97433922377007,19.875491733760057,33.26361455597099,26.500669826908133
155.84782573640078,20.212833473825683,33.16491702528508,26.296701899345322
156.1030645932095,20.953537484660387,33.15547214095233,26.30622121627607
155.5574263460947,20.690852720309692,33.194690772900145,26.275125417237742
155.9006939908428,20.745903879692314,33.21511270443513,26.26146316039934
155.43497997634302,20.839524978402626,33.23459372148703,26.265165172673584
155.5594761014715,22.04104857333985,33.435233251616076,25.95109818070563
156.05668945260447,22.622411457556943,33.58458868817456,25.881870761461197
155.78726985535837,22.26836695121033,33.72438697504537,25.98472670091987
156.18487701364683,23.257879777342936,33.873091363455025,25.965269191545584
155.99357250711063,23.4339593954776,33.93482777168047,26.078872481073148
157.11154820288186,24.2629137309551,34.08462572019536,26.117249057920887
156.7663974554488,24.856178736761827,34.273663775406206,26.18880513162695
156.42920934412118,24.834238737254594,34.45525567675331,26.249615990177343
157.34516913738938,25.22093063847673,34.47902263558895,26.43887080429496
157.48865224842416,24.557796302442473,34.41802669667004,26.67006494194728
157.26496604431185,24.862641400705726,34.532137406410214,26.79023141532357
157.1550465438134,24.345118659759166,34.424838639138585,26.997098670268908
156.86688623724598,23.187290133841287,34.56354701672727,27.321584362088803
156.27759153421718,23.310856474724226,34.75445312658127,27.283102805753987
156.3512446814371,23.35507948159346,34.8035818962188,27.242835539311848
156.15949614217453,23.234878536551186,34.92019992282016,27.284722580448868
155.0852479753721,22.46850955635852,35.02369284227096,27.28148210436417
155.123147116177,22.473277627705393,35.079362752404094,27.27654552731052
155.1098575845628,22.55670033024753,35.10875326381539,27.341152035940652
155.40832105676986,22.815864333496933,35.171128077213794,27.502547471042647
156.25277352722298,22.356068415934175,35.144147856117996,27.763745386700233
155.7763078451126,21.790158705536157,35.21465599827384,27.95015765532037
156.1874438924173,21.560942649696223,35.135199755829674,28.105390803596535
155.82551175316667,22.19873428237255,35.12002312313322,28.539838451596847
156.06761190467537,22.984283296064604,35.117821770358844,29.03396173387461
155.6014821364712,22.068973180960825,35.0272086203811,29.236042640275404
156.02488529218107,22.07771980777059,35.02642306711337,29.469405666982716
155.7691555687457,21.789409682453627,34.88141841410001,29.715176150885377
155.79096965994881,21.981923409187445,34.76945951162677,29.955853164714345
154.90492116201813,22.019458832260185,34.72345080985634,30.119635117507617
155.55146269648483,21.528940323964065,34.65191355639075,30.29805774324978
155.83757025198605,21.89955457188227,34.51509970624113,30.56962827199528
155.47117120539082,21.58052144737887,34.20053928655318,30.84396945481708
154.95691499020037,21.47444589577018,33.87318504632555,31.234035386096522
155.60731625688013,21.03485499729428,33.677721801677606,31.474822231227954
156.4457190896965,20.08969102010966,33.463507188100195,31.740720959675553
155.78485877486588,19.409853040720378,33.132428211438224,32.095837639965964
156.11742493872308,19.169076321228516,32.851809202262466,32.48713079679084
155.32259237857457,19.160882508690122,32.65912056374756,32.80907796762301
155.46132033741955,17.756898311022013,32.46049339064784,33.17609954556116
156.23914092528167,17.4264549411422,32.14480787860464,33.36050919877675
155.79968253851354,16.516002473383537,31.777609086840933,33.52915395000605
155.42509227514327,16.98725759938931,31.3480679472454,33.868583323734555
156.2565254700148,16.555136822617307,30.86226311527213,34.01092250682568
156.69596168210768,16.347898379987697,30.395950379177616,33.95693927927476
156.7855205558386,16.837068177837764,29.885933959373524,33.83001615219493
157.67959370896548,16.273135790930116,29.24729565253988,33.78757662760935
158.18160757889942,15.295583575424274,28.481696713970152,33.62061003086529
