96.5,83.5,16,16
96.06948780177106,82.58480952580635,15.842442795598117,16.218342514835513
97.16154676479871,83.5558202785406,15.941700371175509,16.42393143531612
96.73433400371971,82.92636099702048,16.02696562264258,16.698913092495452
96.96590570238706,82.89368573522675,16.06234668252415,16.9008316110351
97.15495234690505,82.4286029171042,15.948714851217517,17.001554805816752
95.96746583890415,83.38421130067964,15.971706942612997,17.109394597274864
97.10419450259522,82.90060764068156,15.93453267911939,17.175137872223267
96.0408816988014,82.6235718243251,15.941257344858276,17.31071262798115
96.61889278623384,82.97142781060379,15.906028751002317,17.397211124669703
96.14163570996524,82.4298109852791,15.907866845723957,17.451797829365688
96.7560389018697,82.86919700636545,15.905692460930851,17.52199771435896
96.33656323828494,82.37672214683087,15.893940131426941,17.562137996630035
96.84317062405809,82.91858584111156,15.876603221857277,17.604271537557796
96.33784487764218,82.47240017140166,15.960665821752375,17.631662119741115
96.91881620447671,83.1389709623281,16.1416495511018,17.640403481995286
96.75276776043385,83.35256500353516,16.300489118068207,17.595591265755864
96.54144544031361,82.96416474641497,16.545090184213933,17.696441252805094
96.1370900506311,83.82520558898344,16.63684708994462,17.819447453524788
96.32107140218707,84.3088641532942,16.878917302901712,18.147341997686183
96.1290026126384,84.9423765393256,17.08221406192495,18.37794102685476
95.62184008752665,85.35806822554085,17.272868367252535,18.71317957787089
96.04965863647261,85.35980306074265,17.238007433892307,18.767505528922015
96.50584739540524,85.47462993575179,17.174048688247666,18.852373181024316
95.54838644181592,85.76900032833474,17.212510996885058,18.823804774875292
94.94696569741338,85.14467240150843,17.409285686526307,18.760899759310995
94.44023321985028,85.39473816625889,17.689459313699153,18.887434537259416
94.78140347299183,85.57423161232815,17.850297854523763,18.913182901554386
94.36814786895295,84.94921400103011,17.921634783388598,18.715986593007273
92.6879645375505,85.5265477073709,18.136746118968734,18.633470125989177
91.76862252318628,86.57397026783399,18.504873173286157,18.622428420361434
89.37825417585495,87.88331566642887,18.468270447630218,18.39162724681364
87.34146519049294,89.09408400201532,18.497019049762944,18.228071160739
83.71144582848167,91.03261103593346,18.403703796582114,17.939498757560322
81.18240950407514,93.02344220203693,18.18063325691862,17.81534913783201
79.67629665668825,94.51343197095557,18.112391489152706,17.704577697452628
77.80816686817803,94.67274194266939,18.009931459773604,17.57434558011007
74.80052624710046,96.4814200552329,18.11086553014531,17.610026426211082
72.69759382896362,95.26567205035539,18.11783014364069,17.384443454566558
70.20745598720157,95.53394378985026,18.075281062913067,17.20232808808371
69.87167840072729,96.32345993210458,18.048292687277645,17.168157597093106
69.84688819031302,96.83528678951855,17.92763359995416,17.11302088770875
72.08017311937998,97.18478883124149,17.791205762999446,17.239201209112892
73.9831182377027,97.59327921496666,17.6209096559164,17.385737273060563
76.34734229604697,96.6168897524624,17.62579465003717,17.293825350672222
77.96004488297739,95.899543385849,17.630692525263868,17.1881448777604
80.70396186846361,95.03555238040869,17.528791476654693,17.124273460754054
83.26640841487396,93.84711285507137,17.500099803664313,17.095206733535633
85.9051482811227,92.59061511577133,17.452443660491788,17.0932655265736
86.81744956747495,91.41285970006209,17.261157366244937,17.0652791198329
89.18931737425262,90.68922679748162,17.195481807468653,17.019083435316382
89.53969677750295,91.1564486623264,17.35284856840419,16.934641815631277
91.33825827001134,90.5150252113711,17.484492024732653,16.813998412594984
92.55367567902135,91.39421155643856,17.6479925243243,16.885643408350226
94.42644950460331,91.49622582549925,17.84198478252317,16.990080380835632
94.02508518809488,92.79827064086362,18.025536491311385,17.009461771759092
93.39780831161987,93.60627496824073,18.255183728186257,17.104650970093278
92.38744679938166,95.85835143886571,18.58482737453462,17.28479606732597
91.34650508589334,97.50668699808895,18.524251647382258,17.4088579238856
91.32570059554706,98.56849843940071,18.382328866905375,17.731412285448464
92.03065812501333,100.03202653488891,18.255138546093853,17.9038145505115
94.48503484567198,100.22006366118913,18.13052235376948,17.92508369505157
95.85524400713048,100.03965437314781,17.989376758818793,17.986713985068157
97.43668694924371,100.1154122411782,17.889904256168876,18.183452929640918
98.45205278606616,100.11921894902902,17.69471001614825,18.318324268263233
99.86012791265662,100.03017355131092,17.668495590222573,18.253439977725677
101.12487463206305,99.73133438532189,17.68463904372843,18.232494754997184
102.05685169921648,99.81029888370395,17.784349202710743,18.103945560057753
103.24570991171205,99.9494997071985,17.83011591103565,18.02393538040151
103.33731288688145,99.32719150960767,17.827755191514647,17.82511598742854
103.44719817361975,98.21484509705425,17.877309695571757,17.460758757985218
103.79983708714775,98.3599131936496,17.963869203148636,17.20254190632889
103.74411645249828,98.87529753782698,17.95899936189146,17.17277612572714
103.74066524606569,99.38165703462529,17.948983968637926,17.12321454752052
103.87100077425687,98.59176106120958,17.956042552262566,16.982402193852984
102.93630733255561,96.98898654166825,18.03920828908153,16.822155620600416
103.282239141895,96.60008474497332,18.078705582725753,16.745288152951343
101.12968506829456,96.17041652481868,18.05403553549914,16.55763086080821
99.66075274141643,95.53296984636269,17.849073870514555,16.461750783081207
97.25256416224182,93.90275633191851,17.817111948053228,16.34197384964351
95.78530440037513,93.72243123297721,18.317518207702758,16.11757930589556
93.22263137384047,93.47655487564154,18.83549626837093,16.031484062955826
90.90828101681728,93.42222393744457,19.006561579737863,16.08114121904932
88.98241446926247,93.16331635440817,19.11722964951791,16.131066003309094
86.75272893010514,92.757948508438,18.752023396289616,16.241294888875817
86.2681066188076,91.81351259043069,18.219707569284473,16.29819746372101
86.79172992077932,90.13337862596728,17.847904733842306,16.220534093438232
87.21512897579112,90.00570636804811,17.473234031607944,16.325106752968587
88.06229505478258,89.82271192429529,17.194447814024176,16.42329498153297
87.63141678610647,90.21103076729312,17.037678870152348,16.401124127221415
88.22212386193516,90.38698707542001,16.873873599491684,16.416480669330973
87.8759248928974,89.69709203180709,16.70692723395924,16.410455493762335
88.07297519536482,90.44631518929718,16.628990168910875,16.46014279046122
88.72668700511387,90.43511225086505,16.505410400502246,16.558119444384076
90.18364393385113,90.83151919246264,16.49366577062783,16.664798421029296
91.20325100216958,90.98186028452635,16.525805307925868,16.678696558213826
92.60358368180022,91.52894869059517,16.796012970744066,16.716356875669078
92.76405935853214,92.16857058095934,17.000347934151883,16.673346329346266
92.93922029646893,92.74086233697147,17.125117664656848,16.575363993583885
93.95276554323306,92.67442882465916,17.538975657456717,16.4612566691866
94.56709464735431,93.85447580665542,17.742298655154467,16.32224586940918
95.9706261288487,93.01806867368641,17.990528060100843,16.09731512211018
97.56016134219807,92.91268813150043,18.189087867166766,16.023133490122053
97.35846071948694,93.14050091850315,18.07338314172948,15.938860529088881
99.11727802921115,93.05509027762892,18.064171850680744,15.880876909595102
100.1822784668565,94.44540746225536,17.96199466198975,15.683968469602458
102.44153156223689,94.02558142032493,18.050442092139626,15.55821485087239
104.69855242450899,94.41079894437101,17.957541515208966,15.425288373928135
105.57961189501385,95.4295316279129,17.641789361156004,15.312392017578942
108.158978334358,94.8625325099849,17.53333705345163,15.252807122598433
110.28608010220228,95.29947928649075,17.522006232759395,15.224249351160978
110.61090641083554,95.85391705950634,17.472478868693408,15.248311474883833
112.11679903954942,95.48851970289435,17.517318023802254,15.274732470799773
113.4342148602479,95.1060938444915,17.42779258815479,15.359860567190742
112.74366686049633,96.02635007373185,17.44988766640855,15.381009662092897
114.9899560872383,95.97371162649642,17.737495389224677,15.47997937233322
116.1449575761239,95.86149262716836,17.920120270569065,15.639841706290282
117.18810040732248,95.769904083787,17.960740526293243,15.777036383784374
118.01197454310186,96.1108808344031,17.744609633923034,15.656030777602203
119.0383670756357,96.32817958010877,17.476067794906665,15.74583477211083
120.46832844372634,96.54068789618456,17.207934065912305,15.778276934076208
121.43780224047079,96.29531395588788,17.158722290332626,15.698083366457926
122.75377119661711,96.23319876406165,17.01176591490522,15.674538353405696
124.41275841950015,96.16702653392144,16.876043160957376,15.611593976730086
126.13149435708908,96.96464328340365,16.999693941648037,15.610170320829036
127.79280469978497,97.26852927792416,16.989748493911918,15.492061694291055
131.20130568446132,97.75129747593887,17.128604278312878,15.276441732549676
132.52916949421842,97.96830614184907,17.234857907654277,15.39699215499791
134.96797915475344,96.56528763615447,17.20652705017673,15.358380089925342
134.53625332385778,96.77219642036424,17.292863664990104,15.44562527232212
134.3719437551815,96.1212129688451,17.35805459113051,15.398141229506212
133.4650850793711,96.31922651129553,17.436265765802695,15.355206695836744
133.1493939899753,96.60143754139244,17.571872393990493,15.458504178623121
133.42772934481863,96.12007161283182,17.786110934086388,15.486807820717505
132.08008709516412,96.31655568284707,17.850125263183624,15.558504914775908
130.83079259085085,96.94991698483241,17.97455612781296,15.701486042342086
130.47091480134856,97.16915934452582,18.05878975847998,15.857968509406218
129.6946444426691,95.63997207518766,17.9257436657269,15.782895639406414
129.96501039388522,96.32501091022071,18.001900226791822,15.845789804476702
129.02006825827146,96.18024655819156,17.979908415598974,16.07263270595609
127.91726266765326,96.21360031879385,18.00386681248785,16.32189220812415
128.59902033633185,96.51799457483698,17.93910425985968,16.27726142041839
128.08697931832114,95.71425315499374,17.859602721586025,16.446633074077337
128.52556275424308,95.9607555546477,17.873229590491498,16.44895458516561
128.56392995891497,96.7357676422624,17.789260606386485,16.44464848378111
128.27234021787208,96.66865066986472,17.656192708692437,16.403545069267288
126.81528893862833,98.09210160111806,17.58920686729289,16.273267228290756
125.98183688276937,98.7501632457035,17.39727754681323,15.961877859217234
124.29237996572151,100.84123752329624,17.14268865912245,16.087869105057134
