32.5,21.5,36,48
31.888557998943924,22.538288209413622,35.245618822954896,47.87639933114224
32.42184891951556,25.157797629504568,34.01483458971033,48.312734971703755
33.22869514466011,27.483039259141247,32.88295834182335,48.81626439248411
32.68459718023611,29.029216956908353,31.985975442431908,49.44738397635053
32.73809892008499,29.86069020247791,31.47683548788636,49.49291796254448
32.467513539720365,32.11917658676296,31.468310279987673,49.383893687931895
31.745157256825223,33.070824377863076,31.886173695120306,49.265061034503645
31.497980199552217,34.05606056277489,32.561509341405554,48.689300278335104
31.02908980789737,34.46574438884369,33.05671419316617,48.22878185362594
31.039939117444632,35.3518523290706,33.61306296882415,48.07180726231091
30.882280300647686,36.724978888391405,33.95578693729506,48.024073611976796
32.0843711797189,37.919472441585015,34.51088590844646,47.93930408257018
32.8316267360147,39.213723283372346,34.83069977086859,47.69156406052506
33.52758162548043,40.719121096670484,35.123183040223566,47.70090026032953
33.81959073709376,41.84247919861825,35.10310039486632,47.860305548819866
35.505414434623106,42.456223268568955,35.28205162117603,47.96112634885223
37.403618383855445,42.06366381373917,35.328901626764086,47.8713695938008
39.624090438452924,41.781855574512875,35.56652301973588,48.09743546194951
41.4492475984558,40.58087958975571,35.86899800637077,47.96786015065635
43.57369811924468,38.29179790087595,35.97984055991628,47.71098391278476
45.86124558779229,38.11043054553228,36.175606771655296,47.657806710554006
48.423342779893204,37.63609703016104,36.594103141390235,47.54427903628703
50.337185106379664,36.371515371003056,37.11436799326962,47.19471563379307
52.65160218838604,34.89071534902759,37.36681568197902,46.94076191721543
54.96580051817671,35.02186956501411,37.48012825472802,46.74662043409732
55.27257925918162,35.50039613114973,37.20198840100646,46.732765207843386
57.037164955646354,35.401224373403196,36.75843407350668,46.488623629266016
56.01519689507937,35.35417711044723,36.051159743514546,46.5457416948105
54.15729721435593,36.18100813981695,35.21015301746753,46.19991628787313
54.38477939789234,37.61723615203749,34.769866106043494,46.54910800284245
53.83096472760011,37.328887773715735,34.832804599231096,46.46717617653156
53.80057588142699,37.11121618724831,34.82455321368981,46.498772327314455
53.566644719974434,38.244438376574976,35.01625484938674,46.89058972463158
52.6405480704929,39.255528948078556,35.129389057735494,47.28729357422391
53.46682706020663,40.13212450725524,35.06185495831291,47.53205014874163
53.579824594647604,40.75382862213628,35.078996623201334,47.50110470183936
54.01081897658379,41.297031176289195,35.03301392374393,47.55070714091206
53.878582198021874,42.44192927815693,35.13270991884556,47.349422404156584
54.22768072192195,43.88529545377885,35.25704856469089,47.086780724452034
53.88208300557303,45.0860299241869,35.28136863499249,46.792448271596754
54.10939366467691,46.07352616758921,35.210611928171986,46.624498741144386
54.03028971845336,47.21399906013997,35.1621449467902,46.39579261249122
53.34752021937234,48.08194211502532,35.0124276592848,46.418791647907895
53.387808560054005,48.64251527017467,34.988316119396686,46.58420003178491
53.18137472976501,49.167413813396024,34.93853786184379,46.8790942218925
53.57903293663591,50.01045498512545,35.26053829018116,47.24268305152935
53.35596042998901,50.2154053287273,35.290543998837045,47.37268731637491
52.7254517031005,51.858077723369135,35.48728463815333,47.85862162369464
54.27561222518786,52.50173920558518,35.77384947540255,48.069294393477314
53.643532457447506,53.30896687362217,35.932352863880084,48.397986120658665
53.99507262580429,53.4414372035251,36.07338319487205,48.66819497552794
54.34820819074593,55.48247307366181,36.24534335199134,48.47797227623962
55.716527202351905,56.75904327917654,36.50413484461801,48.23014569081747
56.32038143271781,57.87280253388768,36.78789958182321,48.20381669937004
56.50093935755654,59.294208471994125,36.99335234519812,48.03684520096476
57.2027932482131,59.378728848479206,37.171634686680115,47.67181504784621
56.63326802485862,60.2031968241589,37.248829817226955,47.426335426786196
55.927914135470296,62.383332502833696,37.058871311442445,46.92893428580623
56.14393329920642,62.621993271119194,37.02898582029299,46.54580778731545
56.11597472025818,63.25800751176735,36.81958249831962,46.08225205859024
54.94183832434229,62.919048112859045,36.838195828176296,45.86055747597474
55.32082119425612,62.83638629395503,36.574027629013315,45.67174062348926
53.92935403928029,62.1023345684464,36.59569999896253,45.44440592791533
54.54498628756188,62.15393733176022,36.4605031694068,45.454852973323476
54.459503875546176,62.087392694667585,36.30027320522066,45.48202310246109
54.209199413892776,61.92899022069386,36.319485513022244,45.57903158656138
53.54758071762522,61.493357107699,36.37670844880839,45.65303913745269
53.791655137944154,60.83593317699187,36.161380527922645,45.838576867793925
52.543412967455495,59.47532588961194,36.18713623311199,46.15710603872994
53.54819766959171,58.881409359580545,36.191861930005345,46.35487155719347
51.434784956110384,58.153002961201175,36.389363302249976,46.45665334046343
52.47011805181844,57.86348545892899,36.51999558609937,46.571631167702584
50.504253595967114,56.80984750485393,36.782885758406884,46.796309987038924
51.06038635480567,57.00192694209388,36.741119422477205,46.68476934671658
50.621750963978684,57.34484259294902,36.76897943180757,46.71203454444935
50.14148332570202,56.61924097466039,36.845107068857416,46.60538360545898
49.35618950289509,56.54683354172846,36.924337030335835,46.53425899423678
49.005319132437265,56.58608502806163,36.875021517341416,46.5805650035851
49.71785658850646,56.935420537819915,36.7818402876829,46.70935236572136
49.65470225844729,57.674353338583316,36.619582179631834,46.809089150669166
50.254033609666735,57.7918642092382,36.47509807273585,46.798011030279575
51.08199570828771,58.360395246461536,36.44299012724866,46.72578319293161
51.248713866270556,58.35402743077337,36.37637591096863,46.75470572660745
52.24607671196292,58.655955115197315,36.46523548188249,46.75688588832673
52.36985431895609,59.35553806606636,36.44283530851792,46.75270125165671
51.35210037465951,59.58302894279515,36.6522737228908,46.586007346433284
51.91971542125093,60.28554801352019,36.47010658127274,46.44696458824585
51.40102324157084,60.97625708253959,36.66839469248304,46.243219074795064
52.178040540042964,60.59966245204008,36.79976582673997,46.096976451505306
52.280433051193654,61.44542097539582,36.73665210437297,46.01019477924451
51.84888267500945,60.83515445601849,36.78440506602331,45.912877705084114
51.95456359996661,61.14827195259893,36.74469475829572,45.83704171733629
52.82016839593548,60.13535180262693,36.64030537300014,45.65953266539736
53.768082739355854,61.17968836143925,36.49153138224246,45.41435789696249
53.23804846799131,61.458778934689576,36.41383356373497,45.32790137986398
54.905993881088754,60.86286400560676,36.41798222919353,45.27192147030654
54.47165232383769,61.406384093827654,36.31097408478834,45.28991647967865
56.892272205936536,60.965061729073746,36.51865447516218,45.18315366981879
57.39640530218929,61.63225282042805,36.44260057580472,45.105725680225426
58.64703345818241,61.60024501535472,36.35711741712352,44.93036026017016
59.86901341136158,62.085148767090004,36.14916520119487,44.98156792393593
61.17107785301044,62.34809270816325,36.06858420569928,44.917933463334464
62.0263523536583,63.400685922698656,36.07022559403675,45.17764333171848
63.14191197777018,63.51544333746965,35.953848148028555,45.399236689613566
64.14879125263556,64.09153859163779,35.836275830864636,45.399495789126405
65.247187529153,63.474982700853445,35.69286829713212,45.702450088071025
66.15136907892345,63.79972145288015,35.54442016798916,45.829992621191856
66.67516411850244,63.35032697838771,35.50884936545015,45.99541847823108
67.41346324968268,63.780283296361546,35.56116674678167,46.00779716880623
67.81753437744939,63.40844962047119,35.46297011035456,46.057322536601056
67.32328123962517,63.42430205641776,35.459579101018406,46.08382061685444
68.39075953535374,62.497997085327746,35.35601579912732,46.42810843932163
68.27838349229927,61.74174362628794,35.36062064805459,46.592318476679196
69.47963077943461,60.92099911815624,35.30992270082858,46.692706037254126
68.99256736011712,60.76339131410054,35.1713952111173,46.62105462881165
69.61696984806855,60.26957528458682,35.02117154930134,46.461386444461404
70.15224272874342,59.5409482074312,34.71688903448788,46.57398878049719
70.16420831270214,59.28799052208627,34.42568640746779,46.622280431017984
71.24012336181826,60.41352036915453,34.188895490944844,46.338160543819626
72.41721580094287,58.59114380647168,34.00393082181732,46.60792058332412
73.4317696711544,59.64671868023446,33.93125864257439,46.580856061857524
73.98043061649498,59.088445594406416,34.02928716044729,46.617034549149295
74.3823782459016,59.92619863420094,34.18016437401563,46.546850592134106
75.35661162563648,58.93150609476872,34.21773236548431,46.8758505391626
76.39532839457668,58.933407755281344,34.54791425080643,47.07712850218353
77.5349156741949,60.12509363583024,34.89945339281813,47.08381168226311
80.31655392787907,60.70131367339167,34.98119737037413,47.34198728974218
81.60510216302458,61.34478615601739,35.38506174603037,47.2848017792179
83.39591379441092,62.05350430277504,35.83594113447229,47.26495791104899
85.47460922950602,61.70000771420005,36.08053590957629,47.473696043977085
87.91021945286346,62.1178783810791,36.3898836810926,47.7159641964174
88.79327480427514,61.97965523261322,36.63588130422751,47.84233927473936
90.3794853648185,61.00318468114412,37.18924686908438,47.85837702017175
92.2577215922515,61.64924377470462,37.317596306003054,47.91974549019339
92.93930349489705,61.548710967495964,37.59560765158322,47.71171256883458
93.946375526504,62.16324269985347,37.74090172160909,47.51452066135527
94.97105134513957,62.08319150208061,37.798047372088185,47.403886183751126
95.79964591304886,61.66843848543959,37.92516094775641,47.394445218913816
96.78360308955976,62.02045922211881,38.09525161296887,47.35674463310191
97.09626746462052,61.371067293646064,38.079847000439656,47.55456251333232
97.2266863073418,61.25849213895759,38.096666525824,47.39446347621458
97.83149166368221,61.334663407957336,38.228062807390586,47.381535993728484
98.3479700158139,61.099628219960934,38.131922318642346,47.356883019911635
98.74208285969351,61.1096112498103,38.16028097956172,47.33565286595425
98.90585888233369,61.22349165488098,38.106051695340184,47.2851520821486
99.30895821147533,61.41081125756354,37.97322363680361,47.32348121431934
100.14669896318503,61.50598117814698,37.96743500733898,47.464866344685284
100.77116123592376,61.58150650124687,37.86839969258965,47.65586684690011
101.10533005060132,61.41048843047174,37.874497857588004,47.76473233010039
101.91118138655447,60.974365800161834,37.96606240236414,47.741895772616395
102.96685782055981,60.81816546482857,37.89096918553756,47.87650413256822
103.97418748198287,60.494464678548056,37.77207218702463,47.71085066667709
104.69907856891535,59.98314179816365,37.741825173224356,47.51593577852775
105.51842210482495,59.4370115440113,37.71330548555281,47.36932340112841
107.74506155660161,58.720752273369285,37.625275262114236,47.51195010338504
107.95629979264035,56.92920618242929,37.49697665005836,47.69316559726148
108.34581618850626,56.38374076469702,37.563547383965094,47.33814520935261
108.69639920209535,54.87867868254343,37.76134403331204,47.506115109209716
108.85688256822229,54.01994229632464,37.89152539380488,47.59126008661861
109.6549733076148,54.17804817646964,37.795585313831225,47.4703236628326
109.72906160509572,53.50227857441813,37.682387283698006,47.339891245422244
110.36003854101521,53.31094983280429,37.63428259875631,47.25452235883982
109.82908624086146,53.582659172100804,37.6405027517753,47.23914444696279
109.95603769824443,52.94545551714329,37.46462551331942,47.23113112165445
109.9924614257283,53.7175829720119,37.39871417915237,47.1153513534425
108.83358947293962,53.50530105198611,37.44508624329905,47.2141777171452
109.20444787819135,53.55417693911572,37.30592476736362,47.46530057142983
109.52284387286052,54.12706641559536,37.223535248613956,47.46291656552255
109.23438626215018,54.99225795516089,37.283458377902065,47.4987584667458
111.25818184852156,54.7821994232683,37.26433867503847,47.63334800319866
111.7570377084332,54.08048609598657,37.287696362678254,47.32762100557096
112.26736674627698,55.58333058352615,37.38067835695224,46.761165095143305
113.00393442103044,54.49108110829752,37.322929207396506,46.503319380073215
114.20699170887185,55.7046327450029,37.1973009770048,46.29742229486437
115.41295210296232,54.62765373270318,37.033639971614996,46.311568803655696
117.2970553601123,55.47540148889178,36.92453279775388,46.502762238956116
119.86483369553895,53.9450619293203,36.81951230167477,46.855057559499805
120.5853214451044,55.384404421489634,36.89481685758994,47.04800233781069
122.0183636695385,55.522927500272225,36.763581146438405,47.04362096563064
123.54690928803376,54.58605997431756,36.9603460915463,47.00712931484985
124.01665908638174,54.593770677462224,37.017291077789494,47.174227255036115
125.17986929815481,54.70044733462568,36.94658626284013,47.2899710924655
125.98121487412666,54.706845405211595,36.82807174663863,47.40946251318712
127.33792372853762,54.81898330254673,36.76825854526298,47.5257666752868
127.11196628981574,53.671651369188666,36.62578159989182,47.29866483307959
127.35020958231496,53.74796412474612,36.78475992158589,47.34583154315322
127.20042785134294,54.38612643753744,36.74173233624292,47.329138193701255
127.5377543313266,53.53326246978688,36.76037932544476,47.16757622842267
127.9522850132114,52.99368418000531,36.72439167545463,47.093250251642715
127.51516455437941,53.90849319099121,36.70694859739487,47.11093359361592
127.82354408570511,54.00264942504393,36.69601275356595,47.11328106575326
127.33557403604726,53.988808520782655,36.62973631349872,47.19269550381339
127.86383673896788,54.119239292666045,36.57854909964357,47.16118206821902
127.65028528664668,54.234994298301224,36.54780640582673,47.12460401109409
128.26862093029865,54.512252362572,36.59840387634292,47.053253057275214
128.46690044095726,53.78958615187527,36.67937736101479,46.799764530067904
128.98451659357022,54.149459592021586,36.6340576253117,46.74463971818043
130.1245240336094,54.050055025900164,36.72018883287984,46.597471365243365
131.60299178124953,54.49329623841699,36.735723621107844,46.550642670602166
131.91008044284098,53.90179919775673,36.65917542542739,46.51362861708078
133.6639181506202,53.78089271278951,36.66803123888816,46.52275578264815
134.28448152770648,53.186374943789836,36.64431051918518,46.59332363208701
134.81700428769554,54.335416210565754,36.79772090988973,46.94781468404542
135.84571024019456,54.35086796100502,36.954666857827455,47.11944560544529
137.28794558625825,54.23524201980318,37.20566631760137,47.30893680851457
137.8868161550173,54.35828886528961,37.44075420249076,47.73788455469077
137.93356027733907,54.56956641111218,37.49388398136201,48.02628043369534
137.81584079888472,54.253865818064384,37.83224017734064,48.15441504683867
138.41651294060165,55.04718823756066,37.874399583672684,48.30972822996373
138.49834202777978,55.317265824111104,37.92827104891815,48.63370456712057
138.29310983872756,54.6685176759752,38.06252365863386,48.257435800106535
138.38642802315445,54.9768037494759,38.07418733848898,48.081909444015864
138.90558598133566,54.13273517516612,38.12324897034433,48.15108013240745
139.1485969866855,54.69205293880468,38.12503035920746,47.962827333707
140.058566149352,54.1431502025621,37.97491436911771,47.88583658255172
140.62702082230214,53.776708110226885,37.83207710287596,47.86519127818177
141.91799256148687,54.78945207434785,37.87152682824183,47.65273645388272
142.73278174777295,53.596681875485686,38.156368464329034,47.84933131976194
144.1848971569967,54.793745737275415,38.48978923241411,47.86433393103662
144.78419110656768,54.234358498781454,38.73498819278448,47.83915222363733
144.8206312017553,55.044241089930274,38.531769259080164,47.739038454303554
146.1339043618505,55.601898963997286,38.42546419941834,47.96780649218027
147.5209410960429,56.267465506390614,37.92538374632288,47.77204342349164
147.73705571340412,56.36592397949383,37.4785102725026,47.64621856133539
148.3805252263655,57.368621256315514,37.12830431361552,47.51523964375464
148.60681396555398,56.92068778530451,36.74623281191547,47.46932750872357
148.07769814239663,57.279419069632915,36.457718251946616,47.32911577834649
147.56480337088908,58.352635391861746,36.408145470247035,47.06106879692136
146.9036500605253,57.36580188536607,36.49830582785208,47.17068077241424
146.15195042399768,57.310206713091404,36.677429607285504,47.17757395586128
145.76714726598922,56.92014508049816,36.951198175251704,47.134049781567946
141.87894762736397,54.23452659421582,37.63976452479838,46.85447794294487
141.77459459446104,54.010815185039675,37.84514068259461,46.859400587251606
142.19203947937586,54.816168596801624,37.98168550596564,46.91713303279356
141.89925493397425,54.63947708101207,38.06477665287162,47.01732322236599
141.82402715927995,55.32186461735662,38.161761218158915,47.07777495727119
142.45173102025845,55.131220383633746,38.11218490470259,47.30281269456003
142.54810778976102,55.15551295565137,38.1421764862228,47.52208632399471
142.97483173554141,55.641279753152325,38.21715456235537,47.414633396488526
142.1657063634449,55.006895325632584,38.29090543243337,47.57188732557129
143.7329546373122,55.71818782816682,38.24502144115635,47.55973728182179
143.94909653429954,54.61011065961205,38.35269236910929,47.62802656193974
143.2546688673932,53.848376348374316,38.624879478587225,47.39455851506553
143.0806859041301,52.37411161354636,39.13032369292951,47.273922516505515
142.8620176182489,51.2944962016509,39.55118271710591,47.04127783484904
143.77422534771364,51.663684974342715,39.978352741727434,46.58168495195054
143.8674738671271,51.33924388118518,40.46782041599716,46.28860918767355
144.46627562135774,50.943312564400046,40.40498873141895,46.28927833598383
146.29939576096254,51.00100636765007,40.17403044416797,46.195273154464175
147.29778669663645,52.10123221764472,39.71218869637817,46.13271536965126
147.84281300383472,52.230050475090025,39.51843347721099,46.16542351027442
151.9170046839883,55.08056835632917,39.200748130209504,45.92886767104442
151.89418711434848,55.31548962224438,38.76252390927105,46.08585559785506
152.00834401543955,55.978538759194315,38.41163021212901,45.92539684364665
152.93308838048438,56.31139911332663,38.24417514006697,45.776043272814114
153.15334344751233,57.636746876566505,37.98189463600457,45.612111462078396
153.20158440474054,57.857081239604106,37.90169657639028,45.44516550383308
153.51019523043027,58.03331362728625,37.99190498968903,45.29848674803247
152.95947478269656,58.53822331046196,37.91484487521534,45.15728098241195
152.74284454330618,59.88487776537728,37.952879143640345,44.77808688161755
153.1403327844067,60.05768453458432,37.6961064969267,44.617561649868904
153.5394785066794,61.85053824381615,37.52136266600205,44.55702360396383
153.7377084625812,63.88310654225864,37.2286790079583,44.53350440057251
153.5118093621657,64.570678278271,36.82543689697591,44.69062373067181
153.53032529158608,65.5980518065209,36.58538953186764,44.91785742711696
153.4343002661798,66.88011296467754,36.25048415694089,45.015050551935275
152.89980062131323,68.47331794931625,35.5837820049092,45.07568133125403
153.75363262704795,68.02359795921494,35.24666457280075,45.350061349184024
152.12677618204893,67.54493953960758,35.12497048228427,45.23005808952177
151.3460434994734,65.26945227953897,35.30519214168581,45.47840790720539
151.64412153821502,64.02272555673677,35.512369406277905,45.25151442516695
151.37996768303125,64.57399061915396,35.66202627254831,45.10732536240153
152.55683813088606,64.37793450657375,35.47463693361662,44.85867335111174
155.14047993488043,65.26897804508869,35.41287500455243,44.73596933262985
155.4242619739859,65.92077297262016,35.044190913342945,44.93359648520394
155.46475288622932,64.86643495815991,34.99601796265853,45.23291355969479
155.13738285762753,65.9039155808381,34.76612877028934,45.345227724036896
148.93530711751174,54.119650281718755,35.273668083162505,45.34839729932638
149.09713170639628,53.56909464392947,35.73011966823755,45.367198255958115
149.2700946521607,53.42491030878452,36.091430305105305,45.34008428002113
149.8800069135154,53.383982552761765,36.587049512750255,45.496079215735016
150.23012453999348,53.99359383360432,36.988915466573516,45.45473872935966
149.82703819095528,54.30093254236097,37.177187197051964,45.7322146941477
148.6266385681776,55.678733873969776,37.37726303295457,46.00447887129263
147.08401853115717,57.214392370847136,37.72132840911952,46.152348898793406
145.69565987623938,58.04174452167416,38.1415844324103,46.423434072580335
141.57406374786015,58.77161527189762,38.3376499191492,46.56896605731713
137.00369328733956,55.90464067613995,38.83006873478271,47.18371025081612
132.2788086545117,56.2113190308466,39.20203724970598,47.07272920372962
128.44916797855856,54.76683466540295,39.343410028461605,46.88378584240805
125.13843300128622,54.11163017894508,39.10471152597508,46.690457961724256
125.05627260547547,53.36916707458269,38.99720280190099,46.40284765425945
124.74981072118914,53.3516450868799,38.85673381448838,46.446904814011305
127.45570395663498,53.60196081132453,38.57073603225639,46.497920193773474
128.02755996112478,53.69409223659527,37.85012774322651,46.80150857552227
129.7832280872458,52.23657501955094,37.26195991177608,46.76192240986422
130.01769029109377,51.96054705366683,36.9052819876445,46.798900869899335
129.490990130486,51.34109801456796,36.79104555673142,46.607461161422584
128.3587434132154,50.18956089853336,36.98213777858041,46.22331791950803
127.23362578668302,50.676371404474665,36.936519416838024,46.10109966717741
127.17024615685041,50.60968236012367,36.775991202824656,46.04005726919078
127.31509679951448,51.30402129149936,36.424769892362434,46.22283726929341
127.58526205473603,51.906634400213406,36.37873137291474,46.39677157527992
128.45327752127645,52.16253371450129,36.446285969161295,46.588832752764944
128.8907750925033,52.56938967430045,36.44335172167373,46.68491462732174
129.62543232900958,52.45774040023477,36.615740019847976,46.409380800641934
131.11264814063983,52.50010812993353,36.621020406017394,46.19217746039935
131.3552633081731,52.46934814455009,36.51925166553245,46.08062865443951
132.66238824237942,52.20226751791745,36.278885282913905,46.02500218607087
133.38421435857308,51.86054105987199,35.96722133749866,45.94039674253884
134.2538280732711,51.370012024182955,35.72784728067644,45.75050857349181
135.54677766770303,51.105519894618524,35.60930906517077,45.68755314489179
136.21674935333303,49.71357664367423,35.50701632676902,45.552328394949306
137.00189788485628,49.916487542916485,35.41223343723019,45.82167582597224
137.28851366857455,49.853305977738316,35.30196393096044,46.00522756408091
138.51100651822105,49.41776021451591,35.23489266037837,46.16510925690374
140.3571833437187,48.82058105864074,35.330403456023085,46.30356925990011
141.068336561659,48.79117130174728,35.53584252929008,46.42404776705042
142.17081518134614,47.40500711026547,35.79739439369088,46.45461613452636
143.2311958267851,47.3810837827527,36.20899770967023,46.471931120516366
140.8193124620923,48.210491016799494,36.15089273876897,46.50457297032437
142.04092724969064,47.51748671704273,36.47637091580009,46.63518043534694
140.2511845491471,48.006949113585975,36.58026799520137,46.550683239783176
140.25426508921836,47.556777649267616,36.61589881977651,46.59866770799356
140.50829223798453,47.888783835400844,36.71072231794046,46.579781201663394
141.79902668183064,49.27497400340421,37.02879003989791,46.41989247332268
143.4556439302706,50.30082316736364,37.59892856509741,46.20904879017921
142.319145022634,49.703895622707805,37.902974439834146,46.337959254590054
143.47411901774555,50.16298851402676,38.08186369173749,46.466075194478705
144.16598093327883,49.951380699481575,38.11082382444656,46.61599428855396
145.6530147591759,49.358765991749976,38.540400496001425,46.649425694144725
145.87105610021246,49.13148997325365,38.457480519826596,46.66127001371871
146.3193481851414,50.22938364847029,38.35123427015762,46.72049660600394
148.20872180177548,48.29264298102915,38.47145764083232,46.59521867117186
147.31885414083723,47.78468477160885,38.585617816033746,46.545047367234126
144.22397647091816,48.201492661153736,38.19788282612942,46.98673662087446
143.54018077724518,47.087684406300056,38.02536088358803,47.426933096173265
143.82169492540973,46.70219233861188,37.97655669929276,47.57639969252526
144.11631584912038,45.110022686975086,37.88913219749064,47.49403944326284
141.9181122362597,44.9215908924084,37.978195463403665,47.57408417997158
143.62113021705494,45.75379636905451,38.01954528977703,47.266465557421235
141.7855805293635,45.275502765592755,38.2041205600879,47.20699217360074
143.3818877015538,45.406057486105624,38.19009532131341,47.18467738718278
145.5208108906795,46.24145330852203,38.33446965000169,47.34504294983897
146.7117561470841,46.27223577651069,38.25443398605424,47.54391606866169
149.40369154490185,44.98125693257863,38.45389525218627,47.204478931544124
149.10681783899193,46.50741404631408,38.395530537655716,47.37715888665989
151.63281619488944,44.85003063919791,38.58478910921637,47.43344467519643
151.98744804480276,45.733098225288956,38.449402803589145,47.75884578650737
151.1605603525652,44.730730766313926,38.36976043865932,47.39807548595159
150.729343325502,46.19847945098185,38.26718176361785,47.58846789475294
150.70380886519973,46.955599202118876,38.34758556835922,47.6349770888061
149.59977360721456,45.87741335471277,38.67293132236673,47.03799661839613
150.63388111563958,45.783752219579014,39.3567490623221,46.42371646547258
148.8250225922465,46.487207285707214,39.59785630686215,45.89416947856759
150.05862922096998,46.202061289493166,40.047672668632124,45.606579388533376
148.50962992765773,46.067512841203936,40.10748208251184,45.322518240296766
148.88617216205697,47.182035497030526,40.073102075764766,45.47555467569864
151.00625051077367,47.022069384107255,40.19374182989996,45.32341781690087
150.0989499072416,48.01028691940894,39.92908149559753,45.49083307283559
149.60334981848206,46.838301182206166,39.75754060809126,45.23466016094964
151.50028032860402,48.32472896288073,39.98661164045966,45.20743991835661
150.30641249586967,47.1381849733805,39.73964605394471,45.00001561212453
151.29256588853582,46.923322404012126,40.081468382763454,44.78866627223501
149.9315806232558,47.464013377197574,39.88104273030954,44.51178359439592
151.2965233301538,47.02205530518752,39.92259639198354,44.42933404341633
150.58817995392275,48.73266497693062,39.66903427836442,44.75353444060702
151.50646433871827,47.97352987432977,39.797539928748634,44.61963649109223
150.12915970243913,48.05865499376137,39.56905832377394,44.41090844399194
149.25979060341467,48.12369349695129,39.30189566199009,44.395779613459645
150.81339447860597,47.59226863502177,39.56588537368944,44.265158263214374
149.00913158551563,48.5113333857421,39.46988807332226,44.17072902765811
148.51747754927192,49.21128845626613,39.38215336970188,44.71860867485619
148.04314708986524,49.01386269916303,39.57684509601036,45.194558753031544
147.4794563371102,49.47805255082,39.63523482123933,45.54015072654407
145.72629151940225,49.693656485932735,39.58147987528011,45.94110577297891
143.55403563429965,50.35523884789558,39.47758971753735,46.16713109345631
141.8787325367893,50.50582867865158,39.45430074425358,46.30509848709337
140.68159487619855,51.24102902207717,39.461954590215406,46.2522490793102
141.64362108077535,50.68930685274703,39.84776384106544,46.27242549080067
138.94466414624827,51.30792034668924,39.86338543945917,46.31836216964142
137.86962679145577,52.33975219252228,39.510392178768335,46.51270886539597
134.69205936739405,52.46828040405627,38.68596970343597,46.53840391313221
134.3673868609432,52.41113161688456,38.08570083522645,46.563481984370945
133.15794851844578,53.374677096392176,37.6498898294865,46.527994733622926
132.48267292924845,53.858853464596,37.52469914463042,46.297553340789804
131.54998915285765,54.65712083170918,37.40463419180441,46.10489562644565
130.92628379825794,55.34720755420712,37.45629037295814,46.117462431083574
129.99679122722728,56.1213052109205,37.436353052556086,45.95077928272639
128.51314993454233,56.75086631989816,37.448860542940054,45.97276794753016
128.05807850058733,56.94263516928878,37.21916447690533,46.07488305312362
127.14945504048144,57.49483216455796,37.08721732344006,46.234509147920015
126.68991043866114,57.78801890718651,36.85967862409602,46.460687578308516
126.66534847263148,58.44995318417348,36.72235809480969,46.500267286549246
126.0105597851494,58.50320680973523,36.57482077327117,46.59276636937292
125.40034397674395,58.53652668464295,36.56053311365385,46.964575793723206
124.0858063664547,58.39308618111584,36.50066518657303,47.24826423630488
123.83678576445388,57.932312151199284,36.319983293727155,47.400171969638045
123.71614696833132,57.94786922312052,36.391448996443046,47.39786582536178
122.65564155467321,57.52947827383718,36.41349084106273,47.179102155462274
120.91393528743053,56.81433932612536,36.3040383853137,46.84153275131009
120.48372313720513,56.68096330604888,36.166998624981126,46.63657625531499
119.72647140040667,57.07520359312212,35.99703144504411,46.50055792520233
118.31169261161479,55.43946928321916,35.96107975100617,46.53580904622895
116.93456788271668,54.39081509989071,36.071814814042256,46.517083381971545
114.63348811011012,55.169461588034295,36.24927123807007,46.26884168093766
113.22295814681749,56.09676471511212,36.23868043070759,46.036719753144624
113.23905412260851,54.89165804717882,36.42404616271263,45.92433959078125
112.02699221807363,53.84435771883983,36.376929212886495,46.00210479633312
110.07679920276215,53.09472369029879,36.5304626071722,46.387353340285024
109.14154521429909,53.09566671151688,36.783562070075476,46.32822010618129
108.26135652105529,53.89546792100772,37.06420980415828,46.218599457715044
107.76720050302046,54.56909397129689,37.40250738014113,46.27531402240466
107.13035683219705,53.81185905462655,37.41494005355216,46.321317216226596
107.1546833762262,55.16052148201338,37.43680712807625,46.2223619598416
106.4455594555033,54.84672459070332,37.242664570542864,46.158773367507514
106.12422569358299,54.54532253408706,37.21109526033429,46.297638171619845
105.3740303761116,54.112263327146024,37.14940348541834,46.43249312677313
105.82915209447003,53.4711583092804,36.96186177704543,46.1907555659544
105.50902106379877,54.534979975628936,37.014386337720396,46.09515950498583
105.20714803234256,54.98289885557004,36.77192120564074,46.19730686969162
105.23017992248985,55.45518300089152,36.49164551855543,46.1764961917539
104.87164718411663,55.894817303749264,36.346576061830206,45.778159344919025
105.12416535453775,56.45602747863967,36.06677050421205,45.50463490254025
104.71972061073289,56.71526764487126,35.59761290701343,45.67856694648089
104.74207340881131,56.79165788834915,34.95398440255049,46.04340392359066
105.00654294745209,57.36438085560445,34.35276300351779,46.434117504460914
105.32501248301264,56.769109209607436,33.74821781258517,46.668009287646804
106.02443432596438,57.598154485095506,33.23608578372896,47.21109561846084
105.5908408802853,57.506844700321324,32.70260810713973,47.64616920064156
105.92301581068472,57.46465723560341,32.23127139286056,48.07780800270083
105.61321874399428,56.05522917039568,31.739460511249668,48.34118913654954
105.89312453983956,55.32334221040799,31.39167989656984,48.55714399047723
106.43354447593782,56.220635467431386,31.219508184811858,48.69705769386819
106.20222407945543,56.75019309585592,31.037319048901647,48.83633315929391
106.33485107232342,56.16273011275602,30.857189056622058,48.771378563665074
106.65071881380953,56.003253458368576,30.7021493198332,48.732393582797634
106.92757295971772,56.97070894935564,30.659506153482234,48.85839640201675
107.63348201361612,58.24307748169494,30.51150869387879,48.958478358563134
108.33191971631587,58.251771643218454,30.5094509984021,48.97379906781323
107.37353498681688,58.65249423518959,30.52975682481644,48.890241583474996
107.79148172713894,58.48565394153322,30.471902859190763,48.80374939003555
105.97151179799576,58.86046715328771,30.456134166070296,48.91249881386621
107.19112062594635,58.04105773776621,30.06951689392763,49.209371519878694
108.28571893699055,57.82297585102969,29.816540083278753,49.35884085608633
73.31867040891265,41.5855909287211,29.893322075957993,48.31607072267615
72.72956035565936,44.45314459956859,29.994827309150672,48.052546270538066
73.2833126677967,42.15888078895584,30.06084885274559,47.501456925516
73.04915015043866,40.70273254986991,30.116807705849624,46.32450379278699
74.17319460187038,43.04671510285996,30.02211660152439,45.778045358712404
72.89691224583865,39.696719205550565,30.120458872868248,44.53171471223012
73.1109075373486,41.754854378903076,30.127353314872764,43.840694418930866
73.10571793761333,42.65311898629622,30.195516568771637,43.04987830934629
73.78195702691936,45.00565773275921,30.042895863532994,42.64395557487369
72.74214391942728,42.352432603409426,30.165141426089495,41.54838490232935
73.85510699201384,42.53186351717515,30.06257949104515,40.9369963146966
73.90339619235881,41.45997588247589,30.051411275513452,40.0439144559518
73.51959755579973,42.37760473273824,30.10886599577898,39.283595648745276
72.68938059584514,43.103710913781796,30.118467620270398,38.64886402958954
74.04801667679571,43.215065331614795,29.996155671076753,38.1164667450176
74.4328500217396,43.99244874481597,29.785761866511574,37.506535104619886
73.97677623527288,44.09868010792673,29.657988870978812,37.004978824378426
74.47148674802139,42.75499755273438,29.472939083236597,36.215854152429756
74.71936197790545,43.696085729065224,29.43017537049494,35.74334076172791
75.03228919555414,43.87868699722685,29.270434651561455,35.23883057746116
74.03499149739073,44.27118679605769,29.183132312292575,34.79474925253317
75.0004286556482,44.99648590537687,28.9219739963346,34.335146917836454
74.70045516326485,44.37493156959705,28.754500331572775,33.906384523302656
74.83037719600891,44.60820827771158,28.664460809341417,33.63811756592349
75.40011350345138,44.28209950745699,28.55708255385436,33.42452167230868
74.76688233195942,44.72663088884851,28.536130226847746,33.18059586192585
74.30728459327842,44.66912396291677,28.469757061593462,32.91294556975018
75.08918889941953,45.19604160259407,28.37640767210486,32.71352528988059
74.18967956889225,44.90059208628187,28.232185929030383,32.58524606313229
73.71267593029496,44.68809897149561,28.106899955187345,32.4765266409447
75.27600728071363,45.298772478395236,28.01845336839422,32.18869726201408
74.31808677063906,45.538377010665116,27.85157887722133,31.969423129467796
73.829131569865,44.99041336843191,27.7144996404409,31.955546975747566
73.99736387591417,45.50702639133376,27.60295840061121,31.902205375611132
73.85861441465259,45.466802414221256,27.471186023295367,31.80871244774939
73.64304203307252,45.56872310313166,27.326063126791357,31.68171790792602
73.7098700894421,45.439254112054805,27.167843010480322,31.569727662178266
73.79592597187522,45.23246268234112,27.018533788509167,31.4692391166717
74.13329390449967,45.16739145132992,26.929456652336658,31.404374418388134
73.98990653476424,45.27565683357851,26.79597656526179,31.313938755128245
74.326834119735,45.23887417262699,26.7352842108911,31.250166258289482
74.4767232334968,45.73245816051264,26.651541200414233,31.167611836995874
74.66634587234729,45.65726642815896,26.5021099156904,31.081861025909213
74.79748329367075,45.5653405882707,26.370481868077896,30.98769801600181
74.64222004426756,45.53742259409397,26.229420093835873,30.93683897074542
74.53330433357023,45.35231540242515,26.12613748176991,30.90663873821353
74.54259898302756,45.874048246404804,26.05683983306111,30.854122382968296
74.76192060904758,45.74322637174857,25.924622122660406,30.746856534883914
74.98156147547719,45.599464932245866,25.809432420326377,30.67012198881952
74.78540172149357,45.77757094583798,25.765181015694065,30.53898309057396
74.5738248637996,45.94577036746529,25.710421112994222,30.424261058895222
74.73088962998277,46.06006458065184,25.62485202832077,30.355666966504607
74.79533137701952,45.91778923462523,25.5073848679748,30.27714278964035
74.87679513139591,45.74272001050638,25.378889572975485,30.205541898049557
74.78770236796757,46.06756566008439,25.269682870990366,30.174392078004264
75.07483287925255,46.15124119552289,25.202823553208628,30.086429834212755
74.728011236615,46.434586606114976,25.185054587488093,29.924077164245087
75.00104881029849,46.530252374593786,25.114732687859007,29.840788821104603
74.72873531310343,46.36406444811874,24.992186535047576,29.75930012108001
74.51812980893716,46.2697328489671,24.889577858397825,29.66045289453091
74.74130728612836,46.48484801159877,24.82453268151367,29.542037235061944
74.93162624255294,46.71429857879822,24.75239517779079,29.435192693365906
75.17089137248526,46.83810404028192,24.668049060277294,29.335600219943416
74.51043498679893,46.57679036420744,24.547314421257198,29.28693988049921
74.90786537533292,46.7844858964997,24.455267031106327,29.23338891501098
74.28521232815827,46.64121498659289,24.34299925861145,29.158313259076536
74.95421093064151,47.269316369163136,24.358446987536276,29.109712160386557
74.63034879489277,45.89470553213316,24.22615763818033,29.213259844196866
74.73892324390562,46.16382937087134,24.19343303617609,29.110213096362237
74.90457877281683,46.536656492408326,24.178950616668864,28.988834180017086
74.98505912739412,46.942821845602246,24.137991700421995,28.89069437395501
74.45350521907686,46.80967761595228,24.028864624211376,28.8237396122104
74.71710871512384,46.89884243372558,23.899437543873926,28.798133616867286
74.88741422958736,47.02532516739278,23.777904891836105,28.784379515113436
74.71846976328284,47.510016024003676,23.69122895623339,28.77410269748339
74.21361572539843,46.14048705984438,23.527477621334818,28.93008081089108
74.78529240823805,46.68841679631608,23.560419059274956,28.880275224361256
74.57372256478159,47.18629267768294,23.43764785131711,28.82175506191211
74.30384067378101,45.94382805216486,23.233415549581853,29.02936488164334
74.12758812905867,47.10276533018818,23.149300671804312,29.038651637699985
73.8036084896717,45.30110931563216,23.016671919763123,29.172553724185065
75.29997864752688,43.4591256427609,22.794255595828286,29.334602296276458
74.83697252903053,44.43721394218077,22.679982841556637,29.27618680392781
90.48035703928385,68.73013627860601,23.503901076909397,29.522209349094897
87.67271397344318,69.91409770051516,24.36100325244448,29.907816053921625
89.52703325954975,67.45667452592025,25.031415888727413,30.70008998108385
87.05201106549784,67.87302526300425,25.866787616003613,31.72258772471217
84.08282103829737,68.83800064784623,27.02586459652151,32.873789870982826
81.44729859527476,69.59570794154604,28.59183493384542,34.163208934172204
80.10491397616235,69.90481606347646,29.89597808964986,35.67325091861336
77.91335550416106,69.63493289101164,30.911496023184913,37.31549529088672
76.89227161942128,68.5453546703754,31.79589852338502,38.94786572189387
75.5493661166858,66.90569699824019,32.85620694249121,40.09852086413792
74.3881534818403,67.1652105265041,33.540451241036564,41.41669874077661
72.10332623256014,67.23629134231325,34.3040962085758,42.1237987506607
70.04236593438127,66.57160525604102,34.88497948384284,42.922161606760746
68.31778645330272,66.76957421378593,35.04255753054889,43.59216538266955
67.42194865311504,67.10175581928259,35.229155506603256,44.17983409401663
65.31313347218367,67.2577186877323,35.373344363033894,44.63757717463736
63.755698271087816,66.58867570765739,35.5136735779392,45.00508249733219
61.32163681738527,66.82721443768294,35.69108260289801,45.14397225138858
60.13287475276839,67.29510854521521,35.55466329837017,45.215861949036146
60.35951073513181,67.57322816200005,35.6034622374214,45.17318611001298
58.96943556453024,67.10039674297016,35.51163882564909,45.07012596566613
59.56769590757344,67.6942893634809,35.44759399252899,44.987969215092654
59.45353641601269,66.9276397124956,35.443116202336014,44.759996444271195
59.45615644310377,66.15590211014573,35.43046035338641,44.81901403693328
60.09892307182593,63.90646660534428,35.42418343978365,44.82039177947686
60.491086547077245,64.08909050818274,35.430959673504184,45.048120663138626
61.188926025684836,62.56008582147517,35.465011966098274,45.04390302582683
60.20871666118492,61.43622369678394,35.797385732215105,45.19628392384515
59.41010317604397,58.69218405198589,36.15374484933234,45.41349062051523
59.43906252548123,57.98635404898551,36.35598307995076,45.42310430369342
59.18888604829663,57.089938157498096,36.46702552535352,45.75487115193773
59.56135078832757,55.19362467759608,36.74681599882862,46.18789613725445
59.30889065066013,53.32458281037354,36.90469669381835,46.56796481127473
58.94424501079539,51.942803243441325,37.100237201071636,46.83686070661376
59.04502139775122,51.239625391825044,37.17351649703379,47.30502720133879
58.07828930044733,49.260868321888914,36.93840683528781,47.85640435161754
58.060723153162854,47.75657008593556,36.53347860372418,47.90200744011666
58.34907540202428,45.40409740847651,36.09647176203674,47.98237479591977
58.16311478409965,43.501355992474146,35.981374144460034,47.821671581324146
57.9683571220574,41.747362158169466,35.639973445290146,47.82763650670842
57.912516542252995,40.35479519563667,35.60406952582504,47.41995798899447
58.32278685997417,39.242819124811234,35.5683256051654,46.97998186030538
58.08282931723313,38.097074520107554,35.5299420050968,46.40902142371664
58.45447955279143,37.270092475364656,35.44514160932046,46.14314779996086
58.60808295197826,36.65678467705312,35.692315406630854,45.68318500360145
58.850768476826204,35.25252160236185,35.854398499505464,45.26960541148312
58.58962649092676,32.9784965717042,36.00965205934566,45.00701942924985
59.13065770408468,32.28116769997335,36.27990267471682,45.10526398949927
59.97921585188835,30.535498558721187,36.3255419113742,45.186180185287895
60.98805168853491,30.016466148639047,36.56788024212466,45.42854821046545
61.01164639722048,29.40521878018388,36.79252895332026,45.68501401861907
62.11684798138772,28.69620687463677,36.98940146171307,45.95126568825669
62.15232557671123,27.872325501753004,36.970461773071875,46.25775512622393
62.54890366070671,26.911325560454294,37.09347989764529,46.63937703431115
62.64558701862627,25.851471065456224,37.18529169414101,46.94651545240788
63.65673535210573,25.711881292927288,37.33449618685006,47.20296952337637
63.84172717549109,24.691642570633867,37.52188224909424,47.75054290092372
63.126104960974246,22.689066777929796,37.73377395595995,48.16714701814644
63.62188344230618,22.457298050462185,37.80624561401599,48.41363390581233
61.69592081842658,21.00897055902825,37.91921536403349,48.44202731298135
60.61060076410287,17.032666110716477,37.93912176334558,48.6580524998881
60.7521990205987,16.302818394258516,37.98753953606139,48.615574151409064
60.93375831651706,15.227508143996573,38.033660802613575,48.47009880384945
60.34290859403972,14.800869886934024,38.20345016665853,48.35944518796967
60.572831820595674,14.343213370778841,38.366811163459644,48.05035412367664
60.085520389405524,13.082805568748263,38.31107678420939,47.96966683238257
60.73053868510891,12.233135561063833,38.055620661934086,48.01459159792691
61.251190761488004,11.340858221299797,38.02322263519823,48.0747967787062
62.09372282898681,10.640939095789264,37.78156067133557,48.22905292599802
62.77970024522021,9.000925387952794,37.6673519392945,48.47901027521893
62.3969890781897,8.460235486856785,37.42261621137432,48.55099257069708
62.83090780630445,7.688807537273252,37.26490777774307,48.76558840573909
63.512488841950336,6.204488439044965,37.08891800011433,48.99544205057518
63.29766541741588,6.415173406857836,37.15737214593618,49.141314618115636
63.96660109122572,5.70023033082089,37.09640621575882,49.19343499546266
63.60169135474038,5.976854887478435,36.96060805586359,49.24157326370122
64.0669665372295,5.513183138849705,36.91586264207629,49.098557650126466
63.977055574727984,5.533741511796972,36.81906346379259,49.07227484815028
63.725114097675906,5.701080257184941,36.764315593807694,49.053640197855145
63.139077699364826,5.897617757494942,36.683034079440475,48.9360376296101
63.786598013778395,6.215873853943062,36.69867431685479,48.89602714474456
63.28481488130133,5.554328300181229,36.62274515181625,48.9746515898613
62.78285829059708,5.429131770152999,36.58294905511805,49.03190530546395
63.03018796392432,5.223276510406254,36.43270605858985,49.17536527015741
63.01217238501708,4.972223102862245,36.44454454418146,49.26499018121558
62.70615626935723,4.742784411811993,36.444608258197704,49.06135383040593
62.62348258499375,4.281173194031986,36.37221825440708,49.0632077266326
62.74088087756818,3.6913393335173446,36.26220891792927,49.09578930416823
63.00314154556394,3.622755024911779,36.20804833785816,49.15037582760409
63.43014345627613,3.6790449836967944,36.19272353207023,49.19533192494857
63.19368034919074,3.3615004573555396,36.16167435485306,49.35518006161736
63.80589603020352,2.3214677750211976,36.25109732956609,49.38385978518802
64.33555223237363,2.9258768284102565,36.202526159051544,49.395988705616325
65.10379159366855,2.724955293335327,36.28856299565818,49.3948279043253
64.39215096754106,3.480044656209376,36.11027209196074,49.245094677997365
65.37556140880278,3.780111376679777,36.11955201185883,49.32197552834303
65.54310224365713,4.714563473306562,36.071295581808506,49.2281067164066
64.88213298112287,5.324483346151396,36.05231759248036,49.137913033567884
65.20568253058256,5.444703725104386,36.0339863415758,49.049863962697465
64.9322677144863,6.1722980329623915,36.11685055781372,48.99903349555628
65.38010925330745,6.129683587908168,36.20323446911644,48.97315141528681
65.26773843576211,5.891171070201171,36.27462724108226,48.91848197886471
64.85360624743024,6.4372733550696495,36.185820573300994,48.850189600518746
64.629219405838,6.326601139124779,36.24875565847255,48.81315528828312
64.23614377595763,6.324975509577268,36.27839546841945,48.791851221870026
63.976072862527744,6.202871462487813,36.276220660624205,48.718384053359344
63.84792592188079,6.091281519498555,36.263490020805676,48.67197928357614
64.48101857381043,6.019016409426733,36.23734120452574,48.57023544966934
64.85131019933347,6.36146618779177,36.23118552477635,48.51944449593991
65.34436836881582,7.2097057860631715,36.20988229902423,48.55675426652967
65.913818226458,8.132889957210857,36.178635486343005,48.60302889908782
66.33542255034827,8.984300957001167,36.17955908314942,48.62189433561102
67.08593596963536,10.13333496717593,36.211815120589954,48.609668972350725
67.92947267769621,10.974878781255544,36.33665066481066,48.83285172898001
68.76985450908919,12.828178050795877,36.232524508509705,49.10402494893255
69.53693725892913,13.467748471115002,36.048344369929055,49.560621551264575
69.5570697216836,14.598615513671518,35.79162593687748,49.796784375865286
71.04405460611345,15.73483718082787,35.57639635470909,50.17330640028671
71.43824730174686,16.426938940591086,35.51912368202444,50.178126661583036
71.67968722521178,17.26703924790377,35.409485796096945,50.27824549924343
72.080732444178,19.035317493759322,35.439604706843085,50.40469984317991
72.21241536034859,19.933221944138264,35.40704084426853,50.22772329219925
71.84529694460342,20.88105814135372,35.42221266521122,49.93129692285379
71.19231280164115,21.907183264271037,35.46381933118643,49.656268475915944
71.72099837802662,23.04088681322606,35.8133152056982,49.568366726211465
70.69682896393107,23.380492505370988,35.93494116329144,49.58728934699134
70.14724278929225,24.398342720097315,36.04000358396116,49.31871070937829
70.14189226086324,25.088977347111122,36.17041940755997,48.86573831938342
69.28752328509322,25.79879918808937,36.31571834752623,48.430045908007216
69.37582891796637,26.46504934188369,36.70098582256743,47.99666283178759
69.03331105125751,27.584993227864658,37.01461306365841,47.669946589595554
68.50397868403773,28.039821051997798,36.926195230882996,47.43829812678841
68.58856002999187,28.954781529607768,36.90083901139542,47.14954454999407
67.80962971737608,30.01144677786421,36.96061378018931,46.881428181975444
68.13319837978975,30.99257168134206,36.92360730186236,46.871452220692355
68.67916818700759,31.812009961403174,36.9719629545318,46.85654855333136
68.62202597485106,32.207734924753325,36.96945659245932,46.91937510492161
68.57331751064721,33.47658743172681,36.90509361054101,46.994217965425314
68.9771172054076,34.866940438478025,37.01196358232548,47.059589870929244
70.34993863226393,35.491081085170016,37.050884985280916,47.30625553417978
69.96186189131075,36.260696227622674,37.51732647444665,47.171051876815056
70.81770903172304,37.358873327061445,37.7239391403765,47.22329744562245
71.94384491179335,38.16764850969283,37.87267193307707,47.428613162551144
73.31360241344362,38.07855626935002,38.36636272506462,47.82746035628761
75.34123931348269,38.703055969470995,38.6910866552416,48.06433799309399
77.43800466103045,39.34751982314899,38.97042249533286,48.36803363874246
79.27880083530619,39.18801865095657,39.06249629019875,48.27235049538011
79.87811512522798,41.18727200251236,39.320648501637805,48.12517812568834
81.16609433368646,40.80635530997543,39.47633495357154,47.79638086024186
82.62408941359246,41.1879043567264,39.23817739721413,47.93929339448651
84.44389633682773,41.81364714710256,38.96263158205462,47.90491725549139
86.114511687235,41.61181922944338,38.668505955168925,47.824762964028295
89.79959046628801,40.87511074085485,38.15357920532095,47.813298063306185
90.99778843539393,42.41964252617133,37.583597017757626,47.6029414247411
91.81177268243272,42.85735931586056,37.12765074715266,47.76107443948647
92.7579720565978,42.959138700388515,36.645869111935895,47.73821905709495
93.75952377644981,43.21197821089822,36.080851705099306,47.88778808199687
94.88722054522484,43.70822508814163,35.61200690126047,48.091447491419956
95.47821317464475,44.715605165110475,35.33408683416641,48.15951705130369
96.10328887904755,44.63982095092845,34.91919849880518,48.03009812753492
96.69327360381372,45.361323429095506,34.56847497422248,47.99871986778743
97.35073705627335,46.105421918709105,34.337966485326504,48.08788208808416
97.98745353798353,46.314241878593336,34.29591648794768,48.07445047081355
99.87528612339455,45.62003104807947,34.32805327902447,47.714638455884575
99.50458661569607,46.48748088884069,34.26612199218293,47.953173699441464
99.98066859925962,47.19591685617826,34.1230984092531,48.21636227063335
101.6891278400054,45.57776705733933,34.08696443932769,48.066680546976364
101.40100608794282,46.05077484437004,34.07859545470622,48.03078963245321
101.37305983689872,45.5649973887716,34.159692289339795,47.81181734295122
101.59571470852461,45.74455568314369,34.15298892750434,47.79428221802085
102.7133358657874,45.551851060014144,34.279665539217774,47.565117747162624
102.95914133910091,45.65367473714595,34.35337490556758,47.43834730143974
102.63908916692124,45.485301040213436,34.403699753733996,47.2462194635619
102.52699036365908,44.997746886442954,34.536150463752946,47.14764045611568
104.6682814395693,45.508480041287875,34.664045473339996,47.01085936476004
103.24621041878899,45.62815918732352,34.60293529665417,46.87159918342416
102.78728688547596,45.26239059152909,34.59702880369083,46.86192603355947
105.03286294851873,45.6597487720869,34.54221367177642,46.857922207825176
71.57925474293768,46.240132658153115,34.385198210379954,47.030476841507856
71.48897549036542,45.5218861770163,34.161979950654775,47.141445235223756
71.37203698616287,45.569845508949086,33.77581922455136,47.23376747199391
71.67968581361703,44.84342833097593,33.553744140062335,47.18001980622695
72.08728224753553,45.195663219631896,33.34337414629457,47.20281532728158
71.68461186041074,44.57946018069508,33.20459123518418,47.04702720177843
73.41854877249759,46.893297436670736,32.92249936672947,47.549531618202366
72.12058048109972,45.94814662056545,32.67306112690864,47.60142299211977
72.36747478788746,45.90414152289081,32.696444849911515,47.61529299639088
72.18367347994432,45.680765344026895,32.613134990211876,47.51023407625234
73.05097624168471,47.401094837241274,32.47363857184125,47.97856547297177
72.50779491537979,46.47560054966618,32.28019484894756,48.01898905330996
72.32920717721254,46.37642434989691,32.19194973225876,47.99052418769556
71.86891114230306,46.158729130470164,32.003157026915964,47.96321029586631
72.10103233343602,43.46841567795801,31.866414302519388,47.63760512996775
101.7364021337774,39.546462265667444,31.82883662810616,47.79231727528863
100.2675311198422,35.72633669002312,31.730796318787853,47.71921479269667
99.79802234107592,28.591458461465674,31.64807653920797,47.68575717663041
