204.5,73.5,34,42
200.42592572178845,74.78405079817142,34.465481777858656,41.52015905429192
200.98103115481985,75.54752351817547,34.93603806648943,41.41634603387001
200.7128598014922,75.1853368717812,35.1281829932509,41.55040410391835
199.6335263896393,75.18449007630592,35.353602012314994,41.44141586303223
199.53050791751247,75.57185225463431,35.695191154263426,41.495703185071136
199.63890570676506,76.36620230345932,36.11453014063474,41.79668001594132
198.07849027542508,78.89881702671778,36.67225804272819,42.01911975124814
200.31526174710956,83.6488770117561,36.77585924532482,41.982695307294534
200.43976894274124,88.6471347139604,37.02596005291204,42.183424547050976
200.31128248929116,92.44895048011982,37.30985135430328,42.127737083640824
200.4821339476924,90.68596534272338,37.6371630702027,42.38150701244066
201.90186584760608,85.15099559724842,37.84547263158137,42.683206528415
202.66936516505595,77.40850995255062,38.09040637640423,42.80199072216851
204.54480554107613,68.9624623345394,37.92992560490892,43.0357397820435
205.64096604332715,63.79935580527255,37.83169553897501,42.86912828613383
207.8624276928883,61.22469927284206,37.5608274842985,43.02308240705559
209.87382546023122,61.1517381745157,37.302995099637116,43.08175949701124
209.8610429992397,63.798678240461584,37.14964902112996,43.084669011268154
212.32762421709992,71.74634119972796,37.54782642153009,42.72145807534038
214.54832417343297,78.97250705690728,38.02298477455004,42.29024071034698
217.06138591686695,82.53466181619439,38.03688223037005,42.049469437927556
220.26783767560866,84.77138250639828,37.88941440853483,41.84262723583396
223.79785917089683,83.70995521189707,37.73423668285109,41.64289600368464
225.71439853782363,79.28714873034247,38.11334380867766,41.7126558097504
229.98705620562868,70.92622067650757,38.39249136369256,41.62255932647783
234.1709318780115,65.67500890744772,38.32977465637813,41.962080032566256
237.94282023241865,63.70745037173741,38.452186664452185,41.65949950266853
240.5712204815432,64.91834580878728,38.67285084210644,41.566115677747845
242.3247611229896,68.25798148307027,38.923421126672736,41.41737144405005
243.85279925617112,75.73271635706014,38.86683726715476,41.14153145681249
245.30165974368518,82.89929661383965,38.66680773270896,40.85393178004544
244.33285974650045,85.46299010377996,38.4509858482637,40.45259422338263
241.74920102183853,85.88544226452188,38.37595081193082,40.260071143220316
237.7812440055147,79.20218498834006,38.13293265463705,40.33458778603806
232.35545372770235,74.18061413982869,38.03722660442682,40.43826968234062
224.72517854203562,66.73208873811646,37.935153761038585,40.339177144700614
218.95242859589018,65.60652848522406,37.592507252877766,39.82163376727619
213.63097519328224,65.91035539100633,37.62223008287394,39.73609703401593
206.48950712717914,69.18354862874929,37.53527886309041,39.72411960470312
201.13387112254674,76.05142332791173,37.5272200846965,39.2333929801209
194.48626298740626,82.82009795256621,37.338012717587354,38.7368190298842
186.2716961264546,89.10347959107185,37.460902543006306,38.4482692538495
176.86840037628153,89.11498980264564,38.142457803728405,38.40744860016903
171.33660499833977,87.37919897361223,38.42678792423596,38.711898595867055
163.9780283747565,81.08663210179304,38.805842645401505,39.08339117281843
159.8741705402975,77.55695395412351,39.21888677882756,39.69312102238722
155.90250482345974,75.89352960743003,39.57339680137028,39.6314520975949
152.43249973081186,78.02854556154026,39.61327290005714,39.67854264878605
149.99642868129203,83.13312393462286,39.57796098527234,39.60910872671751
147.21881610295225,88.58897527577533,39.53623894880619,39.599556198526365
146.62054135050778,91.25588032634542,39.143108735677515,39.48083446484833
145.2623498789052,90.6487101836673,39.31965574901206,39.63658767592476
147.59290783988254,84.19762132365258,39.576357419678246,39.94420381911094
150.9809399882252,77.0979230144049,39.96386638806858,40.04190823789928
153.72206463481072,67.2651279628825,40.185363413714676,40.139943867067146
158.55851360212782,63.783361210157345,40.23542881221041,40.361754788746694
164.57733521136947,62.76219670022295,40.32854387924952,40.36309202547339
170.90314917492051,63.522691525619244,40.349428960265115,40.68548258746462
176.88626785048538,67.14131323792934,40.24417736505581,40.83208687631489
185.79089675428972,74.05646078397129,40.30662175166101,41.12338430589848
194.35429506704168,81.01943500403564,40.45025283001453,41.31606246031322
200.5120353902235,82.86691644981559,40.36887157177343,41.40055689945707
206.00158295560823,77.98773706034905,40.81990644588676,41.79466549528469
210.6082708944187,70.12697995148363,41.27179183688153,42.30734315753453
216.984798138238,62.11952618334602,40.99038651916481,42.607848495018274
220.9458639383077,55.901686757316284,40.638903112384824,42.86718915127697
224.4723612497333,56.15791662860865,40.51380832702751,42.241001965772014
227.833780725438,58.46315627482204,40.61414289856731,41.929460947728785
230.61686905130423,64.8963326489707,40.55629230045424,41.65308927853303
233.1447443417284,71.66528480662414,40.64953044336079,41.48411768722517
235.92510441853844,78.12397188089793,40.78635391080396,41.3390709617733
235.40339595322308,78.43391446443911,40.6451905153543,41.199055905441135
234.66437370692833,74.89112121077368,40.5044166056535,41.38680858861429
231.30097480754014,68.6893079252556,40.613089442576836,41.54663690373002
226.67140292004677,61.09560811681402,40.3947580512428,41.53902347434854
222.59296297285397,56.37817745459988,40.15840560004733,41.1871635692236
218.61034854042902,55.79649025466478,39.79696477190407,41.25459344528245
213.46402954655753,57.00874302225779,39.66868810968366,41.173811922471316
206.7094806548821,62.23409291190429,39.55559637124496,41.07508376946005
201.05580597811672,70.47787817272311,39.48815744047394,40.944549838398586
191.7218351137044,77.12270861525803,39.432164995714615,40.3934057608849
180.4243128900222,79.80746677292653,39.916297120080976,40.07842721868022
171.80122796657793,74.99237720668437,40.27739998088552,39.84277783706543
164.05626785695534,72.28750289232447,40.605456873104316,39.79942053927156
158.16943012815693,69.19980103167302,40.74872690467579,39.92508346925365
151.9940066911832,67.8600307251741,40.86387317132349,39.97221951644034
146.81686126720484,69.86765105964271,40.8454413935477,40.02511029434148
142.88209561535382,75.52909312711665,40.82545252894532,39.99227571231107
139.45610010938012,82.7245727394936,40.781639612517495,39.675712620980065
134.25527732735782,90.32560008976547,40.58124583940386,39.596984222010995
129.83889068856396,92.47090611859892,40.34495116197451,39.70365810260705
128.66755930478308,90.25624948758653,40.179080928590196,39.71582945026417
132.415055382748,81.30357107867613,40.463298386460465,39.459576618426745
136.4726490538099,72.42438288211716,40.297027002741196,39.4909499140105
142.86817215552773,64.22589487890734,40.14177925359019,39.2858312701616
150.90512481079003,57.53764458391676,40.25795649311442,39.403350155430836
159.29733704312122,55.27477721478671,39.55988914515123,40.18888103626907
170.23801302617213,53.21810629054866,39.67802791696448,40.26901642188506
180.8244851517997,58.540791034407256,40.25391255364876,40.31155892147255
190.53314402301405,67.99637789303753,40.789881935853884,40.23548537816218
197.8179014293748,78.60447790029065,40.988604237084985,40.269897622567086
200.96823009651357,78.56806491966935,40.84350072055652,40.47153834067994
202.3612632147096,74.40027409053597,40.708071633975266,40.90533224107319
200.92018336514926,66.20120564311871,40.96054783852806,41.133974507001454
197.1314010231424,59.355635583140185,40.84868705409697,41.18269767291798
191.40868058114114,57.37319463047052,40.493114945240556,41.065143016672835
188.27684208653,59.32341379212216,39.91438899943475,41.115500820688894
182.21581378000423,63.487667916284735,39.54772757964939,41.525284312781224
175.9881497757325,71.0742522242434,39.39755536694045,41.56300169845082
171.4685530123095,79.74954740519148,39.27260533146948,41.616654805792926
165.79437978708918,88.33824861761775,39.15213788573093,41.36114263972946
162.50492024641346,87.8512535890602,39.42472485572374,41.605894007898755
160.71334963216466,82.79042732971374,39.407934605720996,41.54765780131095
163.73547162538614,74.1189495305836,39.414061312484804,41.547511898106364
168.75573028128193,65.90372698487698,39.698652528830465,42.0329286844659
175.85196205258654,62.31641646726588,39.84334432832327,42.14218917357604
181.79942608413398,61.64161701933834,39.765696080902195,42.28036288422757
188.1163977072286,62.920568433265004,40.01867948571393,41.95909884078281
194.62430306618828,71.61698220662215,39.98382007699873,42.10091255993765
200.07636220662963,82.93224073513525,40.13738955551544,42.06396239744272
204.0802915609334,90.13855041168196,40.09040969593744,42.198984798499694
205.57619869844794,94.56608296970502,39.68975071151197,41.90387814040033
204.86475610637578,94.94176159676269,39.522157833026604,41.569249263627235
202.16184134816532,90.3357940094007,39.68281055730274,41.47131181109291
199.66768152941086,85.17702983354488,39.397795691637825,41.63462244277281
192.84755583556574,75.57761061750303,39.127193693402766,42.14515978843073
186.26874054003878,64.91683463941784,38.744013699434745,42.72258256369289
179.4279621516903,56.86149898486399,38.48713587530159,42.306165707517394
174.01365344239196,54.04239836978515,38.115364385512066,41.45288277248344
168.92493937877757,56.404744891364246,37.597237779464464,40.6501279102487
167.186813850863,58.899103122517474,37.130642060238706,40.27125517886876
165.708866893251,63.405302429436205,36.66186909390137,39.81790044930863
165.45816820269044,71.7270813637447,36.62281655770608,39.82888931836253
166.47773850732858,79.37294302579835,36.38883325223992,39.86489045104235
167.5231538752164,88.43796407912563,36.291097199157775,40.202070558132895
168.99532832335484,97.44852820107943,36.631751488153114,40.77428604896653
173.20568590332724,106.95405370734927,37.19659865273222,41.28582376628524
178.69784244194125,112.19899086448409,37.27031570398324,41.39594506511375
182.29781580856852,108.82217814071959,37.61639996895867,41.66090445505609
186.85097124036525,101.04514561202987,38.152029222247535,42.07496535441551
192.13213058361276,92.32790118512725,38.53069335435602,42.35850854476858
200.88553412505883,84.11865613738486,38.992632456766636,42.92075359935981
206.45085926435715,78.05212719474588,39.56870539136577,43.37068026668122
212.88103517681077,75.76137788052469,39.918282079031755,43.18983072007479
217.2738088389666,78.7917290295363,40.18017909828701,42.90008016994584
220.69627388068386,83.15447302716063,40.482578345296844,42.64106289308097
223.44871306693508,87.5180443483315,40.15026400248799,42.41017803272165
222.607030809091,88.34532517676384,39.76994763095385,41.71790678208409
219.32008190831763,85.07263550642556,39.59266287634823,41.58813525148381
213.45210311551148,80.40297009543481,39.580968408127575,41.756801286172816
207.11977549963643,72.20285900367395,39.26097970372043,41.4870653550705
200.40705927764867,69.1977578369185,39.11222772997133,41.06105181104847
192.57968638308213,67.92640365442968,39.014646553772366,40.54179566415476
184.13122786676047,70.53873876137065,38.79631395262662,40.45566190351989
177.25991748764935,77.4056539378476,38.87834358536061,40.021131744352616
170.97770283054928,84.6245164528886,38.905793224267796,39.557721403906825
166.67100684844888,94.44322218896642,38.90681183641779,39.48019114207837
166.07876623065397,97.74930487120987,39.25217274358127,39.18322133804676
168.1553091839081,94.373279539838,39.765319422979964,39.11245372152416
176.77137289498373,86.92024693852122,40.126335463963485,39.33485746328126
186.40610893641335,75.02422314020717,40.188272835449936,39.76531944284393
197.51116414624207,65.87588355426223,40.20420230226712,40.41137910789786
208.66678565744846,61.378868137190985,40.25421492560628,40.5541583398675
219.50753668513138,62.184327719391995,40.30689522802851,40.49622472443856
228.2874688913352,64.723396643754,40.77236422016186,40.19101559046675
236.96708178711697,70.69629568332655,41.11398605433077,39.819004246856295
244.8452558314502,82.94360640259966,41.21550997494165,40.06281092415483
247.77957864131272,89.30687412247191,41.18010581792411,40.25721588358025
245.74369211397737,90.00917746484552,41.19235576697346,40.459380071902785
244.16608389555222,86.8418121402211,41.364806052395565,40.61596245149833
238.4633526919902,79.31584972711485,40.80280687352111,41.47019154559412
231.6278551131043,70.42320175314838,40.27751296879292,41.965095571529986
219.76789711979126,61.16027807260657,40.02192312656153,42.11879632616827
210.54719638765667,59.99925248901789,39.91927055945865,42.160778380567926
201.70167304098945,60.20862848421844,39.78080179563976,42.08618414554176
193.76962254826753,65.72190674074776,40.07611329896688,41.89682112155782
187.09993847038223,74.44557622219759,40.122526056177946,42.041790203091765
183.36211164652445,82.05124695733156,39.88765466803536,41.90762196585604
184.29695788333925,86.24869944481816,40.01855061145899,41.81063531058498
190.50674701185392,84.72758959920364,40.26495746185149,42.008543287641665
199.90739226101056,80.07636845456331,40.6994228839484,42.24668122511569
210.3264546526552,71.37145207549207,41.04490520209954,42.87151604319466
219.87081782395558,65.35649105269746,41.413051799562254,43.3121579603049
231.35541465447116,60.18421729786211,41.441618911236176,43.12293204773438
246.12609547702027,61.94109849081457,41.33209816274439,43.18437856418847
257.05841264551714,66.93448733724381,41.81880507330925,42.998357325797784
268.2237643687185,76.04377656544435,41.88970914033424,43.231906326061726
274.8118448080953,84.25123646906273,42.14929254716418,43.56518788906422
279.21686571298073,88.82753813649889,41.9532529651765,43.367796193596206
279.3607131967988,89.99678282633627,41.59207131923802,43.02271382495355
276.08063380130557,88.61477246624563,41.18450721746332,43.000532829665474
271.46192237757685,81.84429414557319,40.551244487528194,43.54570757251181
264.7767133996731,74.41111577137337,40.223399275000695,43.75205112205891
253.59434356381522,67.80759796703401,39.82663572711196,43.86054165627474
242.86010092592426,64.86488267300678,39.56467895577474,43.60739669043516
232.2145666245882,64.77868005706904,39.16217837509727,43.86800365375406
222.41722692573416,68.43602461869436,38.90897264096944,43.69718583787644
216.9420425652113,74.94957795349231,38.937343338028285,43.15370458026786
206.41873656019953,81.8182448084115,38.59367176345713,42.88457632239479
196.74282580851772,88.22807029774982,38.74726061606392,42.378834874357814
186.3421856688449,90.55208751980527,39.02265245241638,41.94076327509556
178.2736889595269,85.9418246679547,39.29412730110609,41.787272217016884
171.106544213589,85.6718019646317,39.35175968848974,41.76903685765262
162.79967823082126,80.53602674354285,39.67655503903495,41.47947203493775
157.31327710130316,80.51500330245153,39.994816282446166,40.79177299264758
150.57710113817703,82.28730278745854,40.50429570351041,40.14442133708666
145.1039628672952,87.1651197302892,40.98776745096258,39.67799109522418
138.2600507514428,92.31179000785819,41.17319319176159,39.514014553758074
135.3904167441592,98.63475354486886,41.38552038372744,39.4837662669682
132.94707934889075,102.7099538751581,41.304809405374,39.53082387360159
135.48076008665663,101.71652544506101,41.241538715822486,39.5466284447867
137.68673596661745,95.58930249099943,41.287002536650334,39.601999607731635
141.34540895609587,85.9167868283142,41.53951749290465,39.77831640978666
147.6499099497117,75.89024583374643,41.62572691619547,39.72664108996225
150.40277840677385,67.78431368152508,41.5548282970541,39.86755393261298
155.55317617438368,64.07117276902173,41.37950006224949,39.80093204820804
165.2774998805351,63.959244808596466,40.97739195658727,40.28067783183436
171.63500738933874,65.1247013307798,41.07875457875048,40.433074533256274
178.6813746800188,67.725613153264,40.9643610999905,40.51291716712697
189.73605575287158,74.85146103841107,40.76620996807886,40.94185017338314
195.52641443630972,73.68833835731692,40.63150986652239,41.351071042353965
200.67772745340744,71.85095569193338,40.59027547203639,41.335615301877766
205.51553164989218,63.40694425887186,40.35031122884723,41.50452004971468
208.27389215821015,59.28158847360134,40.09468907390563,41.39133525032163
208.94764829734123,59.54629391354396,39.45828214232314,40.98843285968752
210.1124436843802,61.33789101546051,39.09010510935697,40.50563862686273
210.54009608363793,64.96047395776915,38.18118837293115,39.348572698757906
208.24966715153502,69.28531115239281,37.147783179428245,38.273600572389014
206.14996168001224,70.24761006016021,37.27727596680362,37.92500344731438
202.15042560676648,67.3322941791285,37.04368114399587,37.87288374453408
199.1208452406853,59.179632239708965,36.91880562127537,37.79195426643955
194.90417926479574,54.925503332030274,36.82530213146513,37.70818441761236
190.4093745624128,49.662933425051556,36.699102095618244,37.538184346621065
184.72753614528028,51.12208985608356,36.48494480054981,37.1256013982686
179.7821112701853,54.9491496484804,36.41324343379637,36.98314572720173
173.87445069951045,60.63974674052408,36.164579704235436,36.827843610069934
169.0692362162634,67.6464388802999,35.80928658668418,36.77129984565503
165.61170034998895,76.30057321138193,35.520294903705675,36.48469103456516
161.1623067755582,82.0704764435752,35.453645117142386,36.25017765336955
158.60512235442462,81.69389827318109,35.516996198179086,36.44273436904714
158.8318544271392,78.43516786510688,35.95889347624234,36.95887291575586
159.8025777994122,68.81579052767358,35.86427519238971,37.93592409941154
162.62354241394874,58.16341018614532,35.81428970416136,38.258415495358676
165.42314198771268,51.04297077459946,35.80809382964373,38.48837665487618
170.98188806081632,45.427593419396715,35.78050074654682,38.62538041160735
176.3183480970993,43.51264715218514,35.915097725677654,38.741941961914904
180.49311343896704,46.49812177227345,36.15834620148803,38.63066002291627
186.78653303176114,54.04284828573993,36.404524365143004,38.53651777936953
190.69005583275458,61.59914087491894,36.68584717898861,38.24389414886308
193.7254914860967,72.79280632149869,37.08084816005464,37.802877113735796
200.06894029284064,84.50369647866906,37.2543145068329,37.46432395698784
203.72807309492555,95.80078021881089,37.54739276328931,37.606200406757885
205.59471533958197,96.39930659298199,37.50674357175174,37.6152787590703
207.71253251892267,92.39378178390825,37.48378621502342,38.2203539890952
205.26299969012337,82.04164433115758,37.54164246100095,38.80842177179381
201.44027999196612,72.40186205955813,37.20293049394263,39.78143533537847
198.66469567694696,63.57263746723322,37.150563471820305,40.30834994361226
197.0772232170574,52.28233512705569,37.132496869306365,40.89975784662357
192.03631836931487,47.39797894603402,37.07333633468886,40.90110284569083
188.94153001976642,48.363239447414,36.90241317492955,41.07032711652096
188.5624511496828,53.780439932466265,37.004559572094465,40.997519011406666
189.1222862687174,61.13935502941757,37.06346711474883,40.741540891173486
190.61835254904707,68.53693431200794,36.977087689770684,40.22385959039705
192.45395665181186,81.08722455006462,36.823548446719734,39.92133285573877
195.84354351722635,88.16774921888955,36.89061905106533,39.76463036562306
197.8120021939006,90.60863969165479,37.12818165911203,40.00204058983137
201.10572089048648,85.98179580361429,37.29320188465367,40.3389011640691
202.17701533527585,79.29300021569435,37.45148794357653,41.20064131909601
204.45794055606018,70.61036389962256,37.913953812890455,42.053945338568695
208.24964867988922,63.734349319164735,38.056115396500644,42.18397857358102
211.8693171127581,58.98558439188834,38.12634216754269,42.46708524850734
215.54621501166184,57.11343966105353,38.221767503921,42.73033065614559
217.33302303252762,59.81986258924435,38.643494193665255,42.70158905162552
220.03776263893135,65.5587069168752,38.88666247612758,43.06796987725984
223.04177172277596,73.85900852019559,39.096972784390516,43.21890017891982
224.067814942898,79.21243580944099,39.329384797286735,43.564305045619456
225.0717603386395,81.19552747411036,39.36362066138231,43.566740586062195
225.62731821210502,80.13411890942824,39.444556921172776,43.80880825139141
