211.5,76.5,34,40
207.06734946333538,77.37614521727241,34.44837755038003,39.76896839647935
207.17748460599637,78.58182534493918,34.82771061998893,40.10060507222188
203.975872460365,77.84683928184869,35.09368448782027,40.167333895103894
201.63991398611424,77.55986682469931,35.1929123799253,40.13589368471926
200.12777841479723,76.6795352613901,35.25419753012769,40.30143304348489
198.06822140361646,77.30807030966815,35.3784742684011,40.40071766036875
195.7704794438124,76.70682621102279,35.49736850829119,40.44273072280993
193.59120909128734,76.52491895242079,35.639346465385955,40.44627035888942
192.45295523623923,75.48024748354823,35.57964893141789,40.583257911807905
190.4374615089306,75.03395950483124,35.62259093200987,40.512221789621506
189.22127379948864,75.7032989960546,35.719538589815905,40.34910733468638
188.2594938775434,75.37226076970848,35.68593080827911,40.28361748555598
186.98737150337152,75.83793700452779,35.80650645681514,40.124547616320186
187.47856608546786,76.68631636666885,35.87264775202645,40.14942757154245
186.9813406293746,76.81386147987561,35.797017072606806,39.94929479456509
187.1575626856269,77.23155448033978,35.63081492956842,39.80898001403473
186.8255956209431,77.48025148493149,35.44270107910441,39.66960103547379
186.24617710205848,78.00286748871684,35.392682607115574,39.44777798919914
187.28637136802232,77.97417110809528,35.46362645357541,39.23296366912437
186.45799666727572,77.27976497056588,35.54654203186452,39.44334324116501
187.4726875084302,77.42725474480943,35.40697079248008,39.61515439859714
187.53499513632548,77.58488242542302,35.33744394870614,39.761464978942186
187.59269503488406,77.92378044702318,35.34901566462189,39.801694739307834
187.88897768411204,77.13841694609116,35.28684003272327,39.972327232047135
187.37801004464822,77.2373468736507,35.396598464192984,39.90627315447777
187.91633717410474,77.43778121300363,35.4692927026707,40.01376724585249
187.57624469762257,77.44651534253099,35.54638379310146,40.040178238724906
187.9156529316792,76.83627559842179,35.54443081652339,40.14957386177758
188.33152308181354,77.50200828867003,35.65437434508546,40.21676711451322
187.58686120296608,76.58317429813081,35.724388129063655,40.32734414081108
188.4390257207796,76.2114625713408,35.642148002585785,40.23573060136438
187.97050616791023,75.98786234767928,35.75299484853602,40.29130770068974
188.14848959479338,76.41711611548614,35.780005003589274,40.2229462179134
188.60867086461573,76.30491673691469,35.88765164019884,40.0806260569712
188.28264756732034,76.05716595039888,35.96290909408836,40.1058173294142
188.52814722917228,76.52139449707539,36.00463075341287,40.10362726391611
187.71281589501075,75.85966230477894,35.91453867911355,40.123534967829684
187.70373887493264,76.54316805892554,36.01860500650501,40.0979834490842
187.62046710901444,75.77465886615114,36.05437840639583,40.27509981036391
187.32711750818535,76.23462232296265,36.28449392337114,40.105985904095625
187.88960088790557,77.19517739470973,36.413957577176845,40.16597870402187
186.9963674398859,76.44308924708835,36.2873059915802,40.17223913527387
187.41813957907718,76.8482119798862,36.3310133287219,39.847472100664575
187.18823878910484,76.74962643484557,36.29491594664568,39.87150671804379
187.69659626137843,77.05353410996423,36.29551424405713,39.49739417642503
187.73637131457565,77.58072256448112,36.31072314744122,39.66303625027851
187.39669150780577,77.75583178643276,36.31226791971052,39.729208404195504
186.888707096205,77.6182304550678,36.254707618652084,39.569378401195905
186.4654247373791,77.45124592104715,36.44611947900031,39.65239206638611
186.0883488749439,78.17100777016364,36.70209653651226,39.48365715694858
185.99565259158703,78.35199417164688,36.82441327020342,39.19245476666559
185.7660671938417,78.19326542482564,37.025349326390504,39.34291925324422
184.81907385289483,78.31182575711011,37.24917607233302,39.457126663607355
183.01107523459024,78.07685307148196,37.248309819791196,39.438021706132126
183.27049828930785,78.56602532643502,37.39795817332287,39.259429372033956
183.60675127262962,77.66614642155322,37.6405797224722,39.21825481256539
183.5456209288086,77.2435616679874,37.75306397152784,39.136794478369396
184.72157594026976,76.96961599182853,37.59404936105059,39.31111214003424
186.11753863608214,76.712610960272,37.3908378537794,39.3470583515524
188.40409063282735,76.53241076648062,37.22610960034031,39.38902694449175
188.4242138771968,76.37244185747677,37.128236551270994,39.234672871639845
190.53799988063636,77.27294280456388,36.98343060045267,39.215197066180224
191.67599262512215,76.86085491881774,36.75172063371312,39.199955439696595
192.31794901685353,76.97596829264378,36.61187740267195,39.09525787698196
193.68764492181376,77.20800822719002,36.522501662163734,38.95743014054371
194.80140332285902,77.56291191827391,36.451791090618244,38.78327861450842
195.27715401302197,77.39399441426204,36.35855660034133,38.63224464093237
196.4730154088401,77.21906025418434,36.241555669590674,38.530410694156224
197.07640080070595,77.52798929678445,36.265075060343214,38.298960222710264
197.4131683735237,78.05401858722618,36.293531115154835,38.07509596202868
197.88310590524108,78.51230724280708,36.317197619045636,38.01191673550739
199.34426678835683,77.31793846075745,36.17470773910564,38.25304673468051
199.81547948292206,78.55748855800512,36.28908927193412,38.096867816277694
200.39073038583356,77.7821794835086,36.169759622445056,38.2017264304349
200.69626778392723,78.1269872725414,36.20484018361854,38.20925792373086
200.1349213809766,78.56168844179656,36.176439387339286,38.091558430317114
200.67900810132977,77.57817554183,36.11531071973478,38.22859777719391
199.80003810527646,77.85526528136967,36.0368580707739,38.240930346359065
199.88845410421652,77.68533472764494,36.055501904521634,38.24577126929158
200.944843408715,77.58618570228288,35.8902931426316,38.3531316757725
201.85132824126293,77.36211327411883,35.81336824205448,38.3524183007945
202.59863960647004,77.33131185538765,35.930958527196566,38.322738226658174
203.5956901679668,78.36864300102232,36.177664222211476,38.168893787409104
205.25537379902528,78.63732047221839,36.231859057644,38.180236257030955
207.50303202593162,77.61980843731737,36.18272056327346,38.43351775404859
208.77852518231379,78.7123576216117,36.48156106325328,38.31367383530428
209.89112231916388,78.80332524552885,36.71864420196762,38.35702207610124
212.5514182074941,78.65896780268767,36.740247936171464,38.516627430142606
212.95046446343838,78.80781128939108,37.18289250485689,38.51499201856818
214.4187295227713,78.59324548070332,37.47514647051118,38.608744601662956
215.54993129215524,79.09163181467194,37.65422547568855,38.59792538392865
216.77618582649976,79.81108316495136,37.880089266954364,38.54890345977513
216.9516938888065,80.32876206494485,38.10648693971945,38.456087676294345
217.9456948733089,80.30044571579396,38.135492321636264,38.618683790993714
219.0981920288749,80.32870899340503,38.3201690024018,38.87716739597931
220.9999318982087,80.0884639075578,38.361262284669316,38.99639703434096
221.14290291142314,80.89381642215913,38.63709010134194,38.91196358678806
222.01280069934418,81.41592380965075,38.61052596985867,38.96190674599367
222.51612871416728,82.73615286349306,38.659245754650314,38.78833468185765
223.95898356212516,81.06589841827082,38.57708201057783,38.94839527861621
224.30186465013978,82.38543750071887,38.62078955109753,38.67973280128116
224.5165452620016,83.10357338166038,38.5512828765434,38.616768505905064
224.96082409457304,83.84929929184923,38.480083526391525,38.593868082850975
225.20635932846827,83.33816011759782,38.2166618532521,38.514665708926444
224.32945424806434,83.39413485630664,38.30035594712729,38.29718526171023
224.02346967110856,83.02259111731347,38.22959090962112,38.260203746128155
222.3816258515638,82.6302163751185,38.303130214207485,38.23923492779136
221.90871436712249,82.84447449831947,38.531067867671865,38.274633731419144
219.86192921973773,82.39625869144467,38.634063564128994,38.42875070846144
219.56914041846568,81.48511250035672,38.56191684578457,38.43434024792496
217.4726992206968,80.6946658807129,38.30170952727207,38.65779814156287
216.62390566400353,81.10087994299641,38.361351703906294,38.78644200414796
215.56254482430376,81.38336964037734,38.36429546544386,38.762431265926026
213.74141199256573,80.29921368677303,38.25046381217799,38.85674901343614
212.89352071216894,80.02096517974755,38.0605100267268,38.78877859498819
212.45370786854772,80.0872387367751,37.80082356587504,38.72188055077873
210.72447973013456,79.98768113887255,37.7227140620617,38.675274376602104
209.1177330920307,80.42371157340637,37.664542480405025,38.59672907054562
208.142145231951,79.62819120742085,37.5277782229186,38.62209478229874
206.78111775611922,79.68213415374828,37.590825386877654,38.631037226955655
205.06451495877354,79.7290016997039,37.60686760952919,38.55352955546384
204.11945179952914,79.4557060399599,37.5482772875456,38.5494764176116
202.81784607703463,78.97732623812969,37.43574376030563,38.48826736663946
201.49993241472956,79.07185224690987,37.373461696564334,38.32690714177583
199.99660289520938,79.11965493380112,37.31260250135173,38.19907682226932
198.97037189954358,79.48202397968893,37.228792777519196,37.96243589154831
197.19272890015242,79.99938481496834,37.1733974809066,37.76105564068629
196.59222356133188,80.45586086884731,37.0667431681226,37.665878901618825
195.1082650269702,79.91530400096342,37.00648512126058,37.70192175077469
194.52702506854266,80.42440324365286,37.013489183242015,37.67032086299483
193.1931918276552,80.28103358705226,37.00108407268603,37.62775932556622
192.8045857964648,80.07818741655721,37.12803991854078,37.64056318017097
191.98090967557783,80.57691265135608,37.128435120481655,37.53581439600184
191.34916025198268,80.2973113139414,37.10271542271193,37.532742257179166
190.64908368475886,80.29608671731538,37.12710931319441,37.50210898758401
189.02742664662816,80.31757323562381,37.19863040544704,37.40295398370867
188.34085853216143,80.58864779898883,37.23158838311398,37.4511874329674
187.45071197738804,80.95169013546935,37.293626807258896,37.543006040264544
185.5204543517396,81.3403823825617,37.435640252296565,37.45906615572186
184.60076836909354,81.50332126805185,37.57346030337364,37.56819232103233
184.2130407176766,82.0850766947662,37.71332952327219,37.6785891290416
183.0950424067511,82.11428852095067,37.78142081446521,37.72351029711249
182.7212370398883,82.77514572138278,37.83258673875403,37.85458973284189
181.6586438133681,82.68808066019994,37.864633543356916,37.92626388158236
180.95476242164744,82.80444450608279,37.96592307164073,38.02810981633493
180.27734204448848,82.5866953385157,38.04158508736462,38.09575293043602
180.09526067068458,82.78832741270719,38.291231800250074,38.04535042489057
179.61726654947933,82.75414082653248,38.44773799510276,38.03944566727829
179.54641586079507,83.16838657373776,38.40847721224162,38.12886266257185
179.50601420478947,82.91069329483199,38.40812193840638,38.15037100483205
179.5692178460413,83.24371030324819,38.39894279881985,38.167067126301475
179.67815606419543,83.02131126181573,38.46550908530898,38.11689905983626
180.12555675493653,82.20803637524916,38.50104054331581,38.29087112281772
179.84239833771176,82.23229061278016,38.32524259543196,38.39145751248178
179.72165271790277,81.49137365982259,38.24137049705631,38.525540397011746
181.1068362401719,81.11473258216293,38.0585104620243,38.74448503173171
180.75821945189244,79.70208343955917,37.844630895615964,38.842819081633415
181.2217701797059,78.57155140598186,37.59806880957218,38.65015375769002
182.10159947742952,78.81614402124953,37.4116062676299,38.68921969826677
182.20080482021436,78.25834303133851,37.21199670156936,38.72571832744943
182.9749802717312,77.91568996395291,37.06512945351159,38.59299911164995
183.20906561395822,76.82942040894557,36.808955682013774,38.7304019988253
183.81768859054617,76.61040943868394,36.55421828806485,38.820815641285265
184.14009219957777,76.26977375176597,36.42321735347565,38.89154930731557
184.60644651991427,75.35864213056965,36.353906907115665,38.91837461769375
184.41080047236383,75.35282785649316,36.226271547268155,38.910930277427696
184.5353783301291,74.61171749261125,36.145615808134124,38.98786350099536
184.79509599933542,74.65699000906942,35.931273460119954,38.96434196887915
185.72053465830723,73.9436989212637,35.86613496797433,39.04347126553856
185.75293002391953,73.32578362600594,35.73538060339126,39.063159916890854
185.61136164385505,73.35201621740006,35.69827349826868,38.95691700959817
185.73249701566687,73.08925750930774,35.643651706652335,38.836187038850426
185.79369631739092,72.78944522854418,35.55887220222519,38.76658102004765
185.3386243880095,72.7245653074576,35.62980912701282,38.57764576405913
185.8676747125394,72.74672192965834,35.63384858510783,38.489370335317886
185.54281577870722,72.46605507507277,35.62479326894956,38.307457667974575
185.53055334217828,72.6691024882403,35.68528426266775,38.26753852299213
185.35747918316818,72.79816323407357,35.766632747390226,38.32546934894493
185.69898452588504,72.26964540458519,35.79963889097037,38.380516835390544
185.11345519614093,72.55615676703935,35.92274525610887,38.19512433471014
185.49864342572096,71.66792068546192,35.92729498255676,38.26275982317475
185.88138536148418,72.00339349496565,35.96505957609152,38.200692757080944
185.08089858177692,72.13039946718925,36.12520338163027,37.94795826240738
185.21702863009347,71.84066469782309,36.18735234309124,37.87019182110582
185.27831517554165,71.62533769039041,36.23803502359338,37.76086280183728
185.40538834363016,70.84005182761408,36.2191583233321,37.59657601451151
184.9908889242243,71.37307562519551,36.32037449546064,37.65492021355337
184.7067773766372,71.43796424177555,36.306739670941866,37.4258349590267
184.95187566052374,71.02068761133071,36.278265775154395,37.27836343105987
184.4217676944609,71.55945419696269,36.41346554250042,37.25476972150399
184.67615897724139,70.86240148827345,36.2443943450234,37.0600998617447
184.525129769857,71.8764775922982,36.33397459893406,36.914939563675965
184.50742611162627,71.56842430713182,36.31008871979019,36.86340008355555
184.56801695319677,71.57608752297418,36.28213955657387,36.691699987134086
184.5443395751795,71.59234033096412,36.29864105043724,36.54651727383364
185.00655418161716,71.99582928975533,36.009245087416986,36.28452357770966
185.20624000646484,72.06149668969016,36.011566305000684,36.203396720564236
185.33826692109025,72.13547455274136,36.04475648810562,36.13016819443351
185.57241557018807,72.4996957884597,36.02599515582948,35.9835848347827
184.792351499081,72.89923110271025,35.9139916404432,35.7964529212627
185.33916607229773,72.84857098430527,35.59072052003747,35.40878004980009
185.81989163545938,73.22653838761698,35.394964607985685,35.300048450192676
185.82528081727693,73.28763099853276,35.17771647010438,35.16757079515884
186.28288124967972,73.65199090120936,35.131341696588336,35.07906745957034
185.95903651998302,73.68389090863124,35.11888044921367,34.95606720629013
185.61343482918338,73.57510180443813,35.109101975420515,34.81204462822882
185.66184159785627,73.6671640942246,35.18634802281154,34.82452754897061
185.9510407452692,73.39821882700156,35.031288379642774,34.609591452347516
185.81960918529344,73.57115412166102,34.98707531365261,34.3210066934071
186.35613253729576,73.48181058297195,35.03132304038069,34.3355889812898
185.69888463523017,72.95328002936056,35.156985607817546,34.408228358471064
185.48595117211582,73.57863273705047,35.26556836723335,34.58126058824048
185.30416399710919,74.31604593556777,35.34163995159108,34.889260138013725
185.64358328841163,73.74917763566778,35.26879291132551,34.776352240895996
186.53558870148922,74.42798715447465,35.111776933421716,34.73181816326608
186.14200049183418,74.9506337989411,35.05388609008223,34.769529825810224
186.83814133181977,75.51147849596694,35.04597747892058,35.00846176488079
186.97157670491052,76.23898710201813,35.158238496912574,35.19768528973977
186.1557286516435,76.19074606027115,35.36161944078793,35.34380620335905
186.95950525050452,77.40319705752343,35.62164010037334,35.47738327951797
186.39548891888757,77.18740361278682,35.72154509331918,35.79402153120763
186.3132987552198,76.99754459288226,35.716540359986695,36.10831237946127
186.13510518197455,76.7731109659992,35.80616897514517,36.30231589421375
186.65899580275794,77.1349030436304,35.97720520603629,36.38781019392264
186.4848561883433,77.41272753836296,36.089926163457505,36.4541377588513
187.0088326267172,77.31799168787634,36.09799974544988,36.69503381786461
186.9161310268889,77.01417092836112,36.12156408578683,36.852058023510025
188.03758696307654,77.4421051375536,36.198008893327966,36.88318325174681
188.71218065486252,76.75964339248637,36.283609975255864,37.06607916352738
189.53989318047297,76.99000477132321,36.31954158297046,37.1964498864407
190.7304175730598,76.67515548414455,36.318271659796295,37.37262118905041
192.1287432481944,76.11847503370113,36.29954818504592,37.53812637895398
193.04060881731635,76.09727442724473,36.188807330768086,37.765189099473304
194.14448897988117,76.46415421238913,36.228102297767954,37.66964191197792
195.18716210509774,76.20538042148101,36.2778862143423,37.72948959888908
197.46287101037075,77.03432777411663,36.17054351137074,37.92820054261229
198.1022131067429,76.94855547075898,35.94776764096072,38.016772324754086
199.43064584476375,78.4677553588742,35.91516545150962,37.97733185142583
201.13672984290434,78.43252162692634,35.75096755944592,38.21979221330892
201.71652967469046,78.25275153938526,35.823155935081175,38.24424055909118
202.37567879106703,79.4418143742468,35.783173842502876,38.17462042449381
203.21025182651442,79.03377029180504,35.86906341041731,38.26997822505467
204.29096874252008,79.19605489717799,35.82150711327232,38.29870037683283
204.95640416742486,79.51530858278468,35.89791110572501,38.345721045551684
205.324404768671,78.71602638471086,35.95398243779394,38.3903489602235
206.1614685848915,79.22089277048858,36.02416935670634,38.505568862580105
205.8263664660554,79.40374884711588,36.08536534175788,38.47251857646724
206.79114097499587,80.01801401442654,36.04570270311889,38.58484121769122
206.62800544193252,79.47241476947445,36.22523467379615,38.68324841254382
206.51345726323856,80.25656544130314,36.314257701973744,38.77034448404761
205.82163957513964,79.74653169742872,36.33913808568657,38.912043594110884
205.80483339388215,80.11175942456724,36.391561461751095,39.05269613534396
205.51883217937325,79.10495197275891,36.51145300419511,39.25192896269718
205.15290868860956,79.19465483488659,36.60404559452908,39.460478635809295
204.883365172564,77.27414105662027,36.62062156161397,39.85835781778445
203.6538893436718,76.28652387928932,36.675549810508585,39.991309877219294
203.88128252766552,75.55076016391308,36.842198727135745,40.28053566746122
203.36363705249752,74.37623796659973,36.8592030916639,40.48811940496816
202.78299317993466,73.19043707276512,36.89451272456886,40.731633672038
202.51885708547798,73.00871138985782,37.099453944863825,40.916558099891034
202.83486068294286,72.64425607537126,37.232613747843615,41.175816016519036
203.22469428401052,71.13156578019417,37.2628241201521,41.58010690998907
203.16464694619188,70.59106818660348,37.34107884972805,41.7688109089304
202.54325240267792,69.77689016609264,37.42294874730283,41.941737634385035
202.88461199484718,68.593132355025,37.59028853579986,42.21179703970817
203.05015292690047,68.64689536148073,37.71621786473028,42.23254616791669
202.96607086655078,67.74918582384683,37.9210430403687,42.39104955943816
202.12775385314703,66.44204762892377,38.117742374793394,42.597131645771704
201.5706725638141,66.06461249447567,38.39643672082759,42.72189242570382
201.30175813793767,66.0422161079551,38.691049117597686,42.954681034883684
201.7534143752714,65.13600703809348,38.82478998956411,43.44064823066008
201.85068997503825,63.87850765007804,39.03728916120049,43.848318353355396
201.44826524167667,64.23093197693808,39.25436464921344,43.819814869179524
201.7806594649276,63.737435770930134,39.407921928247944,44.09880685967139
201.6099441425768,63.70351009334513,39.504607407839885,44.23443055859615
201.63642512843091,62.87983018562219,39.71580165847516,44.44159421754027
202.11547359195225,62.05515025952229,39.862337228266256,44.76971090281654
201.5147811436871,60.08971143237258,39.330071082812026,44.391682001940175
202.5699206732505,60.341570622297574,38.602045789745105,44.17682903933225
203.39548215889553,61.04927939415616,38.13576564339095,43.760514147687985
202.90288009758777,60.99159030421292,38.05208634696958,43.72167027130481
203.2269104695987,60.668616430062656,38.16876338781027,43.85658096792764
203.16805562784128,59.43367779487923,38.150506621349116,43.82970263831891
202.96955023457656,60.771747905444016,37.70299928282134,43.108192911307064
203.04075310835245,59.19130909826016,37.75488436695465,43.22746719887729
202.64843104269454,60.403401466474904,37.36535120926135,42.67063518652312
202.5203637493743,59.10676034352164,37.58190940700634,42.66403602183089
202.32019402350616,60.16189635672792,37.19311531000602,42.16876913095452
201.62201492546427,59.826195864324234,37.37085141765749,42.27839592152134
200.29240030666267,59.47763349490023,37.61986337010442,42.46189116427177
200.98632240229097,58.6663521156451,37.73757719276388,42.42144690183173
201.03818745675923,59.249981384249146,37.25549095489627,42.05044401275977
199.6788993488764,59.17992277061404,37.50063009981541,42.27384941042727
199.8996562139694,59.063174707930166,37.6204373301511,42.479873596693196
200.26445136904596,59.546082811598524,37.0673147962965,42.10840051517664
200.12066942684245,58.45124677611999,37.183940695521684,42.03904367454314
200.4311805516607,60.43790097566939,36.835248610794594,41.61149447649412
200.19184813889137,59.84607747658099,36.957486303249866,41.835665897793355
200.30418274033386,60.31767605871626,37.1717175114939,41.63475291225663
200.31681823216758,59.89530336579018,37.19361591889228,41.855792791784026
199.46565925606842,60.32033192354656,37.40529394608756,41.908279757482354
199.50798399353428,61.18766191195901,37.696685913311704,42.2448089457728
199.07860846747755,60.82655260470715,37.75599360128179,42.4622448239751
199.03128111136064,61.47364665657318,37.91792430704157,42.64606212948377
199.36283826169375,62.05153451477851,38.201605171914125,42.90606052005248
199.24140504885065,61.57888666113139,38.50594713159241,43.29193117136603
198.96064876755028,61.3403862773768,38.46465777520968,43.46797244118501
198.5333387501136,61.46248919719193,38.37287305496757,43.45515104281129
198.77530244673892,61.948639548221095,38.3602612840466,43.24572130814111
199.02128355962674,62.76374624335445,38.36601345856239,42.89788373040492
199.02163587444315,63.86898694455371,38.468426987806495,43.2126136622349
198.40515243526562,63.96433808597318,38.77334513626502,43.202958655058374
198.35973457970098,64.69913620067555,38.971154257047,43.154919852106275
198.9172118888682,65.78887982363912,38.95177187191263,43.120471210915476
199.3051031248968,66.27022603049862,39.08591778129849,42.95719325308713
198.80104140191452,66.24497480293314,39.123363851469534,42.85427734607742
199.24483702426764,66.89324974325909,39.08864414397186,42.70930088499645
199.40603868741923,67.88650086540368,39.05598591006067,42.54902642486408
199.82486227969144,68.96280967576807,38.943803009936246,42.39262569733139
199.97622436965565,70.66857460835693,38.85930742347651,42.129656594559066
200.66914988742008,71.09985761883945,38.680743461083026,42.134151354119254
199.97887841862263,71.84426019262733,38.417768070011235,41.90714876067405
200.93353943675436,73.23300740148423,38.3428577740508,41.84044569237123
200.96132579572577,74.8454334805275,38.21419951706504,41.53789172726262
200.68173160881733,76.06868526400612,38.10682199580133,41.38692134054219
201.58574370466502,77.65539461422395,38.05363364814588,41.26023744998202
201.31996281567493,78.73444150161478,37.97571599878844,41.049600035063634
202.50740568775416,80.14862405767815,37.82102912433516,40.80134666495657
202.51910089216736,80.70502281454463,37.72125653297026,40.58032201747268
203.4421833007499,81.72625454361734,37.570844932548624,40.43074352903856
203.76902390491466,82.58505120128336,37.54263919047048,40.17448921059371
203.84031367749662,83.28977743847537,37.54752515746307,39.95279577799592
204.35624271246684,83.57633043614355,37.529605037656914,39.71907302717401
205.0323998115191,84.57818708538875,37.52325884759378,39.592332404007095
204.67397532457576,84.3815207975196,37.58555613662402,39.50520964079047
205.88054530289006,83.83549552542354,37.56277653537262,39.571405955055525
205.63603637441116,82.13319721583136,37.59598140166495,39.629436135564944
206.55507163415103,81.91835653504705,37.54254511470626,39.677294940876315
206.89351051110418,80.59067831640081,37.52941926099609,39.750055791392086
206.5734312840387,80.39667990292205,37.33585256072719,39.80074358567101
207.50979443544708,79.42586738662779,37.21060939218012,39.87165335775384
207.4299273887421,78.92190751078007,37.15657184433563,39.79900932580365
207.17950559502404,78.04240320713996,37.083225292001245,39.73176594944128
207.91102802697486,77.87919581969481,37.00972205407618,39.69645128125832
207.83622726112623,77.11629621969678,36.85901961996652,39.61530091345958
207.47459923495052,77.3673316213442,36.80878083264966,39.397158951517184
207.41496450374353,76.81086476697607,36.76445753926906,39.33068089134021
207.0953651819517,77.28652013596202,36.72245806273555,39.23560386937934
206.88626977748098,77.1071263923775,36.64554816486127,39.19645203216943
206.22260442556117,76.93687132606877,36.626827294947546,39.00477661028249
205.8851983762478,76.85569593169122,36.51850535035752,38.89980324942898
205.10967312832958,77.66195976197265,36.48909350965378,38.66654650008283
204.4684743264488,77.12601393579538,36.444881382694824,38.62407627022759
202.9355703520825,77.88645165420449,36.28952319754685,38.33568553170497
201.6153229545994,76.67904140019297,36.22480134631856,38.33686411010155
201.34454855319635,77.8028522749562,36.142636059731046,38.279518029673
200.52082582229204,77.00408397663648,36.130329033403356,38.23606985267655
198.32199244996877,77.31178800675406,36.0399858483929,38.12586021153548
198.84704111342865,77.50684730502944,35.98917767647957,38.05039358107971
197.94962205869228,76.73114056309903,35.89701653649401,38.02754373066622
198.4292177637451,77.46838121278284,35.83678827975065,37.78391825386177
197.83782671500947,77.42895341389755,35.82684579168877,37.70760192084241
198.64669215101353,77.40336226814289,35.81974078275591,37.74156617949993
199.24529074577413,77.51630648487867,35.69646277029005,37.66368354448743
200.27654019144683,77.99553240537155,35.72189336617306,37.741024411898564
201.4278056209545,77.099118125824,35.797920427613626,37.996945774948735
202.59872351741305,76.79043725791756,35.80636348906664,38.15669532409132
204.61428744033984,77.62355937372298,35.89107941610126,38.159904355763246
206.27894190221218,76.84665987454568,35.806098037522574,38.344786723372906
209.3762839717763,77.13824321742989,35.73143333427691,38.52181809430235
211.5573284080441,77.33017324990922,35.68533586341367,38.555295417143896
214.63719606706832,76.45633537066354,35.808975808579355,38.66514830919546
216.94965517924493,76.91672443279644,35.81836210769417,38.61913403132704
220.1009410777566,77.0233641391618,35.68471988754462,38.71737579111981
222.89584176500694,77.69062928685834,35.62234666322095,38.793746207739986
224.83361637146868,77.13551878273002,35.700752623789896,38.84985287426078
228.0773013655088,77.18214364076441,35.74537316381634,38.87346502311643
230.63751061174173,77.4458760868632,35.78823992678255,38.979940648821234
232.05705428129625,77.68892052048528,35.93480884911767,39.00873255798239
233.3047424294678,76.67417101640027,36.048911980112166,39.14475054999338
235.57283309100188,77.48075134701082,36.20373779434263,39.08579900189328
235.8514047685265,76.91747006735815,36.18093184068344,39.06964276923696
237.22994345033516,77.77057672435248,36.34612072195445,38.872625259844256
238.139156255566,77.31844183320473,36.2747793714796,38.871522660929415
238.14883864212393,76.92169795049804,36.265840031880245,38.876645002663444
238.04275928144628,77.45910739708845,36.27419160787842,38.86083387334524
237.7702956830097,77.00235572060677,36.15649218064425,38.92743390218139
237.02230856437149,77.52203323205103,36.06305301345593,38.846400212224424
235.76575485371288,77.47494800538763,35.97172332196493,38.70820717330078
235.1716070665417,77.6322020670643,36.02461872025899,38.601282119748745
232.89402184196788,77.76738082296166,35.98471117792103,38.4720890150881
231.53993103910133,77.31355887496622,36.01858996726315,38.51898223587757
229.7588642519032,77.43945687261899,35.96100785104664,38.46135077001479
227.1480627410739,76.94554537294076,35.88058412404803,38.462326666729226
225.45229923111305,77.58406553659214,35.73533174028316,38.37146538128894
223.5734369303718,77.33138052494863,35.779604717849054,38.387494324387205
221.25886624837784,76.82196863184353,35.72785790587264,38.225104970109726
217.13073630381461,77.68249055875654,35.56799631214997,37.90771891028244
215.1466399999961,77.83751719747713,35.53772743487794,37.636215741512444
210.89024011156155,77.69588171485363,35.449057218155716,37.324842160250654
208.46604841110928,78.03589475237278,35.64605388123677,37.067244991176246
204.9393463024743,78.37945998937386,35.69215867528895,37.025863966904026
201.75363747497502,79.00498046454597,35.92351972018007,37.25127214852543
197.29543041433715,78.71678231560504,36.197269885767355,37.26799227605815
194.14882777629649,79.84880388574769,36.4383568604571,37.15084812068192
190.97190850098423,79.99015509053245,36.74282941376714,37.53124625175036
188.33701750020015,80.21910213770684,36.99625160927452,37.86330270700408
185.2860781640003,80.06245123148858,37.27218061278994,37.992801691247905
181.792810961496,80.8615704348527,37.49757800913155,37.91640028059818
179.30745893770322,80.6523387948087,37.733633829025464,37.98711236048704
176.5615267883319,81.31258976699544,37.763633656332566,38.02130037182489
174.62438097517528,81.65276353702433,37.878643885779915,38.05699964191727
173.92652049369747,81.71732967101696,38.15815987170005,38.15166240047277
172.94439365128468,81.06538677412995,38.337908666083706,38.27248909791044
172.04539374272917,80.89866612598128,38.348606704401405,38.26222557452852
172.3966463720419,80.19742397243184,38.3466648765621,38.389513925397225
174.09831576035623,79.94667182445676,38.22234712463737,38.465855488746215
175.36404407750234,78.85033611987086,38.08141511612337,38.3143379693139
179.33265308288546,79.0033684247936,37.92274343867012,38.46520804994387
182.65516017309574,78.57814810038735,37.82372687787846,38.42955526108473
186.10212091731722,78.02550419037152,37.805023780853936,38.33670698988409
191.49648155011528,78.68481920355615,37.6071781408682,38.423891372770825
195.45486050904867,78.40809722381465,37.59539325309176,38.45009034715018
199.47825143185005,78.48243956871305,37.59871936342158,38.63421188694477
202.7819762780728,78.88612802570242,37.587805830491504,38.68065815793305
204.93441307520087,80.5878345047849,37.783345654051516,38.668390667526296
207.61439003875796,81.01357384538329,37.837850001778655,38.61663579032655
209.36138427236918,80.95986131256313,37.738604261835846,38.48984081314212
211.08634871536873,80.92416425289967,37.661011048215315,38.37545886270871
212.03611264835075,80.39323696735123,37.397231926262165,38.378973241964474
213.25196724632335,80.10165126617557,37.29334374662864,38.271788389738155
213.2495640414464,78.56739900543815,37.22248398954052,38.61088870016867
212.82542854781178,78.53837426219064,37.38938126140907,38.65157064301103
211.34870389134267,78.09659698892543,37.276635086371236,38.46869974684584
210.82963684025108,77.85345136739481,36.96265069642792,38.29011268113405
209.1893128963114,77.8248699185924,36.70552688249455,38.16301205134554
206.8561481340615,77.74128072586387,36.424733833141815,38.19412946876117
204.23609154314823,76.92027734317949,36.216877578322865,38.23314071926022
202.9040213783655,76.63225236409042,36.29164074304761,38.17099319580615
200.47661218800337,76.77933023489022,36.359168073814594,38.1226417640515
197.85317164119232,77.31573583165718,36.530969249528965,38.237597956954076
196.0217895399443,77.94961603319506,36.60142087763842,38.17682112016249
194.49319710982695,78.37080975691524,36.75786678332908,38.17493527918652
193.26790350331765,80.33038657526143,37.08977185027528,38.34425162464133
191.60026410656644,79.98641662770684,37.1505462206362,38.52236092568771
189.09738571553768,80.84139584937003,37.30664975867518,38.62019550356342
188.6683851718734,82.26928530445404,37.49965106296465,38.73203625091187
188.331319423054,82.53447946452448,37.51742533184752,38.58927961531269
185.64911087484785,83.18486947818079,37.68498831372733,38.38430964373282
185.75295776660465,83.80164622970608,37.68806221658075,38.38635470483017
184.83042113805246,84.02423418778521,37.84281319375502,38.497538258562514
184.17812911170793,84.05283026693992,37.99230000027405,38.35947956226491
185.0580358593736,84.3126632412204,38.12470879021336,38.437140369227635
185.0282910872553,83.42120397910156,38.4046044942086,38.45561144282749
185.80085219970357,82.19397433754244,38.61765013220415,38.5289993968289
187.84131849434414,81.56278725102764,38.313681492126506,38.70501788367076
189.40215243214098,79.68113010439103,38.131646747560055,39.02510512425539
191.41733471717754,78.69849983105635,38.09966474584631,39.174043821101755
192.67919658245026,77.9767762395757,38.06802456480041,39.2348993988766
193.15092069365176,77.9338793358549,37.93772799997871,39.416888725288686
195.57773897486905,76.81988592656057,37.71710516282492,39.28294159726782
197.8277459047729,77.59262149131715,37.28450749411824,39.064480145641646
200.33820967001114,77.19015928080373,37.00946819682664,39.145825636767384
201.9031994542963,76.77424448630032,36.738718669760196,39.05981134750498
204.35233351359142,76.7092745280378,36.614299561637466,39.13778804647357
206.88197087291482,76.82651557424064,36.5036070153845,39.15591598185793
207.45239204010517,76.53727844673092,36.39635440172981,39.15725163414377
209.3573765565243,76.48161342528726,36.17927563149533,39.263174593251506
210.14457275397268,76.89420781056069,36.20427457780794,39.21874003126942
210.8612267055639,76.53648271748065,36.1044801729318,39.1814264096559
210.86874085403898,77.1709088668436,36.1874128323763,39.192719160025156
210.75427988756988,76.95559627903063,36.19140482163376,39.1500366068837
210.70178108910207,76.94836587002663,36.206839913085716,39.05214155190299
210.8694787410449,78.09260150713665,36.11001690868053,39.0787184954564
210.48842219355225,77.1357598664144,35.96705922195801,38.871318517318365
210.23797279816137,78.06679127277121,35.928453305880225,38.89595561953701
209.1460445929576,77.73518847141922,35.91075708681696,38.74419490124947
208.78207063635693,77.66621424251909,35.74514572296059,38.59532130823986
208.35238091529325,77.64228958665335,35.547911362178105,38.52627636737307
208.4030154789844,77.76732657895965,35.48106772812559,38.45129400702041
207.690651295384,78.4753974152202,35.56935112138082,38.50686325483318
207.96068938681432,77.96854174669636,35.60177951854104,38.442486546760605
206.64379059551902,78.25639305862687,35.615222448726826,38.25344348548733
206.8244514553466,78.09613353848444,35.58486842359264,38.126556770252336
206.84153774907895,77.9633130698282,35.46076042908547,38.01131487813708
206.5757091937549,78.66985810231611,35.40271779455533,37.86404162090817
206.61511897794472,78.01829499752816,35.435734763894445,37.91354255677954
206.73027237632306,78.2517452983002,35.453869529194336,37.77696556196497
206.72902168539076,78.40807689932953,35.4899330981643,37.674380524841396
206.9081579837002,78.58682583336014,35.42838184077122,37.62139485951991
205.9008653723735,78.92737545064304,35.47963274144896,37.44779746554553
206.40123627488458,78.68684878752806,35.475585441641456,37.482257507168555
205.89440968363533,78.2307683280221,35.41777480082145,37.51182634415686
206.43870272407278,78.92983414252942,35.33508624191919,37.41831784212587
205.8196179983859,78.85478591650828,35.31981269059219,37.467739419087565
206.18789344781766,78.8031015646583,35.303475920222894,37.49271745743518
206.49265948853045,78.72604691590557,35.370748858175986,37.55739707095731
205.85054706071404,78.5478188356054,35.345011679583365,37.59493744719869
206.17488953057995,78.49510213250008,35.44000811106355,37.62025492416335
206.09892444830277,78.7563129215788,35.42096548132354,37.6217537628379
205.8522228416258,77.42997850895001,35.5236471053506,37.834702911124026
205.2190743315878,77.94268986595586,35.561728311789885,37.80810753533102
204.51035164102694,76.65133122524567,36.00287190362778,38.211625836419984
203.11045876649047,76.24907413911744,36.367055703009015,38.51394578288833
202.93481742175106,75.71204739034556,36.4491975827134,38.48026531551205
201.63149379127665,75.73963144453238,36.70515471724314,38.75131321937786
201.52043488197995,75.18310856943754,36.88883421940196,39.039243944524074
201.6985565022291,75.33900289293561,37.282940977377734,39.12920407396375
201.1482497015384,74.7882985917315,37.648401320912356,39.20860103868429
201.1754225618252,74.748136910836,37.886175222569236,39.31043900434342
200.92352862847696,75.2537528211046,38.150037958064004,39.290101739851764
200.84971967992786,74.69276084827517,38.434969250900785,39.42553380467413
200.54617328637246,74.71419622001424,38.606926256246616,39.616314997250214
201.10455401471984,73.32680097226016,38.86533264623154,39.911918481039635
201.39108023469885,74.12601878318479,39.013693878243856,40.08030054813232
201.4129765992306,74.1858594011019,39.176739518549894,40.1991339591859
201.38128300418896,74.24155784599208,39.247087271529146,40.383199200905764
201.1853239864557,73.6700211250776,39.336365762985494,40.575683224323484
202.4202973158077,74.34324733616552,39.67655732983696,40.6879076171806
202.4364767350991,73.29390795527515,39.61408439745871,40.65249166384293
202.64637621039455,73.06819784921188,39.477247381672704,40.56222498346
203.22718943084888,74.78833394799653,39.921595853407496,40.60127927247824
203.2675978700801,74.09295416602271,40.338218836242675,40.62550078863535
203.68955313350617,74.63259678504718,40.67967827780486,40.61192621438185
203.71381951378964,74.47802539098413,41.08888171137164,40.587299472450084
203.26670558645702,74.72432870762418,41.48498031741778,40.529452247405516
203.1686465770035,74.50248071128283,41.678528984513875,40.59075946950793
203.12657557402218,74.25704927959498,41.81547522957081,40.67134481723383
202.7564013454559,74.53098518261879,41.966998222454656,40.643481992414095
203.04966527767363,74.73704343961623,42.06672825682675,40.631705528878115
202.8591106360048,74.06705995365002,42.17493192221204,40.80452283783906
202.93750233644505,74.84372940728478,42.22799840047722,40.72010201566778
203.09543670032662,74.62398435928789,42.32610202068881,40.77382125432744
203.37034521435288,74.37648161007843,42.37288737291205,40.95831155761503
202.76764831414982,74.30527338562231,42.52340722998929,41.17089633779271
202.98617208769423,74.44120592016316,42.45677942357737,41.36217408096307
203.68742244662965,73.93811043580203,42.38793990432255,41.49599760803112
204.22760100072338,73.9811686429907,42.15328908018127,41.59893826069042
204.26889074404022,74.1961317025291,41.777694143308395,41.590733302025455
204.6665554565713,74.1825275136588,41.18423429541565,41.58854188617099
204.37680159532414,74.99305173929241,40.61810629384229,41.34288241481558
204.29275763268456,74.46032471794054,40.28343905402136,41.20815890720346
205.03783313068368,74.26363168461134,39.821075743417424,41.084833202373645
206.02236378647098,75.07614286589968,39.10131562698748,40.81717108359428
206.35618428966183,75.05875436709238,38.50254850289948,40.60474575932186
206.25584436483066,75.63562738580488,37.956355569854566,40.250369951141096
206.93778629282107,75.39154517018548,37.98419451222121,40.33403094748344
207.16258700467634,74.69873069010532,37.95069704759423,39.93249450427764
207.0328169896929,74.62815991082424,38.01497813233448,39.85134781191667
207.1904441095899,74.56289023229527,38.16434901270346,39.965965250299284
207.97216945059978,74.56552585147065,38.36596710013863,40.184476953647575
207.9001581751711,75.4874490759357,38.283617423923275,40.1455993386408
208.50316048170174,75.71765310975223,38.139455252420845,40.2276414605982
208.51610982081496,76.04743943639161,37.991764235405896,39.7769422580755
208.7209216509658,76.86264544204404,37.74313096230547,39.556962823903824
208.05545285047756,75.7745217845301,37.4649248293037,39.48558431114241
208.5619855561731,76.98887659870243,37.319418850896014,39.22292130221304
208.15242293726345,76.46533344952553,37.044777280205494,39.22650789239117
208.10029029815752,76.48901644082423,36.729244243845955,39.24090902598279
208.17536862265433,77.10355111164642,36.58050903326603,39.08112185844879
207.9556686096998,76.87237277680379,36.372645234235335,39.076806405655574
207.77257142467465,77.28598441714078,36.263485618260816,39.00039929138252
207.40333436756868,76.52354235265699,36.05226879447684,39.01915093686773
207.221777147539,77.17604298445323,36.16312281779008,38.8529793813746
207.2817338034755,76.46146101627599,36.02025813208659,38.8488027682601
207.0184051791688,77.1454992655626,35.91061708186424,38.748019961321994
206.94854510320758,76.69818292691374,35.94785910213481,38.73402185029345
206.5915098723047,76.07149711609311,35.99745352691516,38.78915796015494
206.61041755104932,76.78180891897786,35.95657241616338,38.6580822746125
206.40175801138614,76.47070865506498,35.82935472609968,38.643326289510235
206.4063086126766,77.2118078063765,35.66669298939912,38.61804086206267
206.4259678655961,76.24975221367413,35.70798175624469,38.467565894437016
206.61140589403058,77.30265198859821,35.69139597614155,38.32981789736138
206.9936777629342,76.92649085984716,35.5255451919209,38.21324903490651
206.74964907641848,75.6586672075176,35.36285377564188,37.95423195663106
206.56549137175898,75.96463292352102,35.470513901032945,37.961951484592795
206.31187503002621,76.07680702161636,35.66313365944583,37.92353824924426
205.62067165219116,75.73815694207568,35.676787577934896,38.076943383072305
205.5879923043339,75.69024716715413,35.96997932115859,38.1378693047056
205.15359176259977,75.27611067230971,36.13483393341254,38.2439414238805
205.29790285409362,75.19016417591257,36.44136800280903,38.41180671382914
205.47879840243144,74.99809734755746,36.67305755274368,38.09586617467754
205.6046214234498,74.52892776873726,36.82903870582682,37.97540916494429
204.8883536052857,74.43317572925008,36.823812796973776,38.19157674440645
204.99452971250565,74.1386954961529,37.08002747706509,38.45621987451835
204.87107290812816,74.26180490990905,37.18288105524047,38.66250606929345
204.40728872941648,74.49405568970032,37.39434055407849,38.78331973721944
204.12920742740485,74.33330248863989,37.559636342057914,39.02988098753443
204.10280441805486,74.92774562840304,37.669031353234345,39.08112167543822
203.98657424663236,74.64088469958449,37.615568602521996,39.16842051748084
203.78099169593793,74.3852039934384,37.608607478439325,39.249884651225756
203.15768397760223,74.28710110951108,37.61750314086453,39.465961693089724
202.8041531018288,75.08933859536464,37.4819971505405,39.47322838340807
202.07428429432568,75.92152054551536,37.09698269225878,39.08079660819817
202.07950505650143,76.5454468750626,36.76215919058758,38.83677700459994
202.24335300103775,76.51351608639308,36.65342156014377,38.833820821471406
202.0087318995213,76.44057084724261,36.656832304608116,38.790397828455056
201.9180739012023,75.48752495023531,36.84617213975871,38.98375373112751
201.0514209028164,76.21767671514756,37.09076034211219,38.97674424007558
200.36632804925466,75.00028682874778,37.43415447666483,39.21172828991374
200.00260199272287,75.28775528198413,37.72444833295924,39.47481594007783
200.14393540022942,74.38391649405132,37.96945607372466,39.85474519345658
199.90240559418868,73.83576153350167,38.396809982011206,40.33199769764
199.88526221995298,73.39246243216942,38.92838814641238,40.55757025695577
200.13985464655818,74.03438866964373,39.3879537104345,40.78670074652286
200.2585273253759,74.06092433047624,39.86644654669246,40.981515799450634
200.34324075409893,73.67454962528501,40.25414150254369,41.21528091112703
200.56390703558083,73.40580100204568,40.69942534840479,41.475583300008324
200.71731748885884,73.61744939668048,40.95271852752305,41.54325715211333
200.6108608856323,73.46409847543832,41.19410545020539,41.713629090398996
200.83785269862716,73.20578249532123,41.45757208533169,41.88764496939538
200.70854976445406,73.5591515952882,41.629486648636515,41.85074728412134
201.35357904519753,73.24429429546691,41.52134599295711,42.05330302141151
201.23949479174047,73.17583307353891,41.67410832103919,42.15041935634577
201.23220758988379,73.19698867700518,41.80710866770991,42.24946645045672
201.5866234526279,73.65852810725812,41.879546492545195,42.20934463121442
201.18197889901077,73.54304043922926,41.93958304202492,42.45379243493308
202.33620393116996,73.69826108601006,41.81434025118986,42.38037418202374
202.00253110306653,73.40011850488352,41.85346153453292,42.61217315658034
201.98705623873855,73.8418867523568,41.71780585022887,42.6247948800176
201.7380060803313,73.98963566121058,41.27774556876528,42.65178250923994
201.94035387647202,74.96428197014659,40.928226297900935,42.40921107800582
202.16872765447854,75.39630572556182,40.45640378286312,42.254909451117015
201.68488177520277,75.70655932493803,40.11271610873641,41.9724753867869
201.73535374464063,76.03371506326748,39.70134447434794,41.78584189078938
202.15435875079456,77.13039805809126,39.278234913938675,41.592243443027215
202.56774059094258,77.61154031360974,39.01404186514669,41.31335545022067
202.7256004219311,77.94155860759135,38.70703149323453,41.14805478864716
202.5905277834781,78.06742619302794,38.422559067179506,40.921626753430445
203.19282864220625,78.26629462986878,38.317165347045304,40.80282781557794
204.088973401339,78.73544741046953,38.207019516981774,40.71404216280461
203.9308208147917,78.86914467078306,38.15166326543949,40.55937444977187
204.0670883276096,79.27854034911527,38.08975168293037,40.25725618118116
205.75716262068795,80.37329786963026,37.998719956209726,40.21795295121685
206.0805703166658,80.6941166881201,37.862592451922595,40.191528946820796
206.41220871970194,80.13465974322396,37.71771953359908,39.931409867138285
207.10038613872882,80.11990492596405,37.60477538299186,39.88215485441272
208.08713988958436,80.23360027403626,37.452395057565596,39.87178464009315
207.29464452592694,80.94299832331916,37.22433742214851,39.624806559486956
208.37402096547888,81.28640777173634,37.18631685047872,39.45501408706056
207.99268036009641,79.98384205860526,36.96397343022022,39.560976402070864
207.62047106236167,80.52205430067836,37.23396584556539,39.27477688731173
206.99239958820738,80.051019165483,37.2874173580601,39.192344284281745
207.13546766076135,80.20836121739532,37.31908063211684,39.054424564369185
207.57450864985282,80.18476376128939,37.461963038012854,39.18616508146567
206.40300133436412,80.34004482705896,37.63704635070718,39.023075286814844
206.53245702155317,80.46063803986338,37.746927838029166,38.92517392709536
206.62640012576296,80.59816536033776,37.82168627816149,38.84941953059719
207.45064779981146,80.61454199416318,37.70891437786419,38.69412918647312
206.6766999462285,80.45745884401583,37.71863366767936,38.714284847577126
205.9185524333093,80.40195175097807,37.83796318982512,38.550715097915045
206.68185320192052,81.04509553477959,37.77004788516949,38.41578220083658
206.05235762600975,80.92786617678618,37.73492337441626,38.432964552258525
206.86936168239643,81.55597768926842,37.72896916522264,38.318213032459155
206.97733119481725,81.174662303413,37.61150818942083,38.17742347507604
206.78204567288662,81.22969785484649,37.44093982850836,37.78255187253139
206.62366784064565,81.93133432087231,37.23832207608965,37.66569654397249
206.08427693826428,82.2524136755701,37.11744214913246,37.358238120965325
206.63849004281172,83.00017410477182,36.84353705486373,37.06404518252192
206.39069962854143,83.07712916152448,36.70323848601207,36.91202092388852
207.0820950029774,83.18876816850079,36.51311307565635,36.83869728854079
207.4018863019594,82.28026280558264,36.32674035470656,36.97957986534451
206.9710952992111,82.84305588625622,36.15295689789998,36.82907169071454
207.83649236877963,83.62541102871012,35.95508669560678,36.75003054185413
208.83353391391418,81.43746799965255,35.69829315325792,36.973822235803006
208.84626617877402,81.37290858029955,35.319360026602986,37.47441969170033
207.85571065459504,80.1636890643636,35.29439688482111,37.690816382339925
208.04019559551892,81.249937107661,34.84564073956711,37.90528628581164
209.0994036246212,80.09408858104703,34.47947749851647,37.971931716648825
209.27374866322464,79.38302406084415,34.07830784499012,37.98952605952195
208.93877753282848,79.70996708565218,33.92468253652662,38.32548081543645
208.7598702721663,78.78064989047658,33.76280499451939,38.18149355509185
208.66504553692147,79.21415514244734,33.63362767038474,38.30314052566813
208.52551394186386,78.49834346532532,33.53437416004141,38.11465825571328
208.0549258399101,78.58794620074576,33.48658926337059,38.29308375296624
208.48539566097628,78.79180337411862,33.57403080676987,38.4967826466533
208.19669083436918,78.11709597306452,33.640078920620255,38.784199796707654
207.84425505913794,77.61086528571101,33.76471910254101,39.05253693769198
208.07332612826423,77.49233374960698,33.90956282320566,39.21038119016258
208.01769188420775,78.11900055142151,33.98250796851848,39.22127128133488
207.906059919407,77.4994246995948,34.06962679812243,39.45161937895497
208.5875363576047,77.35198270201742,34.17186254420168,39.59043524278209
208.51919248467215,77.33256855252081,34.20343246986351,39.652923437880844
208.6140048687745,77.35218498009901,34.243677097153316,39.77290478131376
208.57212035588432,78.01053463640604,34.16407461958052,39.647383313700935
209.21301464406622,77.93006569763068,34.231562109043104,39.729784598827734
209.00860652025,78.16726568912375,34.25667318771312,39.80445396083899
209.42820549187047,77.88508311040704,34.26010133929029,39.96918377352871
209.31225323030156,77.59784003124258,34.20530674619808,40.08292921659233
210.66574337170397,77.3661048723458,34.24815146415621,40.22881516877958
210.82926027394737,78.11313839382342,34.135766293864705,40.01928484514657
212.02695291738922,77.90635590710949,34.21324944951638,39.86673354517127
213.77710290207975,78.13194743336821,34.295684541780865,39.66180521989819
215.38425040426827,77.18473120934016,34.454676023075834,39.80616459265978
216.42967605087944,76.38237994478168,34.55639708512385,39.84484782513064
217.51912930396853,76.86536445014576,34.55164199953896,39.858594459715746
218.53106683229308,76.55586550495214,34.827787160785356,39.933518410779556
220.25881819333222,76.85812147307146,34.98271157989666,40.07925621800253
220.09742005881148,76.9542630331949,34.89815546103301,40.07422077639312
220.8451185175275,77.71681492474002,34.91682297479147,40.21042373215635
221.58430502997777,77.2798216790781,34.937080115944696,39.90061310243224
221.3894499386719,76.89561579681681,34.72190901193532,39.70047519816589
221.68456390424132,77.14655510999046,34.53944006178599,39.50767210616233
221.44409639292502,76.63015632914616,34.46005977346352,39.59383203738825
221.30852912134043,77.39704315816496,34.31477948952431,39.6189882995472
221.54139328765368,76.95991861443144,34.2693545314267,39.22701419479928
221.03484495511526,76.98026229801147,34.097828074288245,39.055955599778756
220.7933347244081,76.81441267876072,34.07161255757606,38.70610630245645
220.28057947666622,77.23749105471353,33.984662678227664,38.50626047603454
219.99011558995102,78.24613095538187,33.792364965379505,38.25282278056332
218.77221981377704,78.4524175793878,33.790707062466254,38.01864157030076
218.30850580607625,77.98324318158436,33.63689919224768,38.08943689338872
216.92174876626993,77.85432343067049,33.649973160700085,38.00206834639597
216.55186976380912,78.46369822846478,33.62457710192005,37.960725896307565
215.38303573900495,77.99731286706324,33.84829990578563,38.05849228942925
214.42288096818345,77.0837321959882,34.15181664938632,38.291403429400376
213.83716428915733,77.22865328883384,34.343321931171296,38.46784998911237
212.61430012872322,77.27941404599676,34.618664891321785,38.763005521800764
212.18929150017826,77.01632689130332,34.95211307044309,39.059174477498445
211.60799949831792,77.13092833755226,35.17756900714715,39.209653470243055
211.9107080606609,77.31943640332685,35.32295541267737,39.38544699436021
211.79780753880758,77.01402479156039,35.26474446655216,39.414751210210326
211.51367491651573,77.9359671066718,35.19154804073713,39.40593587873174
211.16638300171442,78.3418122689472,35.04305158812842,39.40028977510531
211.13927513553034,78.46603661235802,34.933887397987405,39.5266376278287
211.31871399986497,78.69893553065609,34.73258712436194,39.53966726773406
211.663289807696,79.0427978252383,34.50734424063725,39.52141728031525
212.00459251389253,78.8088754283508,34.28368681460857,39.72664988026736
212.76971788107747,78.48466214568809,34.039580098411946,39.88467058802976
213.1495144563921,79.48323537498527,33.87449672818962,39.748245121523716
212.85357588059287,79.9935241417724,33.65514471041934,39.71331508751078
213.27369233306874,80.1778330754607,33.57238122113226,39.839769793557565
214.03149266990752,80.72616289203694,33.333814234092586,39.709112267071646
213.8678792766753,80.7557425585347,33.11398792187842,39.35646422295743
214.70049070493818,82.24522227923063,33.120419289748455,39.46663446792117
213.83831520681295,82.35630726781264,33.13822612515602,39.24699557312651
213.99402534101483,82.21430456950277,33.33536132864938,39.387966049649854
213.9704469114202,81.90302986082017,33.40410090491455,39.28733839162903
212.96192274715088,82.41693634158482,33.226873139016575,38.98602570285058
212.5943555981209,83.06703225182665,33.313758228149354,39.04898865131071
213.18237069046688,82.80278367143592,33.314921565910694,38.91780979671512
212.65658271530447,82.98398472947505,33.314059733947936,38.690965376860106
212.88242223218214,82.68890670181383,33.50211210735813,38.67803925215935
213.07852918066948,83.18540702659061,33.68304473242861,38.56252030159567
213.5106814880388,83.63606712956141,33.86586343064003,38.43850933456474
214.00261201728875,82.92560574802971,33.90122463166166,38.52801262970213
213.5812442671196,83.1836098364504,33.86186676203917,38.378974842942135
213.2129960751051,83.22739233028251,33.784774049998816,38.22126534351864
213.69783636350576,83.68550002128939,33.754076913596705,37.925956493315645
213.8286553707954,83.42572320654993,33.73452778313268,37.945492599028995
213.81882274802578,83.07949769231217,33.70597794489396,37.947036864427716
212.74020826872658,82.79769218706886,33.850651542698316,37.687808674417695
212.7931989326206,83.62763130754807,34.04889956380818,37.557327682681056
212.4132335070153,83.16625968491363,34.20957789302709,37.49406270107845
212.01078769071097,83.71695823503887,34.452215096772164,37.41565129762056
211.77624605137711,83.074578651567,34.72508888514069,37.44558654145336
212.31548168119295,82.9437051637693,35.04632422760558,37.531385791275895
211.73903434016182,83.21857244817835,35.27644995920551,37.461395805826115
211.03541124701613,83.34467656041187,35.428735131702936,37.39858403724305
211.4832263952838,82.47749705042955,35.72925776065894,37.53677430072271
211.709126325091,83.05922868728993,35.907033153577444,37.69256661744079
210.5814801552868,82.9284643035657,35.99591051706585,37.71847534816799
210.637993295302,83.12320086517423,36.1568886070096,37.703687452821896
210.620067185464,83.11484081481586,36.27989175059341,37.72637512354174
209.91090671893008,82.46924082120732,36.21665710256838,37.8130505936995
210.39507131091517,82.75978204213713,36.133657820770274,37.85157983234755
210.96663488815608,82.6916156298501,36.07150369542509,37.456475855964854
210.58091165690615,82.89799175851522,35.939791254803026,37.22868771902269
210.25480372482144,82.46570366827086,35.892236489566486,37.191475247568185
211.18543138146293,83.00945704645468,35.84380661764396,36.91669588292035
210.80713127196242,82.82594456709819,35.891811799184694,36.69444351457265
211.7082020228948,82.74731937871269,35.66279339473962,36.76925687527376
210.85745143633088,82.92343093020281,35.557681241794796,36.69178740245479
210.85640034591205,83.00383739267721,35.30291753379848,36.685975283360776
210.60139138104796,82.71049612676447,35.08601009044925,36.6501940524261
210.59553199962002,81.68094632150166,35.16753502674891,36.704728423999086
210.14057665794635,81.49019746688316,35.26467039624201,36.603870478996456
210.40509677594477,82.36350494222486,35.350810056599855,36.59745354447972
209.89560142281988,82.01165828701039,35.47393585892283,36.697991003544516
209.69786556946968,81.77247132615544,35.62156446400249,36.64363297497138
209.67203025201385,81.43051321604867,35.749530787662536,36.69785687912962
210.04818272341433,81.18739223165983,35.80667790174635,36.78403554181409
211.52666254355177,81.20590375661043,35.867861915341095,36.908923606963214
211.03256830316042,80.92004352422424,35.890426957765484,36.846470261253565
212.2976497974309,80.79111426310459,35.78977575473178,36.959811942915735
211.54185251033843,80.27528688160609,35.72978407765781,36.947504227275026
212.10255242868078,80.81259757522979,35.54268269668829,36.915422913422425
212.57586220557818,81.04960968278931,35.46118081199906,36.953098494026335
213.46735656132475,80.47377257745308,35.52080996988305,36.973234552004094
212.8110676889916,81.1250001708146,35.43105385892035,36.81491793988127
212.8381278297463,80.54666429735724,35.4993372959421,36.74960196249181
212.8183111514633,81.1248302276143,35.508813341619934,36.656694570018146
212.71823085262093,81.67199993229133,35.620213198249616,36.54828655714846
212.7821073251231,81.0279825596789,35.69372062624164,36.48421926112881
212.5888881374464,81.59179929219914,35.850550912863284,36.36865621349249
212.52951831716734,81.02242979388383,35.92136025691096,36.413691582536764
213.2397161836003,81.70700332221836,36.08751642872332,36.325193472629785
213.03023229697826,81.0805817698021,36.15888403993817,36.42296615338242
212.3278387139554,81.03562221796295,36.20519766663148,36.43423356061715
212.4177207864166,80.91416502290215,36.319269906720784,36.361327077955075
212.4025371295328,80.73593617952382,36.4408757713302,36.30511006945838
212.18442104581163,81.83332083205062,36.5982821788848,36.18004815805104
212.01499766633066,81.68502402614853,36.60136959612998,36.23126068279047
211.8096444307887,81.51880761464659,36.530343341116776,36.288945687085906
211.60543019347074,81.66935583556531,36.37731406257128,36.31109369772497
211.97628187607614,81.95078574316825,36.250157711596884,36.367792753311484
210.97287586442258,81.26555938209341,36.30369369673415,36.281316745450184
210.7554395169094,81.56421865147857,36.2163140109126,36.32801888329273
210.9372656240478,82.05742041874177,36.367787965363675,36.21522399754333
210.31287823888286,81.2865762747942,36.51635767187365,36.00472193395225
210.4572331917572,81.55376525850889,36.66872106457924,36.077484447994905
210.34214870795995,81.97396763475393,36.77918595701611,36.398656920236256
208.55121199394642,82.17464819124639,36.92048378537278,36.242571170577406
209.2677884624763,82.14641346616486,36.81379430923529,36.06298269849641
209.31678034303633,81.68952167639189,37.04883600359003,35.824382116093176
209.56475082455896,81.79499352608516,37.170744867357556,35.490980800675445
208.13661038470704,82.08697265915572,37.228704261541964,35.21741342417897
208.14841492221228,81.54808799469198,37.40837646991008,35.15562849094518
208.18478958719936,82.17416402372871,37.38555803282065,35.008634642672476
207.08741896307077,82.47259322492673,37.17246141334102,34.935067351268856
205.99321780705287,81.4923509903611,37.02723602457118,34.920365353229386
205.89714057742424,81.28619199744648,36.94380769345365,34.91459955209423
206.78353257067533,83.60004669072273,36.798723439731944,34.92828048918062
204.37351723600847,81.78346291308259,35.981445511500965,35.28942007510058
204.78409023865368,81.63417330645716,35.29346724989343,35.377435345561395
204.12019008589434,81.40865678609596,34.62194311445597,35.46890584026901
204.80207814729596,81.44868174520423,34.0308392872231,35.34606822116098
203.87429420889967,81.6049594775377,33.58019330827226,35.296554520991776
204.19863703042327,81.34075665074711,33.10979868800261,35.18726188184072
203.96536555088568,81.35490343452364,32.819523471761926,35.049633167443275
204.16316390967907,81.8491432100944,32.652509941040016,34.90263208328937
204.21104968957144,81.71749290119038,32.45471962260072,34.84535275505631
204.6130441601237,81.65646681179133,32.3534934044652,34.601853640958126
204.26414150042726,82.03820679624653,32.25399236504388,34.43270350603211
203.76806371459205,81.8540626407527,32.20303363217177,34.34812466671306
204.4204414777486,81.59339112475018,32.042501915100914,34.05645754256347
204.24684111800562,81.68140591894112,31.93158589459852,33.863121127172846
203.77164466668546,82.05836746273357,31.924856411736982,33.65730125289822
204.57906306943664,83.9188481677258,31.571979874255245,33.73449681961357
204.75663227490492,82.67757185316431,31.503044251671653,33.62614163661803
203.80202963713447,82.57836301625977,31.449565611120672,33.32442728613894
204.94192757599052,83.42102019047242,31.14638492391453,33.5508427503357
204.85300926267294,82.45566252594719,31.053203850115928,33.30809068169633
205.17315878362058,82.09329008573974,30.983934590515926,32.985029179931985
205.3144936431217,83.46641473669665,30.78628276870231,32.75074968278196
205.87668017323725,83.77246398391989,30.742565879316256,32.79282015176779
207.2083739265615,81.86884408610486,31.242933789537872,32.8804537862803
207.61044392839077,82.19681128150306,31.636276490995638,33.15873899425404
209.948323446109,82.7737587677394,32.50958399913827,32.96530706880897
210.05241122006194,82.29953023596453,33.16026304307884,33.10202570090498
210.58987942810776,81.50657972804163,33.798766568393454,33.30117780680051
212.24449036023827,81.12095525565493,34.11001951950105,33.56803412767253
210.52198932392673,81.65092062166346,34.085715123160554,33.48943307514463
211.67805577315562,81.82815435653875,34.30326223835934,33.8157830902497
211.3819192433901,81.70308266338344,34.6836619006593,33.998970627032
211.9354495602869,82.210478270543,35.003149986271794,34.38378242193683
212.3080105981276,82.34794668780007,35.282922982573766,34.66169756238683
212.20052201338842,81.68651739160049,35.50291501212337,34.94529099899374
212.3243146954407,82.01161739368152,35.67742151951879,35.064630589481965
212.21595810877184,81.73308688326038,35.602498970934604,35.28863709758506
212.56949203710377,81.50764043640342,35.75950892074357,35.39515220537788
214.24948032116515,81.91438145372241,35.76961401575247,35.59268498988511
214.08844074912258,80.86342441077542,35.6830346851539,35.690565987095
214.66908030717622,80.86815504411541,35.649954431122396,35.613122233034524
216.78343183873835,80.99755253910806,35.37603290028573,35.5485919231964
216.77921786089132,81.02340375806241,35.08053832199083,35.1013060642958
217.49190730845257,80.63406509881665,34.75944514387883,35.17167611655195
217.86169867954942,80.46563116446951,34.773288417062204,35.13378025805813
216.68817242695675,81.1173682778037,34.82781992233909,34.833509423418555
214.1652026705131,84.56952676858084,34.84643618922418,34.827424901886246
214.9031376107289,85.0538133468865,35.065563142593874,34.3776037837538
218.48361846210196,85.13758430557974,35.033878192319676,33.815340000713306
217.72573064349527,86.04859093759137,34.749560893970916,33.46988601803925
219.8174346069058,84.37579590790241,34.92849866264543,33.36792387328508
219.34318814501788,85.7742316433625,35.036319689486774,33.38040193926066
219.10713035491563,86.0292812337847,34.91696329960995,33.27211638470561
218.86133055289608,83.82158586079915,35.05911514664335,33.28078077035568
219.15271551788706,85.22678129640948,35.203687106996476,33.22503834617173
218.8593698449019,82.94816666835779,35.11409849090401,33.22513440449072
218.60224955298915,81.67092445144158,35.2383213864551,33.201727726949244
218.71330471861202,83.68990081577877,35.181929998089956,33.16236809023957
218.52876530217256,82.49395870354883,35.154464821521806,33.18336718095617
218.6494814979248,83.46719557603592,34.972808982038806,33.09596898224662
218.06159484792045,81.95145330489872,34.93298071859384,33.10583563511673
218.00550692165962,83.08816992977651,34.83297418340591,33.15121332514998
218.14512757801415,84.19843753486944,34.739378912924565,33.14305828578627
218.19578487654198,84.79132728864184,34.65952721457036,33.13003032414754
217.66222653800352,82.69720701494337,34.795928271129526,33.13696212520656
217.60834157887479,83.7173657806106,34.686098216304465,33.21295185247807
217.78454058588505,84.27979720306028,34.59911104279525,33.22246827527126
217.74912994173903,84.62353449572956,34.43319341087548,33.29471997586718
217.94831205914454,84.97186509738404,34.330787069197626,33.3936345105114
217.60711204935626,84.88364803220392,34.14668164472437,33.50654905871926
217.60416628248817,85.1947032783824,34.144936635097224,33.4239487568492
217.62579541000767,85.72436847652197,34.11197523518008,33.300768613389124
217.11929212855,85.5165763200738,34.144509233398125,33.258508490116796
216.9098520434717,85.8835491901859,34.148172480794784,33.27676633360994
216.92431295626184,83.58799286910252,34.32298573855603,33.356949391273545
216.44812659411,84.36535521610534,34.377623642016985,33.3045757428764
216.48654549291732,82.63246681822446,34.61198097951895,33.40382068973072
216.38370385879466,84.29102967363875,34.69960657210456,33.51866485995987
216.1681914513299,85.02540597161916,34.68853828291002,33.58962612355714
215.55286095949444,82.94323784429024,34.803147711901104,33.492644171427884
215.46362123635217,81.93354589924627,34.9446975098161,33.712776862747205
216.0203790536303,84.0192322817538,35.03088437655678,33.90853485411033
215.39021020676284,82.54520526543546,35.09938845498871,33.94583420611345
215.04713295723428,81.5496744261582,35.112431098062046,34.117372550164795
214.63035239470076,81.04189886405698,35.19172071586594,34.357302915833785
214.8317661788518,83.1094407473471,35.14129687771786,34.41012970604675
214.5639810615353,81.98320725562127,35.21016000194595,34.48674009922739
214.0821433618983,81.3674125124657,35.35412782875979,34.72606465910498
214.6176103588751,83.25542741314122,35.26601583578649,34.96542286968631
214.27941047975048,81.8739517996509,35.387975751334785,35.094597431933074
214.34014065862482,81.36789524116553,35.59236143979548,35.269088025596005
214.10859807361558,83.33694141859237,35.53624843056893,35.14483749050551
214.32605625611495,82.7559847226851,35.674551484095886,35.287910926990165
213.27149493891196,81.83809731510883,35.84721815345979,35.36236467433264
213.3359811256011,83.32592546789033,36.02056131324266,35.08515368889902
212.69131528478943,84.48030305079797,36.07028685282191,34.66948066495996
211.24831535265545,83.68099538885996,36.5065417772858,33.855831880178165
210.91339598303088,82.17559280406229,36.888054521328115,33.32966595754935
212.73137484395892,80.61991576654765,36.88968172416989,32.92769672554128
212.52500500638115,81.09273634568763,36.75480092403326,33.016909621712315
213.12469133428857,79.71555563353355,36.790911318564795,32.73042326770016
212.81528129844486,79.85307767116566,36.56089216686732,32.34500689497014
212.2390651532009,79.8684048964035,36.363596111484284,32.232159703160015
212.34206938223514,80.65962709797543,36.152379240299155,32.15951871436097
213.38504292719688,80.33852535016344,35.90280547953828,32.153063517148176
212.5484910193963,80.5654210552828,35.751215257702036,31.993411819958386
212.13328473149724,80.25692780014367,35.5455103989985,31.847969986940598
211.95993771701694,79.91977633997689,35.43782162094271,31.747637294309524
212.1165874264857,80.72372573658683,35.45600288390145,31.591545046347225
212.16202081835831,81.1029972580925,35.52566633949979,31.62974384655944
211.99901688923495,81.84471654238266,35.65680308504224,31.53889830414034
212.23778212533648,83.24978974371946,35.63090383103419,31.55630135901677
210.47709190680646,81.16053835417866,35.774975660992766,31.264906867895746
211.123084938747,79.87481775001677,36.08435683229539,30.71373869931216
209.6582871972907,77.8459441537293,35.682834685203154,30.164297190257468
209.835763267123,79.41782982568911,35.85831649834685,29.406971845483362
209.67219072516787,82.86463464744637,36.27191800774517,28.87812021664781
209.4752786271975,82.28941525903366,36.8415178806516,28.32229747785584
209.33463572640431,82.25278433909908,37.33528559818875,27.900232679503265
209.28250896520535,82.73225568881821,37.72084017196491,27.600601036202065
208.86801446562487,79.92960499331052,37.73716847700358,27.4070146975727
208.21707858964317,77.30437508958626,37.53113271916325,27.208389269425506
208.15672380599486,78.19645305627793,37.30446334706967,27.004967350553272
208.2023694673549,79.43537177614665,37.29879329935724,26.78274156891214
208.65924384727663,76.24105052383075,37.007796431126835,26.401779867458735
208.55906304413128,77.14148036508314,36.733322552197606,26.132135614260008
208.47676739935466,78.28859272103455,36.67569729521533,26.009775650358268
208.30344669525502,79.45632083984593,36.832684397837355,25.703829672363817
208.65972623173678,75.89763226596115,36.47545573249329,25.42878557455842
209.10897993076782,76.65171431757005,36.39674763843973,25.108865218098128
209.06375101278383,77.4346403957559,36.54062703135732,24.795212234700042
209.0070764383795,78.15201854930187,36.765732802957274,24.45740204787025
208.507402773488,78.84099200981989,37.07400707270453,24.182445992541638
208.11881647626183,79.57961125574671,37.26017225567695,23.925276432267566
208.96626265131835,77.30512831942883,36.85975748754175,23.67703161154395
208.81052263738786,78.85427517143319,36.67193024058426,23.50086133969465
208.77431850880467,80.10349381898152,36.51283478759996,23.348296208370595
208.98556920831038,80.90042665951773,36.30093589558374,23.25589572867602
208.84125341007322,81.1557917664158,36.14807487492779,23.02133311622685
209.18778815682217,81.36151916250328,36.13719562085937,22.773009620686565
208.3803281548769,82.15331474327998,36.35555281003734,22.626777196125058
207.89219360063672,81.90737006396398,36.391423404246964,22.642503972121162
208.1601657186691,82.85273144196523,36.45125441480236,23.0097224621514
208.43246969010056,79.81964262006805,36.35188765498198,23.473724870197447
208.46023070734614,81.6226046469185,36.495504351255214,23.88053046127195
208.22882245668808,79.67217716812128,36.20284545069296,24.45437860200239
208.42977389749137,77.1247572659064,36.04824992925866,24.794658412688253
209.0966279029063,79.18385153784385,35.96865022817458,25.15020710865098
208.18403751541197,77.4491878651322,36.126006854031445,25.23352046939412
208.58167680448886,79.56406088499747,36.166206879717535,25.435501839026355
208.34606580723522,78.23150765908456,36.14608305141374,25.54155773085463
208.6231170434157,76.65657665186095,36.083900275383755,25.338000918244962
208.6472480054262,79.36954932002703,36.1046682413636,25.485133737430388
208.3225751222127,78.05986850277516,36.000551991208084,25.615785206910324
208.99126564620363,76.27350933122415,35.76985217091025,25.532676981408834
209.12615768818586,78.44377117027796,35.80953355487567,25.407479612505323
208.6817241866867,76.62296637261404,35.64821118199659,25.345610156243165
209.6170256286797,78.9195582407136,35.50669815415837,25.53793171484388
208.85751982789662,77.32127586161398,35.29563797265874,25.333514569966926
209.09836172738164,79.13645454272593,35.163256048326275,25.267186424509394
209.60214102619005,81.38741947681515,35.23991750247492,25.23271242028357
209.38107370488592,79.22687528525765,35.049181768973085,25.147197943901524
209.57390642730547,75.78703876532168,34.77755176660548,24.90057017200586
209.2129599395653,76.15184269373393,34.531459171655044,24.714486044028902
209.57184605173256,77.17177758385968,34.35369584987028,24.26764838543571
209.2812272731206,78.25070762091222,34.31481085517618,23.734852445928407
209.40649516555106,79.01466662938705,34.22592528093425,23.21161446647721
209.47991346887284,76.50134598054404,34.00093425939849,22.952925468600483
210.47261891407126,78.28305906836188,33.79297607629229,22.933117018337125
210.38396170323495,80.55644411544243,33.706404403871616,22.7693616031311
210.26278313767034,82.31391967909013,33.83520882309675,22.7155158225154
210.31007456661916,81.12199065684571,33.800190026661994,22.68760066220076
209.87067991129686,82.7302262364989,34.02475333222925,22.69961651766491
209.64567500933342,81.74806849487219,33.97929621840293,22.7821464889478
208.90803708171546,82.7408147691847,34.084128371894764,22.84743733609
209.82478646974775,81.45545830981142,34.01329677493785,22.82445771371412
209.75982619935198,82.77559868289163,34.03275022452666,22.91087465088805
209.87628030014918,81.33911188133175,34.02059523073504,22.94906732253502
209.80047171266742,82.64708534320506,33.97168950607083,23.050439887313782
209.83697266436562,81.1822081089954,33.93830268616027,22.997356201894004
209.75116059975593,82.12827161267835,33.93272459064823,23.06175809658195
210.7593146763556,82.61590596633799,33.877245337786135,23.06438596042202
210.5133157287381,80.90590487794529,33.93651178341709,23.263880753860846
211.22665115757974,82.39544537106164,33.999042233030536,23.4197358619122
211.49952305336726,82.38988859698154,34.10234623341336,23.63381991483316
209.16508372552534,81.72194911334367,34.197988900480226,23.856742358213634
208.6134997385551,83.20815579841226,34.28578388285882,23.90407052326321
208.3021545513255,81.98533620917301,34.46766959699779,24.023030948842543
207.04424345626933,82.16649853667725,34.52240813652108,24.333309901011813
207.2159471071487,81.74561151450439,34.29790736997057,24.473471294009418
207.4278214913453,81.60692458196536,33.92071947019829,24.79344972470791
207.55213585658413,81.46192001137766,33.559667513483284,24.916629756691396
207.63550913557373,81.67072445636326,33.36305884593244,25.139232746927274
207.2814818728607,82.09217848982541,33.20349761198579,25.341920683535378
207.08486363155032,82.08252989627272,33.17663280962573,25.3324939713657
206.87705970174883,82.4092771130903,33.410207905270724,25.545605057978953
206.97678784028295,82.16276569898821,33.52272457413105,25.851913043267594
206.34106430152923,82.44901957460074,33.557409962452454,26.182968672283916
205.79651467602767,82.4910416788049,33.68604980231131,26.338517239578074
206.18284083095543,82.33114744082816,33.846983851479834,26.539310481161333
206.046505329399,82.09885273352488,33.927501177248345,26.575849973778453
205.5363377470136,83.39705586216131,33.88531321541697,26.983454632261815
205.362114382185,81.5493542565375,34.031762277523136,27.11159424029899
205.51891650343433,81.7391166102282,34.11092105363258,27.208486836002923
204.5838142702719,82.61975364785206,34.177243159499056,27.405509298154456
204.36206861181665,82.66548982220439,34.28744273718418,27.612272425466806
204.63448903895562,81.52501736270062,34.47006041953114,27.631833334159396
204.37178443328906,82.4359477597066,34.28529650082886,27.96604014993446
203.95234830182218,81.7926832256176,34.38257212460629,28.03587915463589
204.55271281507024,80.98167771524399,34.440190490192364,28.07357106069805
204.1115786682828,80.8546618873328,34.37344072260622,28.259381587043418
203.92894786322623,82.2224532839401,34.150246774896154,28.464326948201975
203.67009414583248,81.46586681909588,34.1608962448819,28.478839909514235
204.5781995312483,81.16097124525356,34.21493176521086,28.400048636849746
204.38275974351603,81.0235318880976,34.18422658549309,28.338328180000037
204.68772128450183,81.39131064081715,34.26756679583414,28.46245478424874
204.8018605377978,81.33857916813494,34.35234374492684,28.402044857737398
204.81302989220185,81.3258350272116,34.49690689277956,28.456830023897307
203.92515683777648,81.72657194884512,34.56564344772102,28.502290916405254
204.55399930037055,81.88301414791103,34.736341157649434,28.664587978654005
204.7034130797673,82.34666019059604,34.758169272598224,28.65635910377133
205.43316742570724,82.4938753726929,34.856514160239556,28.67603159788259
205.61395934901813,82.70017295596952,34.962195085079266,28.862942273061375
205.73247904397996,82.63830835937642,35.02062480039928,28.88596746684742
205.620618506149,82.40199825255618,34.92335480698278,28.907588837771694
205.81525714207262,82.87862536489236,34.95930800841548,28.922242697491885
205.95396605344015,82.46398540332171,34.932666774597166,29.027211686089572
206.95822130749832,83.64945637564384,34.89813931587355,29.17433781662538
209.95926743691328,81.94746120461443,34.668739737402525,29.242393996544298
210.23257614905978,79.0845906184669,34.677893604365465,28.90310459404078
211.4606260218899,81.87975804663735,34.20061954706734,28.740817871549982
211.81657582149515,81.32216334568727,34.15257931522746,28.692578490033373
211.64577942067802,80.62858402153559,34.0883647409538,28.731175374573326
211.80704472013596,83.34078616718254,34.27221219665675,28.862132354183952
211.61472325340333,81.70282093359894,34.59991030909216,28.48283659072983
211.46635797671024,80.808776470117,34.72328365887553,28.28997444690819
211.79658076832368,78.98542264860014,34.949599085341774,28.038489207404073
211.5147752442874,77.9193584128857,35.132342145543184,27.976135829162526
212.60624556785712,80.82949417803769,35.470013976659956,27.564995825805553
211.37126611181873,78.91561979729582,35.9279749505806,26.92486100040578
210.87340153314977,77.31820315716664,36.04847224585038,26.058377313653633
211.42584058816595,79.2596592933799,36.21262494522048,25.421760254926465
211.43281479237234,77.60845708025079,36.062605614790584,25.119434313524145
211.59766051941165,79.28220958392777,35.872583474738775,24.924449485918714
212.55830514918438,81.11884885548001,35.594697030058484,24.831706116230375
212.50607993319431,82.51904905911164,35.15684461513,24.632111229978488
212.21930059306618,83.85498113033344,34.6805972965841,24.460480976160966
212.96395017414895,81.84133498297574,34.63786900767907,24.33393225219962
213.9464737573091,82.76924834398599,34.52001532089673,24.473465785420505
213.78568276696424,80.70111452649348,34.473931951149275,24.638202982936043
213.56500436859693,82.4807279569957,34.609970809556124,24.747637954741055
213.75312013038103,83.65351770351474,34.414283021611254,24.849297383822126
212.16381507461898,81.88037886309151,34.39182425496152,25.11574699307435
211.76416440011934,83.11379465091508,34.238934847162994,24.9678851439897
211.1374028235694,84.34247292939817,34.15435816295971,24.902495883623857
211.48987099431264,82.33158578681886,34.16022842967334,24.83998729372142
211.69174786556096,80.54193288347479,34.12990783007719,24.91154187398442
211.29067105941243,81.76153975811663,34.301302620409935,24.91063374107951
212.060424284512,82.53173557899335,34.27161877725118,24.906939010184225
211.40927677762113,82.720652688017,34.32576451525324,24.9363475671003
211.74526104383241,82.75473136039632,34.082965339653626,24.87417459200706
212.16668984282373,82.24042230365984,33.973070469217696,24.77706672090664
211.97714394878344,84.01486708607807,34.03617377625354,24.946323241809313
211.51224094095105,85.28491394656292,34.109136320391194,24.932849193614874
211.24098268911922,83.62513190111679,34.56128269798625,25.136533033576363
211.54903183387924,83.64583487742583,34.820347844402214,25.259910320322916
211.9584789944194,82.77274666922395,35.127631549521226,25.533208638238822
211.17599377970598,82.55040304084895,35.201584756543596,26.293649563535496
212.09440374034565,82.38627341887725,35.44420566740229,26.79838084550951
211.74455868175036,83.01065013711991,35.630618671155204,27.715054616970978
211.44764578226722,83.27266738201845,35.89482059211936,28.40484678351545
211.80933619163548,83.61982062342115,36.32558847123591,28.90819144855246
211.68064315954376,83.5898961996038,36.27599478979292,29.710690209021315
210.87209393456664,82.86036291168539,36.9520312065707,30.106377020301267
210.47157379639685,83.26160460209697,37.021303232444865,30.84680111590328
210.9763225246567,82.88294935372299,37.11869204358726,31.423999429557192
210.52583667953425,82.78441066777889,36.944521588675286,32.171778956081795
210.52790491060773,82.36411621127066,36.77627822106798,32.869044313509534
210.29420582522815,82.67243211419796,36.786906359182865,33.38298494589499
209.38061292183153,82.46052648627523,36.617806846647795,33.85334458318824
209.01477464500425,82.4820940377021,36.66388013930836,34.38617607693787
208.85944642821173,81.8028063543204,36.902862501641096,34.7132457397752
208.2589110683557,81.81506842151643,37.01240862037048,35.12109056933997
207.40969826564162,82.797279784769,37.10979076304531,35.51030649182164
207.62919996237116,83.08638006061639,37.22722003398062,35.868676048063726
206.49665004199247,82.82437588528012,37.411597781155876,36.33283546059898
205.07446794051106,83.52497285452935,37.76006302209785,36.6403500468045
