170.5,41.5,18,45
168.93940715968506,41.29018920727512,18.477291485073266,44.837121068081444
168.65038648678885,41.54463077908835,18.86594263346938,44.75354159223871
168.75288867127895,41.478746976349186,19.090373219609262,44.77069741558347
167.77885855668552,41.74834669213452,19.320743457798798,44.80830476768896
167.95405936436728,41.25047043390193,19.349356066249285,44.86632101134224
167.90996226621854,41.86392044763576,19.352755785918493,44.84396743544318
167.62131924946516,41.54605659006536,19.240639358373286,44.8319657537639
167.67159720352814,42.070299299791046,19.27346559183749,44.671822118789784
167.48070934519123,41.76975776373747,19.138238845170495,44.472049435090945
168.37771692090723,42.185076938272,18.989506081472,44.363440533577446
168.55434469882832,42.17932871210803,18.91924443832663,44.11001546972535
169.16245361702164,41.7513872429385,18.872925350337805,44.13375015414671
169.9840606222065,42.244449476242295,18.5512254696068,44.23557043355658
170.78523780384177,42.065768266326266,18.35864207191239,44.29347122042164
170.88626828263827,41.97202190509971,18.35730304875716,44.18725752579101
171.21655213622995,42.02303217149776,18.17688711407288,43.90856390849746
171.28344062826082,43.28106009392736,18.011290227650694,43.79035476239925
171.96281522024094,42.359340865288814,18.115201356343032,43.59093867217572
172.30184864778195,41.86221875174462,18.18837696008136,43.6529331147945
172.46830623094866,42.15252495390742,18.30104483923059,44.06932784204545
172.5989576296069,42.153516724025124,18.46063046583376,44.18108624356009
172.8732871845799,42.64615476819193,18.663523043605224,44.17520298178364
173.34981043052932,42.85572988018692,19.02573553150378,43.96907315700649
174.59087239952694,42.772284822390304,19.257827825808327,43.96809990361169
174.36131832867008,42.43800075540132,19.281367187815086,43.98830635469782
175.49803702041766,43.21814440486486,19.078265430922123,43.87609697286973
176.41212774216325,41.613027921729355,18.836880747990023,43.946414711250725
177.3547997947873,41.447335745988084,18.565855967235294,43.797483168844785
176.12226798432857,42.160027583685924,17.96643236929592,44.07434413284578
177.06650299948933,41.450716269569526,17.559593260338232,44.46095704027628
178.55413437722885,41.489393255563954,16.97436708780599,44.844391079838324
178.47449156074603,41.3311634622573,16.778971497140756,44.922509051847626
179.95296283240754,41.02345447210918,16.390180904653903,44.95897787872057
179.70200797262123,41.43070976048354,16.304376846207557,45.1349325853657
181.39716307248258,42.388761171647104,15.945277307419309,45.1856970907287
182.2107842196511,41.34145101649668,15.863991505506304,45.31563982877919
183.04277892068973,42.09566394171127,15.708806543927404,45.13545270401222
183.84295635078217,41.214573245495565,15.663447816593159,45.125007219612584
184.91802660679178,42.25508543048219,15.445259423447537,44.92290447763769
185.48853411009878,42.1709759809079,15.328126567483562,44.76008275598243
187.4098883353767,41.56156226229004,15.249796426177571,44.512603745235374
187.07207245435382,42.763105934670975,15.38360438384486,44.26669432558335
188.71769131094044,42.75524907167907,15.24444386870017,44.173619941251374
191.4374142486199,42.76695368771944,15.042971683374237,43.823142946557326
192.00069348849803,42.58670775921179,14.869084075829377,43.553529546538336
192.50886303810776,42.480893516153394,14.751373449891807,43.6085001282686
194.27232557145894,41.57064746259101,14.653111636973623,43.70307978364928
195.21552738161535,41.86607586126631,14.668147921827408,43.68029381521333
195.891216936993,41.157039973092154,14.637296245421167,43.97967891553626
196.88267696776893,41.33536445605412,14.668687259079876,44.10637635225742
197.89930120369942,41.56536047583623,14.661327707049203,44.425998940054505
200.1764508953728,40.54866678506215,14.713360625796005,44.546979877053104
201.475176141973,39.588071212620065,14.823691924282553,44.70059170484439
202.16884658946086,41.09251919447476,14.85085114660884,44.77714662881505
204.07849887322885,39.83400264602162,14.848818526933515,44.80758123405264
205.73908037991615,40.67838849532916,14.935375602517682,44.8501971506414
205.37458474718144,41.46796176426919,14.958848681894747,44.8243935511845
208.27619479399135,42.13077664617015,14.992675688342073,45.12791107856606
207.56842298580725,42.33863995759386,14.73730203214251,45.36539336713754
208.65280062779613,43.47088545930581,14.73773000240669,45.29068474477138
209.5373670478286,43.780288954234564,14.73063288984266,45.31069405196818
210.97073035601932,42.716567192014075,14.719236025429606,45.27403645259933
211.40023052797875,42.66556247664014,14.713280549026324,45.371178774808456
212.48025086257633,43.085905040430234,14.720698652490483,45.41804930604556
212.9665631601204,42.46911596841242,14.613323273958876,45.5817381430591
214.5158814696526,42.697379257992495,14.656411718218404,45.62082522828759
215.33996942821156,42.09075221930897,14.5812330135105,45.328095595365646
216.2100336206889,43.075115169433836,14.665440442078113,44.81989020102107
216.85800483657414,41.93711382504285,14.858384843498586,44.45779846460162
218.08067583081345,42.684989494363336,15.065228056664836,44.48279872145779
218.4487669601928,43.138541474929646,15.171052660069694,44.12224133873245
219.71679794844493,43.03781594083463,15.18863414860754,44.093507822066435
220.54086019982455,43.048334424301665,15.22439223995688,44.13684046657447
220.95455241219406,43.56533030708643,15.267100743627463,44.15471117926117
222.50224522598216,43.367135384828885,15.271495675591048,44.263907755238726
223.74982373922757,42.978003714601684,15.193642926520301,44.35078529008629
225.35593510479097,41.75731855260223,15.222777521901047,44.307220568842894
226.81621334135016,42.79682159808101,14.869345415542902,44.79993460117635
227.5571053173158,42.10353036923296,14.964644574420953,45.04244226124213
228.77648782054916,42.63999567013093,14.987488931510125,44.9797598436503
229.73187511331116,43.12831429342626,15.010702678734539,45.01343169721071
229.85117233288904,42.68696630718773,15.10598070685822,45.151490359182844
231.10322108072856,43.3712995015907,15.161438026471581,45.38435166126436
231.87593349407618,43.036951154996615,15.35134449669711,45.56825194961396
232.01021617278397,43.58959920222716,15.632520765067317,45.47725143315581
232.5742398244897,43.79900339013429,15.839443935899057,45.53688569645402
233.12246295419064,43.60777876732429,15.89117553866452,45.60359474417705
233.26060075353448,43.161134334753896,15.951773560725359,45.731616117977204
234.08904353766795,42.88666586016711,16.01719603212365,45.722576880875295
234.40547584588947,43.4165486205673,16.068878661183092,45.895162424756926
235.70847349035017,43.868436204667134,16.074815411522508,45.92321486132792
235.972340437335,43.55616342228868,16.067542719220686,45.97983765510782
237.2759456764973,43.49531796315172,16.26022752745616,46.044158227342194
238.28951825834812,43.87296397147792,16.369690725952342,45.784249056091554
239.70399261414565,44.55366548336288,16.607497070738518,45.424485756099415
240.34733644578554,44.742085158955064,16.695878310428117,45.52960422795315
241.12910120506385,45.467816984101894,16.538074628625317,45.30159362255084
242.59659421304747,45.77233894308979,16.63265776167546,44.74478238727996
243.9293167285194,44.65898904011194,16.635244661655022,44.77983299470357
244.5664328082997,45.35848838065562,16.624817772289425,44.53966972468798
246.99461229836572,45.94187853742251,16.630991407818986,44.33587546319049
247.6596472454732,45.65598542498553,16.607628418969064,44.28811366531742
247.9694140955579,45.485848706328795,16.409367205247936,44.01326406910732
248.2827784122966,46.4798495671684,16.22993003538402,43.85750424024275
250.0562214173995,46.002743622471925,16.058052369828477,43.588209559773325
250.7119570780558,45.22146379555947,16.0379997201239,43.338240126531595
250.8557713927227,45.49574399790535,15.806357439329727,43.58117087269585
251.78616311233216,44.478516788473414,15.777292683353563,43.69241097519162
251.98315421566454,45.37174096957084,15.660537312178072,43.682962086568544
253.0993502758957,44.24690813935508,15.692934773014619,43.616169521749825
253.58070480121756,44.95081618505692,15.410450260220276,43.4731242957865
254.57989684896316,44.61863210035846,15.256334486720032,43.51175873200624
255.51846315331645,45.53982854331246,15.221392501296888,43.36487301486808
255.5601121969919,45.328702952786266,15.200457993815212,43.22040692888403
257.00983411674764,46.31437469659957,15.19071099077529,42.83303804109568
257.71790156977454,45.79885412522092,15.290834205258278,42.416244334495374
258.63144462976965,46.33090099904,15.211960065134127,41.831799594177625
259.2795739765084,46.813682084947345,15.430704814420903,41.1370250190655
259.6296783748769,47.92508389276829,15.577296881426703,40.08644115668899
262.285406920001,47.456210998060264,15.889286255717193,39.02230558509736
265.1609024977857,48.93381047198373,16.15435592931038,37.927114519368644
266.83516930014696,48.09712600890235,16.267446231676956,37.162082461720985
269.34041995442266,46.86067700466229,16.18738105746397,36.80957534935149
269.68516939883375,46.89411478089603,15.82637203847481,36.97572266551728
271.66702410673,46.78016625007877,15.63187463020482,36.85142875577729
272.5801523589359,47.24849255673872,15.545739132758754,36.65297281346646
272.42012858722654,46.81705803065626,15.330861096152734,36.80776509055737
273.1301932168718,46.778159995967435,14.96222333580928,36.7882099218035
275.08359106380686,46.699218354900495,14.696215243410148,36.86396270475324
276.62475433612144,47.14388116632139,14.603616911137536,36.953642001440414
277.65219798739224,46.75136145228582,14.557894418776586,37.576202714330215
279.20383804910637,47.10425189867203,14.57399238525317,37.921792680703895
280.3849033672004,46.62092132334339,14.616701503169736,38.33674668280925
281.4637537296185,46.56215326440221,14.620690775052937,38.64372106923389
281.922846842729,47.57250113321923,14.665067288680975,38.86537877093092
283.5801066493928,48.581334791325325,14.778524522048302,39.1029185164863
285.1539939287622,48.80494689634799,14.656119130637377,39.62150394970955
285.1675888213916,48.60203096323856,14.85429674244855,40.251495786807965
287.75861062281587,47.91957689589998,14.676779277905721,41.19504929983634
287.42631944617324,46.77515428533424,14.790724862849808,41.813648396700245
289.7979568075258,47.10575778327086,14.560780599739466,42.42695726806028
292.0361791148662,45.970552806217086,14.63273114191908,42.76255276904282
293.1444106534115,45.91732258179424,14.72581620440055,43.33064675112788
294.09758912333126,45.121886241883885,14.940589731022177,43.839320572687484
294.3399575632663,45.44920768176452,14.780234947681183,44.09603831437854
296.31188239180904,45.5049212877675,14.923110525580979,44.47943238261359
297.4970945814145,45.80242548033142,15.016704491249273,44.68223639973414
297.3382640176424,45.07337217695675,14.96188874301135,44.98904972874299
297.32536640192234,45.71162933717517,14.873613506800723,45.185357001590766
299.3776424911809,46.54078260581825,14.932021380773744,45.332211582811986
299.86952041220263,46.67852413846319,14.906002507724502,45.551601206769256
302.26573307591997,46.98042407269131,14.946523003959234,45.57482068407336
302.9564292185493,47.578970300032466,14.780691989414354,45.058755105363794
304.5232185019429,46.683648115691696,14.68101225304098,44.86414006032616
306.3269520875351,46.21632262642396,14.474683387520548,44.75199638592278
307.254526404477,46.19275388362112,14.343695186452388,44.86895129534895
309.2964816107463,45.31896153498364,14.30955608281271,44.87916287899171
310.5235123933006,45.13803294627307,14.304624575992692,44.64442453067128
311.81479491792453,44.739599213087274,14.41164068252183,44.507457623091916
312.0207023956107,45.894418661490874,14.322837810918253,44.95817682145378
314.21405025220156,45.65808109219353,14.388065468097903,45.34008115665654
314.7800856626237,45.36409696934307,14.406525462378166,45.36531569254528
316.73964581591815,44.79614739134368,14.559097145687975,45.76053254463858
316.53453365843427,45.170180989623084,14.699385226896716,46.066486229732604
317.62159571896285,44.943073982463915,14.86317366534891,46.5330897707534
318.0532859353884,45.6944507969666,15.048396528777742,46.637238741082754
318.87613439102233,45.18386712283165,15.500975755815444,46.91557348828225
318.87447106892023,45.397254170820375,15.613117943373291,47.11281537922421
319.57687881574094,45.67296097638639,15.844273042230617,47.561228199366575
320.7280165357902,45.930021792784515,15.847758939412367,47.7515894795876
321.02592345925495,46.522757256521416,15.78134913663417,47.58148641767624
322.1529374249255,46.39790230853441,15.495570049439868,47.57295480921949
325.2005407992641,44.999666005249594,15.408813332043067,47.41615531152582
325.0545590957287,45.19051797522778,15.341662598841799,47.20411402596931
324.82035933631624,44.79759740243007,15.305065400690498,47.218955024698886
324.6527376889593,46.095870202945406,15.407778339950962,47.0457175577472
325.41143985713273,45.093649714063474,15.412183104708733,47.28441909459308
325.19892471047143,44.751002251501355,15.424432397894076,47.28465047878181
325.8159678840626,44.88623726935611,15.533012438269632,47.205309352660166
326.006925152622,44.64804780606763,15.763216026112836,47.062404901112885
326.68600446761684,45.271574748209574,15.989520754048456,46.86305714399575
326.770318747654,45.63727003093905,16.080913165272406,46.637521721607015
327.6828858318638,45.70762672983422,16.183823792842702,46.355548057512664
328.3420309872779,46.22981551595616,16.21625126498879,46.13864400650137
328.89161844935296,45.574597510231555,16.282617512866345,45.816404370215004
329.01937777975337,46.83996940934874,16.37037895884841,45.56454808228032
329.765352113214,46.26413697800018,16.493587300098184,45.42495878218903
330.07424623934344,46.48786634425665,16.78952221859666,45.26990404566685
330.44979703822827,46.37313666554072,17.07128042307309,45.5474234775473
330.682240325197,46.48577816610075,17.314701592208166,45.55438507231251
331.02863177429964,47.29063321690496,17.524682239515933,45.43292248447516
330.73507397378006,47.6631060116689,17.706776858528034,45.31048184451698
330.5182645998801,48.1990656854949,17.652496571112565,45.17470041152256
331.26552107734454,47.47679820698332,17.606568888019066,45.14396199780294
331.947676412711,48.20967264779796,17.607326652955017,45.13341354990472
331.83895573978305,47.85863512492733,17.459302178975364,45.045799531620105
332.6207761478258,47.72210462977094,17.467037090543403,45.141919007917686
333.19009173889305,47.7448587374479,17.499779871764844,45.43077255437217
333.17437730186566,47.82283162339729,17.60577271847161,45.647360044249346
333.91941416128725,47.217750771929644,17.685778564676674,45.82621810300436
334.4391428210991,46.198870138059014,17.66032404504074,46.06765452161689
335.27336473229855,46.4449006627649,17.645878716790143,46.27822911807151
334.959971060568,46.12921311142449,18.079023220461693,46.46248510396919
335.2659526435472,46.21478957795816,18.5492136132344,46.61358456367071
334.9514101765513,46.10356367829292,18.82504986162789,46.74495174115451
335.74697594185017,46.31473018063005,19.001864216688396,47.02131749555924
335.06361295012437,46.14379507666749,19.277538502409072,47.06168312131769
335.1093473459445,46.23130832631358,19.59250073007494,47.06667583677484
335.15246765953924,45.651927320054966,19.81475002159425,47.20429918123176
334.7497014234088,45.43914876790524,19.8907108533637,47.379177567441154
335.8329354282299,45.29059731801413,19.930879749391543,47.47391527743265
336.0349634241941,45.03551259034754,19.945882914834783,47.56323391937702
335.884835913225,45.106694093525334,19.822756339969267,47.473738657139386
335.86489496807303,45.90120979588549,19.84687936010365,47.353324810898386
336.2174576097365,45.840137069702266,19.815749213991364,47.43901737754769
337.0839251255378,45.53769511460463,19.7790945426107,47.35896798295628
337.8482542501648,45.303535001876405,19.756416308157654,47.31555205385645
337.0730553147647,46.14605893107355,19.501302346720628,47.183549229870735
336.7405088311751,45.296495610950956,19.425446756046146,47.32380209749476
338.4286202022409,45.82041032399013,19.234352225889655,47.275963253882544
339.05850995614344,46.227077466305204,19.14876717323135,47.15384716659813
339.5634982563525,45.97191307590382,19.151753510168284,47.07504185030159
337.30055598227693,46.47093598411286,18.945274357452774,47.05336642811339
338.82317479991,45.48281126634582,18.629999786380317,47.29735706695558
338.58960064329415,46.45569335835343,18.393756130408036,47.17939875967224
339.90212572838414,46.15509686406832,18.16900336356371,47.23460295010098
339.4880185411341,46.51558974617906,17.86223455611028,47.101057855416094
339.5810619694109,46.629529037292876,17.52733027955093,46.99609312552248
340.52504993233276,46.745290995667034,17.54560399607935,46.977239445600105
341.112974030021,47.10037366711039,17.536056931951347,47.07154815848046
341.9385881730991,47.6974122319334,17.54566415032696,47.03487926629172
340.78006407822545,47.531634481360975,17.26984210463118,46.746077254008824
341.3227183457486,48.326836943708635,17.07121160961242,46.8243005451033
341.35799653982804,47.6816483953009,16.882210868111507,46.985071514179815
341.7219814704206,48.138101042169254,16.78242437179456,46.948493258254395
341.51511864273374,47.93772268325739,16.706456623924325,46.82686694184883
342.3469216047255,46.95220686516396,16.58126994661435,47.01921729980695
342.52926169016575,48.035787932470555,16.55093234484665,46.79549405278988
342.96946419018894,48.01478284831486,16.50470692501183,46.549706561465726
343.249030572735,48.02779305528737,16.40755366831964,46.3457951464154
342.99093575373803,47.215143350336916,16.2715694891559,46.04930514858621
343.2583605087879,48.401876134275284,16.157650543459688,45.73804489534569
343.9906347247762,46.9759127973238,16.104586710596557,45.599244621464244
343.9243723582158,48.0039658572928,16.189924625743522,45.527434227348685
344.5548774547372,47.96210774263397,16.19614553945879,45.38168419718683
345.47491530424634,48.166654693631585,16.297751106271544,45.0310514546593
345.732096597154,46.82848439219528,16.31879564640608,44.925079902762
347.0454852341417,48.31198069886378,16.647616488351687,44.85259779700863
346.60857028769664,46.93190909905924,16.81290170970639,45.01125264479581
346.92954813468737,48.23388645773311,17.03012330711818,44.88094933659725
348.0969573817527,48.4072964932343,17.29152840574563,44.55065625150838
347.9887519496002,48.453877442097394,17.737188941152233,44.25551163209582
349.7794518539504,49.611373022685584,17.91069411787973,43.9100329335354
348.8374802565391,48.991445588028334,18.203371753505902,43.41191506649126
349.74433470510195,49.885743743532636,18.258807772914594,43.18181856856249
351.641614908684,50.928803360676234,18.179355045117468,42.67796792997079
353.9137032786508,50.688396694148096,18.06834242490438,42.304858240280026
354.3320404443439,52.978782337935854,17.85453460486309,42.0613901143256
355.841769667107,51.752886342494406,17.43219477544105,41.60124176898108
356.6062601821227,52.485754755451076,16.892504876906024,41.42323444479199
356.90929313429297,52.416473889737134,16.6877766557663,41.20176272370904
357.62244146117723,52.67274958115923,16.56489196259961,41.07058492513532
357.7942938959757,53.27427425465639,16.48628721450072,40.69177703751066
358.061812187861,52.37457279904622,16.400920319670263,40.52091551391655
358.43089793155474,53.258211158884976,16.35037877040834,39.901222278888696
360.2745336084252,53.10253772432395,16.291008017100815,39.368348032898446
360.91634698306876,53.69258949100028,16.225718207625427,38.995847679954274
360.8169997657143,53.10850588828715,16.38882961562718,38.47508091683652
360.98411334189205,53.032356534381876,16.51054253103971,37.75195017318145
363.8226784764748,52.832423076516214,16.618856044680648,36.790760284255796
364.12067279227557,51.8781807864854,16.743006856953443,36.08442533764506
364.67547315301357,51.84559489989914,16.957285496630156,35.199949684212356
365.45921219134846,51.79679120355435,16.886641102020633,34.86603715130761
368.51378712525445,50.0815663780492,16.836071155931016,34.61676425478677
369.2450903188954,51.34220123023495,16.769841736079226,34.44188289041162
369.88722809384603,50.43678685230137,16.69053666518951,34.317060224731854
370.4244051059099,51.59356688649012,16.630989269289007,34.25645440096798
370.69026140333693,52.15800916576379,16.597792399570668,34.21629123695954
371.2876357383052,51.2574571288895,16.498679739804157,34.19432991058451
371.9346852769636,52.68517223770934,16.444288490055442,34.033246597699474
373.6342254959393,50.845685953836146,16.343304708903304,33.85976712572723
373.3863041516087,52.651179094845475,16.067548700855788,33.50005209157234
373.5335116738217,52.36007736977284,15.857209867286345,33.28440362158974
375.0028400453913,52.04850982144248,15.71695853300642,33.02828181412525
374.6330685424839,54.62679596920111,15.452435309954579,32.891907386955154
374.7268715047806,55.168140588646246,15.228170569321646,32.5825254715207
374.4934079326572,56.177050118397425,15.009901552298277,32.32911356991629
375.2234188859323,56.10157532266682,15.028150534076604,31.918794891361777
374.82971673534894,55.80525569207535,14.87897769395843,31.782766476095908
375.57990989369455,54.827866151141066,14.956205923089302,31.38166935061279
374.87983554198286,55.642132967437,15.026192458963559,30.874310053500647
375.98717682856045,56.36560614094796,14.943915405293884,30.76657993877854
375.5418694526844,56.8953991288943,14.647085231737751,30.89003243601513
375.303398395469,56.59735642746678,14.44981727460486,30.799703418265473
374.44162333293025,56.42453609318366,14.418847817887599,30.67608789438595
374.0922101893969,56.0055256433735,14.430421702648678,30.61972858217612
373.611945012256,55.98887986604613,14.519750422523419,30.538478859541474
372.52138078463514,55.79461354337708,14.918323178416669,30.02787567686139
371.9170254118263,56.186325282290404,15.02131364243351,29.917917391352702
371.7260942288471,55.93672379067772,15.083721219230142,29.718346752065255
370.9458775032862,56.0703680982525,15.10295784723183,29.530835243558418
370.0140801684557,56.06216971042779,15.175356289819232,29.141822772524723
369.06757978887316,55.68414625414998,15.235688863750122,28.85576973238259
368.34159505031363,56.62223437817757,15.170832307276997,28.821489064619147
367.3254872755096,56.333478935816316,15.237868532735034,28.573570509796976
366.58957076685283,56.03572224623736,15.167164099258077,28.239868517346153
366.25312260178373,56.83062313882267,15.096317844214143,27.996428607709596
366.73989574794047,57.82240059117557,14.94039463072375,27.733223730088145
366.10100234063367,57.44880694930943,14.545227482057642,27.620840570190204
365.1647499767965,57.87767486792351,14.187543124725249,27.695603962870038
364.9326537261534,57.56661746984555,13.71312095954954,27.570423915829085
364.27769190985947,57.22990360079454,13.277588015790048,27.268035404083683
364.0388367227717,58.632994589953476,13.076290740543886,27.13806430604536
363.85359842694385,58.18063002184473,12.855972947719989,27.095810998930187
363.7801072128976,58.57488183375668,12.592122344873472,27.242501092586004
363.5888071133319,57.38231802889527,12.340965131571277,27.498852628853005
362.88587266710954,57.141604189967964,12.264069899145667,28.313591804872743
362.44400200671856,57.12956103697467,12.212926969763547,29.355099833271442
361.9390936877171,57.73077660128497,12.442707217938697,30.36196731533809
360.9779792265041,57.453756225536836,12.557519820517648,31.537431668938556
360.10946369919986,56.3267904125932,12.743135670124316,32.833171065554886
359.66976957755344,55.318859696292314,13.118023285899481,33.64407429770195
358.5639673175596,55.05791908878345,13.40365510576808,34.414010151224666
357.66271392092676,54.84717318656061,13.686448854867146,35.48262213341616
357.5970798526882,53.96876804774922,13.80996462824001,36.5437215731979
356.5805052114591,53.74359465360259,14.084725868248094,37.31333605167289
355.76800142264625,54.03435147308279,14.216428716412246,37.956658762199794
356.46600117500253,52.798213120491894,14.048522001349658,38.435096441884156
356.01525174446044,51.66142287763694,13.971394015166611,39.12257754137886
354.76274181937606,52.41003402519878,14.066001553781426,39.5724871184323
355.51324382246196,51.77119791458551,13.823008769495381,40.046321980707276
355.69749266654924,50.936463403354125,13.746367489439958,40.461991207065616
353.92382511133394,51.87874949547456,13.671380994188212,40.759414653089024
354.6473894165783,51.32708191668657,13.685968916406758,41.03852140471254
352.1344559665104,51.01816791140269,13.785606339613816,41.513597200014075
351.81076208522995,50.1300569981782,14.004137341911205,42.01772286938909
352.0646802802223,49.532746214842305,14.072869495837518,42.59304711044976
349.7021040784674,49.165124785424545,14.473210440759694,42.891003473122865
349.6264469318104,49.27691885573947,14.797039962464394,42.960947882827945
348.6967078597579,50.50295990723612,15.038768296350597,42.585664218860536
347.6474099101874,49.73794273778981,15.155197189952672,42.825923782248076
346.5568901916135,49.735734015518844,15.327814252375108,43.21022579762704
345.5919082303039,49.81977492793963,15.55111754667554,43.15676404741524
345.32798574645426,50.39758393207645,15.661619344923995,43.03293808378119
343.7579074121598,50.56549013474948,15.81565149797948,42.81259311504679
342.5110075577502,49.97653217665824,15.855183466549077,42.82271003525758
343.33230304986364,49.87025309305169,15.8711031672892,42.97288637240425
341.55303139298337,49.74830774800796,15.891116369736858,43.08891462393217
341.1558501870719,49.70618089398013,15.927872871258558,43.3372253483605
339.67993201580737,49.519070762653506,16.110249966198595,43.52098212768017
339.20260615981084,49.301091346646714,16.271824745761418,43.41101480603394
339.18622134000526,49.132618323300775,16.36871288989672,43.359442340476825
338.46960644506,48.83836256974662,16.52504179229794,43.160166827378674
337.9037699531967,50.12262118911492,16.730567791924265,42.95363860994335
338.42234161875837,49.897104193254236,17.11973237744207,42.849314191783115
338.14724882703234,49.96818438337921,17.46428387357004,42.84003248759004
337.9763013573272,49.89444314817079,17.65822549641096,42.99495769081413
336.2303282700518,50.03844427767764,17.759761962938676,43.10273808131749
336.1298494192234,50.03244931414979,17.97143554130148,43.125384879274776
335.2568387312124,49.40392512123787,18.185454110659997,43.40074226225285
335.0928538445931,49.2046896047199,18.263050311787445,43.58610998601507
333.5780389538036,50.12139841069218,18.2960916248147,43.77207413562141
334.30370127461293,47.40211823598844,18.72075487057859,43.879731431745206
333.15995087355225,48.919234037860264,18.883839321381586,44.15835364117293
333.891369292156,48.645988228548276,19.14730975708514,43.868797908436584
333.99464153571995,48.075894043578316,19.328768321238222,44.02682761748783
332.4599791123912,47.81727931077425,19.37814778482387,43.969462764229235
332.39251163764595,46.662321068955805,19.089983991352515,44.096737026415326
331.6402152706058,46.41107751314949,19.099920162627633,43.87387286401442
329.8991351773334,46.320730139914865,19.07348154469853,43.731188481312316
330.1340488801777,46.26518520278965,18.893297575680258,43.51799913665062
328.8746870797509,46.27889379309383,18.980166451649815,43.49988125479063
330.1326847152217,46.66780391292478,19.115735778791674,43.8235667715069
327.98140004302314,45.99327730327834,18.751446450093113,44.24789898822105
326.40127475469666,45.39597118629952,18.295793649213103,44.50387873392796
326.72245721864607,45.51550335803884,18.32637684333878,44.93603022268275
327.15256415299496,45.76340714004337,18.38443314532965,45.14851651386396
325.3818491500222,45.09274360779524,17.769211177550844,45.50068405391946
323.5018770197053,45.87046449938732,17.37415189051619,45.72288797786574
322.8590375186524,45.651295735289466,17.13356264883229,45.76926348447216
322.44404873748596,45.27084766389387,16.946893945181642,45.45253590232592
321.9622029868059,47.273219673060694,16.605654878800294,45.32013709311397
320.40646331983027,46.90240027364946,16.245855545301694,45.31574776665033
319.34414525060123,46.768767066352694,15.958184898176237,45.12279697357366
318.3681004321696,47.28639507325153,15.660507708409748,45.330172275960976
317.1521257034804,46.45586162662969,15.382942547868282,45.54103277024073
315.7593543037776,46.83331968922539,15.095884744170245,45.6598313304894
314.5692153169638,46.790423190053616,14.95171861455694,45.45904561398538
313.09222812677154,45.71142875072711,14.875597417701425,45.310237465050506
311.09475658725063,46.85541551213666,14.870994922555084,45.20896142529414
310.3219367020172,47.104918738510634,14.80586959349652,45.34273010043392
308.5091634306067,46.32214632164069,14.954015595011882,45.220575139404524
307.1496010100924,45.30391634686701,14.99698987566144,45.41287560504228
305.4991422245931,46.10429579546939,15.003827666081552,45.47778591064208
304.4794225027626,46.394576401055,14.976928093781845,45.69096556803929
304.0446828858126,45.015059796925144,14.982407186061115,45.87785116849565
302.53813776092915,46.015875334299295,15.224118441839964,46.18637429334756
301.30762156972617,46.085751524315214,15.28962608402689,46.09619347587414
299.9647179139662,45.98027689041497,15.437593506020445,45.92169822177064
297.96209243327354,45.04039542913551,15.449456768278546,46.131773157955664
296.9957063510649,45.719998586928924,15.44504745991755,46.14402680330633
295.4691818858586,45.62532482002805,15.34436552103694,46.136200592668004
293.6043895802896,45.797168364936084,15.340478023333999,46.23135219337126
292.56596605696006,45.98807118537656,15.242273619263635,46.46151852686317
290.92207823983983,44.29648444522209,15.245569873850188,46.81247760401964
289.76088376229825,44.67521903183686,15.172863718993783,46.95588483364502
289.28715998789716,44.55358781512277,15.16090918344538,47.15143113377672
288.05156905554816,44.639500529177894,15.048632386110311,47.273746193575796
286.53948096164606,44.9647159874309,15.078582356644532,47.26839989659187
286.0172412791996,44.28697636481317,15.086697881434382,47.49362749578547
283.85024655921757,44.227822548812284,15.176699761126148,47.29830091100181
283.1990482413958,44.054054059478474,15.261500700320452,47.3099320397358
281.86860882616344,43.88296728309615,15.22054962050688,47.10957672477889
281.6444869092011,45.381875365726124,15.086112096570996,46.830472174127706
279.6000436299288,45.85416541058251,14.890086545740623,46.54543798285243
278.52929640442966,45.71562508628405,14.76821548961297,45.96006827019753
277.1450846252089,45.98648835016999,14.762210442021182,45.2267004713113
275.4901941796868,45.52063282192131,14.6020749893764,44.55880143755291
274.08187804494287,45.70271759435742,14.458828575774023,43.90248327279047
273.0753189396581,45.45941813295707,14.23625833839144,43.26258933765815
271.4486915267109,45.97281318408628,14.08334780288138,42.780268234308714
270.3761788976529,46.259913141743596,14.1170113189777,42.28797821393733
269.17570445017526,45.491793978482995,14.298587226185745,41.5271729785231
267.45142087520895,46.75868973486913,14.836216590016118,40.95744308360209
266.11551480003675,45.966540123021076,15.235119337513185,39.80983422433616
263.7076635438056,47.132329178278816,15.615047523651006,39.09332323818744
260.7753023674601,45.69362946915656,15.802339246611833,38.922675590697075
259.5934749291912,46.78851407369711,16.046061948466978,39.131867687234276
258.75996953008655,45.929176168699385,16.147597044390565,39.42282473864665
257.06926941948007,45.779170611482584,16.30120905568836,39.50311350760887
256.51205372494826,46.168028236456024,16.2737960529291,40.124164656091864
255.53649072463625,46.12602915264014,16.10349427912382,40.48899976353533
254.74155419136696,46.463017849365144,15.804330213399233,40.88087429688892
253.9883038579918,45.90964766058363,15.401092697127973,41.29272089708149
253.3119705606074,45.47280457667604,15.10033550573351,41.54587729404554
251.8219088426959,46.35591193783603,14.81196767339848,41.85961958008738
252.42877984239914,44.361617335191404,14.824617823917288,42.291573882422526
250.17270662419168,44.08307438188248,14.638561173479166,42.72110707111625
249.18708012115331,45.42727219799572,14.426191104070645,42.99294608091859
248.55871423634295,44.60263538983254,14.359839949802229,43.325906788118665
248.001977116906,44.9848898917492,14.412364505486696,43.47421573930244
246.8480878053946,44.693503619219854,14.478137065048227,43.15643714405275
244.75077199135217,44.900421418172876,14.55595932499953,43.171362700559925
244.00076293691606,44.32621775705344,14.696261733722237,43.24494807379367
243.42437390955246,44.170661735387824,14.947833116257804,43.334657129287116
242.25658120936973,43.5772594446845,15.156972984778191,43.717921778919624
240.42349059684318,44.04327758292928,15.457302807548547,44.22067802104578
238.2627049141612,43.63077756950104,15.549673809753378,44.66082137680736
237.91399482688666,45.064264150543465,16.01570774000541,44.588558612442846
236.4097640790324,44.87362416945905,16.277395277507736,44.74097074576571
234.65111484972607,45.87801131145733,16.639391211553736,44.55695475301365
234.91676659952608,44.82332795300482,16.84810488762818,44.7291986481108
232.4198622698373,44.43833289384453,16.775272216286737,44.938625261735496
230.96182577447166,44.69987934065449,16.616766444963552,44.870361435107384
229.9342177291199,43.300350981312405,16.290492543525385,44.96309667590153
228.52000794225762,44.716732785227066,16.03480686403031,44.87472927778901
227.09538612351326,44.3223022515167,15.833675755196388,44.82912764293541
225.6511824365243,44.17411595860956,15.791791714913455,44.67862486516137
225.07480269870766,43.66513517045442,15.684099158457517,44.35373122639901
223.70106692890718,43.175204215391304,15.681854416167619,44.1234868829013
222.47165520463622,43.59652357412986,15.60142606035769,44.21775486079009
222.2964001898282,42.93375399336588,15.434538388233499,44.14644212507835
220.09926991850887,42.756540872933854,15.529963653314756,44.57889369207519
219.51295144027466,43.067409500885674,15.52154029560471,44.72198273393155
218.73970194480972,43.237458092175075,15.506617415349295,44.96046771897819
217.26865014225322,43.13332877585398,15.520531027557665,45.44848107969921
216.05111168105185,42.1651358311573,15.449998914468427,45.475116030677036
214.84074796734785,43.094971623287,15.397987122210901,45.79100802025492
212.9838422961307,42.50305092949726,15.38983792005904,45.80709320799766
212.44357659884014,44.014785670342405,15.420414661853899,45.8995402168622
212.4755650582642,42.81833262160666,15.382864410353307,46.00195687913777
211.69983847706192,42.622820295708934,15.254955275699801,46.31289424171908
210.13850460387783,42.22433300865498,15.100872934329916,46.43811999885998
208.54732715647978,42.27204844519093,15.086070446160917,46.71082132960544
207.031678257385,41.3069492042646,14.877280735195173,46.902667393512246
206.49714274142283,41.6892029111807,14.866320491370344,46.86684613356875
205.28561337332053,40.298586941706304,14.892194140370965,47.023266661613604
204.52147729583155,39.674675120115836,14.856343737708857,47.08857539886497
203.06698365094044,38.83945402452699,14.905239818079442,47.102071527000994
201.68518898186227,38.70599542917547,14.849000407532795,46.936169232039646
199.8371799754886,38.589643020464564,14.891918406547207,46.69753747609911
198.8239424321263,39.81709881761191,15.102015853501323,46.521921803130105
196.03494783195512,39.39756592817973,15.218099574412529,46.4241665385031
195.16973137356473,40.54622988977601,15.509637146459097,46.17928617275989
194.50036468931893,40.308958659548324,15.600207410893393,46.07727326193078
192.6783158568665,40.790127459112114,15.615681113395917,45.941899325904394
191.93455315710938,40.866823145191546,15.891828892213123,46.046565905672715
189.95664280050707,41.48508816632115,16.155303509378953,45.820111670984915
189.50399966450394,42.15398665566835,16.09551494417743,45.594980941565716
187.80160431592108,42.355071654707274,16.22522662942601,45.58805658495782
185.9141315301196,41.383008514541814,16.64142734133356,45.59216385379124
184.4707599624028,40.222335180216554,16.57244504532487,45.65949150045385
183.4098901473894,40.00995823362234,16.55484165205148,46.063711299219214
183.00084598383492,40.00756228349781,16.723936904266512,45.952595090816644
181.6178309439966,40.861870061851185,16.82896077170866,45.99476989169962
180.56704163409069,39.11646501762502,17.023290060046193,46.61813713385373
179.46506447938236,39.51703607530974,17.171580545381424,46.48597460365504
178.59211708890248,39.721844714158415,17.244936807435515,46.46418245737401
178.2107715513643,38.72128375090793,17.22104088261868,46.519925722719286
177.380156457828,39.59364267064876,17.120676893398887,46.955366259931345
177.06021401636372,39.913670786959365,17.109722924398753,47.05919536561656
176.492982082714,39.896395740477764,17.00525513581436,47.29425171361039
176.48500103688323,39.034929833035946,17.03551642925497,47.49671553189675
175.63684577983324,39.6764726633365,16.91820756812608,47.44614067642565
175.2086481089075,39.048661705045966,16.750796457226407,47.18259052059612
174.8410212965942,39.38764631672116,16.52279819310105,46.75443694007945
175.50126412783646,39.37560913035702,16.525509657005067,46.706326854432746
174.40708129358092,38.45762794033385,16.32117918331946,46.84301588662448
173.5443407562676,39.016843731516445,16.248960329662445,47.15895315305993
173.25694633358597,38.67336907027513,16.227646937324295,47.43549156469778
172.86972031216493,38.52371494459672,16.18131095431033,47.805817945641756
172.9232154899285,37.783764581119485,16.26188379460777,47.952219479404704
172.17784993516563,37.228452755782456,16.34965853759457,48.38798634811922
171.55856398906727,36.74803371960719,16.52961569895632,48.63952229310845
170.98729253718852,35.97610024640089,16.705944541930428,49.23272609016421
170.65295395993735,35.544650994856354,16.85987222905986,49.828124013896144
170.15653526164675,35.38668016539617,17.014697645584295,50.21191344624925
169.70815484904946,35.352827446301475,17.18987426991983,50.58164587151444
169.49489366958883,35.1421623471933,17.37543495796554,50.923919493836436
169.44475716521382,34.10741868197804,17.6146117484872,51.1648922483087
167.8457653468529,34.05405865935505,17.988180416718464,51.459498278333086
167.45704544518173,34.52078533124674,18.14956377780001,51.728273838320156
167.22340569357448,34.15588100103436,18.175760892851912,52.11254564090152
167.26215103713344,33.60339059670525,18.211616208730007,52.59163309514383
166.540758896657,33.261094706358236,18.294183395261463,52.99744435587556
165.95571113860737,32.62183457413416,18.215642069586764,53.36656642219596
166.04823783830136,33.13502366638067,18.262391744677878,53.60995480684052
165.7582815154056,33.21936766937122,18.216376167336314,53.81501525233074
165.56108806957664,30.38644044735124,18.178020403716975,54.12250749849473
