374.5,134.5,49,40
376.99492188653585,132.76799319385702,48.86762816982991,39.91568831206928
385.0258395531885,134.22290336665586,49.47093680319935,40.47900176888555
386.4240602190879,138.35337617239006,49.17418671934065,41.5435556920241
386.94211316016913,142.57894666693676,49.67410767261976,42.46931251482032
386.49014325394444,145.30510793614474,48.787295789436314,43.39029052877251
389.9278370052649,145.66069122798564,48.74121155141327,43.99984592900033
390.59274975005417,147.55524926931986,49.255106021093766,44.22013164458019
389.11296906131423,146.0502773032074,48.49286230290097,44.354816177391044
383.6358479912735,149.23262802156984,48.7508544811294,44.52635388785243
377.3186011130789,152.9375305837394,49.10423270559725,44.80188869118666
384.1093797947217,156.05176716487742,49.634836024989866,42.989008676188476
388.2969042400547,161.18284378968534,50.72654395500266,41.41589751794225
406.2664271538438,164.82441694438813,50.2790409435865,40.659821730844996
423.0992391497388,132.37740563410458,50.24433354725544,40.30857457602151
405.76721661199,177.4722161215044,50.87027361176676,39.650760547022614
410.3618814740131,130.8426366930388,50.888636034021864,39.48162045375851
406.29544722531,130.3472380367635,50.41227735094711,38.744362646794606
404.0912237512232,130.23423696306847,49.70733289973714,37.93811987345412
403.8668657170608,133.4124120514025,49.297911002859564,37.28806804807388
398.42064419595465,138.25447425028193,49.237106021085026,36.72295171458505
401.8999276514031,119.4743106842987,48.476136613850294,36.71793689708863
407.2955723683504,117.57163562199375,47.41680938393517,36.998226606430606
401.28951803766057,106.87931104826787,47.042785805019385,36.86647637033744
410.06988845371785,94.65863252895825,46.70299414587853,36.77117989027991
383.88744124959067,121.02602947424506,46.46463995794152,36.20591496088794
374.0473368036452,128.24801972649468,46.52092268711269,35.789877113859404
379.27229937823984,144.3894366690962,47.06538230354842,35.66713844350008
364.97840481824943,180.5827287463732,47.99033344135153,35.135420316778166
358.7517182791603,174.31670131554486,48.40252018682708,34.15536923666237
366.85381817053394,162.71494503140636,47.56989099123807,34.01123699903116
367.76729540104026,156.36324564896034,45.61809539895549,35.311753187934414
369.5574622855027,150.3199345411632,45.34141367814156,35.63069714272544
354.08691603316294,174.73594195838825,45.73048706355842,34.639556026537086
344.4807954998575,183.41280153548308,46.4598942678646,34.50269287515507
345.2031252411243,204.51190466929052,45.78604163433375,34.05382666491321
351.6210334178649,213.8637111626696,46.15383760842831,33.43479505327714
357.55746204754297,218.98336777190534,44.85297703791487,33.20177227059668
348.26331386203844,223.6874564451686,45.507071214710145,32.73603304968047
347.5448752009665,222.03126644091842,44.875901728611225,32.45462085809237
348.2220096109412,219.98343656791965,43.86488595493599,32.9936237666265
338.57919671810424,219.4204951383134,43.5488367070405,32.76418354959084
333.19541951256446,220.87170251679976,43.59319508845707,33.05137212132295
328.99881815149905,218.0627642291214,43.54700095237256,32.894467946405
324.48758373160257,218.23034244653397,43.03115115813225,32.43194990104811
333.4741885803106,220.05658932985017,42.71794703017423,32.224389310456324
331.9719983590919,216.0907407328636,42.29179072563283,31.649937212437276
348.1832873458598,187.11124706816142,41.7091175372533,31.50710645712485
348.86180254621814,186.64296088330482,41.51800477150057,31.397458762674855
338.9223485424874,215.54157287015232,41.179578031647694,31.345519823159496
329.9802658703072,222.04832822818568,40.30454614090055,31.36821439884086
333.88563761733104,215.04114351199135,40.139779667116635,31.45469305364161
333.36182142168184,215.49003830822127,40.501559411587344,31.21370933409897
343.19940874716747,215.24252538123417,40.90711710619718,30.854923626011832
362.2014818396542,228.106806751833,41.23875583333304,30.898926726489
336.43533001925925,233.0870303200931,40.22276540674012,30.988982367068363
328.76983711239586,224.5776536713183,39.52909110999329,30.928254539740053
328.3142023837462,210.5629912124121,39.39197232457099,30.995646321566113
316.58404257074176,194.51273648000233,38.82007111012582,30.77851738916886
319.92474765308384,230.8225639457983,37.30731347992645,31.137149200741018
294.9664981419038,207.57440226554155,36.91088525619284,30.641697048559173
262.35303093863354,194.69365463242664,36.96789015833882,31.614928993866172
251.8443565606186,184.7301986192964,36.57504833209332,31.147136201401064
250.74815057045583,187.3668235699585,35.932891335062905,31.388831807126397
249.02289222881134,185.61123742965233,35.5744294607652,31.867050110153905
270.6031440241297,189.05727956462687,35.673840268321925,31.84803464971411
268.7193018310188,188.989944428804,35.3231183587673,32.02305303394306
270.98403704215644,188.76002731313383,35.10729902139188,32.19635906537221
269.51382923876275,188.56424933395633,35.26138178249138,31.960148116512133
269.57916708867305,190.9033897345263,35.192541528134505,32.19171934326526
279.7089977322127,152.84767187842994,36.057817298550304,32.983590236122026
280.89902037771793,147.46725049232555,37.0764968019276,33.26062830557204
287.7527073373776,167.267517063038,36.90205993247406,33.43269724544594
295.8993423711476,165.79628183517008,35.69635624066641,34.26323995345536
296.7448714218398,154.4773563601137,35.70664429826347,34.19622449426634
305.0457075476662,158.92965538448735,36.17342678904214,34.3480772893301
308.60460999102406,158.31833640127124,36.80267981706034,34.00944227697964
320.3021121003911,135.78937689684875,36.38264736956654,34.08605330242621
326.0453399025547,133.59421425810442,35.865379501750574,33.550690313160715
328.0119318536853,130.6477807856897,35.48404663365374,33.361368651727986
328.17864360837217,130.5402844144163,35.46681223455914,33.84850720201777
328.5321578155945,131.58055581336043,35.4182725109676,34.14632443716481
327.7117504969351,132.4788609877101,35.41110860405118,33.881664800669476
327.292578426398,136.92359405475668,34.73695579688324,34.35699244404212
319.8150581218277,138.71459241965704,34.9319427713803,34.32838168721811
318.6983140400559,141.19218225375707,34.88318124582166,34.027277164739495
311.43703707629516,157.72309189396356,35.21463123810139,33.27153011943389
304.77789576623604,159.43187191574228,35.290534669682046,33.87376024845338
294.5816033990122,165.02972463203864,34.984711277298786,34.69648075732796
284.85963833021304,170.32764326074232,34.6584959986373,35.855638845989894
277.7522856256095,174.50609812228123,35.70937732642347,36.08144415739696
262.1508785455099,175.73889215572393,36.65822801616365,35.564304867710355
242.70781783228438,184.10809922762436,37.76505256761472,35.44396132632646
220.58063618249946,149.91563973706303,36.54759503588571,36.67982482649208
227.6597271861937,142.29401797238455,35.33687224938348,37.20264751844671
230.9456166907176,145.39479121521873,35.013178262308315,37.299440876528365
233.58142189453045,135.04462902448617,33.895647768775646,38.55500207439975
245.05326209057176,129.0757693896324,33.185856002791624,38.5004537354647
227.60301232269842,154.136480751467,33.86785349386061,37.68091470930531
225.19019769930458,151.8044937760422,33.931703432329215,37.63589856310901
222.42261540301334,153.7746277660741,32.861537557687555,37.53052571701734
230.07738651886694,141.64224369113225,34.22546486943739,37.24132734468425
230.6881853823343,144.77022404266535,34.430320613686426,37.20453005943418
233.4850788962553,145.64031367566886,34.66469005709686,37.526991937226015
245.6006262984555,145.17177363455417,34.4772220379748,37.757765502331196
238.7857422444722,150.77799454889418,34.66727380683004,37.22840911524054
261.72566920886777,143.9815687182091,35.16832884410334,36.73133882531677
276.03085612266045,141.09376454531173,35.69143699588811,36.904391896148155
280.84104671364,144.28605643614466,36.03258554567944,36.77031308503281
274.69914103278444,126.26918876184001,36.998562053264706,36.82459439311475
268.9892534978933,123.96072193426639,38.16591002191166,35.812730993971215
255.31190208558704,121.53255379007852,37.84123624435138,34.93912877526688
239.8896451388796,151.43747605850953,37.82595361371842,34.83803973156895
206.80681074767534,173.27520099402088,37.231254048958945,34.59073622285092
206.08551121888294,178.07513478612393,36.68845242981645,34.556562493930485
210.59285342849262,184.8579517249576,36.04735657260879,34.59625908348727
215.82047923758645,194.73304500493424,35.93683151692112,34.26614317172731
226.96399315521606,202.1643299016175,36.37100271730645,33.90356670264061
236.52932519621652,206.55017032797068,36.69634182439242,33.5646928186232
224.72443227791774,217.1364433482383,37.814716451883555,32.721416187267685
223.11527004981255,218.37147342152417,37.91189828228521,32.32124725506665
223.19886862772535,218.6897788206728,37.2717396112714,32.641627116006255
223.04339609569516,209.45474973664986,38.060022750969615,31.733017452631245
229.21447341962303,201.0404520168731,36.09426809701034,32.40416889194061
238.82525478520938,190.8440327430166,35.03985967797144,33.309006569902635
235.85455138756924,171.69652447442436,34.40029475541725,34.56365979531954
235.81320543358305,156.1374148189953,34.66639650325819,34.86047560275969
234.78888281726285,152.18359416567966,34.59276137663039,34.77237315786508
228.22198964757672,152.61229481038646,34.56819295678633,34.704514722283776
234.05184919775965,156.3170896885271,34.88105953452107,34.28779577365022
232.5253439667679,160.47437949297517,34.71560037675357,34.10775004689512
220.11982346007585,165.84953388333844,35.73245002966404,32.84746392547041
215.02872400662372,162.93071588630892,36.33886806803803,32.97996600458191
232.21441352449628,174.80302119274097,36.030980853581966,33.160799041009824
247.59980531620965,200.35205332669858,36.19294797205956,32.67240350478406
244.2637192874333,190.4934854705793,35.217042541666686,32.841441606549004
255.980797815005,206.79405412784462,35.109414035717634,32.10960513430349
264.54458260019743,234.63142757422298,35.725500623780064,32.704263606536955
266.34957230901165,228.8281003121042,36.418737186681405,32.83691338529118
252.88389398297554,212.523250210389,36.854511258187195,32.32759503403403
268.3012903957667,231.5611881731543,37.38343646544167,32.802981010358906
264.5815673313863,232.3294066946349,36.916200102900085,32.63089118686484
269.24940181816334,235.46836011102516,36.518232354626754,33.26022951323355
270.4388189433162,227.01680389812464,36.718241697918394,33.528791844430096
266.72130690983175,227.39619914437293,36.64386396663903,33.82963651428699
267.6928205511526,232.18972126896307,36.30866208244255,33.70637552926689
274.22825861127683,228.29221576428847,35.366877225011386,34.78698624717319
278.34660486503736,222.87670763095352,35.062450952841864,35.4644657172733
276.64172254243874,218.68482672810984,34.80529469769432,35.7289200049553
276.86829021143495,219.4573223796733,34.959917106875224,35.46724006886328
285.3655634794914,235.46764194261422,34.09625092659722,34.59841445006153
286.78043495885174,238.5014950578396,33.49605952160282,33.65398636063247
285.6904951626414,237.55602142136877,33.62601402514098,32.968758420714025
292.7186759164254,212.54510944726465,34.17755122973116,32.87519922072894
290.5227764523824,218.30497689288683,34.10642996891342,32.83374439692844
303.27557363280465,218.33048882800182,33.82415370804449,33.014738624933585
295.2722412227604,217.97938870996933,33.701881760554954,33.23988644062078
287.1499716467,211.9182392534198,34.45126653187725,32.76368605562416
283.0820039526496,215.5683854674185,34.11608394665048,33.270517288668024
280.0135787315706,219.87221561540127,32.9542850777428,34.22477334402085
300.4082400977112,218.36861650624044,32.18403201709252,35.13524204535945
299.65442666332126,214.70359690834948,32.81045922795539,34.694989912711236
304.14411532969484,227.3971445776669,32.99200013098701,35.144204007059784
293.2071203009648,219.29843896823422,32.03492977890116,35.70858624185527
296.0518541214354,218.1790305798907,30.884517485402668,37.05406696087937
299.26202650035583,214.61945123702358,29.904775506950163,37.863497977851424
298.14432419953584,215.1243164040821,29.076292035622586,38.82019127444883
288.73576412591103,223.35273661943776,29.17403275782343,38.976607298205224
300.4429313447832,218.15896439372727,28.789399552989263,39.29802397252658
309.6378003996331,223.7612164399292,29.742440602835416,38.92389078313789
307.48106632270486,215.68276398284493,29.267326431710156,38.589750699137475
310.7379063059836,215.0976245933351,29.220717998355813,38.45245878228007
305.6087664434035,216.39446776908522,29.611027256902155,38.16764441526165
297.3728009601245,219.33153241816854,29.877716066477785,37.77449980490018
299.159507034876,219.42465061504018,29.984933647199355,37.60298093975344
302.3193309119913,223.32734423425288,30.29590112734378,37.25701867386219
325.56885877016754,234.44246511095326,31.14946458213389,36.2269131051538
324.40051232516623,228.79331557098809,32.56086128473562,36.384681598841496
314.3500833800677,226.1671194071341,32.661034436773505,36.517403535466734
313.41692905071466,217.29248249363482,32.53990417831966,36.603648645424244
326.5600031698816,216.72910411952017,31.38339461186073,37.18362892013134
320.1781702024219,215.8592011286818,30.156877670193186,38.01159029064018
318.63814855561384,214.8313109746926,28.65456069617016,39.24230301887235
321.21394584376407,214.2976012014657,27.41496129237031,40.0464972781271
323.3627570280138,213.78241260928866,26.557756452023337,40.678708640452086
336.7087286960594,214.60447067556856,27.555355886317873,39.828119216972
334.9886141169664,219.72963441960354,28.09960254061287,39.73779252998849
332.99160588053235,212.77387043782898,29.183449650459146,39.00605190833255
339.7924152391954,218.62365929940637,28.444715454617395,39.632896876523
342.60645734945916,217.34816789951128,27.605655110280022,40.177542748899214
343.1725973424085,218.74170383735296,27.22596476738294,40.6317066062481
344.3576216935095,218.372379817181,26.59662155529331,41.39781136229496
345.76632202351504,218.55674567359762,26.991658763400494,41.64132127524758
349.89614890477066,219.84672060178443,26.567797065555975,41.81369671527597
349.7219088892981,216.3366403995771,26.62571935438217,41.65544992746041
347.0472401845118,212.3237609802795,27.114042397804923,41.26870456988858
349.70838994314147,215.43222826855265,27.572438318930594,40.95533444646728
351.9511213264566,215.56548805843133,28.07511279747864,40.83308269398236
354.0552680338105,218.939473495463,28.41722726927592,41.216345988925326
355.4981475123267,217.75978691527328,28.077114502886847,41.437116892529914
358.6310155675993,219.21272365905853,29.360330018165502,41.26614745578642
361.3467905316131,218.20242198232353,29.514179240986376,40.77722980171861
352.08341096902785,216.6050377690472,29.04980372260215,41.18983746929909
353.9619951171901,214.7169873064089,29.300220474953274,41.01742727091847
354.0626488614609,216.2992435024844,28.844540032043017,41.483017274778824
359.296076114797,216.56151266222008,29.18124959702608,41.612971691170195
363.1255788367116,216.76913331392265,29.427296338255488,41.194118801242745
364.49255423371045,218.29322339305216,29.40645503751345,41.05492759562041
367.5463133775182,221.0866387025321,28.671734715901373,40.58522677936442
366.12733928751146,218.07427767711533,28.230146410242842,39.56762905557028
368.4801443650679,198.75177802095422,28.081503990420533,39.47521686886904
362.51810632885815,190.55298810315088,28.805388565037234,38.89720504492985
361.39009309716755,185.90516809296997,29.277669620360296,38.47914286344836
368.79065752599155,181.99938955951194,28.961485106279106,38.366271944219406
371.46102703442205,176.90065509365422,29.32772059579632,37.403920319294244
366.6082584400717,170.5180664725533,29.565450968395957,36.36177315201121
366.5400532249941,167.80964706984375,29.54694234046672,35.535712539553124
367.43209917706076,160.46824397219368,29.851805838707552,35.17008066264865
365.2619605433374,164.3112137305011,30.34281991493114,35.45765284189565
367.7220534894416,166.9506812517043,30.357914822588558,35.893503375355934
370.41363270139294,160.9580753846007,30.163780370243437,36.366297316289234
375.035474984603,155.610488873504,30.342500093068864,35.46002323307487
372.36551610066255,120.88472931123133,30.003165713275315,36.39302581709291
338.270223953806,99.77118606109646,30.91844330532817,36.113711255350914
328.46592150863273,88.86783475332103,32.01721390612393,35.61370267400236
325.5741831785274,71.19397410052768,33.68707600716103,34.44999896127851
325.23846657913913,64.26271541184062,33.49978336012383,34.32526791793731
320.52633527710407,70.89962502538415,33.688207074118225,33.20343195195865
321.3997586885767,72.25777542664488,34.16568447755242,32.09883406844351
322.23795534278145,73.17876962002728,35.17202565858386,30.775647490035958
325.5695189710082,70.2024216607756,35.77358212557999,29.671118658020543
320.27235874997234,67.58628466478204,35.732003023889526,29.415978766798414
317.4235184076496,65.80354951431006,35.542780899391964,29.240713775307672
318.50706445260676,62.82986349988121,35.57786466511419,29.492141494930767
316.1163799719933,58.81675965806552,35.47869850060877,30.023941047916388
313.8451453297595,59.25348128127115,35.17448475971631,29.9329129531012
314.6070611533153,54.961659801533344,35.180043090059755,30.261049397073897
312.7598058951323,52.72232209525308,34.97850363007694,30.58307712744449
311.9879325007193,47.80504876774282,34.671913032771656,30.926640773126625
283.9750071388627,53.48959976039522,33.4642585074614,30.86930827329544
290.51535155948557,51.39129511849532,33.10163302070778,30.48327547869558
304.44008688425424,50.737406409625564,33.42867032099962,30.456037718708355
302.61747728363315,47.222329970438565,33.525483159708216,30.17464808609602
276.78281392181884,31.075107190070014,33.21578690360042,30.33060869199915
270.43168840043364,27.64622895943551,32.52204948201542,30.604382208779622
281.3923709540351,59.294265206967665,33.243300646785194,29.60380379330516
285.9344241951561,58.56856464128398,33.41502206829067,29.24869173440307
263.8055249909604,55.244323218825,34.3810228387426,29.834810477911105
287.1018788046674,54.037342461824935,34.19424477675831,29.415276136579827
285.59375917997664,49.8996358522491,34.42893338031159,29.688387185931692
