125.5,167.5,13,44
126.76603955489249,165.8966372321936,13.50420390641986,43.61493795893739
126.83032499402431,166.83552382780405,13.983207073814327,42.811138184998605
128.59994095587024,167.99086047241852,14.204682290091318,42.362361887499404
128.09022043099108,168.1378657998358,14.455998521047755,41.64840283359793
129.66365315174053,169.40902840844748,14.704936054249796,41.57331961886172
130.31753634633247,167.04931061223425,14.860757783619105,41.89508875697297
130.3653193811751,167.68807781812416,14.95761948323712,41.8149909163144
131.41455109075628,166.27910556556824,15.040469340365718,42.13332666631452
133.05170400926326,167.17567732038876,15.139837419214764,41.87994434231957
132.69451895697867,166.41559818188983,15.436184324940914,41.75389314093911
134.27105493588203,167.16521410400267,15.48624165866864,41.7212394226671
134.71689103704654,166.40047474347412,15.538535129786302,41.55005302741411
135.63490882894394,166.48262306019603,15.899658121049466,41.213966613711136
136.19774266639158,166.57329476740736,16.30810373407993,40.67657083040915
136.30313900851723,167.9993764277728,16.53076946748262,40.38109581839409
136.98299329609085,167.16949974428863,16.76247903942246,40.62225041426717
138.26269068605043,169.2022188162834,16.92643240021986,40.555350049132
138.55555703337345,170.04362934135125,17.040521356555754,40.187289326335474
138.87773611513333,171.3244910336491,17.174814847756316,39.5040731982476
141.2957109695835,173.35846223519562,17.286471702424087,39.16987732378011
140.97489001727746,172.85083424638975,17.470974234210537,38.41694041408559
141.0256522521522,170.69336799727668,17.422830928087933,37.97105300035499
141.3947789421266,171.99483114247164,17.241002642743666,37.54132254889325
142.26676269871297,172.8536537239536,16.99000035097592,37.22002097475838
143.42152187694683,173.4862747698915,17.02053364550921,36.915004405400765
144.79855964301316,173.08320204618045,16.945467550937543,36.96089165503844
146.03806693242143,173.7794300121188,16.708116189665574,36.43035751042366
147.33629962676991,173.81517912454424,16.385031318928196,36.45866883532172
146.56813640890144,173.08027518057716,16.185911539989256,36.74840870720361
148.02946454218582,173.79220847603924,15.824629699308582,36.89385099327076
150.6973563707541,173.95396822682724,15.681436755672957,37.150251247153555
151.09230448038497,174.78681192203686,15.631395051010097,37.41932454646972
152.34990994154262,174.28856189318032,15.68026913540865,37.333347749858476
151.31596351703612,175.3981585338731,15.67809481713955,37.524296890195316
153.63400950992897,175.9761732834639,15.902964745416337,37.53726503639183
155.29473373388853,175.91631479760446,16.235881837047998,37.29033276785539
156.72138348732446,176.5969823620972,16.571777963110694,37.04641163652005
156.57022306033193,175.90415042249342,16.445881763682387,36.949780121783824
156.4260539466711,173.3429389306659,16.37190683964449,37.09708113049381
156.30237966345481,174.69375981619172,16.35353578370346,37.04607484032288
159.18698002301596,175.78953485223633,16.23166534869985,36.57384113156829
158.93502621788164,174.17447204340297,15.924565042041133,36.365339267774445
158.93151900964784,173.47671408195072,15.797362926397549,35.81003009550228
160.91589711314012,173.1973689838162,15.582754249015075,35.815167068161365
160.60102011325205,174.37704507120952,15.552650439247602,35.495888526568734
162.43003727911216,174.32376151327452,15.437793473784097,35.73876967690066
161.60479925756997,172.34583094166794,15.532505676193118,35.56458206828279
162.15422238959698,173.91441678711348,15.46418616937939,35.4808533324088
163.3579471925625,174.53322340098515,15.366292332415009,35.71732364748922
162.533037588315,175.28620136565087,15.357287573930018,35.555432788310085
161.73794738852794,172.60394407263095,15.158595135483825,35.57001518059384
163.64072251515037,172.01258334301295,15.05355347675194,35.86198134407637
163.49787415637263,174.2772787209096,15.217425378438048,36.15174532766292
163.9981673822987,172.68087850752522,15.221740097316532,36.52498594188589
163.26894624485425,173.2977539892798,15.203747664563815,36.39591384762417
163.70607426034923,172.31807438561407,15.19835616985925,36.23555736434288
163.9285077602266,173.70960386905733,15.251759562522404,36.59466024361724
163.16299925691104,170.91463848784974,15.251218889977235,37.037857245198694
164.01000727709751,173.3146058656929,15.165633831240287,37.35638505207341
163.92482559362858,172.19825089319113,15.171699498249895,37.26934516492359
162.7786040916503,171.73875491152933,15.099670589822455,37.014439265812804
164.17291364515302,172.23595346505462,15.025308961530962,37.0962395445502
163.64628877054517,172.50052339261302,15.196023849182014,36.98119479317409
163.241419896146,173.04851704595856,15.231880997051114,37.11030013594285
164.36254034015857,172.91758463570568,15.14461719223212,37.07684843909553
165.13990203396554,172.37818667422528,14.879586206504188,36.94547683485757
163.89546106798153,173.07710175494387,14.8620079486529,36.95563271830414
163.8048284200984,174.51403883875182,15.103985816606325,36.76724939732213
163.6961267059379,176.57447880794834,15.126126872433613,36.72641992737389
163.4364684097252,175.74971061959144,15.373638565881736,36.47184658767233
163.51466849241893,176.38076598728236,15.416945789372111,36.544092160273884
165.53671808266378,174.91410020370824,15.209201818232984,37.3416004776052
165.65023659178834,174.90853162887865,15.415002107437006,37.71832396769181
165.76761337704554,173.90040576606987,15.605094202615922,38.28516728132965
167.56549041965215,172.5226857713403,15.40108043951576,38.68768340070216
168.67612754951358,173.33433134233454,15.214729971678254,39.33886807162567
168.28814045027525,173.24050954369133,15.502897402929664,39.60203964238512
170.23017810862373,172.92585136582153,15.276495921987086,40.18466580977642
170.00312950548627,174.68216786144924,15.547886831818085,40.05838535758352
171.3599893583034,173.63383898117522,15.320516708855926,40.40131580127517
171.39203762171383,173.04762184535082,15.499720172927477,40.27292984148632
173.48949619607905,172.3992119234676,15.081234107876224,40.07803783031808
172.90698389555078,173.02191648257957,14.901185962655925,39.80312506858136
174.65219032436164,172.13563234870122,14.554443425545083,40.0241419943276
175.2854189823028,172.42282075836783,14.477539608884543,40.26421818078505
175.34296114025045,171.18254020752258,14.46986533646725,40.38556473817931
175.67134742072093,172.25923419470126,14.406378336134175,40.40090988378651
176.2407076256102,173.7994921422519,14.428747108255687,40.204217383460644
177.57300823897555,172.49300991690896,14.374834329477283,40.03893996135906
177.86591428142196,172.09322653452875,14.386002518308045,40.03072115549796
176.7493995123994,173.21327790929027,14.506015927813113,39.77547477308618
176.47231700302808,173.0711265577675,14.453865333762788,39.34009758406853
177.59527776761027,171.55067896155938,14.22480977330263,39.17609513434918
178.09153729372014,171.9896718013977,14.259802675390468,38.98524944261811
177.64676535574208,172.22882350186066,14.292382916855592,39.173283949006475
178.40802424464576,173.68544234598906,14.307306988756821,39.051482932960354
177.73160101736823,174.04532328253475,14.30168717572612,38.95868729789083
177.6755332136734,175.26407920532455,14.179237617138313,38.895157881815614
178.4531220652518,172.7560286215209,14.04867291294389,39.000360363967644
177.74698405836205,172.53255701928433,13.99858806780616,39.05074975402961
177.84260250858773,174.10074980564121,13.940388436470236,38.9568253381609
177.99633146014668,172.8862426828086,13.718119309607,38.95167815918933
178.18500243338363,173.70883093911823,13.64027222568954,38.92581309848197
177.78322132585066,172.93752475083255,13.560157315778374,38.71381386368705
177.87037959655876,175.05448118245658,13.57593919414768,38.50740735190992
178.1877732262238,174.1346663581763,13.430913108542711,38.61073367100273
178.25395158876447,174.15893234205183,13.434945624083937,38.74199783271676
179.35178060832197,174.10996670719527,13.526168554970143,38.750570519337195
178.3903290459603,174.0829359981344,13.500643644911058,38.7052843833117
178.34157367036528,174.15863498547586,13.450176373406533,38.78049548965869
178.69613929223866,174.79782997771406,13.45653266942797,38.69819560737801
178.9620921891407,173.99333252835044,13.498849797949045,38.626792399530245
179.95605678228014,173.21475746987048,13.51350554590477,38.828271825953664
180.28280818848359,173.95097188680018,13.546593166618633,38.675268813398574
180.20058873538153,173.39103807174135,13.598338099937108,38.52008532657287
181.78218362965646,174.96746959693502,13.63114388061639,38.429144826386946
181.6986088893665,173.68309592640372,13.67142187965843,38.60450413453633
182.19492202299833,175.21280783426607,13.67146662527322,38.59840096509765
182.44056100573275,174.97733485934958,13.65149069227509,38.656970868749895
183.1115777744841,174.64119803149396,13.53425404598489,38.6668908896269
184.3881494857999,173.05186911630068,13.540409377091716,38.25917562926938
184.8163779524207,172.8084071613307,13.489050143015406,38.0860930756817
185.2787986874901,172.4586030044071,13.493993149633644,37.750049467302915
186.3218423587796,173.22933022127566,13.49286579088032,37.54597603885298
186.70450353389424,173.20579079920776,13.45210560877242,37.39119041691766
188.3604274848799,174.16116740801058,13.34676300541557,37.101572672563336
188.20230424124057,174.73757138794792,13.381074218093252,37.405570418712855
189.76206839042158,175.0540172154909,13.531128906562907,37.612259776352744
190.64093715700363,173.3801894421193,13.790635235550905,38.06331483824789
190.63232929260369,174.58268592509793,14.002166606469226,38.610452189978616
191.34497551157762,173.07131395244997,14.258494408732858,38.98618199419176
192.8828130306294,172.49496946261326,14.372012619378111,39.187352795879036
194.04063827785689,173.73773306294822,14.388849946502082,39.25421783954815
195.11911373665038,174.0970682058998,14.286660677093211,39.332625388251145
195.92004412476498,172.54583818948834,14.030702343796142,39.39572108315289
197.00811620825874,171.09571984267848,13.747079915814629,39.16080424474442
197.14668543646255,170.21762184131617,13.460618276891225,39.353121472826096
198.37700322485765,169.63162538176334,13.53997145628086,39.08687195647647
199.89659722755977,171.86066520107596,13.39993191507951,38.86514523838346
201.09564523436757,172.13380573398297,13.31953843327847,38.58720803844086
202.13247075543876,173.95235650204165,13.268341176078682,38.38637816980395
203.10186103247378,173.54011347876906,13.242517813475944,38.441923529169564
204.36500759854994,174.43302484443868,13.329630147403332,38.48570339697434
205.91498223436034,174.76231370907337,13.421690801624816,38.48568999685225
206.7643083553146,173.59329327423575,13.638657694619251,38.20219985685347
207.70610655921263,173.62777677214032,13.705479639903949,38.22800452190865
208.4806796519045,173.14704429932794,13.822198995024692,38.41031367672761
210.06298041910287,169.4549884841283,13.612553753733994,38.9925697430094
211.61230854226412,168.4096528129664,13.529881327373074,39.01599560193477
212.98248084738583,170.5418196689054,13.492178442669806,39.02395688822577
213.91128811754265,171.4084646760125,13.355529287793164,39.12864762123448
214.31101849103075,172.03519176430027,13.235132516627958,38.57941022293727
215.1480443943084,169.5735767316546,13.217722908635244,38.69249777113876
216.26995194726328,171.72298150195562,13.290185545111395,38.40393116953208
217.47932511977905,171.383862834112,13.560507040656027,38.386205718544815
219.12446789452804,168.20306710829084,13.788535852730337,38.827989736105096
219.30878446402488,165.14861499121835,13.810183079680526,39.095116168736396
220.3896616493494,167.67911419916953,13.832569391251994,39.10944467238971
222.10383416325334,171.35682050380697,13.946048465845825,39.31872789822836
223.15954863709595,173.40776176821987,13.988640066027392,39.285491323534615
224.55689634668013,171.8858067453616,13.833607627892402,39.150494690097744
226.00075978931815,172.0490524218909,13.512403817720104,39.737811504019845
227.30277346049473,169.80715345452276,13.374040862116198,39.995557154515424
229.0767909477609,168.8536378400001,13.531018685893176,40.50994934261381
229.45988135178027,170.32853681110973,13.401415305241724,40.5151250980569
231.05894123340323,170.37614954580826,13.448216749423779,40.551243380805595
231.36890075783023,167.50279051195875,13.530011322186121,40.65657541640011
232.74334715159836,169.42079523989455,13.68273177012352,40.74888016951293
233.58296342531858,167.8176337415896,13.988097740100962,41.35790239822428
234.5115759485661,168.3033118966163,14.40318438107537,40.72531972618087
235.06100534411547,167.96035400184994,14.530014047465661,40.94003117525567
236.2046912454455,169.20061821180997,14.775078377236628,40.795663415125674
237.2691353391095,168.49627309965217,14.758636259626005,40.7110164850528
238.81399701680368,168.80190672763666,14.995690362428626,40.02089523447593
238.95044045998773,168.852943315323,15.256520095075246,39.47822571701646
240.28821540933723,167.55971344869883,15.349795727382144,39.345668659874775
240.43393229998594,167.9447781605785,15.465152709224412,39.569471244858704
242.3119856802724,169.05070956207913,15.408072294858176,39.428213243035444
244.1133474190075,168.90890489708173,15.387411061803231,39.3133709169271
246.06744576008094,168.84020535748803,15.388203093874475,39.06979555434775
247.4171271127733,169.74287414741212,15.597304581833923,38.98351183897863
248.93223115432883,169.2079564759846,15.61480405640107,39.02591688588952
249.5411812127884,169.76154666408084,15.498709388014024,38.69975864114002
250.76511793821723,169.58693342018532,15.42942365993471,38.603089010051754
252.41824388636707,171.4162247688283,15.309056000924421,38.35839405194732
253.49707260913686,169.75099636455013,15.002796665774573,38.62092183103893
255.11012340934224,170.4163648241713,14.674664788111592,38.21628498704148
256.4234893819383,170.12237408303565,14.48322794789997,38.08777786953553
257.6629982260772,171.31160240245845,14.315093781655886,37.783415526191675
259.4487430045016,169.86651856203076,14.297037643080971,37.72181218615778
260.7194125669307,172.22509785267027,14.159329728549949,37.339097650899234
261.2567675101365,170.8127626380553,14.048979125585616,37.316458013906086
262.8686703413146,171.81493936049412,13.983303632144192,37.14435027654033
264.68028919951985,171.73517565881647,13.977487542778414,36.876982985328866
265.5894478849615,172.81842657118264,13.986963174023675,36.89172887177817
266.9343368457021,169.2201730477563,13.977006028528184,37.79128557835985
267.9211892344209,172.30829142876266,13.713149774230507,38.12836592450146
268.3680473344627,172.33663155062368,13.494114462799795,38.05034710060315
269.6356284035885,170.70071085990674,13.4022051264433,38.611907348385344
271.46038252402775,168.63477424701387,13.347994460561681,39.212023219434734
272.44872385298,167.7276667496303,13.171020049842065,39.498709928221686
273.63979671987823,170.28621859328348,13.189748453923974,39.686563630746846
275.27921218233604,172.56560735795998,13.114444502732717,39.5793098822166
277.28216349949287,170.99111807535837,13.279528043956148,39.57353452400368
277.38736147739996,172.43792145806302,13.672635911422333,38.956151179691176
279.0047368206593,172.1685655678741,14.115144670094116,38.593693481175684
280.07078043780706,174.46267222479753,14.219775375175383,37.991050598084506
280.6983500415234,172.82984613452987,14.582166752078038,37.86953079490094
282.1182346447767,171.40487571780722,14.616314886803707,38.04538100449066
283.88392901890865,173.09911878839222,14.547662268300524,37.88758868045931
284.4522372331627,172.72781616450496,14.432410767084317,37.7506410870473
285.4610118982478,173.62157819771093,14.277891989778102,37.5293132238672
286.10522991595303,173.83123133768805,14.062358037764637,37.28329114672705
287.9308716696367,172.4017923036734,14.089378964219936,37.23242018368946
290.1651021349479,170.4849032411876,14.112699268338735,37.637436826422274
291.63202470943884,171.63178631651914,14.09684814172629,38.07099706888664
291.7869068689212,170.34123741673372,13.953367027912984,38.37591269377485
292.56598935535624,171.23419821315065,13.877086176937837,38.49571228853256
294.43122822981786,172.3970323539587,14.276465968145201,38.116441073032775
295.0763336559355,171.43617069988292,14.30495471422231,38.258543018498166
296.73760057745176,170.77102567044884,14.420279691151308,38.14045964043855
297.0820966067714,170.78613815992605,14.492258165406149,38.35537814953365
299.16553922132977,170.47434149528152,14.492301704447408,38.36561768996998
300.2855448892523,169.91418047966647,14.345956206843876,38.36395559701643
301.23465448854097,169.89878601910036,14.229211717777435,38.21016314898706
302.5004621459824,170.876188071199,14.160244079362416,38.09664129328675
303.5886502798853,171.38153160956284,14.13275949894979,38.21247806890742
304.77980535739357,170.0718679228804,14.115722819580213,38.163563464580704
305.8045095759008,170.38800379724293,14.14366523743944,38.61243223404411
306.9999085347896,170.1892724949812,14.150875904638005,38.97481024452643
308.2746575965628,170.89103215241335,14.305862959085387,39.396235545026244
310.18411173114134,169.88993029073544,14.320237399050018,39.396153072627044
311.58870522102103,170.28565151303673,14.206259684045861,39.309680630198855
312.23613412565186,169.89919586449292,14.277225739721114,39.29195032143241
313.7839018910273,169.89322089362696,14.319322102128165,39.20209117129829
314.3261140910944,170.56526293712218,14.346605985418355,39.25098384517213
316.2315190982374,168.77849231691303,14.382900282121678,39.40206119170006
317.14675887124866,170.48755094935234,14.089722038055369,39.62558602047987
317.9342931292498,169.93748277479466,14.044767815151513,39.680961665554726
318.8978116945418,167.5140583761662,14.159537859250127,39.751112350323844
319.98285308202554,170.10156670745283,13.966499905068174,39.80446397006868
321.20041236157977,168.51880315533003,13.993272997113253,39.67842184137359
322.62897396854885,169.73508846441138,14.155851502459148,39.71830100272144
322.47788521021084,168.09235323395131,14.58970752586723,39.56131307245201
324.690201912759,169.89589466416868,15.02441574216985,39.087472580715364
325.1612041134472,169.68966268417026,15.391300610622185,38.97137548505196
325.9763033850815,169.9390658436229,15.494489179971117,38.78845095487732
327.6274550314525,168.881670175031,15.549514063727573,38.82055062259703
329.32038083541056,170.4105969318329,15.420953057541775,38.47713507057152
329.96906666141524,169.76091466696292,15.384598489654035,38.481543273826844
331.3367210254662,167.4516119713362,15.280602370271005,38.56819485343474
333.1691892556426,169.43884469836533,15.126525160940608,38.45465340488495
334.18387008929074,168.46354758949494,15.022731716643856,38.606520348684704
334.41247436271607,168.1532929777842,14.82817899421603,38.43593097744063
335.97819714277387,168.70322631608863,14.640733201403933,38.11196591645144
337.28370707474164,167.8629150912176,14.410871212529358,37.602931870145554
337.38144119461805,170.21669528900176,14.324745674509728,37.09975484783768
337.26663134408784,170.18659873010608,14.07391027503373,36.985290695316756
338.968097315933,168.47254272278522,13.771059775130059,37.17411151885739
342.11046443214434,166.4999741330031,13.478298465986173,37.410518716045516
344.95211753433546,165.52210198942424,13.54607611246455,37.56682917580304
347.2086544652344,159.94791984339668,13.705923431391716,37.59877939772878
349.7295304181267,157.15297000927606,13.850178071627631,37.440269317892614
349.16403989314006,160.33175915678342,14.086094171611673,37.20665819359322
348.7779865010881,159.95457927566738,14.17894731792489,37.134318639323695
344.6811012959232,160.22182385324984,14.238208641645826,37.01734961979985
346.90372145797215,160.54415880112404,14.304622217694321,36.90554047997189
346.496470676614,160.33940768112885,14.368179285209553,36.79817651283948
349.1831112746101,161.13006207164705,14.484633215712766,36.63342385172188
348.6049997207396,158.69352254986606,14.612202940198735,36.46866634361758
347.6339620148377,159.09451855475334,14.80986461852007,36.17147018316632
346.8738216296924,159.41709042851474,14.959711343019157,35.967037635880786
345.80721434993853,158.83359605962085,15.06275331608585,35.764005388065236
348.0842638607686,162.43573653494232,15.173726735526797,35.62279235047769
347.2906782967619,159.2521571050643,15.255081284675175,35.517164306852415
346.19644880999283,159.28735455246385,15.329126758381104,35.38581678588455
348.9007997366472,159.43235753874563,15.409947839032363,35.263048333538904
348.25569763311796,158.52640353126955,15.535221106416444,35.1200604944948
348.0537815880515,161.01946472725234,15.633834946989953,35.04444768886346
347.57566616902943,161.05625974695394,15.697978623493135,34.97698324674347
347.10858158694435,161.0146865057323,15.777207492443805,34.84974588183095
346.54571708785227,160.31714807009493,15.831847103688022,34.74188376728109
345.71418047246533,158.94247428478278,15.89217813933252,34.55226840150403
348.4740639457104,158.73885093846837,15.984666766115112,34.47037032184163
368.005455573309,165.69057526258874,15.663685726494037,34.880970440690774
371.7018844893666,166.6358023938839,15.50511515634168,34.61187349983963
372.75378350710776,167.23735821797138,15.459981442758872,34.02983944880595
372.88259658831583,167.86617886827491,15.343456297937038,33.384833164640185
373.62927303274125,168.74828634343734,15.183033258710784,32.86540435761826
374.19981273288664,168.6599958078632,14.901087221190142,32.50997546954565
375.0499978147491,168.91729552577078,14.867017115830043,32.36088256353855
375.7645778521899,168.20082748520824,14.827873358316024,32.171347908160044
376.18127006143277,167.63807823831576,14.837527737208799,32.267983448759
376.8143017405213,168.1933752331172,14.865973670680706,32.362951097034525
378.38235751384104,169.75943586838824,15.099490791872592,32.44777785887156
379.59384554399674,169.5665869279169,15.05057822338243,32.731611565805906
378.2535888739504,169.1998765143668,15.218387906324851,32.77748536484137
379.5283563958058,169.5307490414011,15.285090502994832,32.80980522595296
380.25808497052435,169.92589478491917,15.285274929371136,32.79290641622396
381.13678460690716,169.07951317893298,15.327407354832454,32.93173493485986
381.7453851684423,167.47594985432093,15.239558682132966,33.492327856438045
382.82167164149774,167.71547912755793,15.347098736891791,33.713970487084296
384.0582664566566,168.39062884541897,15.285781970343615,33.425330625870856
385.6534472278928,167.45296484099396,15.074729509902443,33.418417028008555
386.46530215781235,167.63156532695214,14.896231656632247,33.34141993497172
387.9789212657317,167.11964636046287,14.822988430188682,33.5653908935965
389.44181049795935,167.66723166485497,14.723163449314908,33.67278881584865
390.1668097865994,167.3585557543217,14.689682606562464,33.74477834319492
391.00283507596765,168.44452131312056,14.632842203340182,33.874358513286424
393.0235434022469,168.93616747051115,14.564454687439342,33.77803028122317
392.3194288244003,168.51382490328484,14.695582087990397,33.70092386217843
392.82666941698733,169.9891787282881,14.553388831874388,33.90014144410554
394.4752637449647,170.3313173130544,14.527488332428971,33.835147831511094
394.94391936168427,170.48555484834415,14.6087476413254,33.977459589926355
396.26900434649247,170.21618669962763,14.716563502016069,33.962656074794566
397.65005816338163,170.0340759573911,14.82261802338908,34.14409310623317
398.27174110727094,169.76896327046865,15.104160678243533,34.207767623249424
399.79574041160123,169.85132992284392,15.289584348940856,33.99744676392487
401.06679290658263,170.82610811175837,15.559865633315734,33.83212943982217
402.49403138889335,169.41335014015434,15.66063011042104,33.75716678157454
402.97051631108985,169.6639283543855,15.958936759100581,33.74393126323226
405.5396347925541,168.9109738013303,15.832422837706378,33.937908520816606
405.38589686409836,170.12246553630825,15.788577295406077,33.87852840436106
406.0131047147925,168.1633017560709,15.86612584839703,33.99343852060669
407.2020727680632,168.62636545122703,16.087862297779104,33.76814254356346
408.3890612009889,169.87208859241184,16.1286388689699,33.637005385186754
410.2261832111525,171.27957218206615,16.005441458521297,33.51832941414533
411.09310409195297,172.18442538977018,15.867010878370284,33.43502861931221
412.4875754645259,171.8552545831623,15.895167227615227,33.36755219454126
413.53637719253055,171.7328268680702,15.96682737290902,33.444132104519966
413.5926936139163,170.75682576871822,15.962434732206768,33.77367584527711
414.4419333046598,170.82867847534877,15.904969569050204,34.136823714467646
416.3368838183265,170.82100287802874,15.91138206596302,33.968589324944055
416.4008483797845,171.16579083626996,15.877613745709423,34.02050597790816
418.59956019980064,170.39813123834793,15.837792225122932,34.089265048401266
419.05884847318845,171.22994544091642,15.765164970530202,33.886190885398356
420.70087663925784,168.74252591631733,15.92963335190766,34.16319162816956
421.32794482925664,169.48504707635806,15.814472234552035,34.42907520664007
422.2344523374745,169.40540840658426,15.749571327155515,34.647880490961086
423.0967089378811,169.28417461457036,15.842185950172023,34.571284530715474
424.2977767047902,167.624958050614,16.108084969881713,34.31447347031951
424.81075587964597,169.44897684788396,16.28096652304797,34.120851435548275
425.91078520628736,168.77949082227943,16.311514187285255,34.201436159563116
425.91614945177906,167.57602362240436,16.324333198536493,34.124403970339266
426.5248020857691,169.31167976631906,16.348278803168334,34.39629937560981
429.11892621819646,170.59100453526602,16.60177152799874,34.404457584603115
434.9719198390376,171.39935404648864,17.007893470581593,34.212398621629006
433.9024143887886,171.43031152681564,17.52429153710282,33.73594971803713
433.11728567463956,171.51372646286086,17.579178238815476,33.6545852473578
433.39316995489804,171.41724853699856,17.43672934730681,33.667516162287136
433.6163142367982,171.54183555202184,17.329051641231665,33.875498462587615
434.49290565484506,170.52307202738172,17.367646415916777,34.26024927056538
435.15310675649846,171.4640275621195,17.433689496499746,34.60272131685825
435.3806603660894,169.29197309601287,17.552531137486277,34.98812196278611
435.9851467308517,168.85789392253412,17.50905785673794,35.77287733334992
437.4261678084899,167.55585312660386,17.704508415389824,36.06782253452439
437.66697812048614,171.0345512217309,17.86379609227393,35.71873513638454
438.02038268097886,171.40685912112713,18.051937361150486,35.526450248751665
436.8591845094404,169.07363858153363,18.01326640915289,35.7611415072294
438.80605979922905,170.52963525832934,17.99338691760365,35.78755986628448
439.57050660392986,166.45068937302025,17.70895138754009,37.029971500031294
440.4112735876975,168.38767887856216,17.380198954199763,37.29325626381932
