276.5,137.5,23,69
274.0876398481948,137.71343270225555,22.948696772650322,69.87368004951418
275.0300315838676,137.78232570974973,22.974033788517836,70.35882414402667
273.89589306249,137.81414262419338,23.097438165867793,70.94061003197444
273.84353898992975,136.42225769044074,23.32071713793597,71.71203172443089
273.5729468947382,135.61533247953733,23.42372323607777,72.17804879891713
276.55705119228617,136.8351956379238,22.883556099111736,71.64438818458254
276.1590930867198,136.5117553778612,22.993916494547815,71.77789294558302
278.4809133560609,136.54768504393908,22.73477312154547,71.57521023963267
277.8372264701646,136.40415560402806,22.70916504938977,71.65179166300427
279.3072914700948,135.7883216593123,22.515357919783753,71.98580108514302
278.26145756771234,134.63011258010678,22.64683840860785,72.29063472321404
280.56101721622093,134.65477204560807,22.341476550250366,72.55433187902824
279.43242323806606,134.5784370800829,22.280087455397346,72.58684830844881
281.34595975973406,134.6930428634363,21.899205484525375,72.92491912041558
282.25011766271507,134.38494668883288,21.71924422797131,72.99861305987432
282.6892999926813,135.20002046529856,21.447863646923036,72.62282308331315
283.2515398814153,135.5705276946781,21.002148093507486,72.42303030281104
283.68934899490586,136.72787398938195,20.758570784399716,71.93646164051978
283.970710201676,136.36657656558916,20.370940084526335,71.44505209071309
284.5889914889345,136.66689302283788,20.17336943810995,71.67009317361781
284.7062615547003,135.43933516494033,20.121561396932336,71.39991525309091
285.25771158775956,135.33352823212834,20.02557356225909,71.03323955029063
285.73046506023394,135.30256772324532,19.824728127301036,70.75152697592793
286.2744578620594,135.78787935513617,19.69761976335414,70.55718655907387
286.72373935807843,135.93953426390226,19.78444534830058,69.9995596665276
287.2306599632457,136.4879620027436,19.986892585345977,69.6279471016143
287.7719962754812,136.2172892597158,20.174579357809645,69.63246865931366
287.77477450570944,136.49811208173247,20.35288643287648,69.12550952062779
287.87056425595233,136.0447752215087,20.422716900528428,68.96341748160728
288.079882644812,135.66499132718812,20.410578167538386,68.79807508252719
287.6634955343096,135.1721265566374,20.495164846581474,68.77314242556187
287.1828199859144,134.9375352133093,20.51940528091153,68.8070628493969
286.99840240625394,135.94322517730083,20.28196100745891,68.76282192707487
285.202061577463,135.0966481216429,20.440606410157965,68.73000875037346
285.80991648581676,136.08105676926542,20.264384551404895,68.28816446423792
285.7701859149586,136.9089482469837,19.9420756378272,67.78285283849036
284.0909875318769,137.42513340440047,20.01203742169067,67.3731921555767
284.9589804776288,137.1807213912058,19.963209637944452,67.1587315011227
284.81714346467976,137.10302528086328,20.019065636703857,67.31002521283503
283.81328118867845,136.51752562669432,20.113896654999838,67.3386377270827
282.32772261619886,136.48145021460806,20.492269926362823,67.4448803144536
281.5032259432801,136.00069524505093,20.607407118712203,67.56965119030492
280.18417757002845,136.11910461207697,21.041911803219023,67.29326703461197
279.5144337225532,135.94447940706306,21.651444122975075,66.7637484641367
277.47750127314896,136.98481797955083,22.054902680230768,66.92228430896833
275.1462633917237,137.46746126600794,22.331771677334185,66.8204273420149
274.16120727404484,135.68013710483993,22.564234591135826,66.78736077291722
271.8891231861246,136.02392234078428,22.401707687172756,66.0843752779475
268.2963750118986,136.02691237360085,22.399751719340664,65.91321324767856
267.89350709313607,137.13165009171502,22.276001043727923,65.73948438585208
266.7828565197412,136.48375961646866,22.18053688213751,65.59526527912432
264.68596781828035,136.47033716592276,22.28046271874452,65.47065416689424
263.5385133139587,135.92003641417577,22.547030672471422,65.43112097819613
262.4714160561784,135.39491648802255,22.810486204877733,65.54978571100719
260.05210987834175,136.70781797515562,22.813128158787123,65.38176595893952
256.01943229568633,136.9820119920759,22.559071092652648,65.64010253304346
251.47701503625066,137.51654647556182,22.62168595362603,65.77997562177381
249.235297874079,136.69735708266546,22.458916760055516,65.49614705206724
249.98599278361544,135.40902806233368,22.238620419185455,65.70447890559703
247.83763159769998,134.7633348118253,22.174111940796646,66.096281172853
246.0028201305429,135.09497988608337,22.343587770847556,66.58685361989504
242.28131676675144,134.7947594049113,22.785482991014664,66.62509010206794
241.46747557496056,134.69693589533767,22.964072628815487,66.53400572907006
240.31717502147336,134.4216506011719,22.87453439443553,66.5174386588055
238.10556625665328,135.89383366935553,22.523028871097146,65.71686801270317
235.70427995258015,135.47905529504692,21.93758907003318,65.56856144955285
233.87321938721752,135.81296797176265,21.57195303294231,65.17268988750128
230.93030424591666,136.51976448678755,21.170534704093836,65.05960428371337
226.8287408111456,135.48040056613686,20.934211309658927,65.48964404708812
224.96248183119684,135.1979895910053,20.88470536284867,65.56773017658102
223.28798584963894,136.7170502645188,20.944258839865185,65.69308553510511
222.06883079806408,136.24370809993866,21.05728970717509,65.45596070307917
221.10114158119939,136.34895101350267,21.016624439732567,65.1329556415323
217.27982260959993,136.35221618602338,20.868574345059194,64.9121367190535
214.86108425345245,138.09166302317672,20.677536195293627,64.30514026535839
211.84076523871468,136.92869672360487,20.744176631843096,64.01703201290906
211.60473533486447,136.3061174621919,20.398233381110003,63.70543284721265
210.23398246961548,136.31145144361687,20.348442152684658,63.89855164493134
209.42941298818187,137.07371030300874,20.21607441980452,63.77449810327928
206.98599251651405,136.2373332797153,20.23558290464407,64.01839220075422
205.66758992919077,136.4560541785853,20.385625794058065,64.37259360531903
203.98988147511267,137.01867831008275,20.449658720509532,64.39646734206474
200.94059697671278,137.00397497189937,20.506770541100813,64.21336145079218
198.27353713578475,136.2712546249119,20.23981695788119,64.26599479937677
196.6018145547835,136.44138659210122,20.180794392222573,64.2488489556277
195.20716957573794,135.74947766504712,20.25303427478268,64.25420187252583
192.9143033438424,135.48291944149585,20.175187751452228,64.47200894410383
192.82048585285972,135.98160391526133,19.928145281568536,65.14797614483489
191.701416529665,135.03956364639086,19.988890253107527,65.35184001253953
189.78956880541327,134.23762071724647,20.23312603440517,65.46115239689794
189.52080011643721,136.04937134422605,20.345813663745844,65.60944093213861
188.08864828380092,136.28160768247864,20.54596518363271,65.41710604655182
186.89099767349026,136.71165097183885,20.591647969348017,65.36171161699367
185.3167814088438,138.092853486749,20.698822878783137,65.28070116419973
183.64928430098237,137.832566023984,20.879035991371836,64.5693798084874
182.60542805987524,137.62872578100558,20.947133538664843,64.3504102590629
181.52924298247063,138.02751751730176,21.28489452351402,64.23673614306462
181.398011784389,136.38906044724035,21.379502074153415,64.40901504453998
181.42987375530376,136.4349077987008,21.30726572571398,64.64307921603537
181.55792313364114,135.90559089071905,21.141590627529393,65.26694545792705
180.83438500314276,135.80263665145972,21.06138047819447,65.74700591732261
181.22508362042592,135.71307536599923,20.931549927874165,65.96479200965261
180.4198712661805,136.6602828478565,20.88299378995999,65.77204518921047
181.4097064564615,137.42439324158067,20.988118407566965,65.68733433809486
181.72615236387094,136.6148669625254,21.41005714389551,65.23649973495048
180.77237364074583,136.7722568349921,22.09702161452929,64.8282570608875
181.00408657289034,136.39310118686856,22.478800401596004,65.16764527716708
182.27511123247615,136.031342450126,23.191903546337354,65.38257872813024
180.46858494555443,135.49127422896677,23.573595446276396,65.2264018274006
182.28178225594868,136.5008131629404,23.94416623381308,65.30833976565148
181.42141958042882,136.10740717203146,24.4190740427767,65.36242928624574
182.52896321317803,138.04772947843873,24.65390552422651,65.40916881153848
183.14219072348106,139.00970738533113,24.714863504680906,65.37767465527784
183.94610803423737,139.46131855402072,24.875980656811812,65.27793318146979
185.24010958159755,138.81681625626487,24.618741617343492,65.38607177394502
187.21752092769782,138.754805500742,24.330724192476968,65.30207073524227
190.68609593781161,138.44347641556834,24.201464587441038,65.05763939562566
192.8174133298541,137.16428020092002,24.343483352550386,65.56350821194621
191.49835143608945,136.08054866247284,24.295002878681384,66.6302859307931
192.4485977537116,135.19134433336,24.527224038145352,67.83725728976722
192.7516304502401,135.69497471892544,24.723146829540404,68.35390906765518
192.9417695197149,136.17860760798573,24.874631171326556,68.90755188366612
195.36935353297056,136.53189934216385,24.764808260476862,68.93577781396098
196.9301510791035,136.86670938488115,24.73884119135857,68.55820993790365
198.86028739546197,135.80517340212444,24.488210587450236,68.5675669700217
200.67266171025173,136.06281909389133,24.33052967637654,68.06341492718664
202.4648528813002,135.04400732314735,24.183509766759453,68.4911371596612
203.12296797355555,136.27766817194396,23.98571365378962,68.66199762530655
204.98251117484,135.06761449168565,24.109133898330676,69.04415566216896
206.8905529976154,134.87132838557903,24.09521623788732,69.43719764568337
209.543616337508,135.06183577741996,24.468904373623303,70.07427454062088
212.06837842685243,135.2505807776315,24.696683413776054,69.95803822495688
214.51845541498446,136.58506354014864,24.68143143793925,69.84617228068743
218.01227259494266,135.52005823653775,24.56068893898475,70.14239771163204
221.16782234069558,134.60207522423852,24.524730209808006,70.61408470447698
221.27919016727165,133.0690045921695,23.998054856529226,71.4259818794884
224.39686214579865,133.87662434548727,23.967465728881955,71.3025939410749
227.35447635038986,132.32804876730296,23.879564571133855,71.90357648400968
225.73931686436572,132.721340261249,23.690334793258426,72.76851267546179
226.30521834020476,133.0880388253304,23.777272424046465,73.00946641695467
229.48806078483418,133.35015717129465,24.265433607938306,73.26367294230363
230.2464245074823,134.21495476816517,24.427896798323236,73.13741038730313
232.72459103277603,134.26895529016682,24.573742321344145,72.90030677050112
234.9988735882896,133.96685022663866,24.501897543416383,73.02465921437567
238.00203985968352,134.84196955915155,24.1447644864073,72.71576433368219
240.7888788100535,132.9872418683622,23.813527286198394,73.24027794661464
243.25679511612967,134.15511029127072,23.337282248051153,73.0615747826671
244.5102132989127,132.82313884674272,22.737358447716435,73.3866123372504
247.0418353344789,133.88917544358463,22.688567787686367,73.12921763611266
248.67156261073143,133.68763022805658,22.714323844617276,72.88703384527167
250.41689934053932,134.3627736549912,22.79083888635958,72.73677600694347
252.42297346513837,133.6540095404087,22.859083474685875,73.447665542299
255.9626210839121,134.2938779467196,22.78986571363986,73.71264771046641
260.96083593305843,134.33350324695914,22.925098384121558,73.53709954786493
264.05098838377245,133.87492494393734,23.79927689638984,72.70455513080675
264.5747008301043,134.38175085320785,24.048237530383236,73.18142140537489
266.240764609708,133.49355679260128,24.370828131805137,73.18132312979841
267.37477935215276,132.1313864233714,24.472850269306413,73.51286091453812
269.18542371119224,132.8880683823388,24.45051098360041,73.50444608946833
271.165124927081,133.965526523996,24.347629204593865,73.33054799176941
271.9315793027372,134.63302544468894,24.420046271343345,72.95219212244854
274.5074016737114,134.1283374225744,24.411667730414226,73.24981700367181
277.11938045725776,134.2827646414192,23.780813095297795,73.35562617882474
281.39467666630753,133.4654067346961,23.2738083618297,73.05571147907973
282.78868684282986,134.0994400626424,23.01413097104996,73.34716018020465
285.72199591044546,134.221817768121,23.031158370334193,73.320690300053
286.2003100834747,134.0722546371951,23.004107970938694,73.18183057543362
288.29952142213955,134.59341792073252,22.940417540007886,72.97140144593129
290.7992310398936,134.3553827950994,23.32112144292752,72.6471207331282
292.29978586676816,135.569450831873,23.64421408829645,72.4754479488418
295.5667667097511,136.33507404901337,24.020425341631004,72.62610749943963
298.9420014144368,137.62266139191297,24.54841595804707,72.10474937057097
302.45934271860335,137.16600232245713,24.536237679395274,72.11149933988881
305.4896566030069,135.95139291623425,24.59491456757062,72.20308239679565
307.7640351878404,135.57365420397446,24.18683818785114,72.76847274131339
306.468966344769,135.2252386816302,23.882910970734667,73.53667885055374
309.1195731950087,133.95256154750393,23.39115981755755,74.31641586741014
310.3472453104564,133.33915158572228,23.58814026317583,74.52004064345907
311.53927180087686,133.68661514248254,23.55950691810756,74.39944666125189
313.9824514396706,135.80795834449185,23.609336338335012,73.69044021939143
316.37210491802006,136.14349136495565,23.684196366194236,73.11613804262348
319.6983728430599,137.21518136445172,23.8138179372266,73.04968141399266
321.8259871750725,138.71992287864418,24.13340311597478,72.33742839087199
323.1160316884177,138.1631652781257,24.35993707130951,72.42323196204143
323.156397835401,136.6274715621096,24.34360460088944,72.63709952903757
324.11044923679225,135.93138653255275,24.53805087418717,72.72797585741553
325.39380330654336,135.43331962375416,24.682015113225027,73.34846627267467
326.7850879502628,135.5061813779978,24.962848716945288,74.13542456312231
328.5997669524294,135.42469316220075,25.265849215953686,74.60444634812902
328.7689330487651,137.3202192269154,25.38371583481333,74.64463034273842
330.2938620545798,137.14900728569492,25.665339995196316,74.26816457149668
330.92698512814235,137.6912866673143,25.71758292277823,73.687748807907
332.76774080273947,137.55359356586627,25.6616552222656,73.50221971353325
333.2307332668989,136.72216345373798,25.27855476297907,74.01556395134723
334.93940853511424,135.832541394854,25.16351326280318,74.58061913574275
336.08369351212707,134.96728267834163,25.078333430237496,75.00316664097963
337.38635809026755,136.1172305288416,24.99305861431914,75.43707397380847
338.99366483896824,135.16380802484673,25.03174411479678,76.02035469079786
341.60981511028155,136.18829774442844,24.78090080559907,76.3995173224047
343.11445972731804,137.98595013911483,24.725309729790343,76.57557006934782
344.1676724458147,138.22740511958963,24.54309400673286,76.43648512084366
344.70915537068174,136.57634993932803,24.049926726678038,76.81862902209258
344.6445205097903,136.9146488463034,23.599022836819906,77.09320743428086
345.3828847479569,135.90920832812134,23.117157453386138,77.83534459800254
344.7085912648647,135.09778997522415,22.883851094718462,78.75730023985874
344.45905143701304,134.65738966894511,22.51549398379731,79.44392063205129
344.38086511682343,135.78969359187272,22.410156904280228,79.98526461992103
344.6923719419141,137.5527125713969,22.42117598038679,79.43137650981068
345.24261630062944,137.3072068554727,22.705800859872234,79.37993989783578
345.0094058649631,137.5812250776944,22.85675020124432,79.41268020443384
345.127389417335,136.61241751471331,23.167875415035354,79.86312105785879
343.6357554347265,134.19817091278884,23.492447682467994,80.69509994133423
342.35426598258516,133.1830889733851,23.70830582487929,81.11303924128427
340.7860949723162,133.61939581219087,23.899442156940566,81.65361163697597
339.83575479275606,133.5807666254271,24.057747261429892,82.29294902289746
338.64992836947124,133.3080470218896,24.137438676496227,82.72340695864588
338.0372592469697,133.45972809289856,24.310817287672123,83.6047472130208
336.07530260208915,133.63042720338274,24.205179548227857,84.4827631070045
334.50954217389443,133.76080764380714,24.148755753967265,84.83047755364746
333.48518059824085,134.4373426408606,23.97194541986181,85.00153301635058
331.4675308988457,133.36764767998517,24.0100464753751,85.07726446222554
328.5255559050486,134.37289798117285,24.121401057390802,85.03603683100346
327.70786833996056,134.1353033127242,24.689490769056405,85.21028836630126
325.52320491575705,133.77183640262487,25.553077690171584,84.67752796786435
324.5295846498079,134.64369721300406,26.18960747244375,84.28058569357205
320.1866944707071,135.17905585982808,26.094010038286928,83.97729948026533
319.75824929081494,137.08590281203607,26.320270620162905,83.1624561598795
317.05086243315554,137.8350444386188,26.558294152376273,82.7677037905031
314.6130413754087,135.0750241531648,26.60585609056271,82.61348469878297
311.66712223756406,133.78062727804462,26.52040945795734,83.04926569649034
306.58519341178334,133.78090754338015,26.51320940840797,83.11789032591975
305.51623836105034,132.83046849677825,26.192268649278297,83.35587321648683
304.69809023845613,131.3060885105276,26.162592542438787,84.31349697187086
302.61660604337163,133.4082030044467,26.4464527420713,84.96936682283877
299.8644570601041,134.00473663952585,26.492238402392967,85.21065350031994
295.6644830848144,135.3925515485981,26.228130528692635,85.20149292236401
293.74882894168456,135.70533628509935,26.052302946879706,84.99690548237585
290.26610453781205,134.7367353567308,25.982465804917783,84.5098870155503
284.0523090087066,136.51078585104594,25.896009240448066,84.24851083275193
282.17717558411,134.0063863467376,26.024262759181678,84.89765922949115
279.61583541714197,134.46840710880798,26.069284439858336,85.44073358440923
277.6370934560398,134.0685756395792,26.6134232635672,85.29362579523237
275.109433800515,132.71638598981687,27.31005898849633,85.32323903106685
271.7667227505006,133.27149719067114,28.8993483332455,84.96608161940193
268.4750133655263,134.32794852030824,30.21828603553657,84.68022273187154
265.25949470874116,135.497456542672,30.811593418229222,84.41340984647627
261.4921970891334,135.69212606831002,31.014962308567746,84.22083545806207
258.3221110429754,133.31214603745252,30.700037393132366,84.75151838583545
254.42274881147077,133.4989510408094,30.12179728704978,85.41278317598902
251.53214888139772,132.75463816597778,29.44512761747176,86.00107921659927
248.3859454418756,133.00326958525838,29.467190715998402,85.80121065370331
246.14066634454224,133.31240487755454,29.33732177901234,85.61593127575695
246.42171803231753,133.19156798676156,29.11928028476552,85.79899845136613
244.9845274898996,132.6057884496696,28.944235290805018,86.1452221421348
243.87533914448423,133.32699665830637,29.002907773261708,86.27870544505325
241.53708407470862,133.49786928580986,28.545390431733832,85.7594643677358
239.555218525366,134.06703114536313,28.125465982323377,85.27035932710369
237.43946944336588,134.90789391085383,27.690487896628795,84.89491309776564
235.8218310004996,134.6656095710447,27.612702114514647,84.92643345875938
235.43939362991745,134.31409408646874,27.477700559158713,84.42480329700619
235.81434933608546,132.63866570384283,26.976708231490903,84.48447396797393
234.61920849601015,133.48412790682505,26.940398753728275,83.98032512715693
233.95330122194756,132.41934506196844,26.96906550903732,84.36596405333557
233.0059519253123,132.26811234368736,26.944756324140105,84.49710692064666
232.12164786911526,132.62342851223582,27.136833622363334,83.65204958419348
230.55499512681453,134.06056105895038,27.015021213745797,83.08015241640828
229.2503062251767,134.55767683845056,27.16967851989013,82.32039655945528
228.02987415361738,134.70381068362315,26.792826302916605,81.65988574104884
228.1306658529578,133.6029373832584,26.517499016990076,81.63460707131631
227.06328756544394,134.41091848556817,26.139129218726765,82.17438226675168
226.1016249176406,134.9792558558327,26.113493852445355,82.35293908788339
226.1333573801861,133.4378625694137,25.736611790685178,83.30459806481983
225.89098970446082,133.98922239038166,25.830791343128332,83.8146060649433
226.87250214212753,134.69982216489865,25.886319963202023,83.84557521898851
227.17022737768858,134.3380020566846,26.08622248747558,83.47558988991494
226.95603195383435,134.06759876147797,26.5622840162136,83.25080712390577
224.41478328674748,134.40089750066403,26.434271573318274,82.944916868949
226.05768338356944,135.4334664373169,26.37674477139796,82.47534705651822
226.57442848395473,135.37714253412372,26.14101613011375,81.87150697838305
227.5632112970322,133.62455658286584,26.298185134543523,81.88720911428203
228.89752453643712,133.20599452935676,26.353130194658874,81.76659434495738
229.369892746206,132.45072075675716,26.797373686925337,81.2754994245652
231.14714790106888,132.27660407986576,27.046181639299814,81.21494770339869
232.85841444820133,132.1640757296885,27.40128817249156,81.48117328347081
231.95698107059295,134.30716200424538,27.27986367461841,81.3671580219547
232.14412373784188,134.49111099177838,27.074131394453303,81.13331862669122
232.55986948547837,133.9813163450793,26.906666338370215,80.99568612596096
235.32259640709376,135.22652798656566,26.854583047202432,80.76396798214844
238.46900205374862,133.74111660663308,26.749948385820147,80.36309999189149
238.14176248955383,133.51867235784292,26.543291196956634,79.13740249951975
238.9980261660134,133.09010400476495,26.350844768071614,79.31493378127152
240.26588575055095,133.05465122945364,26.537890329450036,79.07090519741082
240.53331701767675,133.1803843533214,26.69061720216557,79.23802574023699
242.39851499653864,134.5596954934104,26.71981425439053,78.90028306249121
244.15299462636992,135.2932913040284,27.126790034248266,78.01135985003052
241.99011685471456,134.71980888111267,27.373798781904654,77.64966068390677
244.481137810529,135.62400693281663,27.044580795294085,76.75977644802202
246.067319740677,135.22868973867932,27.001805062134324,76.07005736167964
248.0756540305149,135.48063395651235,27.067913982611138,75.89948707009661
250.18264606867885,136.91861671232658,27.198384671603037,75.45671929520823
251.67036360269282,136.42432872679225,27.39409885742031,75.16593079960973
252.28436436558505,134.92464360531847,27.61605637132397,75.18467684364371
252.30560711791128,134.19974604221164,27.60030685418575,75.58590455557362
252.47552107469747,135.61601384903702,27.47606061101685,75.55933102764672
253.64891835666066,136.3157917052728,27.414831184953663,75.40981417740358
254.96042328918148,136.0891365583933,27.28841431841663,75.58206812665345
255.82576369111567,136.51913858161845,27.13621685767264,75.13412037726695
257.6412702226756,136.14471992437683,26.779985021664615,74.55576335867376
259.90904254322595,136.57875923816346,26.357123199930342,74.7444035573944
262.8592806746861,135.6664675257191,25.855824011442426,75.01291176694349
265.5075006560896,135.3951678245303,25.445233524496047,75.23883514869888
266.9425994804717,135.42546265438307,25.032606666976278,75.00963734506765
270.35600231773526,136.32662527014708,25.25268266816947,74.63549197365464
273.7771468882687,137.23512594419898,25.26136093432909,74.51356268041383
274.5504105343946,135.45719544382175,25.695877219271544,74.61542392340158
277.5668434699194,136.67358495126325,25.757646834824758,74.86117870101427
277.0233094828837,135.4355157927523,25.82304005666071,74.87441041899137
278.5543952916612,136.70057171068368,25.70443714561814,75.10045288191102
280.45219042505164,135.9972770292429,25.215573811362855,75.50151212585028
281.6458220707195,135.68107745187186,24.400861770484955,76.0126874956092
283.83431961819997,134.8886562385309,23.627482913164442,76.76624182300219
286.14640362136015,135.6640587444775,22.824264461287342,76.64941405739346
287.36293258194627,137.29630164714442,22.38190475846084,76.05657222445649
288.41697092647973,135.60356791058666,22.263273874943437,75.89237543861508
289.7248777108987,136.3839737974953,22.311646306929607,75.69749970567617
290.6571703789491,135.67532894999582,22.356113700435337,75.57806244907596
292.4335721561608,135.54045350828176,22.416143169083295,75.5489535276354
293.4694359227238,135.7879481462448,22.493810624970898,75.8707973901752
295.1625625150891,136.50938313886965,22.476866150338576,76.0802889171096
295.77078056526886,135.49476896835193,22.45440013416936,76.38106743667291
295.8679124591812,134.1764180395334,22.312475982134213,76.38681264452968
297.0363207104569,134.76412282289945,22.251806845152863,76.18377417917698
298.9872534648981,134.17549992317936,22.086463772412323,76.40816659698336
300.25996151970367,133.32257489440292,22.039513439244676,76.55050254111003
301.9595604697615,133.36416609488265,21.851983076818172,76.49444190755229
303.4688809774524,133.1118036364674,21.63399623433389,76.16234228805924
304.67842157559886,133.70487447947164,21.365148306778714,76.49135019540402
305.90957340613585,133.6056895856026,21.019133546080113,76.78335416386673
306.22595500559015,134.70129067133337,20.794970796733487,76.90777909048867
307.5544791198865,134.81871580992637,20.830144209681414,76.35487044175882
307.79245740860677,135.7076023483783,21.000168109573863,76.06376595158594
309.0348663706768,134.22074369171193,21.31628831485886,76.53411870193037
309.6974755652114,134.7791502094915,21.501356137757202,76.58330436365213
310.3044632170996,134.68644231181793,21.534356494304834,76.3778890163353
310.0517613263015,133.35943829002036,21.616084828198588,76.61382793570861
309.5460941503336,133.66023189104754,21.556760615566873,76.56452145770285
309.93298680671677,134.16615252464027,21.765106009110788,76.50696885199737
309.77597414365874,134.7617389052466,21.59840849062622,76.21260674161023
310.04511422572284,136.1669403375647,21.319920535169572,75.49972518205826
309.79503200057684,135.96532432998134,21.32267212506799,75.19603013614402
310.56214057292544,135.86463585325117,21.140761584756195,75.25728859497448
309.85612252189645,135.45769456115676,21.081603061913377,75.36870630060426
310.7697953780395,134.8223690941263,20.946798233645254,75.71191224021555
312.75580795203484,134.20541170468798,20.877538836539543,76.17491347777518
310.1023007729604,131.94563472069464,20.67563777034153,77.05185379639357
313.04442969770105,132.5710333000435,20.788034908195396,77.82073880665641
311.26277816980604,130.09287546205795,20.787464911388383,79.29914444081844
310.71969518027595,127.52349729632908,20.43514038046171,80.97561859149005
310.44853404933616,126.13068273825564,20.235706143527604,82.23690147522267
309.1134121085596,123.14560143608871,20.374247983454833,83.57614319256314
308.1263506655065,121.36715489258854,20.643578012390876,84.95513405788378
307.71306174899775,122.54552377730286,20.787379751925457,85.89846824318231
306.78176431889074,121.78527616912476,21.15454271211499,86.57650556902796
306.7877801172123,123.00688183870622,21.265336581568235,86.72212589299674
307.0529144473231,125.36462485616079,21.39260186499981,86.20108642180833
307.5745933681385,127.26252365622474,21.28473612170046,85.29003203533397
307.6569933292805,128.70119495285246,21.245946751465123,84.61955546800324
308.5920333261604,127.4509261593277,21.16204522736324,84.20021791009427
307.8026867003373,127.85101861048926,21.194615212789373,84.00279576650298
307.43818803801656,127.79463637158928,21.369206550168045,83.56230623600979
308.12524495879666,127.84789853282584,21.192697841664515,83.42137784062612
307.93472314632766,128.02226438454784,21.035131842693602,83.25766484052363
307.33412218517566,128.15053141200247,21.16488841911889,83.11529542860401
308.136602746621,128.22933260478348,21.321541857309143,83.55043053894116
307.8032751554398,128.9403516483942,21.176879118986747,82.94414221616219
308.54416487339154,128.93441534775252,20.947421045578736,82.81546190926339
308.805967398966,128.86916876601774,20.870324014592324,82.71807605514147
308.4332783305452,129.06374422992238,21.056064724103948,82.49396086687322
308.3364794673757,130.23064648674102,20.902590027938608,82.27696929764821
309.12361397546806,131.0637468048613,21.050457032414208,81.78291867723863
309.09130527176734,130.3713816850848,21.56720377402704,81.27774715955132
309.8399880996118,129.32922074261123,22.117460083746384,81.23172226944354
309.38675543724906,130.2577795445466,22.64712445413003,80.92624064617888
308.5213911082006,130.8678072283457,23.354143815046776,80.64197027413655
307.77044898855746,131.11913286153916,23.640143488026002,80.48063523089418
306.58141676034126,130.95933281126872,23.73733607632483,80.35446116365895
306.6011189590128,131.49128168749644,23.863794060439947,79.91449589201557
305.4175380077455,132.69179153516012,23.85143673880772,79.62894517557007
305.3753480267846,133.2571955586098,23.67777496126573,78.66936178239158
305.2605820592795,134.2136609419374,23.501837955541053,77.7568017566268
304.46695604046675,134.45946409546184,23.32922029845682,77.08883090852419
304.6003256392107,134.0493082072573,23.10045479174684,76.74182338714277
305.17235612985803,135.03691389196052,22.66832402581099,76.35621913729653
303.028516727771,135.02885033844186,22.390252707914748,75.6420887927996
304.4595887935644,134.23119940701264,22.333066204577985,75.68415476717686
304.6012819969601,134.5768036223971,22.12674200971736,75.19759472682031
304.82640731220613,133.85414484745456,22.115435867989188,75.02238822790014
305.1562101415309,134.13484125216632,21.891964666927887,74.75430090491727
305.2362308680813,134.09488869114597,21.61073006563127,74.4712304295764
306.8826830066732,134.8463131558678,21.560581678340064,74.14383051384276
305.2237510667267,135.0995838713361,21.30420177428216,73.3831439374899
304.3051539737654,136.12942595966075,21.49620321785705,72.38066531866377
303.72964525527823,137.17433723565742,22.044566972599565,71.8025859545748
302.5174580112021,137.5699244780301,22.66080773940023,70.92404047812263
301.675831527663,137.77626040610596,23.138939666134206,70.32979946293992
299.32772973853196,137.62290017139532,23.653169787059824,69.9715803500134
299.19478514825335,137.7937441882629,24.10021119215781,69.5483305571639
296.81384935737435,137.51137631458994,24.53843813585418,69.49780045825739
297.20894101814963,137.92220813343107,24.953503647006354,69.32204678561345
294.4253947572172,137.314540535544,25.401914738054536,69.42909202434106
291.8133390381837,137.4304096063637,25.47134020200039,69.5758577417448
290.25319076932135,137.6961149718967,25.23562272643467,69.82298941008523
287.462149362589,139.44887070855413,25.329258350568384,69.55145978453345
287.06611998079643,138.46681944850792,24.82183333806098,69.77928484357393
286.16812106850756,136.88686053109396,24.551356724925068,70.18537749071874
283.9679969181417,136.37788625701614,24.19782847536384,70.65020119384644
282.1865938965265,136.79193222207888,24.0189474591917,70.80651937085673
278.11671792513977,136.87799552772614,24.057908424487213,70.89539771413871
274.5044160979992,138.10154250346315,23.96144093084971,71.13623267768848
271.50863193690674,137.0673276561082,23.6034718804454,71.67786650829319
268.89100879308506,137.99285204320836,22.789202443906678,72.13549612268842
266.3245525982934,136.91286900209744,22.10403440822759,72.47214288899993
264.430070838697,136.44922367505072,21.77626342272055,72.56153391779203
261.82361303458924,136.9436168916443,21.769255534689876,72.87263204232885
259.21911709223633,136.01644362049598,22.271035448112663,72.94907955775476
256.4250934147649,134.6982869386879,22.927500352188826,73.3939966849513
251.58499562757532,134.15364440271594,23.45031772985169,73.47986664916813
249.13625012566118,134.8789939976682,23.62805594513627,73.9437568643234
246.19024228848633,135.64271482676503,23.85038482520495,73.95548797472262
242.1178979771111,136.36781917816626,23.864518295062346,73.6623803070382
239.55364472454016,135.99139537132612,23.597768280886598,74.2565746018365
236.79867973894423,134.60125621028538,23.503247072574105,74.56604918627761
233.7139142612941,134.67404777457202,23.697057145458583,75.13388734285678
230.87153840972758,134.26304214979413,23.967983336659223,75.73868970030554
228.81214238765796,134.09259037878184,24.086086827942015,76.91912657134012
223.92923093293751,133.95302808238674,24.80233297804456,77.54008258002199
220.58153995915634,133.913184618852,24.89480440696062,77.41972779576103
216.12714345432693,135.27360096373255,24.80923267815513,77.14274252383137
212.4654179990284,136.76611951474717,24.105867220649127,77.21689068829684
209.43946038598924,134.7236138547457,23.11729420362445,77.73311181092738
206.64656379638018,133.53244813188067,22.836913638640908,78.13404205159458
203.6573284638281,134.18708859190764,23.42727748077754,78.72187159372939
200.78226551982155,130.82140052318834,24.376588263352403,79.6188060693332
196.80727479363637,131.2727177616869,25.768285909875594,79.90972551689667
189.58605625277437,130.2118574450474,25.98170668758349,79.90147130810414
187.8037381010566,132.10445205107868,26.448990486288764,79.92420350564853
184.74521389295074,136.6450497319002,27.38496332953299,78.70751486550206
180.92203916218028,136.9013684759105,27.98344263192473,78.22075495939076
173.93290722284115,135.38809108312014,28.172777525007316,78.36725717844314
170.08224470708828,136.43442615093159,28.1558241484625,78.72908724118452
169.84674668859537,134.8686786964657,27.998079934383988,79.18971232284576
167.91005417000716,135.31433012707413,27.88337159540077,79.48992061580375
165.18449198927217,136.65678429249832,28.20099728820009,79.22536736651357
161.72947174259394,136.67042942795473,28.86960559161514,78.97459706470647
157.8470710464406,142.2450113306316,30.14423030621797,77.15700006996067
154.83901797758136,142.61510165661707,31.353512713467666,75.69320436767387
151.77474619920872,141.15550103657333,32.40840304908262,75.46311814552685
148.6016023770148,141.51455395444316,32.9265361295666,74.98807444834463
144.5722171959827,140.85485236287158,31.82358526207765,75.38011024228562
135.52447879514764,142.99940739722226,31.98942224746353,75.21701059152252
132.79315320196682,142.4236260786477,31.64537415785476,75.33135596926462
135.06586858202803,138.5730670651505,30.963378666134428,76.58727546033978
131.7037927835231,139.18800924499124,30.926494343954804,77.83223770214457
133.29220216743104,136.95337642683418,30.4396267575507,79.21665994131813
132.22133051994018,137.23488765294178,30.104701694683275,79.98180635812153
131.38078715531637,139.20217802939848,29.8754816125982,80.18237937565488
130.7028103642113,140.6367430007232,29.523908868628848,79.4490428805
127.82350679090472,139.12960523450175,29.176274312208573,79.40540153328894
128.6573546731302,140.29016332540849,28.921627053540703,79.01461801215048
129.7840947081167,139.65170878679191,28.480482474748072,79.1999203532005
130.4713939044095,138.97664021855013,28.006766505086564,79.4697558472661
130.68275156568822,141.00799367675467,27.427173694631218,79.1613547703956
130.71333513560216,139.59417697138122,27.136294202646674,78.82649709799739
131.41850870274672,139.23952692822587,27.126551674032324,78.63429284652045
134.62409449896907,139.74142300569542,27.302766689711394,79.11799682920037
133.62487364440247,138.46687794404022,27.479042909647806,79.24228774863812
134.2796177749755,137.10293302216303,27.984881100757036,80.21448797142082
138.43133303152655,138.83943378051094,28.227756244088,80.63222351145714
141.09090009698713,136.66580340678888,28.812016812263547,80.89548271776358
139.76593203205493,136.82058753811458,29.052353637928725,81.07430916255352
143.69947813378036,138.09679527829712,29.07348555938634,80.85457843751372
143.88978642531313,136.75812524624985,29.12204828711941,80.74567291712034
145.33422426389214,136.78003606274206,29.22690196291247,80.9842661675111
148.51964105376595,137.40540612814266,29.101043950028846,81.26222030875127
152.0313856144354,137.53295135388566,29.119185573624037,81.57628960343524
154.2830551301365,136.30320474192047,29.466868785721577,82.04977096461083
156.29332239008087,135.0353706503469,29.879150294427824,82.93983131866406
158.95210822477108,133.99911195732776,30.251007908189457,83.61738269842334
159.83748075513893,133.34540341323563,30.14702579548996,84.47635959247765
162.50319254082171,134.82157112552653,30.15940324570033,84.77419630610994
167.8708606078915,131.80133573021288,30.323462100574414,85.97476421892966
169.59396846133546,131.78010002899728,29.894209160333858,87.06423293009193
171.70788384003646,135.4578081699429,29.24899973891511,86.89823544092533
178.32814812879337,134.5936684888212,29.42412629750968,86.8439904558634
177.98082713082914,133.00764483577078,29.12963052469274,86.95753437260574
181.73291191838499,132.88810731277883,29.32110389773167,86.89833081861211
185.80359324170928,133.92333785595343,29.6331695195157,87.0468025993131
186.2595779152948,133.9187508224215,30.029821578899845,87.26876734928882
190.47794359577455,134.07635365035205,30.449262779585883,87.28679007291574
190.77779255989498,132.65897912031346,30.484031678260756,87.09850527564731
198.01593017349597,135.74976954095834,31.79898379175702,85.66622872894375
198.03000013948144,134.2953503219119,31.927602496022228,85.6415909573961
203.80872662753876,134.3483290365528,32.122517493235236,84.70342948424909
207.64797637831978,134.1359980594108,31.90631638492274,84.15013603758932
208.95125941125616,134.43750862919842,30.97196578078089,84.9937646878243
210.7769590424032,133.28899094044502,30.42669187325365,85.80163034849606
211.9963498288964,135.4212374210797,30.30310180760677,85.31893837256303
217.1389640932348,133.77810205499594,30.466359607054994,85.68799971790499
222.0729735111396,133.98581667437463,30.378608486699505,85.46351254307523
222.9694511713168,135.6326759719673,30.480201582482785,85.55732355947744
228.14942793531813,138.21994622576517,30.89079496762705,84.57154523983945
233.7431453125488,135.91803471712348,30.742734564667217,84.66697878416142
239.08766081141428,135.89151767076726,30.826694747356182,84.4927041565236
239.6116073411235,133.1991208668844,30.271435865145662,85.53858909195654
243.53117625911932,134.72564735647495,29.60356744596312,86.49238873957599
244.38293263426078,133.74446856139213,29.326050522401363,86.698574626403
246.8580520632079,132.69915044472253,29.495580760881612,86.72402125975131
251.1870075388044,135.90391969904493,29.2636990150109,86.63593775293758
253.1607495497532,134.0066940658079,29.154245569819235,87.09593615190373
256.82795465500845,133.10781382280032,28.89892452404258,87.67057249145736
260.2945966437375,134.20318044210873,28.277188779616754,87.83209268988281
265.9047034681829,134.469612473736,27.895865206409496,86.72681100978413
267.8956940211933,134.56517593942544,27.457580980729325,86.66281233675275
267.18666442407704,135.2526411211231,27.641497513867208,86.29287350472947
269.6459880035053,134.17921118195682,27.79279044519007,86.65252709090963
275.80369473374105,133.14238299786803,27.826541947487115,87.17167179278933
278.23665493059315,133.86593219489203,28.007491308574266,87.03743770233021
281.0064745265361,134.17883090575745,27.66779852019165,87.35774337660762
283.9152811907632,133.30145319096917,27.374835765467978,87.77112715072002
285.85298282107044,134.2403998571868,26.64965647526674,88.32195810722521
289.11050515806375,133.6632869749629,26.652780250682,87.94480095331515
294.36840456128795,134.2190951703617,27.0201391743361,87.5397557838692
299.21684629182124,133.66775523778853,27.707699950024868,87.19206974802216
300.826428660311,132.6430197592174,28.387448834947794,86.64543298383572
303.7819686010009,133.8810775614491,28.997669746262137,86.55527819670928
306.4676003090081,134.7620221613481,29.138029235978927,86.82822958071255
306.3030461511916,134.77443336342543,29.150202638215067,86.71968966645375
307.5857080889345,135.76448267559059,28.71124490118758,86.49689678343354
310.7707377573357,133.88702634037512,28.398822779045776,86.77167353620091
313.16590912641857,135.4632395634444,27.803162162156966,86.54980577155037
314.7571803008107,134.60038276485903,27.51471285002428,86.36865508325205
315.585633678254,134.54682091889086,27.195836195006457,86.31491694030474
316.80700955832503,133.3166832649775,27.329880966541616,86.54995750119843
318.5300857042763,131.83086307553742,27.503249100435596,86.86440827245835
319.5404589605665,131.5804161253797,27.436100491106828,87.26575544225543
320.29136106462954,132.3951223442793,27.083408030722467,86.99612665390087
321.56240072588463,132.48818941509404,26.649855176489243,86.42907719831227
322.55528167901014,134.31933956824093,26.036023750241565,85.31806335098757
323.24778679099273,135.89991599104715,25.523210081414017,84.16834839828898
322.9235549016771,136.58329971622481,25.269329931231372,83.44614599376722
324.2165612209517,136.55640633355,25.014031995288367,82.84411387951255
324.4791023106867,134.20847290876148,24.68172810513648,83.38388617800314
324.1025213916601,134.24314410878293,24.645729572362935,83.61610143806305
324.5692530472568,133.53752116489386,24.6850427933427,84.13390880779389
324.7191795522285,133.5976879924082,24.82353116256487,84.1875455093488
324.2394299957251,133.58889316552313,24.814893547761795,83.66598993187202
323.8098885037462,134.41302994865643,25.077579251026528,83.13391371324639
324.4077059375888,136.579990370055,25.31603833552041,81.99186403667852
322.98261845889095,137.34199697904307,25.030287046272928,80.9375103855816
325.7558537989198,135.50988724479163,25.33518479349186,80.26523540828376
323.1840088982046,135.53652615369185,25.090586096997487,79.42733986844885
321.5801595560098,134.82216496904363,25.014064085891462,79.59282392693135
320.38154075721064,133.536996782875,25.090589832369762,80.07951400181378
319.72664339226736,133.68979763199505,25.13892580771692,80.41929774773797
319.84829483127294,132.6365610244942,24.87063324093671,80.8973116283662
318.3268235130432,133.43845578608511,25.001050461975645,81.16155217644294
317.5362554729364,132.78399163402312,25.176863871252696,80.90238718070115
315.9758948412645,133.13827472307958,25.065196876616135,80.51973157082554
316.0114929014378,131.8913349546154,24.653160327201984,80.7891092595331
318.9395360626438,130.58650935323297,24.24240224041609,81.0160728936334
314.69073619426433,130.01264581831657,23.606355012148224,81.55980422305251
315.24260933022737,129.92362627414116,23.446300411116827,81.68460260984716
314.5490421888125,130.06812948332112,23.47020541919675,81.28058224936478
312.70246758577724,130.86118618133182,23.348456372780102,80.86408328758563
312.62371632456455,131.73902884555616,23.29690931272409,80.45428585853571
311.84752286313557,134.53605971061498,23.06407871200723,79.0522159344484
311.8231071303028,135.37636059955045,23.179828409219713,78.24611741146788
312.19244242224187,135.66046539305393,23.607800848832397,77.09656882280538
312.52328605235834,135.71787789222859,24.631521227149246,75.9128940224388
316.13482305065594,136.0745016781523,24.590219939446882,75.05521059782536
315.9745400037034,137.1941498207104,25.19338527389341,74.11561981808022
316.79788550201596,137.30430928321613,25.39434456680384,73.66952226865342
318.67807196550876,136.52389507108884,25.318006941026717,73.49532993618647
319.68471877146993,134.98391407654162,24.952030977038326,73.55147128662432
319.6744571897833,135.41845390826245,24.82210937949296,73.38007346741712
320.7584992013369,136.1830446485517,24.657946865174797,73.25120798682337
323.0713967748446,136.71131280072026,24.588233013172918,73.47675626672236
327.0919822049537,137.96795556632696,24.722892040344828,72.86869076724722
328.1323274217079,139.6503465122525,25.072084371652718,71.91336202900644
328.75155223949946,140.28601187807783,25.617521883973005,71.04080705371487
329.25337718542556,141.8909364305153,25.517461181173378,69.85666400162005
329.67571378334617,144.03024868368422,25.182056209571613,68.80796131306175
331.402124686705,144.26268909298938,24.876043503958613,67.74549416069979
331.8496396302344,144.23063071969648,24.754231056551376,67.13812178775586
332.1046809159474,144.17415923469605,24.408776648105334,66.66755751793812
333.08115618409994,142.86489922023645,24.071376987464063,66.85552792527528
332.274931577274,140.67288686684043,24.036821715985603,67.10406698295843
331.1247084144953,138.3892315062014,23.93635384934341,67.48776774177308
332.09097858888316,138.2353256117896,23.005145902796965,68.11122492730618
332.20281828545797,137.628335965016,22.210976805038353,69.05775922282749
332.8605051992643,137.05725037301733,21.565901196152794,70.19907723001407
332.5946779987017,134.74744487542117,21.107687194796984,70.7181647533741
330.41076924463925,135.32475069769663,21.176561183329518,70.79131771529902
331.1614866799576,137.2794307810264,20.96312332006284,70.7898883996221
331.22508581725685,138.4813535137121,21.193944009993395,70.6172922666787
332.14829699303795,139.4205505086108,21.23846637774581,70.76418876607809
332.12696399350443,138.98140109431023,21.191427773856077,70.86892993171533
332.1127026070907,139.84299008378937,21.0820771206038,70.5616049762861
330.92257234371306,140.37330898068672,20.8734225377247,70.20750025687042
331.2477293972132,139.10522866571785,20.756178220134004,70.22431226543975
331.7672068394355,137.18423478617032,20.261908103412413,71.08885609104784
331.56407695183697,134.78945828660997,19.894561399441642,72.28503293050056
330.9393858885563,131.99514800234556,19.51494286224565,74.38952669277023
330.8073909845164,127.63778588753453,19.441215643853305,76.647001757811
329.99543726759003,126.46889941325958,19.423121806458234,78.21754121541699
328.67259369577323,124.18931896290775,19.714180625583097,79.21491379557926
327.5707603993221,122.4892361021773,19.86375004288722,80.33458458868016
327.1327747619669,120.75756499126395,19.972256739445957,81.62887301755339
326.81058869250705,121.35491678902605,20.071248464833396,82.78807796084756
326.39173015323706,121.36555668274065,20.20514054642507,83.90846041344672
325.685453706053,122.17638496728404,20.641316430447752,85.00252521314961
324.6314625922854,123.59175396435589,20.971106018632042,85.08952351089131
325.3372893896535,125.68819015955447,20.953903326834773,84.9808481648667
325.2698009385363,128.7184129350822,20.76414268024093,83.93942603223776
325.48711998856425,128.740189111625,20.689389348909543,83.23176582001749
324.5470577629897,128.5640658592937,20.75838876000428,82.81925671802877
325.6773437661106,130.39614763820418,20.843677473443297,81.9149093299466
325.27778003715713,130.74548136892722,20.816977869220267,81.05474785185316
324.3972934289551,130.14094198618443,20.9787354589078,80.89094282064684
324.2044886761086,129.5497057427835,20.94270024714576,80.54455557291354
324.5985734398983,129.45280180070355,21.193746761131372,80.06913466488282
327.8504328442535,130.92742531975986,21.474148512113405,79.88415077984638
326.9054421096193,130.78561251996373,22.17455478606931,79.53487387642502
328.36643925068677,131.29535196985518,22.679448254559926,79.04652260830645
327.91046767708946,131.8072629422101,23.384858938323166,78.79096918919701
326.9885418473435,132.07723433941456,24.095974868597533,77.96381157917146
326.7405479414805,131.21066071744048,24.4568623156385,77.75951187125352
327.10572092859314,130.9837495306942,24.725588237489387,78.04967592384224
325.9150936561801,131.61692977080114,24.765405919369996,78.03349115812118
325.029065337878,131.0380006938666,24.76878496369662,78.1792141639419
324.597030267545,131.1690180149693,24.367054032242006,78.20901313107905
324.48195663128587,132.88621974075005,23.916361289348828,77.86918460780126
324.87202038561196,132.6228826900742,23.426648620679703,77.77053779774549
324.7457516760037,132.49424013238644,22.80626713606849,77.70208171148184
323.76804936409746,131.41360709557074,22.473345496453195,78.18656923019685
323.5815779682287,131.9411236840723,21.9667313342837,78.41215650893557
323.17868860885415,132.0851155795024,21.593532444352107,78.44946327879774
323.3882811646857,131.9761413395625,21.3734678393333,78.47120191075047
321.6139997778682,130.64338045722815,21.465675994895843,78.14959804027205
321.41335690867146,131.75475472684295,21.651271910257805,77.81058503857145
320.57917047017446,132.054664151557,21.73585901492819,77.45310419087141
321.0518567362136,132.59872373070692,21.8436214010628,77.04702333976147
320.28116782781086,133.8861851968759,21.849611344218758,76.48518005067301
319.65060046833247,132.9155268901642,21.821030534687328,76.4458402786747
319.17120024466453,134.95577879683646,21.85657184296223,75.75896959254274
317.4684947705056,136.4703799408042,21.690116040563048,74.80900643462735
317.61437889955903,136.43959287717917,21.48931483414099,74.38050738763926
317.6112266212319,135.37590622470762,21.17744431335693,74.24799848089715
316.44197378814056,135.51295762873087,21.055241361375483,74.1614412555027
316.1124281190967,136.0379960984173,20.925573765919054,73.91324497380275
314.2838844963378,133.73547449798298,21.010568001488096,73.768036881489
313.39952934236896,133.48073364699786,20.920495302757686,74.2012293841666
312.39818935897296,133.4747708932847,20.984885150378553,74.08962888465587
311.8508491571635,134.75212161425938,20.92747440848197,73.7163368016848
311.232434707704,136.0160566974004,20.90473008619438,73.4662269026605
311.6886649717493,136.38523671195242,20.942597729356997,73.25421844463952
311.59262252018607,134.7639805851177,21.000255010522736,73.48753751631732
311.0547647000594,136.38040917492415,21.160560787780867,72.83103031038303
311.21352894165193,137.8068888296228,21.125629309963184,71.91524842064821
311.751018257943,138.12275974088905,21.032563409505407,71.3371594024606
311.0993285393155,138.22940504775454,21.13151178978415,71.46948372865766
310.82790548866785,137.7705605674953,21.419997692104758,71.57181792471465
311.0028785731126,136.1357206656577,21.73375836229995,72.28543693737426
311.5000027867648,136.33969322429493,21.831637377355403,72.24466283941547
312.4586038586025,135.73768681523393,21.678464140502214,72.60170289399915
313.36757736495167,134.84984007341257,21.56802163868335,73.14006248386589
314.1277437125851,135.9627713252271,21.940111977130837,72.90036371562658
316.2859379836997,136.63696788003023,22.46494762847467,73.02416611211618
313.92541570151513,135.92964593676078,22.816328954318344,72.97783387484525
314.08124360269346,136.17311362053036,23.238073735228912,72.6706312770338
314.4328618777263,136.99276375054185,23.57671958090764,72.16693396806063
314.424964318905,137.1127063720084,23.55743439604354,71.91495379624449
314.9980277996186,136.52115162087327,23.65562401252756,72.30359745865195
314.86447153010266,136.40966897119577,23.78341771284398,72.43409805021514
314.5503729467324,136.02368321734025,23.693631633734817,72.382969527504
314.6260727925514,135.84046004475755,23.913011903444506,72.52219618675723
313.7023114577118,135.30830252403769,23.778212118671192,72.70327106487073
313.6592282276388,134.58264621937258,23.853763826047686,73.17248426032918
313.1107899626303,134.0877120399004,23.880773341179754,73.50053477059109
312.4302420215063,134.423791974188,23.72778762609954,73.46138618350625
312.25400370154154,133.13035235895333,23.487384374633532,74.02673120949254
312.0616086405245,133.86033807458426,23.12826162101522,73.98651476022533
310.11970052595984,133.5317892273289,23.048182052415143,73.58367879232149
311.50099429733683,132.68011970423743,22.628649042665838,74.22018708422436
309.07775991751396,132.98298592928566,22.592975258518894,73.89953056686905
310.5970971735354,132.16197602457927,22.120037040268702,74.53562078701026
310.5084252710645,133.22220101098895,21.673973362109706,74.62897219816307
310.63050172093114,131.20506385617378,21.264725237399848,75.29694950118635
310.32033360279166,133.71881143781596,21.08380124075339,74.83923945600505
311.17131807219585,133.64553990003728,20.813266218036897,74.53346022731358
310.9437558070184,134.34508112680055,20.77029463995519,73.73033690073638
311.0772530055113,134.04795935263883,20.53915043259566,73.35639103074388
311.8297280202957,133.8767448354416,20.477043959430908,72.73667622673274
311.7920962742954,134.32205955588577,20.25016721553077,72.32877777053221
312.9595386821012,134.06285277361206,20.176996381547504,72.24859434497115
312.69320415594376,134.37518941466757,20.15672905872128,72.26672145358049
313.6377003152958,136.09919183600476,20.039681858921334,71.67280682468177
313.00579752365553,135.9170802882307,20.137354753679446,71.21741288722511
313.0284325802891,136.14385362257488,20.081866324654428,70.80256593114103
314.2843281755038,133.49642810388679,19.77256451029326,71.50377950208659
312.4879189925942,134.41730929575138,19.755629028990263,71.59264601411695
315.95674578564706,133.67713721467422,19.409057538984413,72.52014559228307
315.0426403591546,134.12947880306155,19.27704102170717,72.87095200329227
314.16662963384164,130.9800673306837,19.100350342740143,74.03131192772318
311.2104455161938,128.02271643877287,19.25933303421271,75.07232072219553
312.1171899201324,126.22647919603082,19.436195545648502,76.38214139908587
311.85954935250754,124.73174593343998,19.37071989741272,77.63138141708066
310.80333889873083,123.5498383514199,19.449977495868943,78.70127022289788
310.0534645402873,122.69357463583826,19.58180557562524,79.83274064198
310.66640243617246,123.41590564024725,19.446966699633954,80.42493576130533
310.19063665950557,124.90619160114541,19.55866314564124,80.16734672296238
309.4150941244805,128.13053067295954,19.782529563919873,79.75761568474181
309.1667601496531,128.0702113394262,19.783707677835576,79.44623091597742
308.0509579826156,128.92214091571398,19.677240427209,78.94543596666419
308.61701780257675,130.37171455786867,19.586053681039786,78.40999837054147
308.4340608913984,130.39573904351494,19.569627072183003,78.183488339321
308.49897512026143,130.97319238203474,19.976591667607146,77.81887970696295
307.7349606182836,130.63916416761055,20.247657180123028,77.59746686987356
307.02818440274314,129.62756268688003,20.68145498445297,77.13190864473486
306.7821047893119,130.32894737537296,21.06181279563367,76.77960961992183
307.3747228436824,131.0110325776351,21.508490468058813,76.42767712185358
308.41614321202564,131.71156783530517,22.04141101143203,76.1189985742868
308.4103891875917,131.28171152312976,22.664919644902255,76.16163338310497
307.73840651536415,131.90780029915683,23.54975845727959,75.94306092977519
307.2139614815802,131.33445646126918,24.292600936260715,76.15717492944117
307.19039343594017,132.223448132822,24.746288180008527,75.90355724986395
306.65553601097383,131.9756836102181,24.94426465570788,75.84879076332203
306.4113828902508,132.20109067496114,24.930026732496366,76.01553868942375
305.4885252155221,130.71718449306982,24.929289607359713,76.11601668736165
305.15117180540716,131.34134427753995,24.910693319374168,76.00941562523445
304.6226907036323,131.21429833689916,24.715118391614435,76.06877504911665
304.9511408742323,131.2819525734693,24.412200469190047,76.06454744183634
304.7688432009614,131.97373684894882,24.108028303887224,75.92904662750297
305.3939774697747,131.9113772834653,23.64124786106722,75.97343375493622
306.2217295115416,132.2980611627807,23.319819228430624,75.78574576582136
305.52790317166216,131.89712843020425,23.20422977314166,75.60257801688206
306.03008479003864,132.22069234674822,22.934127631912528,75.22933069531638
306.69764835897155,133.29046019017994,22.575578431649703,74.80629123762466
306.87617087440293,132.88976489644475,22.450595666063847,74.89831145041552
306.70403982250866,132.92807503363846,22.348761319761916,74.57542840215666
307.7496338045184,133.914449471094,22.495499600478162,74.17398146434886
307.86197071205527,132.45184758552972,22.66991080046299,74.39032293078992
308.64810045503003,133.8646523699246,22.692717265860743,73.96589863612428
309.8356145569381,134.60890098697524,22.828480840609178,73.3593542242314
311.6230023477442,135.8335532873167,22.866708036096544,72.70229203134726
312.57909823174157,136.29545276220392,23.23820600542166,72.00126246118865
314.0820555159252,137.7841353651994,23.577716327572656,71.1107169039403
314.482533759487,137.49315507975746,23.950083471735617,70.83667568048597
314.130784798001,138.48436011252574,24.21121175483415,70.33745638986707
313.95369407764923,139.62913407543766,24.521053795752852,69.75011567172294
314.15001032835687,139.35859167832982,24.860002147799847,69.19679529168324
315.26049516533277,138.26692111390392,25.17563234834451,69.1933249733915
316.23689671814657,138.0699102401046,25.689913650523284,69.27478559642691
316.83551515875644,138.2945788240222,26.18344596486017,69.2770825972166
320.91653618429035,139.29867519328792,26.926391248997476,68.67674691911762
320.40411021100283,138.99325892915135,27.088280115166295,68.53603735602107
320.8224693049612,140.4518556985167,27.205217110564824,68.58279468971163
323.09695277196363,139.03280619619065,26.65196627153067,69.14289143224829
322.71038362170475,137.98165118833708,26.411604120006853,69.05678949689036
325.90162956823707,138.10872673429122,25.29189956901373,69.84721481146094
325.6528467367627,135.8565657246753,25.433124913044207,70.54189523103766
327.7028510255353,135.6333526275487,24.5680756994363,71.60407281097962
329.53372225547935,135.0534774566761,23.909198792450525,72.54776948804057
331.78214190477917,134.15344172742743,23.10025193083205,74.18749014697732
330.6927144402685,131.55755027252923,23.3679862067009,75.73932874181705
333.9397094650605,131.77774923635872,22.658083815045444,77.26701371897376
336.6415392139277,132.8405597971276,22.25140879912261,78.78481734681037
337.3536487971671,129.79318072084303,22.072271534193955,80.08230901607267
339.22212073097313,128.24350063701888,22.008685391725436,81.1360485038656
342.8441029704964,129.73037079915372,22.044064517720397,81.41200181172175
342.59111354459344,130.58676751420307,22.41587160050334,81.25137591645125
345.83326857567863,132.44206402730785,22.593844958895748,80.83607502929505
345.30299981842734,133.40487587537336,22.517568117548095,79.91896466457727
345.3881728804398,133.5006353060072,22.2603825411372,79.65841610702385
346.47474755265176,136.52906081794418,22.07668520114605,78.86436339247612
347.43713796317314,138.9556288094858,22.11374572493667,77.86172632411149
348.2580552158066,139.24287395654656,22.34613564403183,76.88476109016683
348.021250482412,140.28342910592445,22.35193713242952,75.89192872739278
347.8769642031276,140.03533529943093,22.59812767049495,75.13686869595543
347.83835676906926,140.25119325957527,22.778930851475973,74.74269246639965
347.9783966506292,140.3883659714627,22.825378773283106,74.25740650278797
348.5407493107275,140.64425333132758,22.805903903716683,74.21396106367301
348.5999154509947,141.58461364731173,22.815186493849772,74.29881922618411
348.5795339601313,140.5561514693033,22.852459655522654,74.85293691868775
348.5247567005442,140.8710060817943,23.05646737539488,74.89939923491974
347.2288355975187,138.83881502189917,23.273878209757004,75.25160503177301
347.006605816447,139.62825441839277,23.675894205876034,75.55391665798285
347.3200174175319,136.9502425068522,24.005165209085693,76.38289666163656
347.2539097623632,135.83898233623358,23.948094466242445,77.49669825001274
346.695600988951,134.00149353212825,24.038096870244495,78.71576016875504
346.7678001920359,133.5383964863359,24.07940409604607,79.3840159647369
347.1061031174642,130.3548710173989,24.11353720211773,81.08534930083482
346.01293387711667,126.24454370626717,23.873164600354325,83.22247921911877
344.6777804324834,125.86272181281763,23.723030720425285,85.00039092746562
342.94944045945056,124.75179345151795,23.504616061998785,86.36762707416013
341.42644025622667,124.13331712370652,23.37850257303039,86.94595657085127
340.0367627954979,125.5452389044197,23.33436496747987,87.15817405793256
339.3657332630225,126.29857893229044,23.253548985700657,87.23088285907892
339.12497018752634,128.64959786396966,23.000704309018086,86.88173214934596
338.54500107576405,129.47326164011955,22.889364031985643,86.73288622832517
339.27109957681654,130.21921446753743,22.663127522968498,86.03943628866888
338.26329975111196,130.99333618118084,22.559560561752487,85.67894677716882
338.0438886500433,131.69930035878014,22.830732541111473,85.14801882155973
338.6948432162943,131.08233398233878,22.53097847414601,84.90142095482118
337.9699980245852,131.48445183200002,22.381008580197495,84.8985925926874
337.40729193824,130.62183442926587,22.548346481209077,84.94335085186816
340.0253095241118,130.41653124444656,23.07953943599133,84.62631480455272
340.0320114440462,130.57575369549122,23.86475707181908,84.70282005390692
340.52327415331297,130.88373702710032,24.73407512958107,84.03255304148297
341.3481670630108,132.67250570598162,25.37384247562119,83.03271319920802
340.72345646614934,132.18117257059134,26.496917766662722,81.92499546348834
340.4543742767957,132.58443311743463,27.08790259692761,81.37704316333705
340.1586638400003,132.72758176545682,27.39768511645535,81.50154435734012
339.26496084724147,132.85007097041066,27.592878067343225,81.74253996123781
338.4115670120538,133.32256066080797,27.181045580476695,81.54632581062204
337.742701831015,133.93782772971372,26.368409874668004,81.52236015234851
340.41726093035004,133.36056723394267,25.685382641268916,81.70962257131214
336.584105677248,133.59349443224005,25.378653043560746,81.94843347794765
340.05064794429114,133.79180502542238,24.738788075819613,81.66510605110787
338.3162751031693,133.5629920534637,24.132911603827463,81.8954774403959
339.1648616540923,133.34728270723627,23.837728677228643,81.75822103204736
337.73489039138065,133.60544499119902,23.620197323791473,81.54910634328178
340.0309582498866,134.12454527111618,23.676470973387207,81.73475591448235
338.70092416458453,133.76320103900548,23.70166336960773,81.57124943432203
338.6855086171191,132.4757543017502,23.78694008143955,82.09128613164143
341.1156815111117,133.7809885859594,24.075628316739277,82.02347470014016
339.1105057338385,132.22498494962755,24.543361358178355,82.33222999106856
340.2417319966939,132.02962663879197,24.636716852105657,82.76749249046462
338.8272465218472,131.72721334234762,25.066541006526258,82.79959873451833
339.5661575889075,132.0809042820049,25.064566593505454,82.93292362085552
339.2228485370264,132.33852508426872,24.9208096219274,82.8767460529356
338.8018724333649,133.51579311422373,24.80531668459706,82.41582738461187
338.4251399645731,133.81224620830773,24.552657721767275,81.957013855202
337.38012560807476,134.86348678743983,24.53478009321115,81.67404661390712
335.71389185763434,135.47442190781618,24.771924269888522,80.93731651797944
335.3490156272461,137.49511181121906,25.133020184787494,79.6443478897625
334.88590512679843,140.53167341649902,25.474084744947962,78.2685003177829
332.36270742590864,138.8041966559806,25.502361288390198,77.79014261483601
330.7286831602723,140.3514413700289,25.242571112692655,77.1114766463646
329.9471598573748,140.2262183196804,25.18902399995882,76.74749869720733
331.0053814358071,142.49316428820083,24.954976706627185,76.16350595679125
330.54615707675197,141.59510090710194,24.714621723336833,76.01811906141913
330.21029409042484,142.35865437851672,24.556428655787983,75.85674156976911
329.38842377284664,141.76359359034177,24.5530475038731,75.75727171450127
328.01912343853047,140.65522137481764,24.608872675068902,75.57055731185503
327.45946491373275,139.95839332894002,24.938851970414863,76.20459822073369
326.39110262626514,137.40939607620047,25.261983634583487,77.5285873131574
323.7091444126981,136.7396548319411,25.83492878257319,78.18726721798171
322.7085063401874,137.13684616905027,26.581655424268163,78.86867218338122
320.85769290257576,136.10593272067527,27.081500311347497,79.04103458256505
319.2762416386066,137.07274068528534,27.799892379385977,78.77209651169758
314.12518343387705,137.39768344883595,27.82784745003893,78.2292238376227
312.8269557517018,140.18672450103,27.677431342984427,78.48416337401221
310.8570143340074,142.1255083531682,27.589046317960644,79.00381008242506
309.3822629281043,139.2311168088977,27.264157955450354,79.28957336124313
306.16300949031256,137.426341893506,27.29817865168212,79.43989729900593
303.66647445257894,136.3324018153786,27.30487577945641,80.09387290280094
300.7581635090237,137.39842977145014,27.342402016847696,80.93648477820975
299.47930116604755,137.15747758734253,27.085599668040434,81.64516200611759
294.8061061275257,137.69459069361744,26.87473400015009,82.43561310355764
291.2460977286509,139.7190831545608,26.842712223680895,82.92940810415632
287.56466771766327,139.15199962357121,26.46115219408151,83.21298380461278
285.18675509450975,138.43747314733412,26.17215760854036,84.0994329067223
282.80150333691125,136.82879215084796,26.211973505481744,85.72494306921215
279.96394556415595,135.0670588427282,26.49019602654781,87.57773536141605
277.50237652430906,133.8891859394366,26.9030768621314,88.67720205709071
275.281077161996,132.50936829854754,27.447745679912476,89.27981224006814
271.68505206680146,133.57947517322003,28.10496005487192,89.46322524739126
268.73721693763,134.1551154892507,28.58349936610165,89.62438143440647
264.8553514437334,135.35514843747714,29.351069369855615,89.11842419102214
260.28920262498866,136.38918031167674,29.713053744405713,89.57309174679163
253.3445937691628,136.7376368380186,29.945210832888446,90.37800033126153
249.64306118966545,135.67099690903396,30.229459616150727,91.67521120138446
246.73755570192225,132.87015681409179,30.47780131444598,92.84620157956225
244.01726051025454,129.4322310087445,30.2637696198395,93.91912569620773
242.4935903498387,129.6419082889221,30.202820222043187,95.65767385344287
240.7269177010007,131.32731780797414,30.399703975682378,97.11312110409614
235.24701114565664,128.36837344038634,30.92259405933192,98.76416127512383
231.8721166812124,130.83092300607058,31.12912861276263,99.37529699940714
228.1235484555047,131.40722236992764,31.188868061004214,100.29421383184321
224.00666768312033,132.24523727327414,30.61457372808739,100.49765949950778
219.80905669818083,133.59569212916995,30.007338079253024,101.06210418262891
216.9289773055724,133.89294980873524,29.037555019529712,101.40660003966197
213.34407336275257,136.33936957263796,28.82279945912444,100.58324951408432
210.80575709832883,133.69538321570744,28.956861301631605,100.82838842286111
207.0523809119526,132.05316197428908,29.992732689124004,100.95743277528092
204.96934352861342,130.95853886859163,30.781643568778488,101.5345400000883
200.68946374497415,133.36649181282692,32.25404895286002,101.50599096510287
197.4019123012307,134.53949027382237,32.68251058592185,101.45017973303813
190.88212901606857,136.03201031436254,32.96180799120704,101.27673699921726
