39.5,28.5,17,14
38.27285941999878,26.79865849168325,17.02317351973602,14.050864693498127
39.16934030333336,27.87464941613855,16.713562626060344,14.347938993116577
38.5237923438316,27.41180016282643,16.74368282656561,14.507003333500126
39.55647475303,27.299670146375295,16.58828364251483,14.67077158844591
38.87042124749808,27.47498213204789,16.546534147231014,14.846960230111124
39.99988004417003,27.421324748690008,16.414933267220256,15.108722418258429
39.20460973851645,27.343878496343496,16.49105932965349,15.200462408553356
40.02208500795926,27.96457649282453,16.037364608181207,15.47675778941636
39.10460761372404,26.684558855335432,16.132479604400054,15.476224731722438
39.80538081650783,27.79490076254229,15.915458807848903,15.677322934062868
41.067827550489014,27.177477367797856,15.862018052899234,15.649647026103015
40.922316510806645,27.710624636284415,15.536962351540396,15.936840219156139
39.80090786559503,26.917174304922238,15.519829719401987,16.005198830565185
41.24498128578095,27.305111656685625,15.449996954500113,15.99834408839553
40.84020035091695,28.026776201044683,15.34812137238866,16.117517145444623
40.645882986030934,27.78041247885841,15.145070032195337,16.178523111116533
41.85779439434222,27.337475075050172,15.239871759716438,16.011612998994238
41.662524180849324,27.798243831877603,15.081873740275835,16.12652348720095
41.354190375832715,27.21777709337946,15.048353321496647,15.999847506227564
41.36831373014742,26.902730922413397,14.86691705805672,16.112202757572078
41.54555009124602,27.861423135781763,14.589171092849469,16.193847013544087
41.61197347343426,28.05540704430176,14.410903950026409,16.335318526605104
41.6330888175499,26.931062119347416,14.282293607089608,16.438408296023685
41.624318656165315,26.75850352072534,14.19238278152762,16.30578782809144
41.29650061923639,27.299098419045322,14.13921585731951,16.374751310755983
41.52055665234862,27.714769084691223,14.01802576074724,16.472165560843116
40.57571148948695,26.98287006248827,13.827813199126217,16.508488152825926
41.82596753161304,27.197350342559805,13.671158164816047,16.694225704693814
41.513340612843926,26.905087930266262,13.706927787571564,16.58017550944447
41.86915976326108,27.27221615685105,13.60203472980976,16.578780455925468
40.872070809430156,26.661069204341523,13.479313862370894,16.538534735776675
41.706217113141825,27.29012497815202,13.414402411868943,16.500765943473375
41.65204112418359,27.352045772928637,13.350338224314344,16.459919865511573
41.51129799463407,26.97572901510346,13.243645151395489,16.464359103875395
40.92657657896114,26.8496684173392,13.092047352400769,16.500606745054974
42.15564387575471,26.949656029506627,12.943738656030416,16.586841610642068
41.06825546351299,27.496690163495774,12.895313013549147,16.568744111592302
41.53096786004189,26.79576789309295,12.831029484929973,16.584457246567567
41.58518317913952,27.254365136683255,12.714421915554647,16.522144701659144
41.78599790280877,26.636093191006346,12.656148243095613,16.5937757731506
41.781141646730376,26.866098751233544,12.665088043780736,16.4921388609081
40.95080120882703,26.544369427739287,12.630117149949365,16.481156389656256
41.79871064499314,27.082354743940776,12.55399990153377,16.412951169583906
41.14356866630948,26.83886937188383,12.479663073187911,16.371895452096542
41.79081883045126,26.87499099323974,12.359544716263592,16.403570717079916
42.31207376808453,26.782943434430695,12.379081368859607,16.458522984060572
41.91972428201617,26.531582472579025,12.292432913628158,16.37790605106683
41.790532571738055,26.59984830627525,12.24965939610837,16.1871288111372
41.969277083587556,27.24202865889294,12.175725224418185,16.1476173109189
42.05742406797026,26.971021089726136,12.233397099568712,15.872464749915512
41.87629818836216,27.626606013691568,12.116092417477839,15.880664814132166
42.85384434375127,27.035332813321318,11.976544473536185,15.678908837171864
43.91444048444491,28.681560844935802,12.1113004972789,15.54420791043276
43.05331510362003,28.022996591731733,12.396146387941727,15.134086198449477
40.47735506025993,26.1638252242547,12.284181930289368,15.105447789452132
40.49698172197605,26.53603668453133,12.208928939957682,15.04764850180674
43.15754451813551,28.198902860321617,12.083310874036464,15.131581257953211
46.41057435819361,28.753886182756787,12.052883861461776,15.28869134381102
49.30890439238091,30.575151227749544,12.046762580928975,15.463904316798534
51.8541605269949,31.25077498720016,12.202827574579407,15.565066899787867
55.104712928609615,31.73080455337299,12.405631691638071,15.70208847499225
56.66287512541584,32.43367019978275,12.58084982808543,15.846338895467708
59.659591053464304,34.349838062165524,12.837434184451876,16.001180542680927
62.476579934947004,35.54618607163838,12.954889317146883,16.049349086723495
65.96456114805795,36.513419561923996,13.061561816767279,16.145237798062055
68.9904800838267,37.153211993148574,13.32596044120146,16.030472772229423
70.52335896103529,38.60248530151397,13.503459732530123,16.102055406978717
74.13989400994657,39.09334252712311,13.650125104525678,16.191900504138424
76.65137093861686,39.75076881480912,13.819524495781293,16.327724608377615
78.86611152187794,41.29427869121718,13.964657377263274,16.50022204840208
82.08939328609269,42.216561088981216,14.028702998766642,16.53405149897539
85.12442852667266,44.038664326713615,14.11880402639575,16.555890212414397
87.3455871415911,44.433729405483135,14.190767592609925,16.644213011551848
90.80494656125909,45.664739245308915,14.191200059426277,16.743489079657238
90.32894514788481,45.686921567004525,14.191128000806486,16.744105122423964
90.17647889082969,45.531889516367094,14.195305431355784,16.743430481347293
89.63835588151018,42.995019478059746,14.192717035512697,16.745596823678532
89.82153338743124,42.07415583990932,14.185443142969483,16.75328858419418
90.19642604457826,41.78886503428116,14.182369559632503,16.754885567726795
90.00779293149189,41.40604490724485,14.184072492109781,16.751342126483113
89.91641164360801,41.107452794686196,14.176768015036354,16.75725596442772
89.81280076381681,40.596325262522114,14.177493625317224,16.753463322151866
89.63143484972484,40.52164652683607,14.182902104978979,16.74858136250036
89.60116164926829,40.893592882029985,14.18810251240306,16.742492886140397
89.56888659721416,38.06313148370607,14.202347372929768,16.730003359790174
89.47022287210595,37.56476984169955,14.204223772149414,16.737622551682094
87.15833801635746,35.890490083790276,14.18497046957778,16.746508309947544
87.11607620519148,35.95868692265616,14.181026978236073,16.751286430325777
89.12182930211006,37.12690973368727,14.166552473089103,16.789739480367444
88.88462589668511,36.82504981421758,14.173071405521029,16.782897650434
91.02398145999547,36.050478597246375,14.170219157989676,16.803607834353514
90.52132456775527,38.07495171622627,14.168498521502967,16.799809492206702
90.73938917322532,37.51989902999073,14.171226001684918,16.796698822159172
88.61849065696885,37.668251476937755,14.1745109950133,16.79058120448544
88.42618042426892,37.44572654808246,14.182467149719388,16.78333039443328
85.3113586349222,36.048963739862984,14.176428717762196,16.781198376137134
86.89782788318945,38.13810704532487,14.22266627522855,16.72974520408664
84.83447460419852,35.95801244684215,14.250596969562961,16.68079715205917
84.44690864544349,38.02596228587775,14.286224251739009,16.631947911915212
86.2220330914555,39.756922295665056,14.365391348637107,16.58251349185842
83.9116855899218,37.75821336337802,14.401518328022858,16.52929029655701
83.74998145843121,39.46895681958654,14.43942895540111,16.475457707717844
87.69924791607134,41.29288418227887,14.46038923851559,16.423537850192073
85.53411043178315,37.28031281937842,14.526546012511904,16.364324268009575
83.07691158604675,39.39280051515226,14.544517026280866,16.3268636584138
82.62983333090041,37.33737983733998,14.554063598905689,16.286167118835728
78.28608297069944,39.19226147968796,14.613201663667976,16.24027679136939
75.98534089719226,37.485747886424484,14.628689659711894,16.226831790854092
73.47628375674624,39.418039322010046,14.655562485525797,16.178139231877786
71.33472127280824,41.444534736898675,14.67811025155854,16.131126509552935
69.17109156702028,45.3763898848282,14.700327396288733,16.105255340280785
64.95427344364839,39.45325048438552,14.725818692165829,16.057012427909306
63.010668994731255,37.217588205912556,14.68648340054697,16.064711553794453
60.773046981922555,39.07056174490303,14.713661668412913,16.024293965330713
58.459758011162364,41.01361379914181,14.730576600289732,15.992673222865733
58.12522057070527,39.066310760503086,14.744578613333605,15.97160342161839
57.69379473371214,43.33460596062008,14.75122053237601,15.929945196067019
59.52994281835033,41.45651134847086,14.78488272949367,15.892700754136209
59.43758233891168,43.245592954311846,14.814911738884227,15.89150788127565
59.04257487913485,41.672598972909924,14.820654464529216,15.862284891320709
64.4376708511295,43.662444345089185,14.832488315522824,15.842524090046906
62.249905097588375,45.73152525413334,14.840895741947106,15.838619588547958
59.85943255392336,41.99114321980854,14.876294011497588,15.797271287660195
59.564237165161,46.158660266553355,14.858368546327455,15.803391292681304
57.15533174398266,42.31555827242706,14.863304117840634,15.810146199512998
52.63441384881697,44.6180223387432,14.863781914092423,15.777407397935407
50.09953696606836,40.44646178071943,14.897733315240284,15.756919200018103
47.63694082795866,42.81596804751639,14.916925930967734,15.739693165447612
45.24874254896771,42.984100034333814,14.921212026760909,15.731048476204181
46.88805585129861,41.06361575434591,14.94361725002575,15.741568408708064
48.6104445187697,43.10901881335557,14.952125132368737,15.727252216073262
46.57461289178844,40.82317279451154,14.973197871194527,15.731396932441744
44.49247421502487,42.67753059896895,14.994754525411368,15.69941910886628
42.177218013084094,44.821588643936956,15.014674087190873,15.705656980874855
40.01395320368435,43.0147496246987,15.030364052975218,15.692726409198155
41.78776631696404,42.888332875138595,15.048893021652047,15.679474373030516
39.298857284338304,40.82807189641763,15.048904041920602,15.661816074582546
37.15243183408562,40.60144790711116,15.088099985608352,15.624893157142187
34.82207893321577,40.3290537940016,15.112256791376367,15.609052075137575
32.53306471818493,42.24092068439727,15.131942764620417,15.591392675220872
32.394162271950265,42.49614690125197,15.13057577302985,15.591468567546011
34.047200541021425,42.353666328378495,15.13832818004743,15.591661459728133
31.97124896840412,42.16549021531892,15.146592714442203,15.583029878045082
33.99187283214826,43.92190625709827,15.153941369095044,15.574423048545208
31.82075121828413,46.098030698875895,15.161328563498104,15.560135361889376
29.566986789517554,44.418908301605846,15.14879926597144,15.55313171473331
31.52355977799403,42.35121407073514,15.15845311468682,15.5484258962318
32.45893107141673,39.80775589061198,15.118749122087342,15.556482450417334
32.31015079421775,37.8647710958891,15.107802025394673,15.572627868796811
30.257845162858924,36.06920608494351,15.10245463943068,15.585430234895755
30.251456026558866,35.92658196596008,15.06660312893687,15.631094399438267
29.61120222913543,34.757791712497465,15.04151580267168,15.669767387976666
29.27990382267358,35.23710192918356,15.045678343782942,15.671064678737014
27.288649539222188,32.922645003741465,15.04371821218414,15.678800379444203
24.96737461453211,31.413351100289184,15.036946028635832,15.68546058167347
23.0778102833616,31.46351730481117,15.000120005765666,15.72275002240481
23.163877372010116,33.36587261953126,15.046925997087792,15.724607061879425
25.123192503116154,28.97747493164725,15.086267307751688,15.719815790613753
24.46413185678666,26.511485620694415,15.089588218750217,15.730574586774791
26.67746681321616,26.41299572853056,15.095829225080672,15.761094095452474
24.331755965103063,24.445713570206102,15.076980039654034,15.777850833060869
23.924874233301054,25.260356102698374,15.063567886040031,15.788546203447723
23.576086991335213,24.859606260255745,15.053867277369937,15.79972066393341
23.486463561127493,27.18092426332107,15.034541204111516,15.818955137386503
21.857277639759417,26.54195719981943,15.020315972339006,15.83054865102461
35.87082837645872,21.62441756253952,14.438338171425752,16.25090452928316
37.728192459423546,23.200169453189083,14.532947144625743,16.30365775939761
37.38467852652159,23.636792505371957,14.532054142032894,16.299902755343137
37.21847105626473,25.348452837004444,14.529559434843428,16.3042590082006
38.76101453948002,21.164034353679575,14.493765032804939,16.345367703365966
40.736463581089424,23.27020956492575,14.557674650696987,16.353811004933675
42.903769448928706,25.26202673328121,14.553851527384143,16.352648134287204
44.33661667652031,23.53223481367599,14.45768164648072,16.38904114135958
43.500510380133235,22.617112809848805,14.437191707440286,16.383288044369184
39.399210109834094,24.738680908039836,14.55571727397851,16.351555217890684
36.90892953166636,25.147670869723235,14.639798346848409,16.284808335810354
34.518152367585564,24.888725216447888,14.710822393943104,16.26588805216635
32.1674284267198,24.88603310190308,14.781419006906313,16.226011456992865
33.8271526829787,25.393383195815446,14.824441598056731,16.192638743285414
35.52092212403011,25.12458732174554,14.880296900066472,16.162237983013817
37.16305443828337,24.65592634783725,14.967833886321309,16.15215036061326
38.65590939539973,24.77139520024828,15.022274852902173,16.119006035217215
36.18662848743557,24.643470747758112,15.101171751838306,16.095049697182255
33.7610638853155,24.807319174797072,15.17803423626033,16.06906410437676
35.360856390344644,24.738299887746308,15.22820651608852,16.049903250992827
36.837318903491116,24.558173839876194,15.277417005008589,16.032362779718362
38.53849492610654,24.26326182503194,15.351043572677519,16.010242372379896
36.00735431350193,25.705211358732612,15.423552954930203,15.994271809922395
41.3960228176648,23.79396403334867,15.455567867685998,15.976913173947116
38.970381577648304,25.219181580088268,15.56243315716724,15.969830159859399
36.42027041540245,25.161163321432785,15.6510068267212,15.942805992966264
36.15653114875972,25.003129452775823,15.692082729200688,15.93733850059726
33.6585006416192,25.39240348198158,15.726350320782755,15.9121873108915
31.100790376558074,25.425690426757523,15.77075167823655,15.890019604403596
32.774932273358,25.333276742530312,15.808432039833848,15.881328080927437
30.088507203096757,25.52457340677368,15.828083652066532,15.890737185979143
31.818055483948015,25.350594510694734,15.845305449739019,15.900332701582927
29.64744561570427,25.31354802185046,15.859615167305606,15.902951440041324
27.25151294768438,25.555048634577748,15.880453892017265,15.899709818325524
28.811963839550554,25.71314324931086,15.8892639746637,15.90071615336774
26.63740248590091,26.36891690263485,15.901576093126316,15.881174147241609
24.191538067212342,26.144329175012324,15.927296171958533,15.889112897898723
23.875548154832845,25.94629199585486,15.94624073508651,15.890555274363983
24.266523501101936,25.684369934864648,15.910035761027485,15.888634156151992
25.920412332194374,26.007983806327967,15.926750076534265,15.89084360232753
23.381782289160935,26.48070998554777,15.961755714664127,15.859563178015732
23.87014619029512,25.542515042995056,15.919746461647314,15.863766640773134
26.304439882743115,24.416119753783114,15.83806293493614,15.889533617665034
23.652937224308225,26.327146177985146,15.857796939092296,15.887772288426014
30.195454994807182,23.129782976809352,15.725602203148092,15.98875269620973
30.47042083806687,22.059086483228487,15.606211257118675,16.060824050986206
28.885624811285314,23.006199057221735,15.511393530179467,16.111310468971087
30.744912537276992,22.39109652874941,15.389075526392523,16.146927341559042
29.068060088205698,23.554706079297322,15.304949976384478,16.183612001373255
30.720620547978807,25.413132462095696,15.387071612456547,16.14161709061965
32.202094519174196,25.585861974152543,15.418483640158538,16.124130180592104
29.591083833748,25.329808550405602,15.504657919336124,16.088635268652244
27.193071262366818,27.038455997571198,15.560134451411237,16.07668652948767
28.920599355629797,25.186566232557603,15.567750975303978,16.06654045946298
26.33134304691422,25.553671223642404,15.59869107534011,16.03911383157576
28.182491985220608,25.692580840661414,15.614216704128948,16.026312852056254
29.839334062572007,25.70403911313788,15.630763023898194,16.022019202806035
31.434165285005964,25.481052275818772,15.665923100239999,16.030038213213906
33.15852963925586,25.07669433620617,15.725524260056856,16.028794680818017
34.95105278037404,24.72172225140754,15.73946961028205,16.029331342042013
36.600620814395675,25.141501998318052,15.771569189440308,16.000194328327346
34.331411257175056,24.96732174869379,15.796211047869592,16.01194355667133
32.106288008115044,26.37457702452485,15.845336406463248,16.003660689030205
29.92257086901532,25.72379921511848,15.883204205933444,15.995341773236014
31.57515501740471,25.66384356196179,15.920885640599977,15.976678285614568
33.16013783713676,25.436795207033814,15.952297154532483,15.968187847519394
34.907873232630024,24.927194947170896,15.998862896901665,15.982064361164605
32.272458759046444,26.476472717187946,16.063434023939436,15.96119679987501
33.89309927925301,24.936167207696208,16.064624440054015,15.951966453044276
35.56984983779216,25.13147464346443,16.088261222374516,15.94178514092556
37.41776800121255,24.616634698930184,16.110111071833792,15.954279580393829
39.134587256875065,24.743679882993312,16.10599245224764,15.963211039011654
36.62400395946304,25.127490731455932,16.110887932722342,15.95705876585732
38.20535116428446,24.585693668740007,16.162333461433988,15.954858323227338
35.622150045243096,25.193282163430098,16.18120228276867,15.946826547927973
35.087798629215186,25.167184779518603,16.232005839998436,15.927439788160209
36.703749607897336,24.92649311625391,16.255548409306492,15.932790291365395
38.32141031552446,24.48853287069379,16.273302355304075,15.936999826388986
35.897478857867185,23.366461733388775,16.2122769306223,15.917286405274526
35.697687753596895,22.821903068184817,16.15753209229168,15.90910058359809
37.712151040176735,23.771200649207323,16.075000677899705,15.933708532247959
35.23877098322139,23.370567797010747,16.026755184205413,15.888873787079044
33.14996315516812,24.002219440865844,15.980794294596619,15.889386617609203
37.35623548453636,23.326249512250513,15.896915369197545,15.876628303224267
