15.5,144.5,21,45
15.272414020759015,144.10646109164975,21.100852564847173,45.23885864255385
17.200951216681393,143.54220322124928,21.36009973672312,45.762662969971274
18.139231289726823,144.4168174867269,21.383967766558474,45.93696358711788
18.902404130851085,144.75062456523978,21.825017985989938,45.71850628066855
19.964149605020527,143.28889457372978,22.072997250587456,45.87663714114518
20.37728813377532,143.23185443040717,22.038388071705647,46.09191330707097
21.276746825773223,144.20394786374345,22.12165209373096,46.123740577666496
23.05408224599138,143.9927733388293,22.1524514528796,46.48915742774843
23.524107065492764,144.40469963283255,22.244379586589545,46.83611577762338
24.458924916532247,145.2345115384382,22.553142016834794,46.70600484864472
25.01479757510716,144.33228282802082,22.92488847805869,46.82943879097149
24.040340902789964,146.05401491075276,23.49863314154837,46.597674111286416
28.617646823718893,145.48604082699023,23.702903250068925,46.58201655352307
32.445447667891514,143.69770741597858,23.80074194182012,46.290721253582895
33.993753959870766,144.38590545559524,23.871897836255176,45.85178821946983
34.49420862725264,143.89174108401687,23.512052966537354,45.5009434072524
35.91424662152192,143.92695155961977,23.254455024416036,45.27197028624681
38.7920506538584,144.2503760022122,22.861783456477696,45.217641518821644
40.95739104569193,143.57538632242452,22.44720579742916,44.81522059935191
42.748633352427355,143.23617357959225,22.34801877039935,44.640399217359764
44.534631386370435,143.0139327359326,22.259905606565916,44.771552817349175
45.92453616510066,144.75315357224167,22.205859846865472,45.02662593049761
46.98192316366035,144.22567061469712,22.20972317312562,45.070263506010015
48.33839893590583,143.9804991297073,22.42163568236086,44.69183808199624
49.606993766292206,145.01776881690756,22.41536438134458,44.58656857930751
51.37822510513317,144.93213365549943,22.335786606616747,44.662727330871384
52.634158567354014,144.49784651770784,22.297733931213756,44.50181053952188
54.78087888728506,144.64206359109198,22.55435117938266,44.59932451430131
55.69788304098508,144.79488589990243,22.60836148007588,44.917750958291606
58.412353496942195,143.332291093624,22.519247152023965,45.83010435296819
59.40735076218106,143.42839206140968,22.541468235865086,46.70854238531524
60.70359435914742,141.5122490905398,22.4841575575116,47.84222183596613
62.927357640029356,142.7015544767555,22.481036551472805,48.47612589317039
64.25085255499671,141.9994357599034,22.43915712841371,48.99856982788164
63.403655124785416,141.69401268454848,22.670983824964544,49.06451526324037
68.68367218638494,141.22474423762483,22.803690142134155,49.33746300332103
67.33102325163736,139.46771587533223,22.360721934587676,50.43608918209937
68.18509447243571,138.17006238297697,22.528791255419257,51.054820553788055
70.14523129120475,140.04556734654875,22.72289082497345,51.26478436626847
68.57299006509804,139.7255318038179,22.972971965312507,51.63748782053325
75.13691451764082,149.471904484114,23.736352689743544,50.94780299155722
77.19314196306178,168.64464832481153,24.10896707380397,51.2546666895567
72.3961351010703,178.2897599293802,23.64160804082892,52.22415379230899
99.15776805627931,197.89521592301278,23.578516690957766,50.780987776723535
138.05165626473976,166.61319377712343,23.721259378040767,50.619133325826446
141.35278393091272,165.96584552585995,24.470729624002946,49.839848066421055
140.65972501208444,165.39284064717822,24.929876860577675,49.37193355887668
142.20308265437527,167.5890186633559,25.520962946616752,48.79115723080597
141.22567858724435,162.06512237727952,25.842539917853664,48.57095587595678
140.15126919613687,166.153277458769,26.13255006340333,48.227273009425595
139.84198491809792,165.18395917143704,26.36323087338555,47.965436513944844
139.75111147007814,168.81436984709208,26.638178348710696,47.74075417401781
143.66250054459795,152.9048740818736,27.063757972498234,47.02651969127116
143.734921705891,151.21090626737748,27.234315415880456,46.36957254591037
143.36509317805462,153.73038235833718,27.421768577891733,45.86467845801562
142.47880287518217,152.36877515231063,27.589913978177027,45.281554798245615
142.10048589992394,154.55426226000253,27.649681475999547,44.923681206946306
142.3951252182591,153.65127341018234,27.596033721115568,44.47724682582188
142.60574013801093,151.18540692410463,27.63395947095404,44.12800445618046
149.47371176084536,152.5685588548754,28.57730032104931,43.30232471249018
143.59055740805678,153.9786127871527,28.835459879592804,42.82406832079017
137.8021064538616,170.2899320329528,28.85490577144264,43.22796867806695
137.03295000491295,169.8172954802128,28.918245586797525,43.46399252550556
139.30333946392977,167.57486483238213,29.03353547064375,43.506016582855125
137.86160523248606,170.33357871343702,29.187181297880567,43.467926036168926
139.08096049726063,163.87669578092533,29.257990345357793,43.41474625299893
136.56677696878805,167.58572274820153,29.32553911159251,43.46090664339772
138.827188036731,169.7960523641393,29.618258388060106,43.460156411918874
115.42836231258545,140.700450351112,28.42360026603871,45.44910900364733
116.15004198091245,141.23648818749467,27.40082450534868,46.699597455943035
117.96785949391278,139.79187616797785,26.977904866692384,47.58514531890553
120.63955743734778,138.85258101874294,26.132633102442025,48.19266632912154
124.69182811841239,138.40967524650657,25.543515991869185,48.78839664080811
125.52842983270867,138.10811106744876,25.462281218862863,48.82814881064551
126.87263917817417,138.44731029847185,25.03742854508275,48.74090474513331
127.51942871202183,139.5471791886587,24.949631890870066,48.64354175685861
129.40027083068435,140.60922104047293,24.91204848171583,48.83476710092913
130.072498504496,138.2238672399679,24.617962277578542,49.22288917642654
130.85358042582732,138.41766701006375,24.241264605226895,49.420560815910854
132.94586134450037,137.408810378852,23.84057632592522,49.63687425133087
133.6380707238513,136.43940470014275,23.414006414135727,49.64663838184353
135.33671409519675,136.6245656374006,22.97086104984755,50.27635143564968
136.7809949370029,135.06884643890888,22.85517300629565,50.719466792624566
137.55663690721866,134.98834842115173,22.562207728507577,51.28806695626122
138.4282829654342,135.36358896216458,22.08735180554273,52.46788312975155
140.80469510760756,135.15136526230847,22.138878374162267,52.95819144166758
141.33102788061856,133.12375404542524,22.06060679195407,53.38802859101018
142.48701392116243,134.83226467049275,22.06823743875632,53.19054078432614
143.15176211021685,135.3856926674859,22.34762289181661,52.91606991311586
144.16758635942486,136.1166963068858,22.399022260221912,52.670389705505904
144.63679843166352,136.21828887759537,22.618079070868447,52.42831859441814
145.60740150896075,136.53460768712299,22.955942578368155,52.27705893461434
146.0154038184571,136.65386418887005,23.664714537324958,51.61503529026063
145.7951751094483,138.74428650478723,24.381961590762376,50.751746801233274
148.406577550706,136.51715392811826,25.21169271898917,49.84116572501796
149.40044094261577,140.06427529017608,26.610410980640832,48.49785950908102
151.09372719450894,138.1109058412891,27.8077808901846,47.498525313440645
152.02476925025582,141.54303789944532,29.091270633137214,46.02491337684626
153.45587377410823,140.58670283445989,29.804978114134215,45.6447313435023
155.42041794244804,140.30116970558333,30.516186713489738,45.10492747834585
156.6857845403899,141.54314237405796,31.516969115903127,43.6944089840861
158.60644667336737,142.2810658069339,32.34241149347234,42.7552274983353
159.25034036356666,143.56519481851146,33.191961797705126,41.60293634358076
160.176484860256,141.9256169895188,34.299584389180566,40.58020496619622
161.70058364305027,141.10139934436972,34.667237462935304,40.300480781167835
162.91842683403894,144.3401044777853,35.982633739725685,38.69140146984207
164.76556566669777,141.97924319469712,36.900399455145305,38.13078255576331
167.17359021291102,144.605981321086,37.47960592836209,37.195959886512156
167.38717899628196,142.21770506498103,37.52340414806777,37.27258030033342
171.8089238260405,143.517808923736,37.685298933741066,36.89648366299315
171.87277826912083,146.38089417426076,38.39577827857184,36.09061364564724
172.8870746021352,148.07946419477838,38.353132267816534,35.7841592106148
180.36387259371077,144.45048970756858,38.50764766619616,35.58610213492456
183.07412882339383,141.61567417587605,38.66710556663226,36.28751201071803
185.13245798078674,140.26885977942004,39.014121797134514,36.4188346379349
185.269196047566,141.9281622404082,38.881723882393736,36.714463686600624
188.52332650288199,139.26705691756285,38.57161646755033,37.25087149110484
189.04130592719645,141.20538839302134,37.93706858603298,37.69779977248768
189.27718775841856,139.84098762385787,37.042075765664116,38.2150122128379
192.15074588326826,137.42980146344192,35.926212758457396,39.028477692391746
193.52405049531995,137.9572423735113,35.27423878253818,39.48215843710284
195.37102531126172,137.32136843302175,34.77945425647435,39.983956881894166
196.87812039719805,137.0351059577317,34.54785781171354,40.399090835660516
197.0038755275358,136.41882234652627,33.935115031888216,40.92791078557991
199.23511654951335,135.4838157447895,33.598583324389416,41.66651458239146
199.2214584807892,134.4504760057943,33.180659768911326,42.14336544996164
200.39863923786515,134.0797316177416,33.12596966627372,42.22939261670347
202.21115660244158,133.57152828517775,32.7738069082512,42.53600613140621
203.24030764061064,134.38200921042994,32.41829318487943,42.52145728768436
204.57618044735815,134.113333681387,32.245609632694205,42.37530358550494
206.9391801906425,133.53964224065243,32.01678631647464,42.24114988784198
208.34252611794335,134.59151005640672,32.22458292050632,42.01478044152166
211.97119775479933,132.0584396579515,31.7159626768847,42.1764689145185
214.54529672747978,131.9804472388017,31.042003604051907,42.1896391910935
217.13236525478462,130.8875305795381,30.231071505496917,42.17470976090243
217.98007339691034,132.74239481459787,29.655358871720033,42.45717260548015
218.8509272476139,132.59378525966065,29.060101093828216,42.58648911160914
219.28931348770845,133.60799516029385,28.913322612643494,42.72124632373993
222.06024180345793,131.66677286026908,28.19872933639968,42.75690442476604
226.98820834954964,129.30600684374537,26.809637941909124,42.57221745222878
229.78825216024754,129.80248156630725,25.69471448601011,42.44256833059132
232.12394999112757,129.0289154511568,24.812683639008384,42.109001880014546
232.6040265743132,130.17270304013195,24.06712698257058,41.705952477973675
234.64097484949212,130.5138471494252,23.533565610588,41.46335511751284
237.7703036097298,131.02956470402148,22.817826772211006,41.48766882862515
239.87848385112312,131.80655246763502,22.564616313838446,41.85284138889963
242.7143233269822,132.03604456440218,22.576082885191585,42.38778103827222
245.43479589594673,131.28692080042842,22.98374433371878,43.48877484426731
247.98841456800412,128.47281935889865,22.925642197733907,44.972725427064404
249.3948786679618,129.9049137288588,22.95576710031184,46.5139526989544
250.06469893128843,129.922992288301,22.802443540669046,47.435552814643344
251.40989815324932,129.30089684037887,22.220369386069198,48.52647625240638
252.57252639546178,129.84160066293518,21.754169136004002,49.26061976905981
254.00451009619334,128.73372076829818,21.104696678159666,49.751797482261104
255.53286029678407,127.57395298025718,20.668554538849538,50.204868085847096
257.70073550894296,128.4980831477426,20.595514685820795,50.42521889589579
260.00728129323574,128.33836388915307,21.20287304170424,50.47263087422598
260.47968280447276,127.69542301788744,21.551744369015076,50.37022042334445
262.9985810786949,128.06374286193926,22.250088548567618,50.251128128085945
263.47959669661503,129.59009729745338,23.05335067248386,49.780104084862266
263.1378233457697,132.4498089765746,24.089774991056835,48.561474660488265
266.7676377934326,129.32054890757988,24.6246001934788,48.49767290669304
266.9803090560046,130.9992989604775,25.30085795767956,47.75713618743345
267.82831084550685,130.18587109871495,25.342512998555723,47.580896212601886
271.582957716849,127.4931431683146,24.72362681812725,48.155565349312006
273.97022671136557,127.30736605326383,24.029754894310244,48.927379312613624
276.0074552310699,126.38310969356223,23.442998794080015,49.55438364826592
277.0225832485194,125.98191953115519,22.914554978800755,50.08996172174104
279.1709856582038,126.13370482554006,22.79407977216393,50.27364655723239
280.0190405419168,126.46906543494276,22.58381414002235,50.261199273744964
281.5233414954288,126.59014432889225,22.32466434710362,50.117237776279424
283.3236779129132,126.37159253932472,22.119561075046867,49.779333094210706
286.5473351799356,127.08673548708583,22.515057648637494,49.501643910800894
287.5984288337519,128.30255800549855,22.83145301884609,49.05480815341731
288.1925577443971,128.16576133069475,23.082561180564955,48.74113005107483
290.25525210526786,127.5629265586048,23.25977665727928,48.566935379403915
291.99397667616984,127.38127626235357,23.242996079318143,48.46494691560527
293.8471894617235,127.06713955150227,23.00996990892186,48.97122134921591
295.0806530889361,125.51980096260974,22.86826061676166,49.504844297264654
296.79001656434025,125.04594588976445,22.802372182188716,50.10083345420473
299.4715856200204,124.23363142030712,23.12958412652301,50.639664129569596
301.0293552315854,125.333408957321,23.900373839016172,50.74386672308335
302.4034847130912,124.61209020057404,24.10890079328668,51.124979726193665
304.06937137985517,125.97503372352931,24.208851769680013,51.38514805442863
304.7233957446092,126.02125321700619,24.160818408633588,51.666460499178434
303.7602664709919,126.69224585214113,24.532063418461274,51.59089893114855
305.4896626306516,130.38358867120303,25.862912956289023,49.86442753023791
304.95816685856414,130.86978560708894,26.65675743220186,49.505562446555786
306.9869238800947,132.63081546820928,26.86732171631971,49.40197668328429
308.65869221738944,134.80795269009818,26.672772334973565,49.0514873728683
305.9932959055721,135.27712871256008,27.208778028524048,47.83617397154303
303.4935162071818,136.53769094121304,27.843250392986498,46.765429601135935
299.77487979918794,137.07350249454225,28.174207119344175,46.012761141064885
297.990872981829,137.03165206120278,28.476012582217553,45.3491423690147
295.2109092050333,137.31872065522754,28.2133135450801,45.741037566791285
291.82187439314157,136.53540342789708,27.874139878916125,45.923013446394236
289.20859510265626,137.14213389324055,27.895812500261496,45.6096746217826
287.5556061962106,136.9313503550429,27.820972184567033,45.71171279064042
285.6480941783187,136.45935706730768,27.919652340651208,45.908093565482176
283.94034652026426,137.73428595771867,27.701544560751742,45.8309163533553
281.7422425259837,135.93280625130967,27.397439934871894,46.021735635176555
264.29750364290896,126.78062931279894,28.484435096040915,45.21340716966875
265.41547412949257,128.37396345178232,29.258080218683617,44.30501771936925
262.3140599784705,129.03979565695445,30.01483355811181,43.92619608103194
263.77705213695293,130.40721286469994,30.28117912472233,43.88008213024738
260.4874251446759,126.98532068918541,30.420062549584074,43.87225772807211
256.953505942074,127.07243498292182,30.528486472671187,44.00931857026389
260.81296232763907,133.74195145222248,30.685502580325203,44.53262274408932
262.36126116994365,135.5617465906389,30.85586670868912,45.49404708136171
254.87555581164284,130.67171789616768,30.768150571347803,45.3134721460854
260.73917342024464,139.84731602246822,30.773393495928882,45.228194625173806
259.4154535208457,139.67049203624973,30.800651734210465,45.415796887166344
258.22546857063764,139.96629507054874,30.53558112254153,45.55137451817616
256.21031878394575,138.69979255773842,30.19483272229257,46.02632509662271
253.4329414415154,137.68633062648104,30.03610788826287,46.32157059247643
248.4987600345777,145.81641935268593,30.135349532094278,45.86171853374341
248.8043138398131,134.40190103097936,29.993631211241052,46.34388475479325
247.97200231174975,133.57291176088557,29.730051638278386,46.89350884570866
247.23396682012844,133.80864104739072,29.36283884905242,47.57943323778623
246.74471712942247,134.27695998518954,29.1456752551531,48.17930976362445
245.62203973898667,134.45493056241764,29.10355468850577,48.461568176963084
241.42600196621663,139.6444080084624,29.266269653601494,48.33625632076225
240.88292160030008,140.5035372993476,29.436947089517094,47.850975844536805
240.18791362104335,141.6173913323397,29.451017479945865,47.42057133594855
238.1686949781612,146.98719755154926,29.600922127160324,47.167052418647636
235.8354851847485,147.1854947094759,29.936111073574338,46.60356529113837
233.04888272974145,145.0108368503139,30.204924599463688,46.104839475038524
229.457341032295,150.126308613637,31.397498007479143,44.535804098111555
229.9003183706003,150.62352430043242,31.94670957060702,43.84799669002251
228.99853051048703,151.4255404944665,32.63218548214062,43.0446376675473
227.54941300498407,153.339599430365,33.73548979665911,41.85138388762343
220.69411823922806,154.9954825491286,34.59967239152562,40.77860128123029
219.51700052935567,156.40151445378172,35.227464997397135,40.02061390510583
221.14143723315235,152.27237501051593,35.06164803969392,39.68424252308276
216.9270170233234,151.68758817506662,34.99730150866823,39.50834838811893
217.20420207456334,151.0112201555806,34.990630619216276,39.48425492212428
203.89847397302523,138.9240171462472,35.228553573391146,39.16453175988284
204.73281523456455,139.72628534036753,35.09889957566499,39.13904853517062
205.8046850678214,141.21625168311584,34.97903705301114,38.94230943793079
205.76910505571666,141.1849602042234,34.9139727924525,38.92407983718398
201.45623890263425,142.5502413138629,35.01145917271403,38.47761838885527
206.23333389929235,138.8606599908828,34.70393990235925,38.707541494715365
201.174118028011,139.51858250708005,34.87175099367683,38.68661678760007
202.6430778620138,138.65345928987398,34.47771917929364,38.868573088535996
202.67320340264592,139.0415494075105,33.88798287235192,39.10547118521027
203.389614919569,138.04070718359975,33.31293272525885,39.0724714518184
202.53913865993943,138.44844290918093,33.008464321284976,39.18683990973274
200.6211385128474,139.11022321512775,32.99650080550195,39.1142738609418
199.85170915639046,137.84246299465784,33.19692303407904,38.98187943448049
197.0389733647794,138.73416568140829,33.34251046965707,38.753312956777364
193.86177607335986,139.24267087242717,33.57685462219828,38.50059409962664
192.1507665128612,138.6114058488106,33.54677227415576,38.8346454886605
191.30891111321458,136.6693509043809,33.83300735399704,38.812968386400485
191.6995114432738,136.41841168586944,33.989310448971274,39.01189229866795
191.72455055488788,137.4235875177541,34.3803282037647,39.026902888087704
186.58055589614477,136.1599299128006,34.645977700389075,39.02456907875335
187.72853863936578,139.4108525509144,34.40672269559077,39.62428439517715
189.40083850273052,139.30362892431805,34.647156624027886,39.29320460741142
187.38430069777732,139.48360600284485,34.70783848278992,39.30422943161429
184.8777813605756,138.74089117497348,35.15930031393161,38.877114479240895
184.47045239962975,140.2795907858142,35.6535696802966,39.03760144797391
180.24968354973393,140.41797463303953,35.793885532554064,39.16563854950366
175.89446872070044,139.9433080792664,36.11818295032559,38.992440839064464
171.59989895863663,139.5028483378936,36.31617676827645,39.1868926146529
170.40472885724753,138.18900232980297,36.574073543015125,39.55225457559733
167.72387288106677,142.9113124402333,36.94542952690131,38.979616929199565
164.286667163577,143.51765967415002,37.49910646099585,38.25850542125645
164.57785763283067,144.5475885762434,38.14568532130134,37.53440475341462
162.07947119472567,140.55090884896833,38.29299759570473,37.88799036229217
161.89947044702157,147.6103667819109,39.657167720759205,36.55453306116533
157.27815120201385,145.52922518367592,40.271104047078374,35.85614569107646
156.82071675070426,148.55809243312447,40.60446377678115,34.952454389811166
156.51104676249483,146.05499263388495,40.69087117368264,34.69009453241865
153.9421301213123,148.0052235309064,40.41427860613317,34.54972976520074
