84.5,151.5,92,104
89.61877760938773,153.50645729562757,92.51107435123185,103.4510069556809
98.20702024581509,155.28697339391192,92.91074378723945,102.4761299352749
108.64738142473234,156.46366567021846,92.37952208553287,101.98630415188794
112.72592040118907,159.49641334300637,92.24722249870828,99.39805437554122
121.29425268398384,161.86239510834002,91.39050902869981,96.56927251697019
131.43017526375834,163.1737096360638,90.2193775990092,94.4720120924087
137.03267398113178,164.40373727125072,89.44174928199912,93.07956911241725
144.75406242767608,165.48850607831383,87.36011931579041,91.48887187323763
150.60319947304149,165.98208022727664,86.18797494765482,90.79381926627764
156.2719965077705,167.28082838010215,84.95537088368998,89.71475486255841
162.0947210734015,168.17259452957103,83.83414794108764,89.10803831183533
169.2821707163692,167.06548044890246,82.76903831274498,88.15732420861556
174.7241142456918,168.7661307863449,80.78135810987371,87.96223820009735
181.1037471657586,167.24139189638748,78.95798056014539,87.3090468363354
186.75935475440002,167.71944242253244,77.01430764970826,87.98019907803658
194.30958450318462,166.64715394180683,74.6149141692899,88.3925279716319
198.84080499965697,167.61724748971798,72.15940200172366,87.27130488032624
206.25511125911783,167.70736746029274,70.17717448493815,86.94947042492593
211.28557722772175,168.16644125319414,68.02854599545373,86.32422387824667
215.86293038092822,168.3265858684369,65.85567934587058,85.81898945184784
220.99405748198834,169.31706823059952,64.34744488099403,84.9116882006519
223.67832434719622,169.89504062176144,63.031482447270136,84.16382301270173
228.24508473589302,168.82194025655795,61.42167668910266,83.72234006543539
233.0356230221891,170.43137464291527,60.342183215875714,82.39823917316053
236.77955628978,170.2611298535876,59.19445559289484,81.53109406439219
240.05643600139337,171.24047795564442,58.05848324471086,81.0304980599779
243.49913790765515,170.38990993936534,56.973477305112034,80.92186625024328
247.49137609464978,170.71628131489342,55.230912819245354,81.07303697327004
251.3079840499853,170.47736760388642,53.92515862808728,80.60616480984629
255.14613486062515,169.53912276733735,52.715525612612,80.40859928808968
258.10138100046714,170.64961485058757,51.717826492412875,79.94132276891287
260.4941396062903,171.51958774956225,51.056162487401124,78.93778329725745
262.8209542283669,170.6143012842228,49.74575037772368,78.4414407063147
266.44074315700755,171.12637579597936,49.00769458465135,77.48637304141315
268.571428687047,171.1808236725692,48.209911285497746,76.51354873179113
269.9594303667702,172.29652705398914,47.53554338213643,75.40152208541399
272.3337817117115,171.82008021783182,47.13298965999681,74.66807983644112
274.19445226929037,171.24055062045866,46.25377849059404,74.04913986851346
277.03288039169917,171.742512559059,45.46549779967055,73.15776705461195
279.17712172737674,171.5196246069259,44.651099267185586,72.18035081543795
280.9762879750661,171.25994483175498,44.24337241221829,71.18294071818151
282.52728064521307,171.6818210818771,43.54988702805534,70.21675917488268
284.8963308234967,171.2609648519738,42.63844873508658,69.5036812570724
286.7987509408224,171.33771809308254,42.0458544415974,68.346054067343
289.2293303677438,171.85001296868202,41.38999305784735,67.31261150927043
290.503383330015,171.5594452190661,40.695073025410025,66.61909846132968
292.46945172812434,171.94490297829702,40.06447469659859,65.78395346939624
293.5397296413489,172.02756786049895,39.48793199366174,65.03257915505037
294.75374687983606,172.43786645918425,39.10082611890608,63.95463231754876
296.3434391452283,172.65838148193313,38.592308077532024,63.07172407247365
297.040097714587,172.75499012361735,38.34961855188223,62.18087471474914
298.0812628523073,172.8950049023445,37.92125899482534,61.430515455394364
298.8659318626916,173.40315931381002,37.70092774609819,60.393786755440814
299.92319012906916,173.78892183515035,37.69845888561474,59.28744221708225
301.0497975192511,175.1231349851449,37.48884681025264,58.16883645942864
303.97433793771233,174.40820087526097,37.22101044201918,57.44144640702547
303.73053312498547,174.65353208114814,36.87850808703469,56.721556154350715
304.8228588900611,174.7777662040094,36.422879059782574,56.03650358498356
306.0768527677867,174.6613874438478,36.11426097329189,55.06184051776711
307.4971608678603,174.24481368672076,35.40241011776448,54.53148707930054
308.61927277965094,173.91140283665106,34.7445904985518,53.79764182730675
310.2843032995153,173.50835760882578,34.15600980931751,53.34109895928787
312.0943152689645,173.30018883837363,33.53379528051421,53.11361245930242
312.81149173933784,172.7625947921615,32.90809575401698,53.04481265766843
314.3571260067525,172.80087782586682,32.54267541712473,52.59030384934062
315.467481167533,172.44205075459695,32.02207839207259,52.359774455350795
316.35959011579905,173.03878490263253,31.775336439105775,51.79245140292439
317.1992231637762,173.40848874968168,31.492475920811092,51.1671923852215
317.75989781671,173.38329095020703,31.11110004080862,50.74499402102455
319.1965239739175,173.186211708299,30.43872992281999,50.702068515458826
321.72668321957565,172.77302663196656,30.21014608879142,50.53282556997921
320.76937498157275,175.03200636100078,29.85170128931496,50.21774935547155
321.60895140937646,174.37853540762168,29.489732524321855,49.85025469301585
324.23539608168375,173.97414985826035,29.36004073524926,49.278347376440095
323.7288225755021,174.04264804967627,29.094874826088557,48.783699819539784
324.6251987578105,176.24749593988747,28.78089402881646,48.025586757012896
325.4686598484419,176.01736580983447,28.561425684948347,47.54605295355074
326.2665881384474,175.8609952651156,28.425467457560377,46.96800131551811
326.6143476406194,175.88744813368356,28.20504867246598,46.334995459268264
327.3869660528153,175.97020889908777,27.970112436682,45.394966167458286
328.16197745750725,176.02005879990716,27.538453722986024,44.75331590157083
329.3528448008438,176.05769121060732,27.35959083578185,43.99289777463996
329.07972240839797,176.07518521941597,27.151705793650983,43.47117003214818
329.55165898143247,176.46524229977595,26.87217868687714,43.25369361776229
330.5731102325983,176.60400094883192,26.837129215703946,42.73135092668881
331.0031991286199,177.74815503726504,26.38208210803656,42.148585910261154
331.76791227691444,177.44847386433892,26.078408284324933,41.6710595756553
332.78219831363026,177.54200857976736,25.94162457435003,40.995928269693515
333.76292725586103,177.02857616844727,25.6048871441045,40.33492962320989
334.572529939878,177.19900886634096,25.552994374299086,39.68031691082359
334.3991157296122,177.52668439295414,25.34187962952832,39.458443676563164
335.14709482436956,177.66320126485928,25.364112300761892,39.04121126176956
335.89976024441097,177.75581458434198,25.062942270195993,38.769560868112066
336.70462353863155,177.58872433437944,24.90437575503522,38.5478207075414
336.8596282100153,177.48526732199466,24.742441679940256,37.98399410406847
337.72395953245086,177.5730199886662,24.487330189205764,37.57787063658438
338.8498500913596,177.29291215974212,24.08539161975859,37.16885695387931
339.5212397045502,177.4223156714622,23.797601254461366,36.62481082998289
340.3859209926977,177.7086503041057,23.413234534451465,36.46019004544502
340.3905943208878,178.4640465300416,23.186416442405193,36.28249528987753
341.1670313821857,178.04635978540983,22.910244485413095,36.04164099498429
341.56601778755663,178.08561662065426,22.760018654861497,35.601166883621346
342.46602738139694,178.98919221204096,22.370850945757578,35.20407098057969
342.91522695681203,178.22157705945693,22.191287804429784,34.76584597587984
342.79283958624677,178.28515211051837,21.84855565526337,34.43413170470776
344.7167747435429,178.0029923338798,21.55123627832367,34.05080970649027
345.0281204589735,178.31473681163243,21.31560045311247,33.6841701293324
345.25356824492593,178.11404126563946,21.0400544892713,33.25987935610308
346.06625502360424,178.4016998647703,20.730328891623756,33.21509922668518
346.0427033980594,178.2522696126936,20.388045131185432,32.93754311916719
346.6830176262404,178.575767705102,20.155540511340714,32.919301728948
347.54717107351496,178.48091296425113,19.960505287133145,32.76957736179186
347.0397377899928,178.29526147557056,19.849946157804517,32.63060420037053
348.2711763742034,178.00478426108575,19.64110207806747,32.356292475527724
348.35909501353285,178.33884136157872,19.616786601357006,32.169489565998
349.4658686115895,178.4365526543374,19.49414292582793,32.045971244871126
349.9203138376018,178.43023038016952,19.312216113062597,31.870331306674665
350.04108416334924,178.23793708639292,19.135728388108117,31.62435314498695
350.1406899444344,178.0013536522018,18.838993032359554,31.616399814404115
350.5608751305229,178.38375002827559,18.74430126383176,31.482897319233622
351.55420451724785,178.38483090198213,18.460557920450846,31.24218690558178
351.55217279597775,179.20274162579682,18.276216773099605,31.23327030319011
351.43345306225933,179.28435756546293,18.0743674157398,31.06663714696961
352.08975918037004,179.55056728688587,17.87322289859645,30.860233027524202
352.4356153835622,179.35753919553687,17.673443629390494,30.58726842870515
353.03347600975735,179.49309846646906,17.55941769522221,30.146539401406223
353.05062914992493,179.2909470442857,17.431032091774114,29.81653960581175
353.99847348581443,179.5427563244009,17.342712294544967,29.519838465610984
353.95395777177833,179.75663090738954,17.17258779352857,29.292243604138076
354.48687903858615,179.90411257500546,17.05487163558813,29.1322644343363
354.1451155322379,179.66395779302144,16.911981261752764,29.028309243055308
354.61302312839484,179.32088109910143,16.796891987255123,28.879536323693976
355.25911547568614,179.05168658857687,16.67274065410739,28.633892403878498
356.9281812630401,178.64172947436464,16.69158916477254,28.449401372216933
356.55717923230816,179.02093828383872,16.590713811677887,28.385694842402962
357.909561166941,178.62168420697336,16.680444094481324,28.170633760331995
357.48290555075624,178.82154947270467,16.68042990027233,28.12853935276503
357.27945577529624,179.16323923531905,16.719826284993594,28.03652164823404
357.3100910728009,179.023557297135,16.659767895023595,27.999010573477957
357.43788482759345,179.25446960218926,16.556053959099344,27.857585068918297
359.33831643791393,178.68683152717688,16.67435849549271,27.65096849967425
359.2517014114653,178.98212249439734,16.653166213957377,27.609793689752667
358.85691713455844,179.35286028731574,16.631825496530883,27.362183534270958
358.51666047831225,179.05708877267222,16.60631112242735,27.100075516805056
358.9084037546751,179.11041687563173,16.6732721648211,26.70572056515852
359.3135785310714,179.6046171648793,16.688347044783026,26.461387655578175
359.42186032958034,179.9963264696079,16.777817953132363,26.149691291337305
359.67569075880965,179.61861364694218,16.950986202435217,25.701902172073762
360.1102399192507,179.76197457731257,16.748551647460374,25.543733403812674
360.09933754871184,179.97632514136893,16.712390085457784,25.329859917544667
360.3480563334856,180.14263031658868,16.82698010141671,25.02008176703635
361.100478444088,180.11290162929257,17.03379853032011,24.599852941009853
360.9716374584128,180.31157163602438,16.985358288068607,24.566125430359556
361.6443459911398,180.25713319001724,17.00011540169173,24.300875023780275
361.77263450488545,180.38681412213964,16.918104792132894,24.180818810723398
361.77875439928863,180.48251296959424,17.00441238001881,23.875479625164008
361.8224871736462,180.4359304054736,16.943655417445157,23.734909594365796
362.6097825304132,180.74524516623387,16.842765108078368,23.678637021697803
362.53854874125676,180.67811049444933,16.801093375077613,23.37369696365938
362.94247056217296,180.63386363615123,16.692548293864554,23.255449019422205
363.0307449255789,180.44210953987454,16.49643645464466,23.175273547176864
363.9385569675907,181.934739611125,16.382318270050376,22.91713761884828
364.2040581046768,181.7689111873569,16.188051542467207,22.66560587299688
363.905459833682,181.3340991195793,16.09758262196282,22.323147264907398
363.9180913959924,182.54847396558424,15.913361390109023,22.04214747371537
364.7923863500881,181.99644562523227,15.648460432456256,21.819269816803327
364.78380271716736,181.58072064983864,15.555495443637609,21.55643749811278
365.2335350264275,181.32670499738376,15.442494264581923,21.37712162933172
365.73655514875037,181.06965999982089,15.305533669384554,21.18564837725362
365.9386388427048,181.9189806558717,15.265868145193764,21.01361183676607
366.05087885528565,182.69039945745146,15.190223421431199,20.825957477358113
366.91036206883666,181.96965693985342,15.065943621717258,20.699001717609423
366.41440563650985,182.33110492901457,14.980370209744258,20.609228481463184
367.5557846253089,181.6319326505958,15.226228898940015,20.493197470864487
367.9658951574566,181.65460033481918,15.392433532448054,20.375741972355655
368.53753467441516,182.4855326488211,15.618868520213747,20.237411642294884
367.9594428242988,181.92006490525165,15.643099577052025,20.075016579240017
368.76812311442114,182.7621259559028,15.740083736721218,19.929362242792163
368.3606583413096,182.0603678696364,15.890708072830746,19.829499785640515
369.0518937464469,182.08354196095652,15.804741521665566,19.872695832209647
369.8381520065471,181.67098723702802,15.752208054672696,19.91895037350768
369.0728702836331,182.38440277980266,15.612407001408572,20.041963314523947
369.3019004695752,182.21534628698973,15.664556964779084,20.03980533385838
368.65483811680855,181.92773757076372,15.537872520570227,19.887933063227347
369.82802401222165,182.3217326164183,15.335564917747563,19.7992834942075
370.10339402832403,181.86999030605264,15.36533407133384,19.732997504606313
370.5833567386937,181.9116449110803,15.089144915300109,19.896332612654795
370.3978563572173,181.88569221427278,14.81886025878884,20.092338240182286
370.58974885741895,181.8647704389371,14.650978927981178,20.082247339988907
370.3960707766427,182.83303186308015,14.389651064722875,19.968533472644562
370.0426029862251,182.0517941807536,14.193809033348767,19.770867703035563
370.2113378043526,182.307706206697,13.9895786961528,19.899842696711488
370.17295210218504,182.01721690370516,13.943699201494807,19.7771477611493
370.5187719453532,181.92422788549743,13.958357091585995,19.564236822182934
370.50908982173434,181.77628526422973,14.008630821213394,19.3843518296567
369.63452458078643,182.87421382259458,13.946920338791836,19.318465740301225
369.52371357817924,181.9055966415595,13.815525997313225,19.23551010183735
369.8940224240007,181.8969169849501,13.793787409330903,19.141111518215578
370.23961584575255,181.82743860051892,13.838780692494252,19.03381381315328
369.98676728532706,181.86909585181948,13.919556717973972,18.94380110634776
370.2004138678334,182.38033057203177,14.041959342775328,18.883346639086763
369.29382358452233,182.80619870279037,14.076345024715712,18.88692618205109
369.1962021004314,182.0181980111644,14.243757408922916,18.677206024851934
369.2865452200424,181.77804503214392,14.390037097778547,18.506623778318342
368.7211380761868,181.90349491297508,14.50911892642147,18.4637834467784
368.88126385527386,182.3143042642568,14.74136541083075,18.345733977632424
368.663473610872,182.0672969820654,14.862249736695427,18.201288978759976
368.13933900650545,181.7038364259037,15.068436385366116,18.035537075488893
367.56868392198675,183.2726271772764,15.287851765661468,18.012604391713204
367.31471750575093,183.57955881829022,15.415773218414357,18.140743537263496
366.5764634011035,183.03031288266953,15.978155985204287,17.938819534977355
370.1306043509952,182.2402373271151,16.301997746462074,17.805414117994797
368.4389905053734,182.01227305876196,16.661032389228602,17.607765982623885
367.3690135421261,182.93031171609613,16.89567544650625,17.56359609765073
366.97901837412127,182.9795943244937,17.201634960000433,17.586667658971802
367.0176130279816,183.500768922396,17.59624678424346,17.406347002347978
368.74993561460553,182.86291614218277,17.674586335040374,17.319211314262112
366.7358012844198,183.42959235750982,18.17244756667051,17.15531400655572
369.0044112333241,182.8796174832494,18.227643478493206,17.11755461429896
367.30718230205935,183.53721646577696,18.39282444549962,17.033533502423808
368.13982652347744,182.83113172572885,18.425037185219608,16.928831649397768
369.28070595914795,183.18213089217627,18.42528290868147,16.76159283798727
368.34422519640486,182.40222865760066,18.4194820697801,16.609519484262513
370.28570145441665,183.32387765060116,18.126235497817774,16.647517298470575
370.28544761368164,183.4254564725708,17.749254238333563,16.692289018974122
370.54386784749437,183.11097479279027,17.396951394232783,16.86663118274204
370.94927733342007,182.862307693755,16.89739082782846,17.071985918904197
371.17135310756055,182.7202499234889,16.416903133252436,17.352285409191946
371.61298996437995,182.5365830965401,16.036981882859013,17.528884468029148
371.9191573261168,183.0165064422758,15.808074332284464,17.635981541244334
372.0911796207276,182.4598595458688,15.507962270366649,17.776278741536736
372.2745833845155,182.9048463526589,15.329547709776529,17.810441647388593
375.0250501622834,182.45147426902054,14.847140708348455,17.928791423128597
374.8197176784508,181.930589209129,14.588626832515413,17.879334726734257
376.20942386697567,181.3739095977962,14.313165051321343,17.991552520452426
375.61954297034373,182.39602634009228,14.151387461650607,17.90032148871063
375.32944041133334,181.84701053318443,14.024259014913177,17.7306864050242
374.7518053439248,182.50119105692067,13.85302897234678,17.591832503433352
374.67969087895654,182.44140201421806,13.663135810751568,17.6360721506853
374.50686548516495,182.0508035265661,13.59629849542178,17.500011578610682
374.673917131538,182.6693460107127,13.633517506686122,17.250322969761136
375.48560106910685,181.7444090033278,13.838424835253228,17.03151884389068
374.3352925427246,182.33227781962356,14.05205844571125,16.74690677110601
375.3378399664444,181.7603840310618,14.227957393666534,16.634553281678308
373.70191756535206,182.77510178071617,14.505480134312494,16.555585368886888
375.0358573345548,181.76175954944625,14.829562313512627,16.35576860500158
373.8078882288782,183.4257372929898,15.011065243112244,16.43221465867073
374.1557800877502,183.02405736278396,15.133938387150387,16.454334294244102
375.40553347770475,181.99125953851632,15.42816353511295,16.30977016418447
372.06946674976405,183.00966579377774,15.773201959256097,16.154490799566105
376.554490492711,183.00100334441927,15.746963028965185,16.132955321358807
375.75059868358306,182.78702869337275,15.874528713566292,15.90696787971558
374.0765643345193,183.78865268273148,16.080277255596478,15.766805528553965
374.97563631409946,183.99588485486228,16.064760878986156,15.65445698228889
375.19993940522374,183.83979116273892,16.144030835424722,15.385562558922226
377.2300217766176,182.97826328873907,16.09614417262359,15.323646235274303
377.1491095521358,183.21321473634558,15.889903860425258,15.323480214164794
376.46573875585057,183.71110714405876,15.678231847305776,15.336445360591465
377.75228653927945,183.47936211205706,15.198735838324607,15.281637394695268
378.88737184272316,183.6800406410148,14.856848922843474,15.34141289297978
378.13449943270587,183.7507429020787,14.714499327213366,15.364305161809469
379.7305911251543,183.16203008465163,14.411816798716075,15.435604726641014
381.5419582930841,183.74790001452456,14.247258837291842,15.378951660794728
379.3478410702546,184.32824791061415,14.031830315269,15.457839241685285
381.15922495734253,183.4048482870907,13.79281822499201,15.516156657181629
380.8861154992015,183.28588559571767,13.634634396504117,15.545400918459121
380.7755721982211,183.35626231491787,13.58615201872477,15.51358024339678
382.8715921455874,182.94497414930098,13.402644648100994,15.540717331313957
383.32395627104523,183.12961487667033,13.319212731451987,15.521322353568795
383.6169918253013,183.20085159896573,13.257087848583065,15.492901055651199
384.14302896955473,181.8578593754442,13.016884552259908,15.570958657143732
382.83867133437565,182.59281286022934,12.880149802781576,15.455534338330272
384.3679872420004,183.06463670078992,12.76435379533231,15.301285804242829
384.40438072751806,183.36544304583097,12.686210356036728,15.156751094202203
386.2237634365111,182.29871733781846,12.656125424729742,15.125700127948775
386.4250605101594,181.06891408251,12.57383424069,15.128053897705758
389.26176867202065,179.1145445000497,12.558602445318364,15.137354204594098
387.93343679299966,180.8588833404387,12.584492182211699,15.15444768394186
386.8231228136913,181.06081156584867,12.605569273747637,15.155593260871939
387.49250606399136,180.99506906428576,12.847395167022693,15.038680615663251
387.9040712962155,181.2786511443336,13.011827895418794,14.980495299256505
386.9484303016327,181.21389979592567,13.100640888536468,15.00813696620901
388.9335524421142,181.45579346521518,13.397951844389798,14.92285054697205
392.79345753720406,182.28387737943572,13.529223502354634,15.076854203478174
388.2342414911446,180.97071195395375,13.530757057791394,15.271279784819267
390.6988056076634,182.24977019376684,13.756470724625647,15.183083463579369
393.5371018487788,179.98838225584586,13.823882491967646,15.202945864384668
389.8760728077957,182.41397185908642,13.986258776906183,15.137982916906278
390.3422093525418,183.16095593596887,14.118847461858696,15.110119985843344
390.2443237503517,182.30536823468418,14.248303462333606,15.086359508705403
389.75236145736113,180.6633188182413,14.379128046502897,15.186285234443968
389.23748885207095,182.83820439526636,14.640132662696116,15.053419197428772
389.86758648440093,182.0120177225364,14.45005820949859,15.125457521869688
390.38579761106155,181.7338108986508,14.333818541893566,15.213834905459759
389.9317028886507,182.5216759647087,14.104774491002962,15.444873548330222
389.2231043476191,182.0931405258667,14.249506582450435,15.444883635952285
389.24509740921883,181.68043249492356,14.295885876552557,15.5821109065635
388.97426660713944,181.94807853905587,14.547327160486617,15.39457311793953
390.1565498605719,181.22067323749496,14.259700951702117,15.737734923072463
389.52806769760036,180.75284252695405,14.26833742634967,15.850838477580938
391.1049442297515,181.6731596517368,14.260969554918583,15.866758259387552
390.5313873171672,181.95015553277236,14.296176493986474,15.805148308458412
392.46373843749217,181.85977416929506,14.10038833300253,16.237573468560427
391.5021620079346,181.49571382473871,13.900198201242507,16.653217224670644
394.48665129168296,181.95786585468937,13.914189394640523,16.954379535351897
395.28575555461,181.42507545213851,13.895307617634444,17.13662016053341
394.2086094672941,182.24480059990242,13.919762279296286,17.281350744598527
395.83014186977937,182.74792909585818,13.771926146353328,17.611135083978162
395.06492602464044,181.41453018649793,13.71795348730405,17.83239009035126
394.34087963219827,181.59026557902712,13.700857768922983,17.988365475146118
396.3137574609689,178.81578571361806,13.682158185524287,17.856894793671735
396.2548007419123,179.30349001131276,13.590636756732241,17.80974670348176
395.9777263516871,181.58887816659342,13.426886751114607,18.07825147507379
396.4201777888447,178.5560059803541,13.470181379889354,17.920995797961368
397.09199857035645,179.66593288969494,13.395886054048425,17.833270217957654
397.1749361755813,179.42691441777478,13.2837817843496,17.730417042722213
397.5269379156418,179.320464807257,13.184546640047923,17.55304084499935
397.11287901532705,179.28433445808136,13.15913045744676,17.419748950477054
397.3135886394885,184.4012319111378,13.003089017933126,17.59471697618791
397.4959514416943,183.68026860434819,12.820905111738924,17.812540615829164
397.93517330996804,184.55918881166582,12.620107296898544,18.01707524601661
398.56695600346535,184.20553460034972,12.519333162040201,18.103870885121403
399.1636193447159,185.49602851080817,12.456268973626292,18.167985565120063
399.62906330645205,185.07767169479558,12.427508316084174,18.230237570138694
398.24966390119954,184.7877307690308,12.322892123766346,18.39558181304475
398.57350252532774,184.3466706317939,12.264770735075642,18.489671939966037
399.0538496418609,184.0518901678668,12.249168464823718,18.527760084731604
399.4247608622225,184.1238135006086,12.2601170440361,18.54853998780379
399.79317124661463,183.9098619751105,12.279262521379959,18.566367106058888
400.1360297385226,183.93785156603872,12.298876624676373,18.56663563910936
398.3688908206655,184.01527923960398,12.308758994539698,18.577381158058117
398.5957420517989,184.32790535673035,12.315746196160088,18.577645040424528
398.9536991310639,184.38061025000783,12.321381250562569,18.58661096435692
399.3810447149473,184.11386946529825,12.335703332669926,18.60096707219772
399.74193474126326,183.86842457931448,12.349659828938583,18.615043945052545
