205.5,1.5,53,156
202.5859388492704,3.2283749421378616,52.902634306311484,154.56940677961893
203.16395369271768,1.2420860302795234,53.153687653932316,152.46615414374088
202.26670376488707,4.831402414888373,53.3726731930347,151.06001998215868
201.6983324027775,4.421653054512035,53.501832418299045,150.2900827678909
200.9951395852043,3.3913012125584174,53.61479237423859,149.0912952465827
201.46461060984672,6.59657154374041,53.57538472923158,149.46246711626216
200.12994205055878,4.506818334027372,53.67739291790632,148.8499613210276
200.9782800706164,4.600610257111953,53.83459501824065,148.09025275523868
202.68038212932194,6.36550305099388,53.80574662134956,146.69242970524033
202.42988610758502,6.553316674246716,53.34040682526194,145.7370449471189
202.62068928009998,7.939698061764062,53.44044010387398,143.94048555409944
202.3954448779418,9.692923809906233,53.34325997432194,143.05872220631363
201.5604539782276,10.88978731656698,53.534906870033296,141.98120844315235
201.22026431648015,10.357772734671357,53.47663581196312,140.942901677073
201.35519608912983,7.664287286651643,53.23144745524982,140.50519129106897
200.7591217896272,8.379809135808486,52.61901679629006,139.65283442613693
199.650936275828,8.231296046513776,52.28168856889882,139.69696501108317
199.2476610287294,10.513388142531284,52.25542425043578,139.3737585831778
199.01004129192034,9.456787634746675,52.34712479244569,139.16394390889715
197.03674323824217,9.25692356324933,52.27289932845195,139.36939846085028
195.58768350062022,11.010087997081229,52.05798741636674,138.8570652596904
196.25546223331887,12.551589681476543,52.30511267973683,137.18505570536814
197.4711227231303,14.294785211197848,52.39368868421432,135.10329590298272
195.58114781243017,15.220152207176852,52.48495094267207,133.9798272689959
198.55711309994095,15.587645259602965,52.435546269444956,133.93147409537613
199.81325975921817,15.62474695311063,52.35105455992983,133.99206239549173
196.74842240158577,14.748259893061046,52.244952850786675,133.95987299382423
195.8167829160131,13.995553985546778,52.25818494883933,132.94974897740136
195.3799846783802,15.619759508637799,51.61458178859951,131.57336544758437
194.8346413232985,15.422074215067965,51.616643067702036,130.39058039793662
194.04952931489655,15.022346693006796,51.26453169822973,130.13554058427087
195.13572431641197,14.728217586490075,50.465833492455396,130.24153707998482
198.16011514869217,16.634546991415476,50.150793588148886,129.5871123895493
201.0582125401439,18.09068263966776,49.776472851571114,129.50608818433807
197.67918096087948,18.552017119614604,49.122667437864806,128.8768528608713
198.9477994060336,17.935469901743488,49.070389673075404,128.23229715489754
200.16763685067417,18.969672307646185,48.7811023093527,127.66371913199443
199.27370095548847,20.25331072719589,48.77793916281922,126.8940249192378
198.86007068873064,20.184049870992517,48.731142701419834,126.12160044128733
198.7754701707774,19.510599449412318,48.461149654112575,125.24363608631235
198.45282832613518,19.076843286016945,48.07267339180547,124.54328256456184
200.00805461656427,18.62164900972676,47.39593329339968,122.78781928570605
198.77363586533275,18.78643127765651,47.26991501049286,122.50429464034447
199.7699726012963,19.965834429150583,47.04841906885448,122.55878503688025
199.33883275126053,19.238241967666674,47.02339189989599,122.32712716066136
200.75998904906493,21.168390358730775,46.992046034405035,122.43341410732344
199.77635860674044,20.185034936831315,47.03068562693971,122.5301065881234
199.99894779634042,21.903448376455692,46.90147474794955,121.44210611726088
200.54769186054537,23.465767299901117,46.73317695719759,120.20792041690018
201.54810542402137,24.361840203695756,46.47875149784053,119.46538927720336
201.90490671880755,24.10247433747098,46.59810665286652,118.16762547189504
204.00780565423577,24.253383539277884,46.663529942898805,117.92291352965718
203.8574173919053,25.048234203138435,46.69505562761104,117.72372252259953
203.08544294667539,25.213879068981882,46.51765182165213,117.54521496287728
203.38868243615894,24.88540728949244,46.114781623784296,116.8070747367991
203.70158010467887,25.40264871624494,45.46914449468255,116.06685804759692
203.73043514277012,24.7279804070291,45.08192837888058,115.2081856614357
203.48971177279296,24.192086808865874,44.77887952671762,114.62880856447298
204.6092494932574,24.04953137572346,44.50234816938401,114.90051137895409
205.57586338845923,23.56698073450071,44.5954777913186,114.74896780208563
206.04713166884778,25.599761522523757,44.06337967873216,114.81437956512035
206.59619299435803,25.567142676946254,43.593999960984995,114.19227026139849
204.66705623303397,25.865823650397758,43.19814836537749,113.66776856288234
207.06688262917953,25.355446312655808,43.295330423397694,113.02025014705002
208.29778831444236,27.509175990534736,42.92511756361422,113.33628493954656
208.29659946508036,25.791440869913643,42.75387648375183,113.07616015477251
207.99577442753707,25.478661735454637,42.43996482320836,112.89282319339725
208.4148265670411,26.87159092775525,42.03619661044631,112.69723103651819
209.18920150171894,26.86622991640538,42.30489702604852,112.50871955706835
209.28006301547848,25.999624707481672,42.55279295318796,112.09912964380004
206.78366012223412,25.494229635221878,42.35479330449603,111.63315022178368
207.30086830958078,25.602870955088648,42.65445452646715,111.10484494277554
206.78591525838493,26.67935125003426,42.591917520300164,110.55229719849589
205.9679764017613,27.30576353632503,42.446774830639136,109.9210717636974
205.74093092985458,28.504974736156484,42.41563163310275,109.49295742944892
205.4320050771902,29.67463587108422,42.30369992263714,109.26920880423151
205.48905538045827,29.074161039474355,42.1742202634918,108.93981958405128
205.71669923395746,29.538752283050606,41.8102079579069,108.7510884924104
206.11040252667934,28.766416086144446,41.87943390315234,109.00215019419849
206.34592920130066,28.272809871032493,41.82590352077144,108.86350944353708
206.3903289125427,28.79490532815651,41.765796518859375,108.75883859030513
205.8651461606071,28.696984938537746,41.8477978435962,108.43508058748013
205.22194745967516,29.87052605026343,41.550327337935954,108.7120978570555
205.60106846959246,26.45096832821055,41.381348697675186,108.3750858673844
205.8073158739823,27.047320604249265,41.48324632444624,108.01275639064724
205.41351153093086,29.315076232064698,41.37878382305293,107.69821242780202
206.45226817883676,29.170593689233947,41.4510646289562,107.2748090847564
206.77215938368502,29.31783371554254,41.51389992412798,106.65856501002732
206.9252549158444,30.97125115888874,41.343517759807895,106.3623984010754
206.3137301060315,29.120335396809153,41.424121934373,106.20878525551106
206.83209449254554,30.573133821847563,41.31820969252626,106.36922391454374
207.28952677764138,28.972331413145547,41.36731930017193,105.88946419566237
207.44911137123867,30.065251913506756,41.57227217232258,105.72033562207923
206.85947451633558,28.8322203520516,41.79932132949739,105.47426128428093
206.24341862011147,28.94636093608227,41.99583031394698,105.31922259429223
206.65016105776098,30.299451271743095,41.80677520101135,105.61700658552246
205.44326344665132,28.854392133969725,41.803273059949476,105.65232368309069
206.35688085921785,27.946264666738713,41.684040086851894,104.6963859009542
206.59212803705023,30.53651298829758,41.59555863487748,104.46648749773514
206.1897306839869,29.944833684090256,41.81616845597911,104.277120857813
206.54819947181653,30.761088130030913,41.81848340707996,103.91325832537535
206.20880383901604,31.145468540580197,41.539634680443825,103.7910501861997
206.78413201107287,31.183587543521504,41.50453982162073,103.38566093734566
206.37055213721203,30.627081915734188,41.21616585981633,102.59911221824989
206.65042318680779,33.08659338730278,40.79595830854983,102.6972430150419
205.83740167028924,30.19664164263626,40.56619391799528,102.23290240571161
206.00960694718887,31.232830206353732,40.88670089282533,101.80177302760528
205.0607796157767,29.9058103900827,41.0146068679055,101.27177545159022
205.4549809016393,30.562901485374987,40.97321714980278,100.60251748442865
205.5889946811181,31.132470556948647,40.35462818065649,99.55978762648192
206.22846178520447,31.62597759671629,40.392970807925344,98.98874488569557
206.96699269762684,31.500699636002217,40.41484933170581,98.33131416619354
206.8879744789836,31.649856238158854,40.15623565254859,97.6013440052076
206.88748525805804,32.16259338132552,40.16660286158257,96.95418442257719
207.38227203895272,32.947296795407034,40.046198654232015,96.31547825416605
207.87267897299859,33.10641637057042,40.006831030856915,95.78802170448053
208.36799817041518,32.95493275306751,40.13388737155077,94.96792513676724
208.24924651950036,32.9687792274664,40.04621812985471,94.41122129605509
208.08120229151586,32.23770004896535,40.103651503836346,94.04879016216668
208.45002766170325,32.5805325331977,40.015506676719156,93.69934393821836
209.04009281213362,32.923132071992335,40.29767584199152,93.2169949938097
209.25445522208696,32.748157633054745,40.20867359584203,93.00975959271989
208.90730566415863,32.251662912717514,40.22407378114906,92.98332006496479
208.25132128881432,32.66059310571092,40.05848785292076,93.5429429276886
208.43985602724715,32.8604144784865,40.03744219430955,93.76480305841919
208.05925227292798,32.47553312270984,40.0741926178153,93.61630090409726
208.64125245752243,32.75602948687807,40.53564858178679,93.40673385329872
208.77610352660773,32.550236398762564,40.73265245133523,93.28023981407563
208.62570836225842,34.092149193230895,40.85273688997435,93.28363274816448
207.9728680330151,33.76916687438858,41.197038914485084,92.84837210985576
208.0909094099263,32.86579684780804,41.284365867016774,92.41759075302843
207.8296907687286,32.814401276595866,41.414590341280025,92.01957967653875
206.0363535883962,33.40649574095551,41.802229534250756,91.68394309404901
206.25620950213118,34.057565600545374,41.83819871368917,91.7403900438375
206.29411235884893,32.7945109524853,42.01219509793184,91.7906778449015
205.99408106906426,33.081591168174704,41.68014170545912,91.62114446845241
206.0396677248755,33.33157614541213,41.682741162810935,91.9830721613584
206.5576163502332,32.43852079462121,41.66926241108848,91.95339888543168
205.90826140333738,33.13970783539996,41.144102361261325,91.57840324377744
205.86451691504493,33.22151427802541,40.91881852738707,90.8119261526893
205.7873470348839,34.045257305548716,40.51072766751564,89.8775871418245
209.41311181999527,35.42297696332587,40.63346519858077,89.69833996684942
207.1886708229241,35.22015142886172,40.2174904727524,89.11713147576491
207.1137425215573,34.80248869703669,39.022725059532924,88.00621639509582
206.3432802955689,35.457526120391165,38.76753327863777,87.44632572673922
206.60486981429432,35.59254637428394,38.89170657902412,87.14006803607899
205.5192058458443,34.39643479335859,38.791118603295956,87.07651736751588
206.24468567962487,34.28769445257924,38.67451977367127,87.29259919628107
206.45010602640258,34.68884453213164,38.733123623239095,87.10846834488501
206.9334603673458,34.48895691839748,38.580106617015666,87.28945436739824
206.40046763173913,34.6074395182217,38.4482739281719,86.90695131450882
207.30643342267436,35.7285240019011,38.547213494410855,86.54220169968146
206.45307989880385,35.70026849703827,38.8126387466502,87.06417354629447
206.92999279093223,34.72209621462756,38.756933246473906,87.01827268493791
206.5736329021898,35.41349235457844,38.818952574015256,86.7278062116539
206.9362806241552,36.28098429532357,38.68148487218423,86.4331245829331
207.03422703690447,36.692466156423905,38.53482363925146,85.7870374950918
206.03590981713816,36.24386465031286,38.50227183000476,85.2696656457874
204.38093357477277,36.17830366162158,38.47640936188523,85.08759775901133
204.06439577579022,36.307723553967556,38.28949360967637,84.86694897990695
203.52458841684037,35.6947090061761,38.22780729169501,84.75620456074225
204.34513179022008,35.42131442853788,38.14836867535246,84.8424332451992
203.04604989263876,36.53573596959718,37.80854013614923,84.63032047161333
203.0556806202946,35.872092610724906,37.950467134273495,84.80870286577999
203.61135893970325,34.95027275439158,37.94034719646781,84.75542678502777
203.44575314323544,35.9852800381968,37.74874898591759,84.35796873692568
202.88799718091988,36.20455522392327,37.45035862783386,84.0043422214331
202.53034084516395,36.476140716898016,36.9801973804309,83.82085471932265
202.9663676974181,36.263695967935064,36.745107997059094,83.5278653987366
203.72110815489148,36.19179339460629,36.384910729649576,83.44869664734097
203.1779213290415,36.53800206650826,36.06482993741794,82.97325010489048
202.87272937639398,34.998750301576074,35.9053021362654,82.95157539302512
204.05653724232474,35.890086427458286,35.864149388488926,82.50782373452242
203.37314263127584,36.53252215043865,36.0358025403353,82.58338372128568
203.2207688365744,36.64648150166739,36.08595660838162,82.85162400611192
202.14591394498603,35.534120642225986,36.313244101709955,82.97039227002341
203.05169504276017,35.141089618405445,36.431624037204166,82.90329196939408
203.55457952229753,34.47435759499395,36.55137924137562,83.21163063188632
203.65051996231193,34.61717307141952,36.90563181996116,83.06084469742201
202.94623386447537,34.017225432550035,37.73091755141998,83.12751274604264
204.2646166495129,35.87923389315869,37.72951627539705,83.50201467324452
202.96974227734654,35.043453252179575,38.53508747799698,83.5927432353999
203.60542115590582,35.86936678165648,39.014350086021224,83.67237197936356
202.437271484935,34.650894349042666,39.6082814450985,83.6000154205647
202.6764533772517,36.320311447534536,39.35828512321932,83.64402734060062
202.84610199289054,36.08481013589467,39.470600960522276,83.88152152600841
202.72809897439902,34.9344976155582,39.40677325274102,83.85932423429915
202.10134632958363,36.31155899261765,38.980541689725904,83.92817139366292
201.61702634350797,36.06785570331313,38.62054418114144,84.32030910436205
201.9045932099965,35.288818803162116,38.20961142465535,85.03776274456123
201.96550118332328,34.720943044756424,37.845486518636875,84.84472574246698
202.9321989715201,34.66400597167776,37.589774057248775,84.50193741256153
203.25384799251052,35.87137541322781,37.34331625979956,84.21402815363746
203.07919291639536,36.804494020593594,37.10984181892456,84.12887452273768
202.65106602710128,36.885298173818526,36.560998589761255,83.77716147840997
203.35722625721928,36.246048792146546,35.924463158459716,83.26369070401894
203.83583810286584,36.1965337119188,35.55452838327763,82.85094197338785
203.76380570108785,37.437045716883105,35.22444452593538,82.29076394887184
205.4263316632699,36.05817904954026,34.86579918535726,82.04672273407328
205.6003108696137,37.15434192125434,34.709482773940934,82.00326316725034
204.45403969649433,37.29056457253296,34.83150457612752,81.85502347633928
205.2921510323732,37.035745719988114,34.80444336238525,81.67524465368086
205.19785760707555,36.0318633580153,35.01111872696585,81.47724913707168
205.49901919069097,37.30939664258183,35.28488543066469,81.01671076618081
205.78699461128843,38.221663986875285,35.527854188526035,80.49051961683188
204.4488796824514,38.3857072800316,35.66827429087475,80.37041519812082
205.6871361674919,39.785564139371075,35.592223948204655,80.05096375895238
205.0784938602425,38.9279748557595,35.652971029897074,79.98536761361296
205.79276015454178,41.10949333549013,35.29123593618682,79.20577048111704
205.4386265856997,39.634752094258324,35.08235627192245,78.53441289094881
205.3589911680732,40.937937817365686,35.05381445101124,78.03200005145406
205.85194164965185,40.44334829351183,35.04617144197462,77.75243272312417
205.63231238107159,40.791440673305424,34.72394142227324,77.6593659659517
206.26422137350852,40.55889110103924,34.58620168542333,77.41832608241171
205.27884522204286,40.21480428419043,34.883347831051836,77.72627045161157
205.9572496282165,39.929859094162865,34.4980069309017,77.45635165236067
206.18321218001947,40.43764145974021,34.32039298237651,76.86423539442107
205.68034350735252,41.24234446858179,34.073949751385925,76.43069908003076
205.51812929680867,42.344185701413366,33.63061521347022,75.60097377150262
206.09142031682043,43.571370398515356,33.24375832689286,74.68631406453162
206.265287039347,43.77717843843078,32.69419301950933,73.43840541983184
206.49469922876614,46.59381992618469,32.25453145946051,72.3986330720706
206.77022509543988,43.8148006200708,31.930827398098632,71.94661852649199
208.03062054119263,44.320679920629956,31.5868150615095,71.1607919423424
208.90827504023136,46.47579677425477,31.304772664994555,70.3803967971045
209.18280021669773,45.19010780606627,30.724690163313184,70.00715555470951
209.185005752151,44.062950434250965,30.219194228267092,70.10332272486906
209.86740398895057,44.4158083292979,30.180754761694622,70.52310892509348
210.03451998475634,41.990332514438634,30.389376602327967,70.9787549212671
209.4183964476053,41.73471954226427,30.61971299013714,71.59629723091743
210.35797261444597,41.73366588146396,31.170076018241677,71.22570725875966
210.9873373003589,42.61597547657318,31.423485966789357,70.8488189054095
210.28177767515504,43.59011372534784,31.848821461417806,70.37806430422249
209.41710343017766,45.072486626064915,31.928581604891225,70.09800611722926
210.50543500337517,45.91437646193822,31.792362594162128,69.65743699960558
209.5049057662486,47.35765665310217,31.555542984232464,68.92026373847824
209.84503054608945,46.69493371244451,31.239543488447016,68.32032474068131
209.60018661465105,47.95561856714815,30.814516716905278,67.61778635585136
209.18208159433414,46.79848044761488,30.55534978915534,67.50846192124237
212.88782281519713,45.34558013821988,30.649505946825105,67.47066164701174
210.81968101445358,44.64291495322837,30.763049184237474,67.86410100957136
210.02491808238813,46.90782239825094,30.67745469466969,67.54243936735946
209.94192825503376,45.4301431410996,30.453480020841425,67.4379133334749
210.20526998028038,46.888747444346336,30.347701862382333,66.73700044612815
210.8868246009887,46.974893567224356,30.206496660348655,66.19481149045313
211.09753735291235,45.989571795098286,30.001495576977266,65.9507114205085
211.29249086092508,48.09417585135284,29.835460134757643,65.46210701245191
211.61040054609416,48.682637213191086,29.627920968953994,65.11519941166588
212.3752414494018,49.06601057884738,29.541997173202944,64.28377167189515
212.337851249937,49.410568864183816,29.323814752794785,63.850642030162106
213.0876663678808,48.75027591846987,29.27021990203903,63.69135247622409
213.03987830098168,49.63188337321907,28.80366403491406,63.39740922657677
213.8333521906936,48.77365631082512,28.478072609249974,63.42999828102165
214.3713856548417,49.076399146422574,28.022467740928462,63.82189948259515
215.13719751231696,48.776851071616846,27.736365332969534,63.73209438661258
214.54447384115295,46.99114208485188,27.908688924610896,64.0345037236679
215.6297489489981,47.866155492511695,28.025539908261386,63.74144771923847
214.21715452072436,47.29656625510344,28.11273623970815,63.73423229890574
215.4311127037117,49.58111269656212,28.157485183639494,63.17450020624106
215.2903203643098,49.22090014246493,28.30941457577357,62.90239663744875
215.33710689004096,47.63447655548634,28.588976524778545,63.23572597960357
214.92880539697268,50.08003620584153,28.507057908761322,62.89325312893591
214.08341663581564,49.49448906474913,28.510177717185346,62.82803549858408
216.7138369557795,50.00333834545728,28.729465365526657,63.00678728983655
215.18071090796312,48.45156933601396,28.386496288826685,63.19258758632634
215.43073136165518,48.60923532805034,28.076201969911114,63.11409045614114
214.84635345433864,46.78764293407175,27.79577241314523,63.90032210002484
214.8134001882499,47.637668228164074,27.73694876809906,64.1217562206262
214.7370716484992,47.93852082169044,27.751562429073775,64.15703532226594
214.80216737117289,47.34034318884335,27.77226006746952,64.4888838068589
215.02549658840445,47.43873079019112,27.89036535781033,64.62288589164656
215.4946336304238,47.30824635254764,27.990193423734983,64.89186188261797
215.65644019849583,45.92658703794048,27.90525297619432,65.32738047635561
220.28104804392328,45.926971606310104,28.052607491027928,65.60919773535687
220.53256251207483,47.53201422695275,28.425398357009048,65.4923136545025
219.55264248862042,45.669891094804804,29.118707770945164,66.1598174890651
219.76200469414505,46.39980186190566,29.340740622602674,66.50632794701275
221.08482185799014,46.46043852510094,29.61151507214941,66.41193941672006
220.74448081650615,45.301729649222764,29.949455844520884,66.74596957902176
220.70352025216314,46.62488449403344,30.050129075015697,66.66513225382607
221.1408936945732,46.663022157213994,30.195966058222307,66.55521152482486
221.45528308989316,46.63039433892884,30.34833444957021,66.43930441663466
221.87781848142993,46.39060303730936,30.360567643509302,66.48745021295642
222.19121293358646,46.41595824803516,30.328689360839313,66.41741987163552
222.29372338167357,45.93307721882807,30.406027796511275,66.50149309681301
222.0012620001752,46.38867466238028,30.404323791395868,66.7989857535776
222.35331457205766,46.573250688646276,30.210737377317688,67.14517163315544
222.35910771158888,45.243836491460314,30.132744863156383,67.63393724714712
222.6204067809651,45.46629665604226,30.04071974080904,67.9418794906532
222.74634655094954,45.10167839648405,30.163597073494124,68.50218673091908
223.9826053261027,44.33168911359566,30.19125285349478,69.03600897135559
223.56140061898557,43.373341751625816,30.18450117926246,69.49898491382402
223.4375828442336,42.768980066017015,30.260424792173335,69.84953312654095
223.31794407820058,40.15492161872909,30.78270464119109,71.08732600073105
223.9704805305497,41.50175025606961,30.883467722630286,72.04510934647237
224.47315542838084,38.23901926401575,31.436621912372992,73.31015625337062
224.92132620642928,38.963709666774754,31.625338091719165,74.61048266983748
219.66338756169398,39.00120840889441,32.086154040857735,75.09024790665987
213.90069382956085,35.3094072213799,32.88109659698196,75.94747546479437
215.2439467110816,37.229679786151806,33.75141504124632,76.5952750045926
216.7709853057775,37.87980218442419,34.449566588732026,76.82510849994082
224.3135160970348,35.066056029088315,34.853932572745705,77.4547294116868
217.53851451662206,37.62233581854876,35.37838679863469,78.17008025604471
217.5513686371302,37.76199011364841,35.90483643649412,78.58782807854226
216.4881507567168,34.74413157580581,36.69006028230474,79.4677305065529
215.34019622348052,34.72491384956648,37.09980361067153,80.50640354314564
221.28627517571624,37.22413474551168,37.24753218080946,80.51867294433995
216.9723774442731,31.729776623918085,37.906493243518725,81.40830433340116
214.58887252492204,33.60483690846232,38.91404763979227,81.66328544506831
213.15007387028433,32.3865025179623,39.78502835666047,82.40767476802239
212.32072438904476,32.39306330307272,40.60667580832878,82.43906742918534
215.53054227756715,31.627078733693118,41.11879128250466,83.01406951214697
212.36908423239066,31.409790730242506,41.94805932064205,83.18423281791829
210.9025964433268,30.928635768064325,42.67859511376618,83.26774521114672
209.9422326659369,31.754878594821975,43.8443807282383,83.29798725214283
209.97222343339536,31.86956219070153,44.44304553845996,83.46334532350247
209.62732205395176,31.162829033761994,45.27338915048988,83.57022286842249
208.04416028291354,31.98912809761977,46.08371632225078,83.75710680972244
209.2372078774764,31.893543094729885,46.22426083306093,83.77570888170438
208.97427170298724,31.54364146033501,46.43192833208085,83.7012512719312
210.50735123320982,32.08159295716,45.974280957960815,84.24150211453153
211.57024059567865,31.201516484981795,45.74100704431005,84.66293342593048
212.79269877390306,30.239985392704767,45.21480389987446,85.18927067113822
214.27766430739723,32.95525051440995,44.41311194955485,85.32418918871419
215.9113765962117,33.022899801068036,43.700417787270126,85.3737261536661
216.36657551403692,32.04146396596742,43.30755039290388,85.56431486583664
216.9725660077925,34.39442619265888,41.96070605857761,84.77029450905711
218.31645703825342,32.05251742374908,41.23713927628123,84.96798753134325
218.3062598742009,33.00764391589943,40.88955479312228,84.82315844097108
218.46046304078936,33.79772319445911,40.39196869674744,85.00432393189402
219.00644258962168,33.21203707584608,39.935357203834386,84.67200950263144
219.15022591343504,32.98009894207381,39.639244561449075,84.54595070586018
219.35209265729907,33.09408009813146,39.49319861258324,84.51211617692417
219.7347104049042,33.80795797277629,39.46911146999595,84.59124595619895
219.29186183976188,33.014297924978514,39.18581000122817,84.34713108666084
219.21590439578782,32.52421212168952,38.85770830001153,84.29613637816009
218.2077356450535,34.02242241279335,38.69537014992989,83.85717658086455
218.9492518978929,34.35237481123143,38.54546907678435,83.61875673119297
218.7465344522282,35.09692683481508,38.166286901730416,83.08183515577784
217.55362065628287,34.346173147915096,38.174751288664964,82.53349254254778
217.59809130009594,35.84155439232336,38.13554892226392,81.58010836488847
217.41081844184635,36.63273127222698,38.51528755886309,81.05038800981299
217.5008235980071,35.16656822597204,38.58960856706581,80.74009363418321
217.0019728584882,35.7855073811759,38.580689519789814,80.53193515333483
216.93246673637267,36.40569839986031,38.7869008526539,80.20475349438397
217.2352553500149,35.14451480068424,38.88516918592011,80.00915389776846
216.49400790044734,34.77946013387417,39.18122242512786,80.4299065717378
216.0673981254413,35.44498324435544,39.52843287327232,80.2282087480302
215.81855939965155,35.47905168429176,39.80529143273048,80.16575420572104
216.06637380926054,34.41048049301045,39.767132017256216,80.27495059295285
216.4546219056751,34.96136221555044,39.5252903225274,80.37483323742671
216.6175180419095,34.94523356636241,39.52778860195947,80.52817912255041
216.2069209548726,35.218551670457074,39.430187667238116,80.38967996761235
216.01803774443272,35.08860617226138,39.36778433647373,80.40787457647437
215.46592757731065,36.11239001792438,39.25984992466225,80.28397217025883
215.28842577004409,37.42115249952511,39.07582966300522,79.65933756502858
215.55742733746283,36.414327519289444,39.04213874540331,79.61423165086612
215.6029191795154,35.240589931819386,38.747399369650644,79.8783480611578
215.66857975495265,33.77290581582089,38.27837332184927,80.27771866398913
215.52785207498843,33.58410806804914,37.9652830789792,80.96048055305108
214.6056358616197,33.036826614583134,38.04500400650249,81.33182901248477
214.7897290378476,32.89365384890745,38.042651383552254,81.63041078788135
214.6327892452986,32.11673962313544,38.1345567746004,82.03275653812379
213.92663044664297,32.810044558214884,38.34525069370426,82.43266869879528
213.58298712188093,30.267188432582827,38.5410085043554,82.73347599324177
213.04615787784755,32.43018871224265,38.776875072713935,82.66198822078735
212.63462665246067,32.9472486465483,38.90310540306916,82.68193214917312
212.61586966754254,31.664463731752015,39.056566880227265,83.07024944771406
212.92124204081546,33.27742736360514,39.31206209864345,82.92065284578149
213.16272284523,31.059536174436914,39.37021964808229,83.39334933430166
212.79129203416127,32.02636891644093,39.88551808273981,83.5757228879981
212.4669344472291,32.5733274560975,40.12523914816562,83.65215826763881
211.99136369639058,30.677958922706352,40.729185918607214,83.88893882578463
211.71997083825858,30.744104690767287,41.17937708581133,84.28420376863997
211.33418991968142,31.17508678348983,41.65033735116731,84.25330762213531
211.18732741532904,31.847859363327736,41.94389836099527,84.26996319945901
210.17404000196115,31.92865574553896,42.640655773447264,83.89567066410913
212.52634635982378,29.579467473125916,42.31832006959339,84.67824806800505
212.4789416856455,30.69984302428916,42.27210059648157,84.89429313495957
211.95497028541342,30.588104007216444,42.52314914464543,84.4465544428019
211.33640435875543,29.892027234836313,42.7681690170464,84.28975576569174
210.98527639456753,29.699549676875407,43.24137980765912,84.15997023572808
210.44508607016962,31.019787214918424,43.71262411345265,84.05135551120455
210.5287762028292,29.422529732114576,43.94887932019273,84.1072880087794
210.47096177352742,30.098254135438808,44.778496900167,84.5898331138741
209.84239862509727,31.90023705196932,45.10978049463854,84.13367678627573
210.6215977465771,29.856085141300866,44.93326134294169,84.50934008370211
210.77092260417257,30.629533803060852,45.194765171699906,84.79132044763637
210.77048817721447,29.2856844735093,45.165880467278406,85.12133163344235
214.75191585059457,30.18489282986677,44.9862821281171,85.91573031989734
211.88560663295047,27.044160386289228,45.10777127950025,86.19894758360881
214.8315012052213,26.68326312426214,45.38336151423107,86.70984092179282
212.7208908511798,26.943252314706875,45.13488283953206,87.10661160105731
211.9090153293379,25.92281218907727,45.56621816895193,87.50247291711297
210.76831103629752,25.887914763459513,46.033099243436006,88.33424162622812
