367.5,177.5,17,17
367.1111341551011,177.72452552744966,16.752640414224913,17.25004467111387
367.4467967151355,177.21451863909124,16.756531492123734,17.417004460804492
367.1739107921661,177.48523212300285,16.691721761238398,17.661221487789483
366.91698813543974,177.82617860055626,16.588051212703004,17.8702644305098
367.2338197471592,176.77254942173724,16.46646281741203,18.039565858941007
366.9782423754131,176.51961958623903,16.504171430151583,18.20139872596709
366.00592924769,177.0007786986308,16.37296293446861,18.48710556088354
366.058897056988,176.78013823657338,16.440655720609236,18.493301307576807
366.01631812437626,176.13058751071125,16.46738591299945,18.723775044190283
366.1055229731863,177.19324685883268,16.693083219783496,18.84226843214544
366.3103232677483,175.8607391303012,16.972851474691765,18.9084250558954
365.7540011734686,176.4712052022027,17.12990756091042,19.0552452257063
365.2692695255616,176.32087199398626,17.160501141987538,19.278105698352107
364.5043852239251,176.04281546525633,17.28155592766408,19.472956732363002
364.1084992362298,176.3794296262486,17.544809583924668,19.61803300870993
364.1928422633264,176.18243541085758,17.68797944194009,19.777436988770194
363.9059887179283,176.22412124302966,17.973209409952588,19.807248196959826
363.83958986773666,175.76517506749585,18.287917058923327,19.647272444046443
363.53484252036134,176.0478384964816,18.522709061642114,19.81532936083233
362.2400920623271,175.79815837183193,18.867154063785343,19.825959060319335
362.55594518772085,176.55316904785627,19.20042626949507,19.834391306293135
361.5587006904151,175.64296655297886,19.393422453857266,19.831928544926406
362.1264087004332,175.65704456230762,19.57726142821344,19.903138960187412
361.4138885442319,175.2170888106822,19.709050226181258,19.96319340252895
360.87036379509067,175.275319617685,19.842167141131615,20.05940053523321
361.04849347339984,175.4428056188518,20.104932955316418,20.25145780879377
360.6417852970667,174.80152093123965,20.27272943875048,20.324802483090295
360.57659702506083,175.77485075317958,20.393704198483807,20.448076015251104
360.136904044031,176.0958331829857,20.39827636545374,20.472071527133124
359.4175928235054,174.64563888550458,20.39250374119733,20.560513014780355
359.3430551456073,175.93745286961757,20.529254698609986,20.65546843011451
359.08031681258433,175.2934234028431,20.441861625123487,20.883004568939935
359.56546661359937,175.1275874565411,20.52477895729745,20.937539807882224
358.89701386248083,175.1038940613589,20.436460274544658,21.001863870869855
358.9503275969969,175.0200867325566,20.37187408861341,21.1024103763448
358.716116467983,174.73668602938517,20.237381298041882,21.203811712735593
358.2630625298983,175.6226129437594,20.131286672914314,21.23532382980316
358.90365354607013,175.5601569225759,20.159315298644046,21.27861897130893
358.5168223592851,175.33091465885684,19.96627604543657,21.520494557191995
358.82031661047654,175.3437510451338,19.835014266724535,21.652737019203787
357.9268446130402,174.97309141469978,19.540092950928294,21.87502892773883
357.5715316491472,174.0674252164502,19.467834280935993,22.051118266033313
358.11393024979526,174.7317260880557,19.529833186932027,22.13162933391088
358.1010519562571,174.82779167198473,19.727630072589434,22.35200736900997
357.74431514813256,173.52021451807786,19.751302353503824,22.40675260776244
356.77703797753236,173.92208598145928,19.681865806108632,22.48008040596377
356.71109271425235,174.01299021374777,19.631853968772266,22.728706734620623
356.3370752007562,173.99607267388262,19.684397860644108,22.885794072055646
356.5282968083036,174.1236489298245,19.5922308749309,23.11507330379371
355.6470414088375,172.97071582193166,19.833592992222464,23.36211903351068
355.2190974485519,172.56116441613932,19.748975348580906,23.627063336317768
355.289993025364,173.226899494689,19.751089164052853,23.810132182590586
355.81527874089164,173.24546644429392,19.97488077392166,24.001496652836064
354.92559176647006,172.52651552041252,19.94206979291713,24.150423500217425
355.0125720413141,172.66577017286525,19.98184834034742,24.329721110356704
354.06399278256333,172.16275045106568,19.875138277984377,24.57030298340306
353.8354259952381,172.75368392828878,20.104206987761017,24.754553625583124
353.9678955773715,171.8528101088237,20.200598600900847,24.923957137811982
352.969318609052,172.10089298563872,20.29682296734189,25.102620330772297
352.95530052889586,171.82491455015762,20.332380759315946,25.25082210315322
352.59282192721724,172.65521004843418,20.40877541212845,25.34191064628053
352.82072913695976,172.4131485271636,20.505652452299145,25.26784304503436
351.2329924130148,171.40622109641754,20.431407472530935,25.47472158816708
351.56948116134464,171.8013581426168,20.52328983104632,25.589771954844466
352.3067675631599,172.32211734460054,20.598250632991377,25.648954644550685
350.61186642909854,171.9284453669518,20.865367707098535,25.875113180288714
350.1869467027796,172.3556366870826,20.966366470077332,25.942556962241603
350.6347392012825,171.74652593621653,21.18726957216971,25.993003071441443
350.28943779059676,171.61999950845566,21.389480755739086,26.101812776013688
349.72090624533337,171.29934702835286,21.535870363847838,26.303047315715684
348.79236528287777,171.37948398179662,21.410494889390748,26.490990121302936
348.7906842941559,171.60138471314414,21.511891315756156,26.631694216621835
348.2902025943255,171.4722135952278,21.546705802510353,26.672810573023764
348.2669054598207,171.23295068685923,21.679694634837233,26.769050496797494
347.298194974004,170.78994633523945,21.865423549814807,26.916878741491352
346.3917058003037,170.78125484900397,21.846529076361147,27.11457345340702
346.37496276256377,170.92618647981556,22.062871607286308,27.317885728177984
346.1133142072544,170.60638474364524,22.146460336013817,27.28848726360611
345.36307847384734,171.26659244026925,22.131025468904546,27.433659247906288
345.2830129364332,171.00117312153066,22.330009935737806,27.553497812427413
344.33215225992706,170.79482888851206,22.363420360405414,27.74571765303832
343.94439795724327,171.30962932400752,22.395274953092912,27.819517370082934
343.8964650653523,171.14005840655005,22.4939104538902,27.834534540929653
343.2415732467613,171.1258784015036,22.486516556968834,27.878547442271024
342.8841077408141,171.34838857222132,22.520808778732565,27.81237440184188
342.13931159836574,171.44777534922983,22.413578682609675,27.921822784050768
341.6531426339571,171.47520170378013,22.51387878345836,27.91305392014835
340.645772007302,170.9323189046495,22.669626148867216,28.222115445457344
340.30155923342465,170.60015003327607,22.66628173907949,28.275677896284467
339.93010705180563,170.8050305096323,22.779799081252772,28.548300302050567
339.2462162990367,170.5983074535028,22.862397633909808,28.79197489202601
338.4373698204579,170.7724479979974,22.931549641245933,28.99006997176468
338.22260463632813,169.86191598637927,23.112870801255458,28.89982618326389
337.20813626278664,170.17066399510716,23.309561483198593,29.070094119017025
335.9058554509417,169.80271677315753,23.346402216843288,29.29283727488377
335.8437747642688,169.8551941320036,23.57394374128218,29.54481349853495
334.5649132010081,170.1623857653661,23.70574590451621,29.91546034646065
334.1393891500286,170.0391210133506,23.91800792897588,30.374402133316163
332.8028193098771,169.00370371409443,24.360689588114877,30.838238884271448
332.5841420063615,168.8113831406853,24.393213620156764,31.37383660219182
332.5394320070858,169.09500118065728,24.56038356393148,31.63492907210978
332.7329725859269,168.5268078619648,24.48122196811219,31.860061720751887
333.8953337335185,169.29122799785287,24.551024008790243,31.79659067352414
335.4359967455224,167.67492863713238,24.277324470607056,31.87922840024467
334.27661481059926,167.11858847149793,23.974480798415314,32.26359099393419
333.87372423499403,167.62930052591597,23.707375840273695,32.70990634795062
331.67775856973753,168.97074315542056,23.971773734965126,32.818276801450544
326.0194565728648,167.2770584570015,23.90550419355442,33.49453155328443
324.8889640811509,169.76684589568754,23.549814992182924,34.158386432076924
324.4752578278094,166.89163548093975,23.597291781283257,34.72987984000266
323.2575869271894,166.80000300093795,23.31195096152115,35.03469472670446
322.61157295975664,166.5371370863961,23.425805592782464,35.178179703867116
321.87214278189043,166.82909711885753,23.620188953046735,35.18479855791625
321.3418550841175,166.93544987850711,23.791795106019798,34.92946021294445
320.9523737310077,167.38382817224104,23.89211702940632,34.71250586441778
320.3876579758599,166.19881577908737,24.038512498442184,34.5762559505603
320.11523581580104,167.52106648146057,24.730566135051923,34.42309685195103
318.2208709783546,168.30576900259413,25.33084618874436,34.23814200690372
317.76846676581636,167.8516932348095,25.88190173253227,34.00580909022541
316.7537865330283,168.0110346835971,26.640963597911504,34.16520297845301
314.6324127098126,167.29057322150513,27.135459806201993,34.11259348343226
314.14740367457654,167.772341729889,27.418640859137977,34.30947068556708
313.40385267452154,167.88085150492762,27.74889800489309,34.55160764870397
312.0619657985235,167.44102357743978,27.890070648338202,34.78045129502717
310.58621861298315,167.47709716978497,27.831533080866095,35.15420231537864
310.0032719962829,167.6461936302111,28.03725336304507,34.69809202820058
308.5459037043406,168.1309103692576,27.86178022441074,34.94932138236766
308.3279134175106,166.43133995779672,27.918351067636273,35.29375277078016
307.79745272466346,166.24040374127432,28.141571609519605,36.063225536323486
306.19698533967625,166.61533239765518,28.24523875177791,36.400351546659024
305.07145016451636,166.3341411942951,28.427004397431553,36.69129532494398
303.9260594136729,165.83897651388875,28.543839756921933,37.08711103104787
303.0316837263326,165.54757406110508,28.9078707250702,37.508817992832434
302.388731883372,165.53864294560657,29.481041619090767,37.79428162444323
301.06537031979923,165.74820378334917,29.762517735051535,37.94507583965168
300.0612429778895,164.25100626611834,30.01485951890002,38.54081641320633
298.5575536530917,164.24286259005552,30.174593124168794,38.805520367943544
297.8874283328768,164.62985468883596,30.61957508593347,39.10930080070031
296.2321132280782,163.2712649295819,30.994396398512254,39.50722472876963
294.5245272786654,164.3478926074448,31.476739394139635,39.54572347575075
293.286849724331,163.58718411293623,31.535099931122655,39.837052826866575
292.2748140996044,163.14622583677635,31.943885426372002,40.225862209319786
291.67731897804225,163.53928561008044,32.33769566442274,40.60896597127483
290.535037878676,163.96695157966226,32.96586087810124,40.85155766854765
287.8679674789969,163.36807632742241,33.51341110128765,41.0174127739337
286.45298219963536,163.09583831808365,34.115562217261655,41.13212178001508
285.0758988841915,162.260910597727,34.497518345524924,41.621202532007686
285.21683160596416,162.2381953075707,35.13465120300877,42.33694968927803
282.22891537649053,162.77685984251696,35.31796123153603,42.82234115657115
282.35904922396236,162.27549115314815,35.690058048082236,43.04731016181939
279.51334591288924,161.85290711223467,36.19144983105616,43.60450966769189
278.6185702019088,161.41090732556316,36.62079584110594,44.199931118180714
277.5870899949364,161.00581090657906,37.185284518142936,44.5970449327877
274.5753370013287,160.39288388622214,37.640734398790855,45.157583166635824
273.77178069829324,160.95569440196135,38.137342139215434,45.604660132250594
272.1202962360224,159.80719349284772,38.195883621206434,46.2759396613925
270.14894643725734,158.77437532805556,38.44228271214476,46.932600151361946
268.84333428603276,160.31564484667294,38.70540659078108,46.84557050018982
265.8881417929168,159.04043353562392,38.711975830705626,47.81641245765316
264.9712680793913,159.72779510279864,38.997863946652835,47.94446165454148
262.64856817642703,159.25109190936809,39.0624579740779,48.417568658000704
261.10607707375607,159.5849918075335,39.244750960898784,48.63348812713089
259.46580818633635,158.93264676404354,39.31285301338714,48.9436458077807
257.6059144268229,157.97826769705142,39.56261499301581,49.79358655513774
255.2852660690845,157.79878900353526,39.928485320705676,50.03644269956819
251.86299457617878,157.58024349534725,40.493234090361184,50.25563990686408
250.0948916617574,157.57628957107846,40.98768829605021,50.51342964879802
247.76758009548735,156.3897865288688,41.35667977194362,51.450412974733446
246.06342891654774,155.63068059237963,41.90805473495591,52.266570883573735
244.0808082897473,155.51238566455996,42.56707331132594,53.07263013151275
240.33799012936956,154.58344219996343,43.44030957714977,53.75853787178678
238.76719932259115,155.07105539740675,44.07994378775246,54.608476271822
234.5112238879898,153.69957918510764,44.48604348355434,55.48993951967004
232.14589000895612,153.47984482105377,45.47755976380797,56.352591152498086
227.9165879597294,154.65353053978558,46.883620698961806,56.63378383437344
224.9236257756776,153.63780818241855,47.747655475848376,57.22249096976179
222.37135391705976,153.09218132298219,48.14624416455012,58.1201469546601
220.36243158329358,151.55882224648735,48.58234416121455,59.22512222968953
216.494011948429,151.1999638412172,49.32886179474378,59.72196467108542
212.9544930784171,151.70895845132046,49.99027124649855,60.225618493443285
208.00858557799688,151.22012786635125,50.22771403206801,60.606733073053476
204.86662423550757,151.43515271266256,50.87499902936347,61.33207197410455
200.83170179005322,151.345571119979,51.327335508864735,61.68799033446613
197.3989973645376,149.5905474758284,52.27612315170505,62.47887301285831
192.36128770455076,150.7036826813909,53.47933387640286,63.064209247317415
189.05102651363677,148.6422083346984,54.1405571707064,63.833944868879286
184.1772995417908,147.85836233527147,54.86523546437395,64.83993020555512
179.15843155242302,147.47192477801872,55.93580168145179,65.27456439856323
175.1660743867732,147.7985240171136,56.40450048311884,66.44516672260431
168.6589687833822,146.19443391019945,57.63776686568215,67.23002092096024
164.2551852589668,146.18576836240877,59.182640032524375,68.2767796641322
158.77851290399488,145.25022330572864,60.4982703564819,69.28709049206157
151.22175171820797,145.80171637690688,61.352377101529825,70.35064258823044
147.0271286797119,144.81588323859802,62.50822140316187,71.36010840203006
140.6543631878013,144.18190802105113,63.40919843953436,71.98630420989602
131.8242233847851,142.8512075429463,64.67091656790559,73.19103190160224
124.95724236468604,142.66328343204003,66.1440238870344,74.44290353516558
118.64717285475824,140.73117354433856,67.59141910958775,76.02597726106896
110.98357933543286,140.36191439709478,69.18565879869016,77.92198008695917
104.38551426474439,137.51724549924754,70.05580493890743,78.94226003658427
97.38433730841304,137.59272971627587,71.24128911585237,80.69516135064313
88.15324887309927,135.73761844684736,72.62422328018107,82.14769489032416
79.82284433229621,134.64176925370765,73.5977250039991,83.32750405731953
69.27867220500309,135.8050001379517,75.2846181477455,84.97113792329186
61.45630611574713,131.10241343174465,76.82273144503183,86.26551154627724
50.968597849171005,130.78235158840533,77.74455911099659,87.82155406001279
40.301816898371854,130.83244297205772,78.46415693178434,89.42670500242477
29.021679861930636,126.90912543374009,79.48864151492069,90.74856362031981
18.11288709153557,126.95731859515979,81.63535532109168,92.23366244972499
6.474866914112603,126.99468224285394,83.47659266690441,94.55160363997817
0.4672999847580712,128.27992220624915,83.08797038395087,96.77182939403491
-3.070890812803782,123.03557290320752,81.027384320078,98.81067982506934
-2.480459709119579,124.25687699088223,80.01766823731096,99.98529085939094
-15.421720387563937,118.26300186019472,77.5826046027446,101.11847931504089
-9.859773249789171,117.49994316753296,75.76020015721215,102.41288046985274
-5.062531894973844,140.56001439883397,75.01494535285494,102.97897915715305
2.1788138843890934,148.9419337938695,75.01167540972965,102.8975191360029
2.2035234409321944,146.9873881520021,74.96686451473592,102.92380030392349
16.680569253972735,151.91172137346678,74.99249586533941,102.88797432272509
29.97847758012523,158.78819131460583,75.04644994972875,102.82269942610374
