244	154	26	34
245	153	26	35
245	153	27	35
246	153	26	35
247	153	27	35
248	153	27	35
249	153	27	35
251	153	27	35
253	153	26	36
255	153	27	36
257	153	27	36
259	153	27	36
261	153	27	36
262	153	28	35
264	153	27	36
266	153	26	37
267	153	28	36
269	153	27	36
271	153	28	36
273	153	27	36
276	153	27	36
278	153	28	35
280	153	27	37
281	153	28	36
283	154	27	36
284	154	27	36
286	154	27	37
287	155	27	36
288	155	27	36
289	156	27	35
289	156	27	35
290	157	26	34
290	157	26	35
291	158	25	35
290	159	28	36
291	160	27	36
292	161	26	35
292	161	26	38
292	162	27	38
292	163	27	38
292	164	28	37
292	165	27	38
292	165	27	39
292	166	27	38
292	167	27	38
292	168	26	38
291	169	27	38
292	170	26	37
291	170	27	38
291	172	26	37
291	173	26	38
291	174	27	37
290	176	28	37
290	177	27	38
290	178	27	39
290	179	27	39
289	180	28	39
290	181	25	38
289	182	29	38
289	184	27	37
289	186	27	36
289	188	27	37
289	190	27	37
289	192	27	38
289	194	27	38
289	195	27	40
289	197	26	36
289	197	27	37
289	198	27	37
289	198	27	38
289	198	27	38
289	198	27	38
289	197	27	38
289	197	26	37
289	196	26	37
289	196	26	37
289	194	26	38
289	193	25	38
289	190	26	39
289	186	27	39
288	183	27	39
288	181	27	39
289	178	26	40
289	175	26	39
289	173	26	38
289	171	26	37
288	169	27	38
288	166	27	40
288	165	27	39
289	163	26	40
288	161	27	39
288	159	27	39
288	157	27	38
288	155	27	38
288	154	27	38
288	152	27	38
288	151	27	39
288	149	27	39
288	146	27	41
288	145	27	38
288	143	27	37
288	141	28	38
288	139	28	37
288	137	28	38
288	135	27	39
288	133	27	38
288	129	27	39
287	124	28	37
288	117	27	40
287	111	27	38
287	105	27	38
286	101	28	39
286	97	28	39
286	94	28	38
286	92	28	38
285	91	29	38
286	91	28	38
285	91	29	38
286	91	28	38
286	91	28	38
285	91	29	37
285	91	29	38
286	91	28	37
286	92	28	37
286	92	29	37
287	92	27	37
287	92	28	37
287	92	28	37
288	92	27	37
288	92	27	37
288	93	28	37
288	93	28	36
288	93	27	37
289	93	27	36
289	93	28	37
289	93	29	37
290	94	29	37
291	95	28	36
292	95	28	37
294	95	28	36
296	95	28	36
298	95	28	37
301	95	27	36
304	95	27	36
307	95	29	35
311	94	29	36
316	93	28	35
322	93	28	36
327	93	28	36
332	93	26	36
336	92	26	37
338	92	27	37
340	92	27	37
342	92	28	37
343	92	28	37
344	92	28	38
345	92	28	38
346	92	28	38
346	92	28	38
346	92	28	38
346	92	28	38
346	92	28	38
346	92	27	38
346	92	27	38
345	92	28	38
345	92	27	38
345	92	27	38
344	92	27	38
344	91	28	38
343	91	28	38
343	91	28	38
342	91	29	38
342	91	28	38
341	91	28	38
340	91	28	38
340	91	28	38
339	91	29	38
339	91	28	38
339	91	28	38
338	91	28	38
338	90	28	39
337	90	28	39
337	90	28	39
337	90	27	39
337	90	27	39
336	90	28	40
336	90	27	40
335	90	28	40
335	90	28	40
334	90	28	40
333	90	27	40
332	90	27	40
331	90	28	39
331	90	28	39
330	90	27	39
329	90	28	39
328	90	28	39
327	90	28	39
326	90	27	39
324	91	28	38
322	91	28	38
321	91	28	39
319	91	28	38
317	91	28	38
314	92	28	38
312	92	28	38
310	92	28	38
309	92	27	38
306	92	28	38
304	92	27	38
302	93	26	38
300	93	26	38
297	93	27	38
295	93	27	38
291	93	27	38
287	93	28	38
284	95	28	35
280	95	28	35
277	95	27	35
274	95	27	35
271	95	27	36
269	96	27	35
267	97	27	35
265	97	28	35
263	97	28	35
263	96	27	35
261	97	27	36
260	97	27	37
257	98	27	34
254	97	27	36
251	97	28	38
248	98	27	38
244	98	28	38
240	99	28	37
236	99	27	37
232	100	28	37
228	101	27	37
224	101	28	38
223	101	27	39
221	101	27	39
219	101	28	39
218	101	28	39
217	101	27	39
215	101	29	40
213	101	29	40
211	102	29	40
209	103	28	39
207	103	29	39
205	103	29	39
203	103	28	39
200	104	28	38
197	104	28	39
194	105	29	37
192	105	28	37
189	105	29	38
187	105	28	38
186	106	29	37
184	105	28	39
183	105	28	38
182	105	29	38
182	106	28	37
181	106	29	37
181	106	27	37
179	106	29	38
179	106	28	38
179	107	28	37
178	106	29	38
177	106	29	38
176	107	28	37
175	106	29	38
175	107	28	37
174	107	28	37
173	107	28	37
171	107	28	37
170	108	28	36
169	107	29	37
169	107	28	38
169	107	28	38
168	107	28	38
167	107	28	38
165	107	28	36
162	108	29	36
161	108	28	37
159	108	29	37
158	108	29	37
157	109	29	36
157	109	28	36
156	109	28	36
156	108	28	38
157	108	27	38
157	108	27	38
157	108	27	38
157	108	27	38
157	108	27	37
158	109	27	36
158	109	28	36
158	108	28	37
158	108	28	37
159	108	27	37
159	108	28	37
160	109	27	37
160	109	28	37
161	109	27	37
161	109	28	37
162	109	27	37
162	109	28	37
164	109	27	37
165	109	29	37
165	109	29	37
166	109	28	37
167	109	28	37
168	110	28	36
171	109	28	38
173	109	27	37
175	109	28	37
177	109	27	35
180	108	28	37
183	109	28	36
186	108	29	36
191	108	29	36
196	107	28	37
202	106	28	39
208	106	28	37
212	105	27	39
216	105	28	39
220	105	28	38
225	105	27	37
229	104	27	38
233	104	27	39
235	103	28	39
237	103	27	39
239	103	26	39
239	103	28	39
241	103	28	39
242	103	29	39
245	103	27	39
246	102	28	39
249	102	27	40
251	101	27	40
252	101	27	40
254	101	27	40
255	101	28	39
256	101	27	39
256	101	27	39
256	101	28	39
257	101	28	39
257	101	29	39
258	101	28	39
258	101	28	39
259	101	27	39
259	101	28	39
260	101	27	39
261	101	26	39
262	101	26	39
262	101	28	39
263	101	28	39
263	101	28	39
263	101	28	39
263	101	28	39
263	101	27	39
262	101	28	39
262	102	28	39
262	103	28	39
263	105	27	38
263	108	27	40
263	113	27	40
263	118	28	38
264	123	27	38
264	127	26	40
264	129	26	40
264	130	26	40
263	131	27	40
263	133	27	39
262	135	27	38
262	137	28	39
262	140	28	39
262	143	28	40
262	146	28	40
262	149	27	40
262	153	26	39
262	157	27	41
262	161	27	41
262	166	26	40
262	172	26	39
262	176	26	40
262	181	26	40
262	184	25	40
261	187	27	40
261	190	27	41
261	193	26	40
261	195	26	39
261	197	27	40
260	200	27	38
260	202	27	38
260	203	27	39
260	204	27	37
260	204	27	38
260	204	26	37
260	204	26	37
260	203	26	38
