272.0 369.5 42.0 25.0
272.2210769096943 369.2789230903057 42.0 25.0
283.91701953191733 366.1651548341439 42.84 25.5
296.4741545969907 365.67405419659707 43.696799999999996 26.009999999999998
311.97041374133437 362.7980512326003 44.570736000000004 26.530199999999997
327.903640885678 357.32843594424355 44.570736000000004 26.530199999999997
336.7025872191215 361.84681379114693 44.570736000000004 26.530199999999997
354.37490176003706 357.62100167775793 43.696799999999996 26.009999999999998
364.2757659919568 352.3687550312929 42.84 25.5
378.24950488231093 355.1830633194012 43.696799999999996 26.009999999999998
391.23503994738434 350.69715120601217 43.696799999999996 26.009999999999998
406.73129909172803 347.8211482420154 44.570736000000004 26.530199999999997
421.23767007389165 343.302770395112 44.570736000000004 26.530199999999997
434.3171848938752 341.63810487256865 44.570736000000004 26.530199999999997
442.7348985995257 342.5705624760349 45.46215072 27.060803999999997
457.6869769416893 336.8906304669515 44.570736000000004 26.530199999999997
470.41662521981834 339.7395034359638 45.46215072 27.060803999999997
485.36870356198193 334.535190147607 44.570736000000004 26.530199999999997
498.4482183819655 331.91928718361027 44.570736000000004 26.530199999999997
510.4541176217582 331.94328654606346 43.696799999999996 26.009999999999998
523.0966644417417 330.0185210235201 44.570736000000004 26.530199999999997
535.1025636815344 325.79270891013107 43.696799999999996 26.009999999999998
549.1719666636981 323.86794338758773 44.570736000000004 26.530199999999997
561.1778659034907 318.69772872401165 43.696799999999996 26.009999999999998
573.8204127234743 316.7729632014683 44.570736000000004 26.530199999999997
585.8263119632669 316.7969625639215 43.696799999999996 26.009999999999998
599.8957149454305 314.8721970413782 44.570736000000004 26.530199999999997
611.9016141852233 309.70198237780204 43.696799999999996 26.009999999999998
625.9710171673869 307.7772168552587 44.570736000000004 26.530199999999997
637.9769164071795 303.5514047418697 43.696799999999996 26.009999999999998
646.338894740623 301.6266392193263 44.570736000000004 26.530199999999997
659.068543018752 301.1217852986331 45.46215072 27.060803999999997
672.5937651987356 298.77118433463636 44.570736000000004 26.530199999999997
684.2464238565391 292.8259503255529 44.570736000000004 26.530199999999997
697.3259386765227 289.7344286408295 44.570736000000004 26.530199999999997
710.0555869546517 288.27136703736323 45.46215072 27.060803999999997
725.0076652968153 284.4939099111865 44.570736000000004 26.530199999999997
735.2334677924388 283.3048631093698 44.570736000000004 26.530199999999997
748.3129826124224 279.2621039831931 44.570736000000004 26.530199999999997
758.5387851080459 277.5974384606497 44.570736000000004 26.530199999999997
771.9612881731193 272.42722379707357 43.696799999999996 26.009999999999998
786.0306911552829 273.831789319617 44.570736000000004 26.530199999999997
799.4531942203562 268.18937338094725 43.696799999999996 26.009999999999998
809.6055216348681 263.7034612675583 43.696799999999996 26.009999999999998
820.8212122926716 261.7786957450149 44.570736000000004 26.530199999999997
835.6603191830256 260.85829255728095 43.696799999999996 26.009999999999998
847.2292504228183 256.372380443892 43.696799999999996 26.009999999999998
859.8717972428018 254.4476149213486 44.570736000000004 26.530199999999997
871.8776964825945 248.8051989826789 43.696799999999996 26.009999999999998
884.8632315476677 244.79148814438346 43.696799999999996 26.009999999999998
895.0155589621796 243.6109849566495 43.696799999999996 26.009999999999998
908.001094027253 239.12507284326054 43.696799999999996 26.009999999999998
917.7899285228764 235.77345115853714 44.570736000000004 26.530199999999997
930.86944334286 235.5356417981738 44.570736000000004 26.530199999999997
943.9489581628436 232.91973883417708 44.570736000000004 26.530199999999997
954.5382535773556 227.27732289550738 43.696799999999996 26.009999999999998
968.9403924677096 227.04122225796058 43.696799999999996 26.009999999999998
980.1629958947809 223.1107148066472 42.84 25.5
992.278938517004 216.72230869674777 42.84 25.5
1007.6692812326388 216.23120805920098 43.696799999999996 26.009999999999998
1016.40500482187 213.16189977109275 43.696799999999996 26.009999999999998
1030.807143712224 207.25938383242305 43.696799999999996 26.009999999999998
1043.7926787772974 206.0788806446891 43.696799999999996 26.009999999999998
1052.3718038140655 201.2672137299413 42.84 25.5
1067.7621465297002 199.35950926711376 43.696799999999996 26.009999999999998
1076.4978701189314 193.92919460353764 43.696799999999996 26.009999999999998
1091.994129263275 189.1507167566342 44.570736000000004 26.530199999999997
1105.0736440832586 187.4860512340908 44.570736000000004 26.530199999999997
1116.6073420479577 181.8436352954211 43.696799999999996 26.009999999999998
1130.6767450301213 181.82134465578446 44.570736000000004 26.530199999999997
1142.682644269914 178.06773381748906 43.696799999999996 26.009999999999998
1151.418367859145 169.33201022825787 43.696799999999996 26.009999999999998
1164.0609146791285 167.4072447057145 44.570736000000004 26.530199999999997
1174.6502100936405 161.7648287670448 43.696799999999996 26.009999999999998
1181.5853322649039 161.26691940668144 44.570736000000004 26.530199999999997
1188.8692187537608 158.4577111185732 43.696799999999996 26.009999999999998
1187.7555896927506 151.8837252769566 42.84 25.5
1184.891821436589 152.1040151428152 42.84 25.5
1183.7642830687284 149.48001531678875 42.0 25.0
1178.6898058731044 145.55556951085953 41.17647058823529 24.509803921568626
1173.2035639715978 142.70272372207617 41.17647058823529 24.509803921568626
1162.360836493387 135.78620422972057 40.36908881199538 24.029219530949636
1149.8875361234564 137.21756656725358 40.36908881199538 24.029219530949636
1133.0339261701884 134.81500586454789 39.57753805097587 23.55805836367611
1111.7258619343454 127.30644989572703 39.57753805097587 23.55805836367611
1091.635401369122 124.66830860938457 39.57753805097587 23.55805836367611
1091.8383353142253 117.1597526405637 39.57753805097587 23.55805836367611
1094.4764766005678 117.36268658566698 39.57753805097587 23.55805836367611
1092.244203204432 116.34801686015064 39.57753805097587 23.55805836367611
1097.3175518320138 116.14508291504735 39.57753805097587 23.55805836367611
1103.2026362400084 119.59495998180289 39.57753805097587 23.55805836367611
1103.4055701851119 118.17442236608002 39.57753805097587 23.55805836367611
1100.760511131336 115.68955810917709 40.36908881199538 24.029219530949636
1101.8929679756377 116.54651429416889 41.17647058823529 24.509803921568626
1100.356820243216 115.4492659138676 41.17647058823529 24.509803921568626
1100.1373705671556 118.30211170265096 41.17647058823529 24.509803921568626
1100.356820243216 115.88816526598812 41.17647058823529 24.509803921568626
1097.942873806553 116.10761494204837 41.17647058823529 24.509803921568626
1095.0900280177698 120.27715878719329 41.17647058823529 24.509803921568626
1091.3593835247452 120.49660846325354 41.17647058823529 24.509803921568626
1090.2621351444438 116.76596397022914 41.17647058823529 24.509803921568626
1097.065075102312 119.6188097590125 41.17647058823529 24.509803921568626
1101.234618947457 120.71605813931379 41.17647058823529 24.509803921568626
1101.4540686235173 119.6188097590125 41.17647058823529 24.509803921568626
1099.9179208910955 118.52156137871121 41.17647058823529 24.509803921568626
1099.6984712150352 116.9854136462894 41.17647058823529 24.509803921568626
1098.1623234826131 118.0826620265907 41.17647058823529 24.509803921568626
1096.6261757501914 117.86321235053045 41.17647058823529 24.509803921568626
1099.4790215389748 115.4492659138676 41.17647058823529 24.509803921568626
1100.576269919276 116.54651429416889 41.17647058823529 24.509803921568626
1102.9902163559389 122.03275619567536 41.17647058823529 24.509803921568626
1103.2096660319992 120.49660846325355 41.17647058823529 24.509803921568626
1101.6735182995774 118.08266202659071 41.17647058823529 24.509803921568626
1100.576269919276 116.98541364628943 41.17647058823529 24.509803921568626
1099.4790215389748 106.23237951933673 41.17647058823529 24.509803921568626
1095.7483770459503 107.76852725175854 41.17647058823529 24.509803921568626
1091.5788332008053 101.40448664601102 41.17647058823529 24.509803921568626
1090.481584820504 100.30723826570974 41.17647058823529 24.509803921568626
1090.7010344965643 105.79348016721622 41.17647058823529 24.509803921568626
1089.6037861162629 106.8907285475175 41.17647058823529 24.509803921568626
