833.5 675.0 23.0 18.0
833.3739047978708 674.8739047978709 23.0 18.0
827.9518111063157 674.7478095957416 23.0 18.0
817.2337189253351 674.6217143936124 23.0 18.0
816.3510525104307 674.7478095957416 23.0 18.0
810.9289588188757 674.6217143936124 23.0 18.0
800.9674378506701 679.791617680909 23.0 18.0
795.7975345633735 680.422093691555 23.0 18.0
789.6188696590434 685.0876161703349 23.0 18.0
784.9533471802636 690.2575194576315 23.0 18.0
789.6188696590434 694.6708515321529 23.0 18.0
794.78877294634 694.7969467342821 23.0 18.0
794.6626777442109 694.9230419364113 23.0 18.0
788.7362032441392 699.5885644151912 23.0 18.0
778.7746822759335 704.7584677024878 23.0 18.0
773.3525885843785 708.4152285642341 23.0 18.0
767.9304948928235 708.5413237663633 23.0 18.0
760.9952587757184 713.71122705366 23.0 18.0
757.3384979139721 718.3767495324398 23.0 18.0
756.4558314990677 718.502844734569 23.0 18.0
751.0337378075127 723.1683672133488 23.0 18.0
745.6116441159577 727.5816992878703 23.0 18.0
741.1983120414362 728.2121752985163 23.0 18.0
735.7762183498812 733.3820785858129 23.0 18.0
728.840982232776 738.0476010645928 23.0 18.0
724.1754597539962 738.930267479497 23.0 18.0
719.5099372752163 744.1001707667937 23.0 18.0
714.0878435836613 748.5135028413151 23.0 18.0
713.205177168757 747.6308364264107 23.0 18.0
711.5659395410776 742.2087427348558 23.0 18.0
711.4398443389484 737.543220256076 23.0 18.0
716.1053668177283 741.1999811178223 23.0 18.0
721.2752701050249 741.073885915693 23.0 18.0
723.6710789454794 736.6605538411716 23.0 18.0
719.0055564666995 736.7866490433007 23.0 18.0
719.1316516688288 741.4521715220806 23.0 18.0
725.3103165731588 741.5782667242098 23.0 18.0
724.6798405625128 741.4521715220806 23.0 18.0
729.3453630412927 736.0300778305257 23.0 18.0
733.2543143072974 731.6167457560041 23.0 18.0
732.371647892393 721.6552247877985 23.0 18.0
733.758695115814 721.7813199899276 23.0 18.0
723.7971741476083 721.9074151920569 23.0 18.0
724.4276501582543 721.7813199899276 23.0 18.0
719.7621276794745 721.1508439792817 23.0 18.0
720.3926036901204 716.4853215005019 23.0 18.0
717.2402236368907 717.3679879154063 23.0 18.0
717.3663188390199 721.2769391814109 23.0 18.0
718.2489852539243 721.4030343835401 23.0 18.0
717.6185092432784 720.7725583728941 23.0 18.0
716.9880332326323 721.4030343835401 23.0 18.0
722.157936519929 721.2769391814109 23.0 18.0
724.5537453603835 725.9424616601907 23.0 18.0
719.8882228816036 725.3119856495448 23.0 18.0
714.4661291900486 725.1858904474157 23.0 18.0
715.0966052006946 725.3119856495448 23.0 18.0
714.9705099985654 719.3855111494731 23.0 18.0
720.140413285862 720.0159871601192 23.0 18.0
716.2314620198573 718.3767495324398 23.0 18.0
715.6009860092114 718.502844734569 23.0 18.0
716.2314620198573 718.3767495324398 23.0 18.0
721.4013653071539 709.1717997770093 23.0 18.0
722.788412530575 704.7584677024878 23.0 18.0
723.4188885412209 706.1455149259087 23.0 18.0
719.0055564666994 706.271610128038 23.0 18.0
716.6097476262449 701.6060876492581 23.0 18.0
711.9442251474651 700.9756116386121 23.0 18.0
712.574701158111 696.3100891598323 23.0 18.0
707.4047978708144 697.1927555747367 23.0 18.0
706.7743218601685 692.7794235002152 23.0 18.0
