1278.0 380.50000000000006 150.0 53.0
1281.4661307678737 379.80677384642536 150.0 53.0
1297.410332300092 376.34064307855175 150.0 53.0
1306.4222722965635 381.1932261535748 150.0 53.0
1315.434212293035 386.0458092285979 150.0 53.0
1328.6055092109546 389.5119399964715 150.0 53.0
1336.2309969002765 390.2051661500462 150.0 53.0
1348.0158415110468 393.67129691791973 150.0 53.0
1357.0277815075183 390.2051661500462 150.0 53.0
1374.3584353468864 390.8983923036209 150.0 53.0
1379.2110184219096 391.5916184571956 150.0 53.0
1386.8365061112313 392.2848446107703 150.0 53.0
1390.302636879105 395.7509753786439 150.0 53.0
1386.8365061112313 396.4442015322186 150.0 53.0
1394.4619938005533 397.1374276857933 150.0 53.0
1397.928124568427 396.4442015322186 150.0 53.0
1401.3942553363004 395.7509753786439 150.0 53.0
1402.087481489875 396.4442015322186 150.0 53.0
1397.2348984148518 401.29678460724165 150.0 53.0
1393.7687676469784 404.7629153751152 150.0 53.0
1394.461993800553 404.0696892215405 150.0 53.0
1402.087481489875 403.3764630679658 150.0 53.0
1411.0994214863465 399.91033230009225 150.0 53.0
1420.111361482818 400.60355845366695 150.0 53.0
1429.1233014792895 399.91033230009225 150.0 53.0
1438.135241475761 395.0577492250692 150.0 53.0
1445.760729165083 394.36452307149443 150.0 53.0
1458.9320260830025 390.8983923036209 150.0 53.0
1467.943966079474 394.36452307149443 150.0 53.0
1472.796549154497 393.67129691791973 150.0 53.0
1477.64913222952 392.97807076434503 150.0 53.0
1481.1152629973935 393.67129691791973 150.0 53.0
1484.581393765267 398.5238799929428 150.0 53.0
1488.0475245331404 397.8306538393681 150.0 53.0
1491.513655301014 397.13742768579334 150.0 53.0
1499.139142990336 404.7629153751153 150.0 53.0
1494.2865599153129 408.22904614298886 150.0 53.0
1490.8204291474394 413.0816292180119 150.0 53.0
1502.6052737582097 413.7748553715866 150.0 53.0
1511.6172137546812 417.2409861394602 150.0 53.0
1541.4259383583942 434.57163997882816 150.0 53.0
1562.9159491192104 439.4242230538512 150.0 53.0
1592.7246737229234 456.7548768932192 150.0 53.0
1622.5333983266364 469.9261738111389 150.0 53.0
1644.0234090874526 470.6193999647136 150.0 53.0
1665.5134198482688 478.2448876540355 150.0 53.0
1687.003430609085 477.5516615004608 150.0 53.0
1702.9476321413035 472.69907842543773 150.0 53.0
1711.959572137775 472.00585227186303 150.0 53.0
1732.0631305914417 476.8584353468861 150.0 53.0
1745.2344275093615 476.1652091933114 150.0 53.0
1761.1786290415798 471.31262611828834 150.0 53.0
1778.509282880948 470.6193999647136 150.0 53.0
1786.13477057027 469.9261738111389 150.0 53.0
1802.0789721024883 466.46004304326533 150.0 53.0
1819.4096259418563 469.9261738111389 150.0 53.0
