1061.0 375.0 26.0 16.0
1061.0 375.0 26.0 16.0
1047.0425647055056 375.0 26.0 16.0
1033.8464440634382 374.23868534757304 26.0 16.0
1020.003296445563 373.6402954366714 25.49019607843137 15.686274509803921
1012.5103454619626 369.04846171690417 24.99038831218762 15.378700499807767
999.5223308468155 364.55261050396865 24.99038831218762 15.378700499807767
994.7409110276959 365.15407615497026 25.49019607843137 15.686274509803921
1006.4132719549342 365.7585280622992 26.0 16.0
1007.9359012597881 366.5198427147261 26.0 16.0
1007.9359012597881 369.56510132443407 26.0 16.0
1005.6519573025072 368.8037866720071 26.0 16.0
1006.6670435057432 368.04247201958015 26.0 16.0
1007.4283581581701 368.04247201958015 26.0 16.0
1007.4283581581701 368.04247201958015 26.0 16.0
998.8001254306646 368.8037866720071 26.0 16.0
993.9784659652937 369.8188728752431 26.0 16.0
999.0909440303956 372.72886034101543 26.520000000000003 16.32
995.5443707682607 371.3662310361616 26.0 16.0
990.7227113028899 374.4114896458695 26.0 16.0
987.6774526931821 374.4114896458695 26.0 16.0
981.3331639229574 376.94920515395944 26.0 16.0
974.4813320511146 379.99446376366734 26.0 16.0
965.3455562219909 379.99446376366734 26.0 16.0
970.1672156873617 384.56235167822916 26.0 16.0
960.777668307429 388.3689249403641 26.0 16.0
955.4484657404403 389.130239592791 26.0 16.0
955.9559626068834 398.4360342789227 26.520000000000003 16.32
955.9559626068834 408.41349354268317 26.520000000000003 16.32
956.7234594733264 409.1809904091263 26.520000000000003 16.32
967.7242478923444 410.97181643082695 26.520000000000003 16.32
968.4917447587874 412.50681016371317 26.520000000000003 16.32
968.4917447587874 418.6467850952581 26.520000000000003 16.32
971.5617322245599 417.11179136237183 26.520000000000003 16.32
971.5617322245599 419.41428196170125 26.520000000000003 16.32
970.0267384916737 416.0884622071144 26.520000000000003 16.32
969.2592416252306 413.018474741342 26.520000000000003 16.32
970.7942353581168 414.5534684742282 26.520000000000003 16.32
971.5617322245599 415.32096534067136 26.520000000000003 16.32
980.2600300442485 410.46015185319834 26.520000000000003 16.32
975.6550488455898 412.7626424525277 26.520000000000003 16.32
975.6550488455898 410.46015185319834 26.520000000000003 16.32
971.050067646931 411.2276487196414 26.520000000000003 16.32
972.5850613798173 412.7626424525277 26.520000000000003 16.32
967.9800801811585 409.69265498675526 26.520000000000003 16.32
967.2125833147154 414.2976361854139 26.520000000000003 16.32
970.282570780488 415.06513305185706 26.520000000000003 16.32
970.282570780488 414.2976361854139 26.520000000000003 16.32
969.5150739140449 419.6701142505157 26.520000000000003 16.32
969.5150739140449 422.9959340051025 26.520000000000003 16.32
971.0500676469312 427.60091520376125 26.520000000000003 16.32
978.2133717337335 418.90261738407264 26.520000000000003 16.32
978.2133717337335 421.972604849845 26.520000000000003 16.32
976.6783780008473 421.972604849845 26.520000000000003 16.32
973.6083905350747 423.5075985827313 26.520000000000003 16.32
975.143384267961 424.2750954491744 26.520000000000003 16.32
976.6783780008473 429.9034058030906 26.520000000000003 16.32
972.5850613798173 427.60091520376125 26.520000000000003 16.32
970.282570780488 422.9959340051025 26.520000000000003 16.32
973.3525582462605 421.4609402722163 26.520000000000003 16.32
970.0267384916737 420.69344340577317 26.520000000000003 16.32
975.6550488455898 417.6234559400007 26.520000000000003 16.32
974.1200551127035 414.2976361854139 26.520000000000003 16.32
978.7250363113623 414.2976361854139 26.520000000000003 16.32
974.1200551127035 418.1351205176295 26.520000000000003 16.32
974.1200551127035 418.1351205176295 26.520000000000003 16.32
974.1200551127035 415.8326299183001 26.520000000000003 16.32
974.1200551127035 416.6001267847432 26.520000000000003 16.32
971.050067646931 416.6001267847432 26.520000000000003 16.32
969.5150739140447 417.36762365118636 26.520000000000003 16.32
969.5150739140447 416.6001267847432 26.520000000000003 16.32
968.7475770476017 415.8326299183001 26.520000000000003 16.32
966.189254159458 410.97181643082706 26.520000000000003 16.32
962.3517698272424 416.34429449592886 26.520000000000003 16.32
960.0492792279131 413.2743070301564 26.520000000000003 16.32
955.4442980292544 415.5767976294858 26.520000000000003 16.32
958.0026209173981 417.8792882288152 26.520000000000003 16.32
961.0726083831706 413.78597160778526 26.520000000000003 16.32
959.28178236147 414.5534684742284 26.520000000000003 16.32
956.9792917621407 414.5534684742284 26.520000000000003 16.32
957.7467886285838 414.5534684742284 26.520000000000003 16.32
958.5142854950268 417.6234559400008 26.520000000000003 16.32
963.1192666936856 416.8559590735577 26.520000000000003 16.32
966.1892541594581 413.78597160778526 26.520000000000003 16.32
976.422545712033 413.78597160778526 26.520000000000003 16.32
987.4233341310509 416.0884622071146 26.520000000000003 16.32
985.8883403981646 411.48348100845595 26.520000000000003 16.32
994.5866382178532 412.2509778748991 26.520000000000003 16.32
996.1216319507395 412.2509778748991 26.520000000000003 16.32
990.7491538856377 412.2509778748991 26.520000000000003 16.32
991.5166507520807 410.7159841420128 26.520000000000003 16.32
990.7491538856377 409.94848727556973 26.520000000000003 16.32
991.5166507520807 409.1809904091266 26.520000000000003 16.32
989.2141601527514 410.7159841420128 26.520000000000003 16.32
989.2141601527514 410.7159841420128 26.520000000000003 16.32
986.9116695534221 409.1809904091266 26.520000000000003 16.32
983.5858497988353 409.1809904091266 26.520000000000003 16.32
983.5858497988353 413.0184747413421 26.520000000000003 16.32
985.1208435317216 411.2276487196415 26.520000000000003 16.32
985.8883403981646 411.2276487196415 26.520000000000003 16.32
985.8883403981646 410.4601518531984 26.520000000000003 16.32
987.4233341310509 408.9251581203121 26.520000000000003 16.32
987.4233341310509 408.15766125386904 26.520000000000003 16.32
992.7958121961526 413.5301393189708 26.520000000000003 16.32
992.7958121961526 413.5301393189708 26.520000000000003 16.32
995.8657996619252 414.2976361854139 26.520000000000003 16.32
995.0983027954821 415.06513305185706 26.520000000000003 16.32
994.3308059290391 415.06513305185706 26.520000000000003 16.32
996.1216319507396 414.2976361854139 26.520000000000003 16.32
993.0516444849671 413.5301393189708 26.520000000000003 16.32
997.6566256836259 412.7626424525277 26.520000000000003 16.32
998.4241225500689 413.5301393189708 26.520000000000003 16.32
999.4474517053264 410.4601518531984 26.520000000000003 16.32
999.4474517053264 410.4601518531984 26.520000000000003 16.32
999.4474517053264 408.9251581203121 26.520000000000003 16.32
1000.9824454382126 408.9251581203121 26.520000000000003 16.32
1000.2149485717696 409.69265498675526 26.520000000000003 16.32
1007.3782526585719 412.25097787489904 26.520000000000003 16.32
1008.145749525015 412.25097787489904 26.520000000000003 16.32
1008.145749525015 410.71598414201276 26.520000000000003 16.32
1008.9132463914581 414.55346847422834 26.520000000000003 16.32
1009.6807432579011 413.01847474134206 26.520000000000003 16.32
1009.6807432579011 412.2509778748989 26.520000000000003 16.32
1014.2857244565598 413.01847474134206 26.520000000000003 16.32
1012.7507307236737 411.4834810084558 26.520000000000003 16.32
1008.6574141026437 413.7859716077852 26.520000000000003 16.32
1009.4249109690867 413.7859716077852 26.520000000000003 16.32
1008.6574141026437 413.7859716077852 26.520000000000003 16.32
1007.1224203697574 413.01847474134206 26.520000000000003 16.32
1007.1224203697574 413.01847474134206 26.520000000000003 16.32
1006.3549235033144 409.9484872755696 26.520000000000003 16.32
1007.1224203697574 409.1809904091265 26.520000000000003 16.32
1007.8899172362004 409.9484872755696 26.520000000000003 16.32
1007.1224203697574 405.85517065453973 26.520000000000003 16.32
1007.1224203697574 409.1809904091265 26.520000000000003 16.32
1007.1224203697574 409.9484872755696 26.520000000000003 16.32
1007.1224203697574 409.9484872755696 26.520000000000003 16.32
1010.1924078355298 410.71598414201276 26.520000000000003 16.32
1010.1924078355298 412.25097787489904 26.520000000000003 16.32
1010.1924078355298 415.3209653406714 26.520000000000003 16.32
1009.4249109690868 414.55346847422834 26.520000000000003 16.32
1009.4249109690868 413.01847474134206 26.520000000000003 16.32
1009.4249109690868 413.7859716077852 26.520000000000003 16.32
1009.4249109690868 413.01847474134206 26.520000000000003 16.32
1009.4249109690868 408.4134935426834 26.520000000000003 16.32
1010.9599047019731 408.4134935426834 26.520000000000003 16.32
1010.9599047019731 408.4134935426834 26.520000000000003 16.32
1010.19240783553 409.1809904091265 26.520000000000003 16.32
1010.19240783553 409.1809904091265 26.520000000000003 16.32
1009.424910969087 409.9484872755696 26.520000000000003 16.32
1013.2623953013025 413.01847474134206 26.520000000000003 16.32
1014.0298921677456 409.1809904091265 26.520000000000003 16.32
1015.5648859006318 409.1809904091265 26.520000000000003 16.32
1019.4023702328474 409.1809904091265 26.520000000000003 16.32
1018.6348733664043 409.9484872755696 26.520000000000003 16.32
1019.4023702328474 411.4834810084559 26.520000000000003 16.32
1015.5648859006318 411.4834810084559 26.520000000000003 16.32
1014.7973890341888 411.4834810084559 26.520000000000003 16.32
1014.7973890341888 410.71598414201276 26.520000000000003 16.32
1014.7973890341888 414.55346847422834 26.520000000000003 16.32
1014.7973890341888 411.4834810084559 26.520000000000003 16.32
1014.0298921677457 414.55346847422834 26.520000000000003 16.32
1014.0298921677457 413.01847474134206 26.520000000000003 16.32
1014.7973890341888 410.7159841420127 26.520000000000003 16.32
1014.0298921677457 408.92515812031206 26.520000000000003 16.32
1010.1924078355302 404.3201769216534 26.520000000000003 16.32
1014.7973890341889 405.8551706545396 26.520000000000003 16.32
1014.7973890341889 405.0876737880965 26.520000000000003 16.32
1014.7973890341889 404.3201769216534 26.520000000000003 16.32
1014.7973890341889 404.3201769216534 26.520000000000003 16.32
1015.5648859006319 403.55268005521026 26.520000000000003 16.32
1011.7274015684164 402.01768632232404 26.520000000000003 16.32
1008.6574141026439 400.48269258943776 26.520000000000003 16.32
1008.6574141026439 401.2501894558809 26.520000000000003 16.32
1008.6574141026439 400.48269258943776 26.520000000000003 16.32
1005.5874266368714 399.7151957229946 26.520000000000003 16.32
1004.8199297704284 398.9476988565515 26.520000000000003 16.32
1000.9824454382128 399.7151957229946 26.520000000000003 16.32
1005.5874266368716 400.48269258943776 26.520000000000003 16.32
1005.5874266368716 399.7151957229946 26.520000000000003 16.32
1008.1457495250153 399.7151957229946 26.520000000000003 16.32
1008.1457495250153 398.9476988565515 26.520000000000003 16.32
1008.1457495250153 398.9476988565515 26.520000000000003 16.32
1008.1457495250153 398.1802019901084 26.520000000000003 16.32
1009.6807432579016 394.08688536907846 26.520000000000003 16.32
1010.4482401243446 394.08688536907846 26.520000000000003 16.32
1010.4482401243446 394.08688536907846 26.520000000000003 16.32
1012.7507307236739 394.08688536907846 26.520000000000003 16.32
1012.7507307236739 393.3193885026353 26.520000000000003 16.32
1012.7507307236739 392.5518916361922 26.520000000000003 16.32
1011.9832338572309 391.7843947697491 26.520000000000003 16.32
1011.2157369907878 391.01689790330596 26.520000000000003 16.32
1011.9832338572309 392.5518916361922 26.520000000000003 16.32
1011.9832338572309 392.5518916361922 26.520000000000003 16.32
1011.9832338572309 396.38937596840776 26.520000000000003 16.32
1012.7507307236739 396.38937596840776 26.520000000000003 16.32
1013.518227590117 394.0868853690784 26.520000000000003 16.32
1012.4948984348595 394.8543822355215 26.520000000000003 16.32
1009.1690786802726 398.69186656773707 26.520000000000003 16.32
1008.4015818138296 399.4593634341802 26.520000000000003 16.32
1006.0990912145003 395.6218791019646 26.520000000000003 16.32
1005.3315943480573 394.8543822355215 26.520000000000003 16.32
1005.3315943480573 394.8543822355215 26.520000000000003 16.32
1005.3315943480573 394.8543822355215 26.520000000000003 16.32
1006.0990912145003 396.38937596840776 26.520000000000003 16.32
1006.0990912145003 394.8543822355215 26.520000000000003 16.32
1006.0990912145003 394.8543822355215 26.520000000000003 16.32
1004.564097481614 394.0868853690784 26.520000000000003 16.32
1001.4941100158416 393.31938850263526 26.520000000000003 16.32
1001.4941100158416 393.31938850263526 26.520000000000003 16.32
1002.2616068822846 393.31938850263526 26.520000000000003 16.32
1003.0291037487277 391.0168979033059 26.520000000000003 16.32
1003.0291037487277 391.0168979033059 26.520000000000003 16.32
1003.7966006151707 393.5752207914496 26.520000000000003 16.32
1000.7266131493982 394.34271765789276 26.520000000000003 16.32
1001.4941100158412 394.34271765789276 26.520000000000003 16.32
1001.4941100158412 394.34271765789276 26.520000000000003 16.32
1001.4941100158412 395.1102145243359 26.520000000000003 16.32
1001.4941100158412 395.1102145243359 26.520000000000003 16.32
1002.2616068822844 395.1102145243359 26.520000000000003 16.32
1003.0291037487274 395.87771139077904 26.520000000000003 16.32
1002.2616068822844 395.87771139077904 26.520000000000003 16.32
1002.2616068822844 395.1102145243359 26.520000000000003 16.32
1002.2616068822844 395.87771139077904 26.520000000000003 16.32
1002.2616068822844 395.87771139077904 26.520000000000003 16.32
1004.5640974816137 395.87771139077904 26.520000000000003 16.32
1003.7966006151705 395.87771139077904 26.520000000000003 16.32
1003.7966006151705 395.87771139077904 26.520000000000003 16.32
1003.0291037487275 396.6452082572221 26.520000000000003 16.32
1003.0291037487275 395.87771139077904 26.520000000000003 16.32
1002.2616068822845 395.87771139077904 26.520000000000003 16.32
1002.2616068822845 395.1102145243359 26.520000000000003 16.32
1003.0291037487275 395.87771139077904 26.520000000000003 16.32
1002.2616068822845 395.87771139077904 26.520000000000003 16.32
1003.0291037487275 395.87771139077904 26.520000000000003 16.32
1003.0291037487275 395.87771139077904 26.520000000000003 16.32
1003.0291037487275 395.1102145243359 26.520000000000003 16.32
1003.0291037487275 394.34271765789276 26.520000000000003 16.32
1002.2616068822845 393.5752207914496 26.520000000000003 16.32
1002.2616068822845 392.8077239250065 26.520000000000003 16.32
