1481.0 538.5 132.0 65.0
1477.6699756006901 539.166004879862 132.0 65.0
1461.01985360414 543.828039038896 132.0 65.0
1453.693799925658 548.4900731979301 132.0 65.0
1449.031765766624 551.8200975972401 132.0 65.0
1445.7017413673138 555.1501219965501 132.0 65.0
1442.371716968004 551.8200975972401 132.0 65.0
1439.041692568694 555.1501219965501 132.0 65.0
1434.37965840966 554.484117116688 132.0 65.0
1433.7136535297982 555.1501219965501 132.0 65.0
1437.043677929108 558.4801463958601 132.0 65.0
1441.705712088142 557.814141515998 132.0 65.0
1446.3677462471762 557.1481366361361 132.0 65.0
1449.697770646486 561.81017079517 132.0 65.0
1446.3677462471762 562.4761756750321 132.0 65.0
1449.697770646486 561.81017079517 132.0 65.0
1445.0357364874521 565.14019519448 132.0 65.0
1437.70968280897 565.8062000743421 132.0 65.0
1426.387599851316 573.1322537528241 132.0 65.0
1425.7215949714541 576.4622781521341 132.0 65.0
1417.0635315332481 589.1163708695121 132.0 65.0
1402.791662712495 609.5983673665306 134.64 66.3
1395.453599274289 621.5704503241847 132.0 65.0
1392.123574874979 626.2324844832187 132.0 65.0
1388.7935504756692 634.8905479214249 132.0 65.0
1381.467496797187 639.5525820804589 132.0 65.0
1380.8014919173252 642.882606479769 132.0 65.0
1381.467496797187 643.5486113596311 132.0 65.0
1388.7935504756692 648.2106455186652 132.0 65.0
1393.4555846347032 652.8726796776992 132.0 65.0
1402.1136480729092 656.2027040770092 132.0 65.0
1414.7677407902872 660.8647382360434 132.0 65.0
1415.4337456701492 664.1947626353534 132.0 65.0
1422.7597993486313 660.8647382360434 132.0 65.0
1423.4258042284932 661.5307431159055 132.0 65.0
1432.0838676666992 664.8607675152155 132.0 65.0
1444.7379603840773 668.1907919145256 132.0 65.0
1452.0640140625594 671.5208163138357 132.0 65.0
1460.7220775007654 678.8468699923178 132.0 65.0
1464.0521019000753 678.1808651124556 132.0 65.0
1475.3741848577292 678.8468699923178 132.0 65.0
1488.0282775751073 682.1768943916278 132.0 65.0
1500.6823702924853 686.8389285506619 132.0 65.0
1521.3285215682074 686.1729236707998 132.0 65.0
1529.9865850064134 685.5069187909378 132.0 65.0
1530.6525898862753 640.8845918401836 132.0 65.0
1543.3066826036534 640.2185869603215 132.0 65.0
1551.9647460418594 639.5525820804595 132.0 65.0
1564.6188387592374 640.2185869603215 132.0 65.0
1565.2848436390993 644.8806211193556 132.0 65.0
1569.9468777981335 645.5466259992177 132.0 65.0
1573.2769021974434 646.2126308790798 132.0 65.0
1572.6108973175815 646.8786357589419 132.0 65.0
1571.9448924377195 646.2126308790798 132.0 65.0
1576.6069265967535 645.5466259992177 132.0 65.0
1577.2729314766157 646.2126308790798 132.0 65.0
1576.6069265967535 649.5426552783898 132.0 65.0
1577.2729314766157 648.8766503985278 132.0 65.0
1581.9349656356496 649.5426552783898 132.0 65.0
1582.6009705155116 652.8726796776999 132.0 65.0
1579.2709461162017 656.20270407701 132.0 65.0
1579.9369509960636 660.8647382360441 132.0 65.0
1580.6029558759255 664.1947626353542 132.0 65.0
1583.9329802752354 660.8647382360441 132.0 65.0
1583.2669753953735 664.1947626353542 132.0 65.0
1583.9329802752354 664.8607675152163 132.0 65.0
1600.5831022717853 661.5307431159061 132.0 65.0
1629.2213121058514 652.8726796777 132.0 65.0
1645.8714341024015 633.558538161702 132.0 65.0
1658.5255268197795 620.9044454443239 132.0 65.0
1667.1835902579855 617.5744210450138 132.0 65.0
1675.8416536961913 606.2523380873598 132.0 65.0
1671.1796195371574 605.5863332074978 132.0 65.0
1658.5255268197793 598.2602795290157 132.0 65.0
