59.0 315.0 52.0 22.0
59.0 315.0 52.0 22.0
71.93748043476782 315.0 52.0 22.0
92.06244999996221 316.4374978260853 52.0 22.0
123.68740217383909 319.31249347825593 52.0 22.0
123.68740217383909 316.4374978260853 52.0 22.0
135.18738478252158 319.31249347825593 52.0 22.0
150.99986086946 317.8749956521706 52.0 22.0
168.24983478248373 316.4374978260853 52.0 22.0
181.18731521725155 320.7499913043412 52.0 22.0
198.4372891302753 320.7499913043412 52.0 22.0
209.9372717389578 320.7499913043412 52.0 22.0
227.18724565198156 322.1874891304265 52.0 22.0
244.43721956500528 323.62498695651186 52.0 22.0
257.3746999997731 320.7499913043412 52.0 22.0
276.06217173888217 323.62498695651186 52.0 22.0
288.99965217365 322.1874891304265 52.0 22.0
304.81212826058845 326.49998260868244 52.0 22.0
319.1871065214416 326.49998260868244 52.0 22.0
334.99958260838 326.49998260868244 52.0 22.0
350.81205869531846 326.49998260868244 52.0 22.0
365.18703695617154 327.93748043476774 52.0 22.0
379.5620152170247 325.06248478259715 52.0 22.0
395.3744913039631 327.93748043476774 52.0 22.0
409.74946956481625 326.49998260868244 52.0 22.0
425.5619456517547 330.8124760869384 52.0 22.0
441.3744217386931 329.374978260853 52.0 22.0
457.18689782563155 329.374978260853 52.0 22.0
472.99937391257 329.374978260853 52.0 22.0
484.4993565212525 330.8124760869384 52.0 22.0
498.8743347821056 332.24997391302367 52.0 22.0
513.2493130429588 333.68747173910896 52.0 22.0
527.6242913038119 330.8124760869384 52.0 22.0
541.9992695646649 333.68747173910896 52.0 22.0
562.1242391298593 332.24997391302367 52.0 22.0
576.4992173907125 336.5624673912796 52.0 22.0
590.8741956515656 336.5624673912796 52.0 22.0
603.8116760863334 336.5624673912796 52.0 22.0
615.3116586950158 336.5624673912796 52.0 22.0
632.5616326080396 337.9999652173649 52.0 22.0
645.4991130428075 335.1249695651943 52.0 22.0
662.7490869558313 337.9999652173649 52.0 22.0
674.2490695645138 336.5624673912796 52.0 22.0
690.0615456514522 339.4374630434502 52.0 22.0
705.8740217383906 337.9999652173649 52.0 22.0
721.6864978253291 337.9999652173649 52.0 22.0
736.0614760861822 337.9999652173649 52.0 22.0
750.4364543470354 337.9999652173649 52.0 22.0
764.8114326078885 337.9999652173649 52.0 22.0
777.7489130426563 339.4374630434502 52.0 22.0
790.6863934774242 340.87496086953547 52.0 22.0
807.936367390448 343.7499565217061 52.0 22.0
819.4363499991305 340.87496086953547 52.0 22.0
833.8113282599835 343.7499565217061 52.0 22.0
849.6238043469219 342.3124586956208 52.0 22.0
863.9987826077752 346.62495217387675 52.0 22.0
878.3737608686283 345.1874543477914 52.0 22.0
891.3112413033962 345.1874543477914 52.0 22.0
908.5612152164199 345.1874543477914 52.0 22.0
921.4986956511877 345.1874543477914 52.0 22.0
937.3111717381262 345.1874543477914 52.0 22.0
953.1236478250646 346.62495217387675 52.0 22.0
961.7486347815765 348.06244999996204 52.0 22.0
978.9986086946003 345.1874543477914 52.0 22.0
990.4985913032828 348.06244999996204 52.0 22.0
1006.3110673902212 346.62495217387675 52.0 22.0
1022.1235434771596 350.9374456521326 52.0 22.0
1036.4985217380126 349.49994782604733 52.0 22.0
1049.4360021727805 349.49994782604733 52.0 22.0
1062.3734826075483 349.49994782604733 52.0 22.0
1079.623456520572 350.9374456521326 52.0 22.0
1089.6859413031693 352.3749434782179 52.0 22.0
1102.6234217379372 353.81244130430326 52.0 22.0
1115.560902172705 352.3749434782179 52.0 22.0
1132.8108760857288 356.68743695647385 52.0 22.0
1144.3108586944113 356.68743695647385 52.0 22.0
1158.6858369552644 356.68743695647385 52.0 22.0
1171.6233173900323 356.68743695647385 52.0 22.0
1188.873291303056 358.1249347825592 52.0 22.0
1200.3732739117386 355.24993913038855 52.0 22.0
1204.6857673899945 356.68743695647385 52.0 22.0
1227.6857326073596 359.5624326086445 52.0 22.0
1240.6232130421272 358.1249347825592 52.0 22.0
1256.4356891290658 358.1249347825592 52.0 22.0
1270.810667389919 358.1249347825592 52.0 22.0
1283.7481478246866 358.1249347825592 52.0 22.0
1295.2481304333692 358.1249347825592 52.0 22.0
1309.6231086942223 359.5624326086445 52.0 22.0
1322.56058912899 360.9999304347298 52.0 22.0
1322.56058912899 365.3124239129857 52.0 22.0
1332.6230739115872 372.4999130434123 52.0 22.0
1345.5605543463548 382.5623978260095 52.0 22.0
1359.935532607208 382.5623978260095 52.0 22.0
1372.8730130419758 386.8748913042654 52.0 22.0
1387.247991302829 392.62488260860664 52.0 22.0
