983.5 468.5 269.0 93.0
976.1018363765052 468.5 269.0 93.0
939.1110182590318 483.2963272469894 269.0 93.0
902.1202001415583 483.2963272469894 269.0 93.0
872.5275456475795 475.8981636234947 269.0 93.0
842.9348911536008 483.2963272469894 269.0 93.0
798.5459094126327 468.5 269.0 93.0
798.5459094126327 453.70367275301066 269.0 93.0
769.7284740842704 432.83911345328465 263.7254901960784 91.17647058823529
733.43460074159 425.5803387847486 263.7254901960784 91.17647058823529
704.3995020674456 425.5803387847486 263.7254901960784 91.17647058823529
689.8819527303733 418.3215641162124 263.7254901960784 91.17647058823529
682.6231780618373 418.3215641162124 263.7254901960784 91.17647058823529
668.1056287247651 411.0627894476764 263.7254901960784 91.17647058823529
646.3293047191569 411.0627894476764 263.7254901960784 91.17647058823529
595.5178820394042 411.0627894476764 263.7254901960784 91.17647058823529
588.2591073708682 418.3215641162124 263.7254901960784 91.17647058823529
526.5140418419379 440.65898759958395 258.55440215301803 89.38869665513265
433.59205026905056 440.65898759958395 258.55440215301803 89.38869665513265
350.4356271275724 434.58740654194975 253.48470799315493 87.63597711287514
280.95621883994284 434.58740654194975 253.48470799315493 87.63597711287514
239.26857386736515 441.53534737071266 253.48470799315493 87.63597711287514
204.52886972355037 448.4832881994756 253.48470799315493 87.63597711287514
169.78916557973562 455.43122902823853 253.48470799315493 87.63597711287514
139.68142198842946 455.43122902823853 253.48470799315493 87.63597711287514
118.83759950214063 455.43122902823853 253.48470799315493 87.63597711287514
111.88965867337768 455.43122902823853 253.48470799315493 87.63597711287514
111.88965867337768 455.43122902823853 253.48470799315493 87.63597711287514
91.04583618708884 455.43122902823853 253.48470799315493 87.63597711287514
35.46230955698519 448.4832881994756 253.48470799315493 87.63597711287514
28.51436872822223 448.4832881994756 253.48470799315493 87.63597711287514
-46.19550808839879 449.3424644456803 248.51441960113226 85.91762462046582
-87.06346038920415 449.3424644456803 248.51441960113226 85.91762462046582
-93.87478577267171 449.3424644456803 248.51441960113226 85.91762462046582
-100.68611115613926 456.1537898291479 248.51441960113226 85.91762462046582
-100.68611115613926 476.58776597955057 248.51441960113226 85.91762462046582
-100.68611115613926 469.7764405960829 248.51441960113226 85.91762462046582
-100.68611115613926 456.1537898291479 248.51441960113226 85.91762462046582
-93.87478577267171 449.3424644456803 248.51441960113226 85.91762462046582
-93.87478577267171 462.9651152126154 248.51441960113226 85.91762462046582
-93.87478577267171 449.3424644456803 248.51441960113226 85.91762462046582
-93.87478577267171 442.53113906221273 248.51441960113226 85.91762462046582
-93.87478577267171 442.53113906221273 248.51441960113226 85.91762462046582
-93.87478577267171 451.6129062401694 248.51441960113226 85.91762462046582
-93.87478577267171 437.99025547323436 248.51441960113226 85.91762462046582
-100.68611115613926 424.3676047062992 248.51441960113226 85.91762462046582
-100.68611115613926 417.55627932283164 248.51441960113226 85.91762462046582
-100.68611115613926 424.3676047062992 248.51441960113226 85.91762462046582
-100.68611115613926 410.74495393936417 248.51441960113226 85.91762462046582
-100.68611115613926 403.9336285558966 248.51441960113226 85.91762462046582
-93.87478577267171 424.3676047062992 248.51441960113226 85.91762462046582
-100.68611115613926 431.1789300897668 248.51441960113226 85.91762462046582
-93.87478577267171 485.6695331575074 248.51441960113226 85.91762462046582
-100.68611115613926 485.6695331575074 248.51441960113226 85.91762462046582
-100.68611115613926 478.8582077740398 248.51441960113226 85.91762462046582
-100.68611115613926 472.0468823905722 248.51441960113226 85.91762462046582
-93.87478577267171 472.0468823905722 248.51441960113226 85.91762462046582
-93.87478577267171 478.8582077740398 248.51441960113226 85.91762462046582
-93.87478577267171 485.6695331575074 248.51441960113226 85.91762462046582
-87.06346038920415 499.2921839244424 248.51441960113226 85.91762462046582
-93.87478577267171 512.9148346913776 248.51441960113226 85.91762462046582
-93.87478577267171 512.9148346913776 248.51441960113226 85.91762462046582
-93.87478577267171 512.9148346913776 248.51441960113226 85.91762462046582
-87.06346038920415 519.7261600748452 248.51441960113226 85.91762462046582
-93.87478577267171 526.5374854583127 248.51441960113226 85.91762462046582
-93.87478577267171 540.1601362252478 248.51441960113226 85.91762462046582
-93.87478577267171 546.9714616087153 248.51441960113226 85.91762462046582
-100.68611115613926 546.9714616087153 248.51441960113226 85.91762462046582
-100.68611115613926 546.9714616087153 248.51441960113226 85.91762462046582
-93.87478577267171 546.9714616087153 248.51441960113226 85.91762462046582
-93.87478577267171 546.9714616087153 248.51441960113226 85.91762462046582
-93.87478577267171 540.1601362252478 248.51441960113226 85.91762462046582
-93.87478577267171 546.9714616087153 248.51441960113226 85.91762462046582
-93.87478577267171 533.3488108417804 248.51441960113226 85.91762462046582
-93.87478577267171 533.3488108417804 248.51441960113226 85.91762462046582
-93.87478577267171 533.3488108417804 248.51441960113226 85.91762462046582
-93.87478577267171 526.5374854583127 248.51441960113226 85.91762462046582
-93.87478577267171 519.7261600748452 248.51441960113226 85.91762462046582
-93.87478577267171 526.5374854583127 248.51441960113226 85.91762462046582
-93.87478577267171 526.5374854583127 248.51441960113226 85.91762462046582
-100.68611115613926 526.5374854583127 248.51441960113226 85.91762462046582
-100.68611115613926 533.3488108417804 248.51441960113226 85.91762462046582
-100.68611115613926 526.5374854583127 248.51441960113226 85.91762462046582
-93.87478577267171 526.5374854583127 248.51441960113226 85.91762462046582
-93.87478577267171 512.9148346913776 248.51441960113226 85.91762462046582
-93.87478577267171 512.9148346913776 248.51441960113226 85.91762462046582
-93.87478577267171 506.10350930791003 248.51441960113226 85.91762462046582
-93.87478577267171 526.5374854583127 248.51441960113226 85.91762462046582
-93.87478577267171 519.7261600748452 248.51441960113226 85.91762462046582
-100.68611115613926 512.9148346913776 248.51441960113226 85.91762462046582
-93.87478577267171 499.2921839244424 248.51441960113226 85.91762462046582
-93.87478577267171 492.48085854097485 248.51441960113226 85.91762462046582
-93.87478577267171 492.48085854097485 248.51441960113226 85.91762462046582
-93.87478577267171 485.6695331575072 248.51441960113226 85.91762462046582
-93.87478577267171 478.85820777403967 248.51441960113226 85.91762462046582
-100.68611115613926 472.046882390572 248.51441960113226 85.91762462046582
-100.68611115613926 472.046882390572 248.51441960113226 85.91762462046582
-100.68611115613926 478.85820777403967 248.51441960113226 85.91762462046582
-100.68611115613926 478.85820777403967 248.51441960113226 85.91762462046582
