1514.0 502.0 78.0 28.0
1514.351994318136 500.2400284093202 78.0 28.0
1516.1119659088158 495.6641022735527 78.0 28.0
1520.6878920445831 495.31210795541676 78.0 28.0
1521.039886362719 494.9601136372808 78.0 28.0
1521.3918806808551 491.0881761377852 78.0 28.0
1519.6319090901752 489.3282045471054 78.0 28.0
1517.8719374994955 485.4562670476098 78.0 28.0
1515.4079772725438 483.69629545692993 78.0 28.0
1517.1679488632235 479.12036932116246 78.0 28.0
1519.6319090901752 479.4723636392984 78.0 28.0
1519.2799147720393 481.2323352299782 78.0 28.0
1519.6319090901752 481.58432954811417 78.0 28.0
1523.5038465896707 485.4562670476098 78.0 28.0
1523.8558409078066 483.69629545692993 78.0 28.0
1524.2078352259427 481.2323352299782 78.0 28.0
1524.5598295440786 485.1042727294738 78.0 28.0
1524.9118238622145 483.344301138794 78.0 28.0
1524.5598295440786 480.88034091184227 78.0 28.0
1524.9118238622145 483.344301138794 78.0 28.0
1525.2638181803504 478.7683750030265 78.0 28.0
1524.9118238622145 478.41638068489056 78.0 28.0
1523.1518522715348 476.65640909421074 78.0 28.0
1520.6878920445831 480.5283465937063 78.0 28.0
1523.1518522715348 480.88034091184227 78.0 28.0
1519.2799147720393 480.5283465937063 78.0 28.0
1517.5199431813596 476.65640909421074 78.0 28.0
1510.8320511367763 474.8964375035309 78.0 28.0
1508.3680909098246 470.3205113677634 78.0 28.0
1508.0160965916887 472.7844715947151 78.0 28.0
1506.256125001009 472.43247727657916 78.0 28.0
1504.496153410329 469.96851704962745 78.0 28.0
1496.400284093202 459.0566931874127 78.0 28.0
1498.1602556838816 457.2967215967328 78.0 28.0
1493.5843295481143 457.64871591486883 78.0 28.0
1493.9363238662504 453.7767784153732 78.0 28.0
1495.69629545693 458.35270455114073 78.0 28.0
1498.1602556838816 460.11267614182054 78.0 28.0
1496.400284093202 461.87264773250035 78.0 28.0
1500.9762102289692 463.63261932318017 78.0 28.0
1501.3282045471053 459.0566931874127 78.0 28.0
1499.5682329564256 456.5927329604609 78.0 28.0
1497.104272729474 456.240738642325 78.0 28.0
1498.8642443201536 451.6648125065575 78.0 28.0
1492.1763522755703 447.79287500706187 78.0 28.0
1490.4163806848906 443.2169488712944 78.0 28.0
1485.840454549123 441.4569772806146 78.0 28.0
1484.0804829584433 443.2169488712944 78.0 28.0
1482.3205113677636 441.4569772806146 78.0 28.0
1489.008403412347 446.03290341638206 78.0 28.0
1485.1364659128515 443.56894318943034 78.0 28.0
1486.8964375035312 441.10498296247863 78.0 28.0
1489.3603977304829 440.7529886443427 78.0 28.0
1487.6004261398032 436.17706250857515 78.0 28.0
1487.2484318216673 433.71310228162343 78.0 28.0
1491.8243579574346 429.13717614585596 78.0 28.0
1492.1763522755705 427.3772045551761 78.0 28.0
1491.8243579574346 427.02521023704014 78.0 28.0
1491.4723636392987 422.44928410127267 78.0 28.0
1491.1203693211628 424.2092556919525 78.0 28.0
1489.3603977304829 418.2253522836412 78.0 28.0
1484.7844715947156 414.35341478414557 78.0 28.0
1485.1364659128515 414.7054091022815 78.0 28.0
1484.7844715947156 412.2414488753298 78.0 28.0
1480.2085454589483 410.48147728464994 78.0 28.0
1476.3366079594527 412.2414488753298 78.0 28.0
1471.7606818236854 418.2253522836411 78.0 28.0
1471.4086875055496 417.87335796550514 78.0 28.0
1466.832761369782 417.5213636473692 78.0 28.0
1462.2568352340147 409.42549433024215 78.0 28.0
1460.496863643335 402.73760228565885 78.0 28.0
1460.1448693251991 394.64173296853176 78.0 28.0
1457.6809090982474 387.95384092394846 78.0 28.0
1455.2169488712957 372.8180852441022 78.0 28.0
1454.8649545531598 368.24215910833465 78.0 28.0
1454.512960235024 367.8901647901987 78.0 28.0
1454.1609659168878 370.3541250171504 78.0 28.0
1453.808971598752 376.33802842546174 78.0 28.0
1452.0490000080722 376.6900227435977 78.0 28.0
1454.512960235024 378.4499943342775 78.0 28.0
1452.0490000080722 372.4660909259662 78.0 28.0
1453.808971598752 374.93005115291794 78.0 28.0
1451.3450113718002 371.0581136534223 78.0 28.0
1453.1049829624799 367.18617615392674 78.0 28.0
1448.5290568267126 364.722215926975 78.0 28.0
1448.1770625085767 364.3702216088391 78.0 28.0
1445.713102281625 366.1301931995189 78.0 28.0
1446.065096599761 365.77819888138293 78.0 28.0
1444.3051250090812 363.3142386544312 78.0 28.0
1440.4331875095859 357.3303352461199 78.0 28.0
1440.7851818277218 359.79429547307166 78.0 28.0
1439.0252102370418 358.0343238823918 78.0 28.0
1435.1532727375466 355.5703636554401 78.0 28.0
1433.3933011468666 355.922357973576 78.0 28.0
1431.633329556187 356.274352291712 78.0 28.0
1434.0972897831386 358.0343238823918 78.0 28.0
1429.5213636473713 356.274352291712 78.0 28.0
1429.8733579655072 362.96224433629527 78.0 28.0
1430.2253522836431 360.49828410934356 78.0 28.0
1430.577346601779 362.96224433629527 78.0 28.0
1430.2253522836431 362.6102500181593 78.0 28.0
1429.8733579655072 362.96224433629527 78.0 28.0
1429.5213636473713 362.6102500181593 78.0 28.0
1427.0574034204196 362.96224433629527 78.0 28.0
1428.8173750110993 361.20227274561546 78.0 28.0
1424.241448875332 361.55426706375135 78.0 28.0
1423.8894545571961 359.79429547307154 78.0 28.0
1423.5374602390602 358.03432388239173 78.0 28.0
1421.7774886483803 356.2743522917119 78.0 28.0
1424.241448875332 358.73831251866363 78.0 28.0
1421.7774886483803 356.9783409279838 78.0 28.0
1423.5374602390602 359.44230115493554 78.0 28.0
1418.9615341032927 356.9783409279838 78.0 28.0
1417.201562512613 358.73831251866363 78.0 28.0
1418.9615341032927 352.05042047408034 78.0 28.0
1414.3856079675254 355.92235797357597 78.0 28.0
1410.5136704680299 355.57036365544 78.0 28.0
1408.0497102410782 353.1064034284883 78.0 28.0
1405.5857500141267 346.418511383905 78.0 28.0
1405.9377443322626 346.06651706576906 78.0 28.0
1405.5857500141267 340.0826136574577 78.0 28.0
1403.825778423447 337.618653430506 78.0 28.0
1399.9538409239515 335.1546932035543 78.0 28.0
1398.1938693332718 339.7306193393218 78.0 28.0
1393.6179431975042 342.19457956627355 78.0 28.0
1393.2659488793684 346.770505702041 78.0 28.0
1384.4660909259692 359.79429547307154 78.0 28.0
1384.1140966078333 364.3702216088391 78.0 28.0
1384.4660909259692 364.722215926975 78.0 28.0
1384.8180852441053 367.18617615392674 78.0 28.0
1384.4660909259692 368.94614774460655 78.0 28.0
1384.1140966078333 364.3702216088391 78.0 28.0
1382.3541250171536 366.8341818357908 78.0 28.0
1384.8180852441053 371.4101079715583 78.0 28.0
1382.3541250171536 373.17007956223813 78.0 28.0
1384.8180852441053 372.8180852441022 78.0 28.0
1382.3541250171536 377.39401137986965 78.0 28.0
1384.8180852441053 390.41780115090023 78.0 28.0
1380.9461477446098 385.8418750151327 78.0 28.0
1381.2981420627457 384.0819034244529 78.0 28.0
1380.9461477446098 381.6179431975012 78.0 28.0
1380.594153426474 381.96993751563707 78.0 28.0
1380.242159108338 383.72990910631694 78.0 28.0
1379.8901647902019 381.96993751563707 78.0 28.0
1379.538170472066 388.65782956022036 78.0 28.0
1379.8901647902019 392.529767059716 78.0 28.0
1378.1301931995222 394.2897386503958 78.0 28.0
1376.3702216088425 394.64173296853176 78.0 28.0
1378.834181835794 396.40170455921157 78.0 28.0
1376.3702216088425 398.8656647861633 78.0 28.0
1378.1301931995222 394.2897386503958 78.0 28.0
1373.5542670637549 392.529767059716 78.0 28.0
1373.2022727456188 390.7697954690361 78.0 28.0
1371.442301154939 393.2337556959879 78.0 28.0
1373.9062613818908 391.473784105308 78.0 28.0
1372.146289791211 398.1616761498913 78.0 28.0
1374.6102500181628 397.80968183175537 78.0 28.0
1370.7383125186673 395.34572160480366 78.0 28.0
1372.498284109347 399.2176591042993 78.0 28.0
1372.8502784274829 400.9776306949791 78.0 28.0
1366.8663750191715 402.7376022856589 78.0 28.0
1369.330335246123 400.9776306949791 78.0 28.0
1363.3464318378117 409.07350001210614 78.0 28.0
1363.6984261559476 407.3135284214263 78.0 28.0
1364.0504204740837 413.29743182973766 78.0 28.0
1364.4024147922196 409.42549433024203 78.0 28.0
1364.7544091103555 409.777488648378 78.0 28.0
1367.2183693373072 412.24144887532975 78.0 28.0
1369.682329564259 416.1133863748253 78.0 28.0
1369.3303352461228 413.6494261478736 78.0 28.0
1371.0903068368025 411.18546592092184 78.0 28.0
1373.5542670637542 413.6494261478736 78.0 28.0
1371.7942954730745 409.777488648378 78.0 28.0
1377.7781988813858 410.12948296651393 78.0 28.0
1375.3142386544343 412.59344319346565 78.0 28.0
1375.6662329725702 408.01751705769817 78.0 28.0
1373.9062613818905 406.25754546701836 78.0 28.0
1370.034323882395 410.83347160278583 78.0 28.0
1368.2743522917153 411.1854659209218 78.0 28.0
1363.6984261559478 413.64942614787356 78.0 28.0
1361.2344659289963 411.8894545571937 78.0 28.0
1360.8824716108602 414.35341478414546 78.0 28.0
1359.1225000201805 414.00142046600945 78.0 28.0
1356.658539793229 413.64942614787356 78.0 28.0
1358.4185113839087 411.8894545571937 78.0 28.0
1354.5465738844132 417.873357965505 78.0 28.0
1356.306545475093 416.11338637482515 78.0 28.0
1358.7705057020446 418.5773466017769 78.0 28.0
1356.306545475093 412.5934431934656 78.0 28.0
1358.7705057020446 408.72150569397 78.0 28.0
1356.306545475093 406.9615341032902 78.0 28.0
1358.7705057020446 410.8334716027858 78.0 28.0
1359.1225000201805 412.5934431934656 78.0 28.0
1359.4744943383166 406.6095397851543 78.0 28.0
1359.8264886564525 410.4814772846499 78.0 28.0
1360.1784829745884 410.83347160278583 78.0 28.0
1361.938454565268 416.81737501109717 78.0 28.0
1364.4024147922198 423.5052670556804 78.0 28.0
1361.938454565268 423.1532727375445 78.0 28.0
1365.8103920647636 422.8012784194085 78.0 28.0
1363.346431837812 423.1532727375445 78.0 28.0
1360.8824716108602 424.9132443282243 78.0 28.0
1363.346431837812 426.67321591890413 78.0 28.0
1360.8824716108602 431.24914205467167 78.0 28.0
1362.6424432015401 431.60113637280756 78.0 28.0
1358.7705057020446 433.3611079634874 78.0 28.0
1359.1225000201805 430.89714773653566 78.0 28.0
1358.7705057020446 432.6571193272155 78.0 28.0
1358.4185113839087 430.19315910026376 78.0 28.0
1358.0665170657726 431.9531306909436 78.0 28.0
1356.306545475093 432.3051250090796 78.0 28.0
1358.7705057020446 434.0650965997594 78.0 28.0
1357.010534111365 432.3051250090796 78.0 28.0
1361.5864602471322 434.0650965997594 78.0 28.0
1361.2344659289963 428.08119319144805 78.0 28.0
1360.8824716108602 426.32122160076824 78.0 28.0
1361.2344659289963 428.78518182771995 78.0 28.0
1361.5864602471322 424.2092556919525 78.0 28.0
1361.938454565268 421.74529546500077 78.0 28.0
1362.2904488834042 424.2092556919525 78.0 28.0
1364.050420474084 421.74529546500077 78.0 28.0
1361.5864602471322 424.2092556919525 78.0 28.0
1365.4583977466277 421.74529546500077 78.0 28.0
1365.1064034284918 422.0972897831367 78.0 28.0
1365.4583977466277 421.74529546500077 78.0 28.0
1367.2183693373074 421.3933011468648 78.0 28.0
1369.6823295642591 421.04130682872886 78.0 28.0
1373.5542670637547 418.5773466017771 78.0 28.0
1376.0182272907061 414.0014204660096 78.0 28.0
1378.4821875176578 412.2414488753298 78.0 28.0
1376.7222159269782 412.59344319346576 78.0 28.0
1381.2981420627455 406.6095397851544 78.0 28.0
1383.0581136534252 412.59344319346576 78.0 28.0
1379.1861761539299 408.72150569397013 78.0 28.0
1379.5381704720658 412.59344319346576 78.0 28.0
1379.1861761539299 412.9454375116017 78.0 28.0
1378.8341818357937 417.5213636473692 78.0 28.0
1377.074210245114 417.87335796550514 78.0 28.0
1378.8341818357937 420.3373181924569 78.0 28.0
1372.8502784274824 422.0972897831367 78.0 28.0
1371.0903068368025 423.8572613738165 78.0 28.0
1373.5542670637542 421.3933011468648 78.0 28.0
1368.978340927987 423.1532727375446 78.0 28.0
1366.5143807010352 420.6893125105929 78.0 28.0
1364.0504204740837 424.5612500100885 78.0 28.0
1353.1385966118687 422.8012784194087 78.0 28.0
1348.5626704761014 418.9293409199131 78.0 28.0
1346.8026988854217 419.281335238049 78.0 28.0
1348.5626704761014 418.9293409199131 78.0 28.0
1342.57876706779 419.281335238049 78.0 28.0
1340.8187954771101 423.8572613738165 78.0 28.0
1344.6907329766057 427.72919887331216 78.0 28.0
1342.930761385926 427.37720455517615 78.0 28.0
1340.4668011589742 431.9531306909437 78.0 28.0
1342.930761385926 433.7131022816235 78.0 28.0
1340.4668011589742 431.2491420546718 78.0 28.0
1342.2267727496542 433.0091136453516 78.0 28.0
1343.9867443403339 430.5451534183999 78.0 28.0
1341.5227841133822 435.1210795541674 78.0 28.0
1343.9867443403339 436.8810511448472 78.0 28.0
1341.5227841133822 438.64102273552703 78.0 28.0
1341.874778431518 434.0650965997595 78.0 28.0
1343.6347500221977 433.7131022816236 78.0 28.0
1341.1707897952463 434.0650965997595 78.0 28.0
1342.930761385926 435.82506819043937 78.0 28.0
1340.4668011589742 436.1770625085753 78.0 28.0
1342.930761385926 434.4170909178955 78.0 28.0
1340.4668011589742 430.5451534183999 78.0 28.0
1342.2267727496542 430.1931591002639 78.0 28.0
1343.9867443403339 427.7291988733122 78.0 28.0
1340.1148068408384 423.8572613738166 78.0 28.0
1341.874778431518 426.32122160076835 78.0 28.0
1343.6347500221977 428.78518182772007 78.0 28.0
1339.7628125227025 427.02521023704026 78.0 28.0
1341.5227841133822 431.60113637280773 78.0 28.0
1343.2827557040619 433.36110796348754 78.0 28.0
1338.7068295682946 431.60113637280773 78.0 28.0
1338.3548352501587 434.06509659975944 78.0 28.0
1338.7068295682946 430.19315910026387 78.0 28.0
1339.0588238864304 429.8411647821279 78.0 28.0
1338.7068295682946 423.8572613738166 78.0 28.0
1336.9468579776149 421.39330114686487 78.0 28.0
1339.4108182045666 421.7452954650008 78.0 28.0
1337.6508466138866 419.2813352380491 78.0 28.0
1335.890875023207 415.4093977385535 78.0 28.0
1339.7628125227025 417.1693693292333 78.0 28.0
1339.4108182045666 419.63332955618506 78.0 28.0
1337.6508466138866 417.8733579655052 78.0 28.0
1335.186886386935 416.1133863748254 78.0 28.0
1334.834892068799 418.5773466017771 78.0 28.0
1333.0749204781193 416.8173750110973 78.0 28.0
1331.3149488874396 420.6893125105929 78.0 28.0
1335.186886386935 418.9293409199131 78.0 28.0
1334.834892068799 418.5773466017771 78.0 28.0
1336.594863659479 420.33731819245696 78.0 28.0
1336.9468579776149 424.20925569195254 78.0 28.0
1338.7068295682946 423.8572613738166 78.0 28.0
1336.2428693413428 428.4331875095841 78.0 28.0
1338.7068295682946 432.3051250090797 78.0 28.0
1336.2428693413428 438.993017053663 78.0 28.0
