1139.5 552.5 47.0 115.0
1139.5 552.5 47.0 115.0
1139.5 552.5 47.0 115.0
1139.5 542.6733970773212 47.0 115.0
1136.2244656924404 529.5712598470827 47.0 115.0
1136.2244656924404 529.5712598470827 47.0 115.0
1139.5 529.5712598470827 47.0 115.0
1139.5 526.2957255395231 47.0 115.0
1142.7755343075596 523.0201912319635 47.0 115.0
1149.3266029226788 516.4691226168443 47.0 115.0
1149.3266029226788 509.918054001725 47.0 115.0
1149.3266029226788 503.3669853866058 47.0 115.0
1119.8467941546423 500.0914510790461 47.0 115.0
1116.571259847083 513.1935883092846 47.0 115.0
1111.3257061912323 530.8216016299951 45.17493271818531 110.5344098423683
1104.36800802916 542.7281552013527 46.07843137254902 112.74509803921568
1100.6316894078748 548.1517728360798 47.0 115.0
1100.6316894078748 544.8762385285202 47.0 115.0
1103.460221877019 540.4277060593757 47.940000000000005 117.30000000000001
1106.7587543461634 543.7262385285202 47.940000000000005 117.30000000000001
1116.6543517535968 537.1291735902313 47.940000000000005 117.30000000000001
1116.6543517535968 530.5321086519425 47.940000000000005 117.30000000000001
1119.9528842227412 520.6365112445092 47.940000000000005 117.30000000000001
1129.8484816301745 523.9350437136536 47.940000000000005 117.30000000000001
1143.042611506752 530.5321086519425 47.940000000000005 117.30000000000001
1149.5108038409583 536.3067009861486 48.898799999999994 119.64600000000002
1156.017302675233 542.1057278204232 49.87677599999999 122.03891999999999
1163.0127895095077 545.6034712375606 49.87677599999999 122.03891999999999
1152.5195592580958 542.1057278204232 49.87677599999999 122.03891999999999
1146.0609549238895 532.8807993191141 48.898799999999994 119.64600000000002
1142.5871587567865 532.8807993191141 48.898799999999994 119.64600000000002
1142.5871587567865 532.8807993191141 48.898799999999994 119.64600000000002
1146.3650912259309 537.3523317882584 47.940000000000005 117.30000000000001
1146.835091225931 551.6044690184968 47.0 115.0
1143.5595569183713 554.8800033260566 47.0 115.0
1133.7329539956927 558.1555376336162 47.0 115.0
1114.079748150335 554.8800033260566 47.0 115.0
1104.2531452276562 538.5023317882585 47.0 115.0
1100.9776109200966 531.9512631731392 47.0 115.0
1094.4265423049774 525.40019455802 47.0 115.0
1084.5999393822985 509.0225230202219 47.0 115.0
1061.6711992293813 469.71611132950665 47.0 115.0
1048.5690619991428 436.96076825391054 47.0 115.0
1045.2935276915832 427.1341653312317 47.0 115.0
1035.4669247689044 414.03202810099333 47.0 115.0
1015.8137189235468 371.4500821027184 47.0 115.0
996.1605130781892 328.86813610444347 47.0 115.0
1022.3647875386661 312.4904645666454 47.0 115.0
1009.2626503084275 332.14367041200313 47.0 115.0
986.3339101555102 296.1127930288475 47.0 115.0
973.2317729252718 260.08191564569177 47.0 115.0
963.405170002593 243.70424410789371 47.0 115.0
940.4764298496757 194.57122949449962 47.0 115.0
920.823224004318 165.09142072646313 47.0 115.0
901.1700181589605 132.33607765086705 47.0 115.0
878.2412780060431 79.92752872991333 47.0 115.0
855.3125378531258 30.79451411651922 47.0 115.0
845.485934930447 1.314705348482752 47.0 115.0
838.9348663153278 -24.88956911199411 47.0 115.0
826.383752959272 -62.797811140945626 46.07843137254902 112.74509803921568
826.383752959272 -46.5329390537191 46.07843137254902 112.74509803921568
829.6367273767173 -49.785913471164406 46.07843137254902 112.74509803921568
836.142676211608 -49.785913471164406 46.07843137254902 112.74509803921568
858.9134971337251 -79.06268322817218 46.07843137254902 112.74509803921568
849.1545738813892 -88.82160648050811 46.07843137254902 112.74509803921568
845.901599463944 -85.56863206306278 46.07843137254902 112.74509803921568
845.901599463944 -88.82160648050811 46.07843137254902 112.74509803921568
849.1545738813892 -82.31565764561748 46.07843137254902 112.74509803921568
862.1664715511704 -82.31565764561748 46.07843137254902 112.74509803921568
865.4194459686157 -82.31565764561748 46.07843137254902 112.74509803921568
875.1783692209516 -82.31565764561748 46.07843137254902 112.74509803921568
881.6843180558421 -82.31565764561748 46.07843137254902 112.74509803921568
865.4194459686157 -82.31565764561748 46.07843137254902 112.74509803921568
862.1664715511704 -79.06268322817218 46.07843137254902 112.74509803921568
862.1664715511704 -79.06268322817218 46.07843137254902 112.74509803921568
868.672420386061 -82.31565764561748 46.07843137254902 112.74509803921568
871.9253948035064 -82.31565764561748 46.07843137254902 112.74509803921568
868.672420386061 -82.31565764561748 46.07843137254902 112.74509803921568
865.4194459686158 -82.31565764561748 46.07843137254902 112.74509803921568
865.4194459686158 -82.31565764561748 46.07843137254902 112.74509803921568
884.9372924732877 -79.06268322817218 46.07843137254902 112.74509803921568
888.190266890733 -79.06268322817218 46.07843137254902 112.74509803921568
897.9491901430688 -79.06268322817218 46.07843137254902 112.74509803921568
901.2021645605141 -79.06268322817218 46.07843137254902 112.74509803921568
904.4551389779593 -85.56863206306278 46.07843137254902 112.74509803921568
920.7200110651859 -79.06268322817218 46.07843137254902 112.74509803921568
917.4670366477405 -79.06268322817218 46.07843137254902 112.74509803921568
920.7200110651859 -82.31565764561748 46.07843137254902 112.74509803921568
923.9729854826311 -85.56863206306278 46.07843137254902 112.74509803921568
923.9729854826311 -75.80970881072686 46.07843137254902 112.74509803921568
917.4670366477404 -79.06268322817218 46.07843137254902 112.74509803921568
917.4670366477404 -79.06268322817218 46.07843137254902 112.74509803921568
927.2259599000763 -82.31565764561748 46.07843137254902 112.74509803921568
933.731908734967 -85.56863206306278 46.07843137254902 112.74509803921568
953.2497552396388 -85.56863206306278 46.07843137254902 112.74509803921568
956.502729657084 -82.31565764561748 46.07843137254902 112.74509803921568
