1757.5 925.5 83.0 153.0
1758.3153181894206 926.3153181894205 83.0 153.0
1777.0676365460931 932.0225455153644 83.0 153.0
1782.774863872037 932.8378637047849 83.0 153.0
1778.6982729249344 932.0225455153644 83.0 153.0
1764.3942984266673 923.1788560495739 81.37254901960785 150.0
1750.867935279095 928.7485349926919 81.37254901960785 150.0
1735.7502352906317 934.3182139358099 81.37254901960785 150.0
1720.6325353021684 939.8878928789279 81.37254901960785 150.0
1715.977178479457 940.5794629840592 79.77700884275279 147.05882352941177
1707.4079790476676 921.1040097299924 79.77700884275279 147.05882352941177
1711.303069698481 924.9991003808059 79.77700884275279 147.05882352941177
1705.8499427873423 933.5682998125952 79.77700884275279 147.05882352941177
1697.2807433555527 939.0214267237341 79.77700884275279 147.05882352941177
1688.7115439237632 952.2647349364995 79.77700884275279 147.05882352941177
1680.1423444919737 976.4142969715424 79.77700884275279 147.05882352941177
1671.5731450601843 991.2156414446332 79.77700884275279 147.05882352941177
1642.7494742441652 939.0214267237342 79.77700884275279 147.05882352941177
1634.1802748123757 938.2424085935714 79.77700884275279 147.05882352941177
1610.0307127773328 932.7892816824327 79.77700884275279 147.05882352941177
1613.9258034281463 919.5459734696672 79.77700884275279 147.05882352941177
1608.4726765170076 934.3473179427581 79.77700884275279 147.05882352941177
1593.6713320439167 947.5906261555235 79.77700884275279 147.05882352941177
1588.218205132778 957.7178618476382 79.77700884275279 147.05882352941177
1545.3722079738309 947.5906261555235 79.77700884275279 147.05882352941177
1578.8699875708257 920.3249915998299 79.77700884275279 147.05882352941177
1578.0909694406632 935.1263360729207 79.77700884275279 147.05882352941177
1550.8253348849694 935.9053542030834 79.77700884275279 147.05882352941177
1550.0463167548069 939.8004448538968 79.77700884275279 147.05882352941177
1560.1735524469218 926.5571366411314 79.77700884275279 147.05882352941177
1570.3007881390365 930.4522272919448 79.77700884275279 147.05882352941177
1571.0798062691993 931.2312454221075 79.77700884275279 147.05882352941177
1570.3007881390365 939.8004448538968 79.77700884275279 147.05882352941177
1580.4280238311514 949.9276805460115 79.77700884275279 147.05882352941177
1571.858824399362 925.7781185109686 79.77700884275279 147.05882352941177
1571.0798062691993 926.5571366411314 79.77700884275279 147.05882352941177
1567.1847156183858 932.0102635522701 79.77700884275279 147.05882352941177
1566.4056974882233 937.4633904634089 79.77700884275279 147.05882352941177
1557.8364980564336 942.9165173745478 79.77700884275279 147.05882352941177
1552.3833711452949 956.1598255873132 79.77700884275279 147.05882352941177
1562.5106068374098 941.3584811142223 79.77700884275279 147.05882352941177
1549.2672986246444 921.8830278601556 79.77700884275279 147.05882352941177
1543.8141717135056 922.6620459903182 79.77700884275279 147.05882352941177
1543.035153583343 928.1151729014571 79.77700884275279 147.05882352941177
1542.2561354531804 936.6843723332464 79.77700884275279 147.05882352941177
1546.1512261039936 945.2535717650358 79.77700884275279 147.05882352941177
1546.9302442341564 949.1486624158492 79.77700884275279 147.05882352941177
1550.8253348849698 957.7178618476386 79.77700884275279 147.05882352941177
1551.6043530151323 967.8450975397533 79.77700884275279 147.05882352941177
1550.8253348849698 985.7625145334947 79.77700884275279 147.05882352941177
1551.6043530151323 1008.3540403082122 79.77700884275279 147.05882352941177
1599.1244589550556 942.137499244385 79.77700884275279 147.05882352941177
1595.2293683042421 946.0325898951985 79.77700884275279 147.05882352941177
1599.1244589550556 945.2535717650358 79.77700884275279 147.05882352941177
1609.2516946471706 939.800444853897 79.77700884275279 147.05882352941177
1613.1467852979838 948.3696442856864 79.77700884275279 147.05882352941177
1613.9258034281465 953.8227711968251 79.77700884275279 147.05882352941177
1645.8655467648164 929.6732091617822 79.77700884275279 147.05882352941177
1660.6668912379068 938.2424085935716 79.77700884275279 147.05882352941177
1684.8164532729497 948.3696442856864 79.77700884275279 147.05882352941177
1690.2695801840887 944.4745536348729 79.77700884275279 147.05882352941177
