1051.5 443.0 79.0 22.0
1051.5 445.06368602263035 79.0 22.0
1045.3089419321088 451.2547440905215 79.0 22.0
1036.3663025007104 449.1910580678911 79.0 22.0
1033.3470184287976 445.6129504665666 77.45098039215686 21.56862745098039
1025.693555216108 449.5246362373175 79.0 22.0
1023.6298691934778 447.4609502146871 79.0 22.0
1015.3751251029563 451.58832225994786 79.0 22.0
1013.3114390803258 451.58832225994786 79.0 22.0
1004.3687996489275 454.33990362345503 79.0 22.0
1000.2414276036667 454.33990362345503 79.0 22.0
996.1140555584059 452.2762176008246 79.0 22.0
991.9866835131451 456.4035896460854 79.0 22.0
985.795625445254 458.4672756687158 79.0 22.0
979.604567377363 454.33990362345503 79.0 22.0
973.4135093094719 454.33990362345503 79.0 22.0
967.2224512415808 456.40358964608544 79.0 22.0
965.1587652189504 456.40358964608544 79.0 22.0
958.9677071510594 456.40358964608544 79.0 22.0
952.7766490831682 456.40358964608544 79.0 22.0
946.5855910152771 456.40358964608544 79.0 22.0
944.5219049926468 456.40358964608544 79.0 22.0
938.3308469247556 456.40358964608544 79.0 22.0
933.5155795386181 458.46727566871584 79.0 22.0
927.3245214707271 455.7156943052087 79.0 22.0
923.1971494254663 455.7156943052087 79.0 22.0
912.8787193123144 457.7793803278391 79.0 22.0
908.7513472670536 457.7793803278391 79.0 22.0
904.6239752217928 457.7793803278391 79.0 22.0
900.496603176532 455.7156943052087 79.0 22.0
895.6813357903944 459.8430663504694 79.0 22.0
891.5539637451336 459.8430663504694 79.0 22.0
887.4265916998728 459.8430663504694 79.0 22.0
883.299219654612 457.779380327839 79.0 22.0
872.9807895414601 455.7156943052086 79.0 22.0
866.789731473569 459.84306635046937 79.0 22.0
866.789731473569 457.7793803278389 79.0 22.0
859.9107780648011 457.7793803278389 79.0 22.0
851.6560339742796 457.7793803278389 79.0 22.0
847.5286619290188 457.7793803278389 79.0 22.0
837.2102318158669 457.7793803278389 79.0 22.0
837.2102318158669 457.7793803278389 79.0 22.0
833.0828597706061 457.7793803278389 79.0 22.0
822.7644296574542 457.7793803278389 79.0 22.0
818.6370576121933 457.7793803278389 79.0 22.0
814.5096855669326 457.7793803278389 79.0 22.0
810.3823135216717 457.7793803278389 79.0 22.0
806.254941476411 457.7793803278389 79.0 22.0
802.12756943115 457.7793803278389 79.0 22.0
798.0001973858894 459.84306635046937 79.0 22.0
787.6817672727374 461.9067523730997 79.0 22.0
781.4907092048463 463.9704383957302 79.0 22.0
779.4270231822159 461.9067523730997 79.0 22.0
773.2359651143248 463.9704383957302 79.0 22.0
767.0449070464338 461.9067523730997 79.0 22.0
762.2296396602962 463.9704383957302 79.0 22.0
757.4143722741587 459.8430663504694 79.0 22.0
753.2870002288979 461.90675237309983 79.0 22.0
745.0322561383764 463.97043839573024 79.0 22.0
740.9048840931156 459.8430663504695 79.0 22.0
736.7775120478548 461.9067523730999 79.0 22.0
732.650140002594 463.9704383957303 79.0 22.0
723.7075005711956 461.9067523730999 79.0 22.0
717.5164425033046 463.9704383957303 79.0 22.0
709.2616984127831 461.9067523730999 79.0 22.0
707.1980123901527 463.9704383957303 79.0 22.0
703.0706403448919 461.9067523730999 79.0 22.0
694.8158962543704 464.65833373660706 79.0 22.0
690.6885242091096 462.59464771397666 79.0 22.0
686.5611521638488 460.53096169134625 79.0 22.0
682.433780118588 462.59464771397666 79.0 22.0
678.3064080733271 460.53096169134625 79.0 22.0
669.3637686419288 462.59464771397666 79.0 22.0
663.1727105740378 460.53096169134625 79.0 22.0
656.9816525061467 462.59464771397666 79.0 22.0
654.9179664835162 460.53096169134625 79.0 22.0
648.0390130747483 462.59464771397666 79.0 22.0
639.7842689842269 460.53096169134625 79.0 22.0
637.7205829615964 464.658333736607 79.0 22.0
629.465838871075 464.658333736607 79.0 22.0
624.6505714849375 464.658333736607 79.0 22.0
618.4595134170463 462.5946477139766 79.0 22.0
612.2684553491553 460.5309616913462 79.0 22.0
610.2047693265249 464.65833373660695 79.0 22.0
604.0137112586337 464.65833373660695 79.0 22.0
597.1347578498659 464.65833373660695 79.0 22.0
593.0073858046051 464.65833373660695 79.0 22.0
584.7526417140836 464.65833373660695 79.0 22.0
580.6252696688229 464.65833373660695 79.0 22.0
576.497897623562 464.65833373660695 79.0 22.0
571.6826302374245 464.65833373660695 79.0 22.0
565.4915721695334 464.65833373660695 79.0 22.0
557.2368280790118 466.72201975923736 79.0 22.0
553.1094560337511 466.72201975923736 79.0 22.0
544.8547119432295 468.78570578186776 79.0 22.0
540.7273398979688 464.658333736607 79.0 22.0
536.599967852708 466.7220197592374 79.0 22.0
530.408909784817 466.7220197592374 79.0 22.0
525.5936423986794 464.658333736607 79.0 22.0
519.4025843307883 460.53096169134625 79.0 22.0
512.5236309220203 462.59464771397666 79.0 22.0
478.8167592190575 462.59464771397666 79.0 22.0
466.43464308327515 464.65833373660706 79.0 22.0
462.3072710380144 466.72201975923747 79.0 22.0
458.1798989927537 468.7857057818679 79.0 22.0
447.8614688796018 466.72201975923747 79.0 22.0
441.67041081171067 470.8493918044982 79.0 22.0
439.6067247890802 468.7857057818678 79.0 22.0
433.4156667211891 466.7220197592374 79.0 22.0
427.22460865329793 470.84939180449817 79.0 22.0
423.0972366080372 468.78570578186776 79.0 22.0
414.15459717663884 468.78570578186776 79.0 22.0
412.09091115400844 466.72201975923736 79.0 22.0
422.40934126716036 468.78570578186776 79.0 22.0
430.66408535768187 464.658333736607 79.0 22.0
447.8614688796017 466.7220197592374 79.0 22.0
485.6957126278254 468.7857057818678 79.0 22.0
525.5936423986794 464.65833373660706 79.0 22.0
561.3642001242727 462.59464771397666 79.0 22.0
584.7526417140837 460.53096169134625 79.0 22.0
606.0773972812642 462.59464771397666 79.0 22.0
622.5868854623072 458.46727566871596 79.0 22.0
637.03268762072 458.46727566871596 79.0 22.0
654.2300711426399 458.46727566871596 79.0 22.0
669.3637686419293 456.4035896460855 79.0 22.0
690.6885242091098 458.46727566871596 79.0 22.0
709.2616984127833 456.4035896460855 79.0 22.0
722.3317098894422 458.46727566871596 79.0 22.0
745.7201514792532 454.3399036234552 79.0 22.0
767.0449070464339 452.2762176008248 79.0 22.0
792.4970346588752 456.4035896460855 79.0 22.0
817.9491622713165 456.4035896460855 79.0 22.0
826.203906361838 454.33990362345514 79.0 22.0
843.4012898837578 452.2762176008247 79.0 22.0
864.0381501100616 454.33990362345514 79.0 22.0
881.2355336319814 450.2125315781944 79.0 22.0
898.4329171539013 450.2125315781944 79.0 22.0
913.5666146531906 450.2125315781944 79.0 22.0
923.8850447663425 450.2125315781944 79.0 22.0
934.8913702203713 450.2125315781944 79.0 22.0
945.2098003335232 450.2125315781944 79.0 22.0
951.4008584014142 450.2125315781944 79.0 22.0
955.528230446675 450.2125315781944 79.0 22.0
957.5919164693055 450.2125315781944 79.0 22.0
959.6556024919358 450.2125315781944 79.0 22.0
965.8466605598269 450.2125315781944 79.0 22.0
974.1014046503484 450.2125315781944 79.0 22.0
984.4198347635004 448.148845555564 79.0 22.0
1001.6172182854201 446.0851595329336 79.0 22.0
1020.8782878299703 448.148845555564 79.0 22.0
1038.0756713518902 444.0214735103032 79.0 22.0
1050.4577874876725 444.0214735103032 79.0 22.0
1067.6551710095923 444.0214735103032 79.0 22.0
1082.100973168005 441.9577874876728 79.0 22.0
1102.7378333943088 444.0214735103032 79.0 22.0
1119.9352169162287 441.9577874876728 79.0 22.0
1143.3236585060397 444.0214735103032 79.0 22.0
1162.5847280505898 439.89410146504247 79.0 22.0
1181.84579759514 439.89410146504247 79.0 22.0
1207.2979252075813 439.89410146504247 79.0 22.0
1228.622680774762 439.89410146504247 79.0 22.0
1243.7563782740515 437.83041544241206 79.0 22.0
1260.9537617959716 435.76672941978165 79.0 22.0
1282.278517363152 437.83041544241206 79.0 22.0
1295.3485288398113 435.76672941978165 79.0 22.0
1305.6669589529633 437.83041544241206 79.0 22.0
1318.0490750887454 435.76672941978165 79.0 22.0
1324.2401331566366 437.83041544241206 79.0 22.0
1333.182772588035 433.7030433971513 79.0 22.0
1343.5012027011871 433.7030433971513 79.0 22.0
1355.8833188369692 433.7030433971513 79.0 22.0
1368.9533303136284 433.7030433971513 79.0 22.0
1377.20807440415 433.7030433971513 79.0 22.0
1388.2143998581787 433.7030433971513 79.0 22.0
1390.2780858808092 433.7030433971513 79.0 22.0
1396.4691439487003 433.7030433971513 79.0 22.0
1400.5965159939612 433.7030433971513 79.0 22.0
1400.5965159939612 431.63935737452096 79.0 22.0
1404.723888039222 435.76672941978165 79.0 22.0
1410.9149461071133 433.70304339715125 79.0 22.0
1419.1696901976347 431.63935737452084 79.0 22.0
1425.3607482655261 433.70304339715125 79.0 22.0
1437.7428644013082 431.63935737452084 79.0 22.0
1443.9339224691994 433.70304339715125 79.0 22.0
1452.188666559721 431.63935737452084 79.0 22.0
1462.507096672873 433.70304339715125 79.0 22.0
1460.4434106502426 431.63935737452084 79.0 22.0
1456.316038604982 433.70304339715125 79.0 22.0
1450.1249805370908 431.63935737452084 79.0 22.0
1441.870236446569 433.70304339715125 79.0 22.0
1435.6791783786778 431.63935737452084 79.0 22.0
1427.4244342881561 435.7667294197816 79.0 22.0
1422.6091669020186 433.7030433971512 79.0 22.0
1412.2907367888665 431.6393573745208 79.0 22.0
1410.2270507662363 433.7030433971512 79.0 22.0
1401.2844113348378 431.6393573745208 79.0 22.0
1395.0933532669467 434.39093873802796 79.0 22.0
1386.838609176425 432.32725271539755 79.0 22.0
1382.7112371311641 436.4546247606583 79.0 22.0
1373.768597699766 434.3909387380279 79.0 22.0
1365.5138536092443 434.3909387380279 79.0 22.0
1340.061725996803 434.3909387380279 79.0 22.0
1324.9280284975134 436.4546247606583 79.0 22.0
1316.6732844069918 438.5183107832887 79.0 22.0
1312.545912361731 435.76672941978154 79.0 22.0
1302.227482248579 437.83041544241195 79.0 22.0
1298.100110203318 433.7030433971512 79.0 22.0
1287.781680090166 435.7667294197816 79.0 22.0
1278.8390406587675 437.830415442412 79.0 22.0
1270.584296568246 437.830415442412 79.0 22.0
1264.3932385003548 437.830415442412 79.0 22.0
1254.0748083872027 437.830415442412 79.0 22.0
1249.947436341942 437.830415442412 79.0 22.0
1245.820064296681 437.830415442412 79.0 22.0
1241.6926922514203 435.7667294197816 79.0 22.0
1235.5016341835292 439.89410146504235 79.0 22.0
1227.2468900930078 439.89410146504235 79.0 22.0
1221.0558320251166 439.89410146504235 79.0 22.0
1212.8010879345952 439.89410146504235 79.0 22.0
1202.4826578214434 439.89410146504235 79.0 22.0
1198.3552857761824 441.95778748767276 79.0 22.0
1190.100541685661 444.02147351030317 79.0 22.0
1188.0368556630306 441.269892146796 79.0 22.0
1185.9731696404 443.33357816942635 79.0 22.0
1190.100541685661 439.20620612416565 79.0 22.0
1190.100541685661 441.26989214679605 79.0 22.0
1188.0368556630306 443.33357816942646 79.0 22.0
1181.8457975951396 441.26989214679605 79.0 22.0
1181.8457975951396 445.3972641920568 79.0 22.0
1177.7184255498787 443.33357816942635 79.0 22.0
1169.4636814593573 441.269892146796 79.0 22.0
1169.4636814593573 445.3972641920567 79.0 22.0
1169.4636814593573 443.3335781694263 79.0 22.0
1169.4636814593573 440.5819968059191 79.0 22.0
1171.5273674819875 442.6456828285495 79.0 22.0
1177.7184255498787 438.51831078328877 79.0 22.0
1175.6547395272482 440.5819968059192 79.0 22.0
1179.7821115725092 442.6456828285496 79.0 22.0
1177.7184255498787 440.5819968059192 79.0 22.0
1177.7184255498787 442.6456828285496 79.0 22.0
1175.6547395272482 440.5819968059192 79.0 22.0
1179.7821115725092 442.6456828285496 79.0 22.0
1181.8457975951396 440.5819968059192 79.0 22.0
1183.9094836177699 442.6456828285496 79.0 22.0
1177.718425549879 439.8941014650424 79.0 22.0
1171.5273674819878 441.9577874876728 79.0 22.0
1169.4636814593573 444.0214735103032 79.0 22.0
1161.208937368836 439.89410146504247 79.0 22.0
1157.081565323575 441.9577874876729 79.0 22.0
1150.890507255684 444.0214735103033 79.0 22.0
1142.6357631651624 441.9577874876729 79.0 22.0
1131.6294377111337 446.08515953293363 79.0 22.0
1126.8141703249962 446.08515953293363 79.0 22.0
1120.6231122571053 446.08515953293363 79.0 22.0
1112.3683681665837 446.08515953293363 79.0 22.0
1108.240996121323 444.0214735103032 79.0 22.0
1097.234670667294 441.9577874876728 79.0 22.0
1092.4194032811565 446.0851595329336 79.0 22.0
1085.5404498723888 444.02147351030317 79.0 22.0
1077.2857057818671 441.95778748767276 79.0 22.0
1071.0946477139762 446.0851595329335 79.0 22.0
1062.8399036234546 446.0851595329335 79.0 22.0
1052.5214735103027 446.0851595329335 79.0 22.0
1045.6425201015347 446.0851595329335 79.0 22.0
1043.5788340789045 446.0851595329335 79.0 22.0
1037.3877760110133 446.0851595329335 79.0 22.0
1045.6425201015347 446.0851595329335 79.0 22.0
1052.5214735103027 446.0851595329335 79.0 22.0
1058.7125315781939 446.0851595329335 79.0 22.0
1062.8399036234546 446.0851595329335 79.0 22.0
1062.8399036234546 446.0851595329335 79.0 22.0
1069.0309616913457 446.0851595329335 79.0 22.0
1075.222019759237 446.0851595329335 79.0 22.0
1081.4130778271278 446.0851595329335 79.0 22.0
1089.6678219176492 446.0851595329335 79.0 22.0
1093.7951939629102 444.02147351030305 79.0 22.0
1095.8588799855406 441.9577874876727 79.0 22.0
1100.6741473716781 446.0851595329334 79.0 22.0
1100.6741473716781 444.021473510303 79.0 22.0
1100.6741473716781 441.9577874876726 79.0 22.0
1100.6741473716781 444.021473510303 79.0 22.0
1097.922566008171 441.9577874876726 79.0 22.0
1091.73150794028 444.70936885117976 79.0 22.0
1095.8588799855406 442.6456828285494 79.0 22.0
1095.8588799855406 442.6456828285494 79.0 22.0
1095.8588799855406 440.58199680591895 79.0 22.0
1097.922566008171 444.7093688511797 79.0 22.0
1097.922566008171 442.6456828285493 79.0 22.0
1099.9862520308016 440.5819968059189 79.0 22.0
1104.1136240760623 442.6456828285493 79.0 22.0
1106.1773100986927 440.5819968059189 79.0 22.0
1108.2409961213232 442.6456828285493 79.0 22.0
1099.9862520308016 440.5819968059189 79.0 22.0
1095.1709846446643 444.70936885117965 79.0 22.0
1086.2283452132658 444.70936885117965 79.0 22.0
1080.0372871453746 444.70936885117965 79.0 22.0
1071.7825430548532 444.70936885117965 79.0 22.0
1066.9672756687157 444.70936885117965 79.0 22.0
1058.7125315781943 444.70936885117965 79.0 22.0
1047.7062061241654 444.70936885117965 79.0 22.0
1038.7635666927672 444.70936885117965 79.0 22.0
1019.5024971482169 444.70936885117965 79.0 22.0
1009.184067035065 444.70936885117965 79.0 22.0
998.8656369219132 446.77305487381005 79.0 22.0
990.6108928313917 448.83674089644046 79.0 22.0
984.4198347635006 444.7093688511797 79.0 22.0
975.4771953321023 446.7730548738101 79.0 22.0
969.2861372642112 448.8367408964405 79.0 22.0
961.0313931736897 444.70936885117976 79.0 22.0
952.7766490831682 446.7730548738102 79.0 22.0
941.7703236291395 448.8367408964406 79.0 22.0
936.955056243002 444.7093688511799 79.0 22.0
926.6366261298501 444.7093688511799 79.0 22.0
918.3818820393286 442.64568282854947 79.0 22.0
908.0634519261766 440.58199680591906 79.0 22.0
903.9360798809159 444.70936885117976 79.0 22.0
899.808707835655 444.70936885117976 79.0 22.0
895.6813357903943 446.7730548738102 79.0 22.0
887.4265916998728 448.8367408964406 79.0 22.0
882.6113243137353 446.7730548738102 79.0 22.0
872.2928942005833 450.9004269190709 79.0 22.0
868.1655221553226 452.96411294170133 79.0 22.0
863.3502547691851 450.9004269190709 79.0 22.0
865.4139407918154 452.96411294170133 79.0 22.0
875.7323709049673 450.21253157819416 79.0 22.0
890.17817306338 452.27621760082457 79.0 22.0
905.3118705626695 452.27621760082457 79.0 22.0
917.6939866984517 452.27621760082457 79.0 22.0
921.8213587437126 452.27621760082457 79.0 22.0
928.0124168116037 452.27621760082457 79.0 22.0
932.1397888568645 450.21253157819416 79.0 22.0
943.1461143108932 450.21253157819416 79.0 22.0
949.3371723787843 450.21253157819416 79.0 22.0
955.5282304466754 450.21253157819416 79.0 22.0
955.5282304466754 450.21253157819416 79.0 22.0
951.4008584014146 452.27621760082457 79.0 22.0
951.4008584014146 452.27621760082457 79.0 22.0
958.2798118101824 452.27621760082457 79.0 22.0
963.09507919632 450.21253157819416 79.0 22.0
971.3498232868415 448.14884555556375 79.0 22.0
981.6682533999933 446.08515953293335 79.0 22.0
983.7319394226238 448.14884555556375 79.0 22.0
981.6682533999933 448.14884555556375 79.0 22.0
985.7956254452541 448.14884555556375 79.0 22.0
987.8593114678846 448.14884555556375 79.0 22.0
991.9866835131454 448.14884555556375 79.0 22.0
1000.9293229445437 446.08515953293335 79.0 22.0
1007.1203810124348 448.14884555556375 79.0 22.0
1013.3114390803258 444.021473510303 79.0 22.0
1015.3751251029563 444.021473510303 79.0 22.0
1017.4388111255867 444.021473510303 79.0 22.0
1019.5024971482171 444.021473510303 79.0 22.0
1015.3751251029563 444.021473510303 79.0 22.0
1015.3751251029563 444.021473510303 79.0 22.0
1011.2477530576955 446.0851595329334 79.0 22.0
1011.2477530576955 448.1488455555638 79.0 22.0
1009.184067035065 444.02147351030305 79.0 22.0
1009.184067035065 444.02147351030305 79.0 22.0
1009.184067035065 444.02147351030305 79.0 22.0
1009.184067035065 444.02147351030305 79.0 22.0
1011.2477530576955 444.02147351030305 79.0 22.0
1018.1267064664634 441.9577874876727 79.0 22.0
1026.3814505569849 444.7093688511799 79.0 22.0
1040.8272527153977 442.64568282854947 79.0 22.0
1053.8972641920568 440.58199680591906 79.0 22.0
1062.1520082825782 442.64568282854947 79.0 22.0
1072.47043839573 440.58199680591906 79.0 22.0
1079.349391804498 440.58199680591906 79.0 22.0
1084.1646591906356 440.58199680591906 79.0 22.0
1092.419403281157 440.58199680591906 79.0 22.0
1101.3620427125554 438.51831078328865 79.0 22.0
1101.3620427125554 436.45462476065825 79.0 22.0
1101.3620427125554 438.51831078328865 79.0 22.0
1101.3620427125554 436.45462476065825 79.0 22.0
1106.177310098693 438.51831078328865 79.0 22.0
1119.2473215753519 435.7667294197814 79.0 22.0
1131.6294377111342 437.8304154424119 79.0 22.0
1141.947867824286 433.70304339715113 79.0 22.0
1148.1389258921772 433.70304339715113 79.0 22.0
1152.266297937438 433.70304339715113 79.0 22.0
1165.336309414097 429.5756713518904 79.0 22.0
1176.3426348681257 429.5756713518904 79.0 22.0
1193.5400183900456 429.5756713518904 79.0 22.0
1201.794762480567 429.5756713518904 79.0 22.0
1214.1768786163493 427.51198532925997 79.0 22.0
1218.3042506616102 427.51198532925997 79.0 22.0
1218.3042506616102 425.44829930662956 79.0 22.0
1211.4252972528423 427.51198532925997 79.0 22.0
1205.234239184951 425.44829930662956 79.0 22.0
1194.9158090717992 427.51198532925997 79.0 22.0
1185.973169640401 423.3846132839992 79.0 22.0
1173.5910535046187 423.3846132839992 79.0 22.0
1163.2726233914668 423.3846132839992 79.0 22.0
1150.2026119148077 425.4482993066296 79.0 22.0
1143.3236585060397 427.51198532926 79.0 22.0
1130.9415423702576 425.4482993066296 79.0 22.0
1124.7504843023664 427.51198532926 79.0 22.0
1114.4320541892146 425.4482993066296 79.0 22.0
1106.177310098693 429.5756713518904 79.0 22.0
1099.986252030802 427.51198532925997 79.0 22.0
1089.6678219176501 427.51198532925997 79.0 22.0
1062.1520082825784 429.5756713518904 79.0 22.0
1053.8972641920568 429.5756713518904 79.0 22.0
1055.9609502146873 429.5756713518904 79.0 22.0
1066.2793803278391 429.5756713518904 79.0 22.0
1074.5341244183605 429.5756713518904 79.0 22.0
1074.5341244183605 429.5756713518904 79.0 22.0
1072.4704383957303 429.5756713518904 79.0 22.0
1066.2793803278391 429.5756713518904 79.0 22.0
1062.1520082825784 431.6393573745208 79.0 22.0
1070.4067523730998 433.7030433971512 79.0 22.0
1074.5341244183605 431.6393573745208 79.0 22.0
1084.8525545315126 433.7030433971512 79.0 22.0
1093.107298622034 429.57567135189043 79.0 22.0
1091.0436125994036 429.57567135189043 79.0 22.0
1088.9799265767733 429.57567135189043 79.0 22.0
1080.7251824862517 429.57567135189043 79.0 22.0
1078.6614964636212 429.57567135189043 79.0 22.0
1080.7251824862517 429.57567135189043 79.0 22.0
1088.9799265767733 429.57567135189043 79.0 22.0
1093.107298622034 429.57567135189043 79.0 22.0
1101.3620427125554 427.51198532926 79.0 22.0
1114.4320541892146 425.4482993066296 79.0 22.0
1128.8778563476274 429.5756713518904 79.0 22.0
1141.9478678242863 427.51198532925997 79.0 22.0
1158.4573560053295 425.44829930662956 79.0 22.0
1160.52104202796 427.51198532925997 79.0 22.0
1164.6484140732207 424.7604039657528 79.0 22.0
1164.6484140732207 426.8240899883832 79.0 22.0
1162.5847280505902 428.8877760110136 79.0 22.0
1162.5847280505902 424.76040396575286 79.0 22.0
1170.8394721411119 424.76040396575286 79.0 22.0
1181.8457975951405 424.76040396575286 79.0 22.0
1188.0368556630315 422.69671794312245 79.0 22.0
1183.2215882768942 420.63303192049204 79.0 22.0
1177.030530209003 424.7604039657528 79.0 22.0
1174.9668441863726 424.7604039657528 79.0 22.0
1168.0878907776046 424.7604039657528 79.0 22.0
1157.7694606644527 424.7604039657528 79.0 22.0
1153.642088619192 426.8240899883832 79.0 22.0
1155.7057746418222 426.8240899883832 79.0 22.0
1158.4573560053295 426.8240899883832 79.0 22.0
1158.4573560053295 426.8240899883832 79.0 22.0
1162.5847280505902 424.7604039657528 79.0 22.0
1160.52104202796 422.6967179431224 79.0 22.0
1158.4573560053295 420.633031920492 79.0 22.0
1153.642088619192 424.76040396575274 79.0 22.0
1151.5784025965615 424.76040396575274 79.0 22.0
1147.4510305513008 424.76040396575274 79.0 22.0
1143.32365850604 424.76040396575274 79.0 22.0
1135.0689144155185 424.76040396575274 79.0 22.0
1139.1962864607792 424.76040396575274 79.0 22.0
1144.0115538469167 422.6967179431223 79.0 22.0
1148.1389258921777 418.5693458978616 79.0 22.0
1158.4573560053295 420.633031920492 79.0 22.0
1158.4573560053295 420.633031920492 79.0 22.0
1158.4573560053295 420.633031920492 79.0 22.0
1158.4573560053295 420.633031920492 79.0 22.0
1152.2662979374384 422.6967179431224 79.0 22.0
1150.202611914808 420.633031920492 79.0 22.0
1146.0752398695472 423.38461328399916 79.0 22.0
1141.9478678242863 421.32092726136875 79.0 22.0
1139.884181801656 423.38461328399916 79.0 22.0
1135.7568097563951 421.32092726136875 79.0 22.0
1131.6294377111344 423.38461328399916 79.0 22.0
1123.3746936206128 419.2572412387384 79.0 22.0
1117.1836355527219 419.2572412387384 79.0 22.0
1119.247321575352 419.2572412387384 79.0 22.0
1115.1199495300914 419.2572412387384 79.0 22.0
1115.1199495300914 421.3209272613688 79.0 22.0
1117.8715308935984 423.3846132839992 79.0 22.0
1119.935216916229 421.3209272613688 79.0 22.0
1130.9415423702576 421.3209272613688 79.0 22.0
1139.196286460779 421.3209272613688 79.0 22.0
1141.2599724834095 421.3209272613688 79.0 22.0
1149.514716573931 419.2572412387384 79.0 22.0
1153.6420886191918 417.193555216108 79.0 22.0
1157.7694606644527 419.2572412387384 79.0 22.0
1161.8968327097134 416.50565987523123 79.0 22.0
1168.0878907776046 418.56934589786164 79.0 22.0
1168.0878907776046 414.4419738526009 79.0 22.0
1172.2152628228653 414.4419738526009 79.0 22.0
1180.470006913387 414.4419738526009 79.0 22.0
1178.4063208907564 414.4419738526009 79.0 22.0
1176.342634868126 414.4419738526009 79.0 22.0
1178.4063208907564 414.4419738526009 79.0 22.0
1176.342634868126 414.4419738526009 79.0 22.0
1178.4063208907564 412.3782878299705 79.0 22.0
1174.2789488454955 414.4419738526009 79.0 22.0
1168.0878907776046 412.3782878299705 79.0 22.0
1157.081565323576 416.50565987523123 79.0 22.0
1152.954193278315 416.50565987523123 79.0 22.0
1144.6994491877936 416.50565987523123 79.0 22.0
1142.635763165163 416.50565987523123 79.0 22.0
1137.8204957790256 416.50565987523123 79.0 22.0
1137.8204957790256 416.50565987523123 79.0 22.0
1139.884181801656 416.50565987523123 79.0 22.0
1144.0115538469167 416.50565987523123 79.0 22.0
1139.884181801656 416.50565987523123 79.0 22.0
1137.8204957790256 414.4419738526008 79.0 22.0
1131.6294377111344 412.3782878299704 79.0 22.0
1127.5020656658737 416.5056598752312 79.0 22.0
1119.247321575352 414.44197385260077 79.0 22.0
1117.1836355527219 412.37828782997036 79.0 22.0
1115.1199495300914 414.44197385260077 79.0 22.0
1104.1136240760627 410.31460180734 79.0 22.0
1095.1709846446643 412.3782878299704 79.0 22.0
1088.9799265767733 416.5056598752312 79.0 22.0
1082.7888685088822 416.5056598752312 79.0 22.0
1076.597810440991 416.5056598752312 79.0 22.0
1076.597810440991 416.5056598752312 79.0 22.0
1069.7188570322232 416.5056598752312 79.0 22.0
1065.5914849869623 416.5056598752312 79.0 22.0
1067.6551710095928 416.5056598752312 79.0 22.0
1069.7188570322232 416.5056598752312 79.0 22.0
1075.9099151001142 416.5056598752312 79.0 22.0
1078.6614964636212 414.44197385260077 79.0 22.0
1076.597810440991 412.37828782997036 79.0 22.0
1074.5341244183605 416.5056598752311 79.0 22.0
1065.591484986962 414.44197385260065 79.0 22.0
1059.4004269190712 412.3782878299703 79.0 22.0
1051.1456828285495 415.1298691934775 79.0 22.0
1047.0183107832888 413.06618317084707 79.0 22.0
1047.0183107832888 411.00249714821666 79.0 22.0
1055.960950214687 413.06618317084707 79.0 22.0
1069.0309616913462 408.9388111255863 79.0 22.0
1075.9099151001142 408.9388111255863 79.0 22.0
1080.037287145375 408.9388111255863 79.0 22.0
1077.9736011227446 408.9388111255863 79.0 22.0
1077.9736011227446 408.9388111255863 79.0 22.0
1082.1009731680053 408.9388111255863 79.0 22.0
1084.1646591906358 408.9388111255863 79.0 22.0
1079.3493918044983 408.9388111255863 79.0 22.0
1079.3493918044983 408.9388111255863 79.0 22.0
1077.2857057818678 408.9388111255863 79.0 22.0
1073.1583337366071 408.9388111255863 79.0 22.0
1062.8399036234553 408.9388111255863 79.0 22.0
1051.8335781694263 408.9388111255863 79.0 22.0
1049.0819968059193 408.9388111255863 79.0 22.0
1040.827252715398 408.9388111255863 79.0 22.0
1038.7635666927674 408.9388111255863 79.0 22.0
1038.7635666927674 408.9388111255863 79.0 22.0
1042.8909387380284 408.9388111255863 79.0 22.0
1040.827252715398 408.9388111255863 79.0 22.0
1038.7635666927674 406.8751251029559 79.0 22.0
1034.6361946475067 409.6267064664631 79.0 22.0
1036.699880670137 409.6267064664631 79.0 22.0
1038.7635666927674 409.6267064664631 79.0 22.0
1030.508822602246 409.6267064664631 79.0 22.0
1024.3177645343549 409.6267064664631 79.0 22.0
1022.2540785117245 409.6267064664631 79.0 22.0
1022.2540785117245 409.6267064664631 79.0 22.0
1020.190392489094 409.6267064664631 79.0 22.0
1016.0630204438332 409.6267064664631 79.0 22.0
1013.9993344212029 409.6267064664631 79.0 22.0
1009.8719623759421 409.6267064664631 79.0 22.0
1001.6172182854206 409.6267064664631 79.0 22.0
997.4898462401597 409.6267064664631 79.0 22.0
997.4898462401597 409.6267064664631 79.0 22.0
1001.6172182854206 409.6267064664631 79.0 22.0
1012.6235437394494 409.6267064664631 79.0 22.0
1018.8146018073404 409.6267064664631 79.0 22.0
1020.8782878299708 407.56302044383267 79.0 22.0
1020.8782878299708 405.49933442120226 79.0 22.0
1020.8782878299708 407.56302044383267 79.0 22.0
1016.75091578471 405.49933442120226 79.0 22.0
1012.6235437394491 407.56302044383267 79.0 22.0
1004.3687996489277 405.49933442120226 79.0 22.0
1002.3051136262973 408.2509157847095 79.0 22.0
1002.3051136262973 406.187229762079 79.0 22.0
998.1777415810365 408.2509157847095 79.0 22.0
991.2987881722686 406.187229762079 79.0 22.0
985.1077301043774 408.2509157847095 79.0 22.0
974.1014046503487 406.187229762079 79.0 22.0
967.9103465824576 408.2509157847095 79.0 22.0
959.6556024919362 406.187229762079 79.0 22.0
955.5282304466754 410.3146018073398 79.0 22.0
955.5282304466754 410.3146018073398 79.0 22.0
955.5282304466754 410.3146018073398 79.0 22.0
955.5282304466754 410.3146018073398 79.0 22.0
959.6556024919362 410.3146018073398 79.0 22.0
969.974032605088 410.3146018073398 79.0 22.0
978.2287766956096 410.3146018073398 79.0 22.0
978.2287766956096 410.3146018073398 79.0 22.0
980.2924627182399 410.3146018073398 79.0 22.0
986.4835207861311 408.2509157847094 79.0 22.0
991.2987881722686 406.18722976207897 79.0 22.0
993.3624741948989 408.2509157847094 79.0 22.0
989.2351021496381 406.18722976207897 79.0 22.0
987.1714161270077 408.2509157847094 79.0 22.0
985.1077301043773 406.18722976207897 79.0 22.0
983.044044081747 408.2509157847094 79.0 22.0
980.9803580591165 406.18722976207897 79.0 22.0
980.9803580591165 410.3146018073397 79.0 22.0
980.9803580591165 408.2509157847093 79.0 22.0
976.8529860138557 406.1872297620789 79.0 22.0
974.7892999912253 410.31460180733967 79.0 22.0
966.5345559007038 410.31460180733967 79.0 22.0
968.5982419233342 410.31460180733967 79.0 22.0
968.5982419233342 410.31460180733967 79.0 22.0
