1104.0 522.0 80.0 24.0
1104.348030171106 522.3480301711058 80.0 24.0
1106.7842413688472 522.6960603422118 80.0 24.0
1111.308633593224 520.2598491444705 80.0 24.0
1113.0487844487534 522.6960603422118 80.0 24.0
1112.7007542776475 520.2598491444705 80.0 24.0
1114.440905133177 522.6960603422118 80.0 24.0
1118.9652973575537 520.9559094866823 80.0 24.0
1121.401508555295 524.7842413688472 80.0 24.0
1125.9259007796716 523.0440905133178 80.0 24.0
1128.362111977413 521.3039396577882 80.0 24.0
1127.912511463714 524.9183340070992 81.6 24.48
1132.5408433458788 523.4181831515697 80.0 24.0
1134.97705454362 520.9819719538284 80.0 24.0
1140.133845810737 523.1947683579355 81.6 24.48
1145.4582380351135 519.6064364757705 80.0 24.0
1147.8944492328549 521.3465873312999 80.0 24.0
1148.2424794039607 523.7827985290412 80.0 24.0
1152.7668716283374 521.3465873312999 80.0 24.0
1155.2030828260788 523.0867381868295 80.0 24.0
1161.1195957348789 520.6505269890882 80.0 24.0
1163.5558069326203 524.4788588712531 80.0 24.0
1163.2077767615144 522.7387080157235 80.0 24.0
1167.732168985891 520.3024968179823 80.0 24.0
1170.1683801836323 522.0426476735117 80.0 24.0
1174.692772408009 523.7827985290413 80.0 24.0
1176.4329232635384 521.3465873313 80.0 24.0
1178.8691344612798 523.7827985290413 80.0 24.0
1177.1289836057504 522.0426476735117 80.0 24.0
1178.8691344612798 524.478858871253 80.0 24.0
1161.8156560770908 522.0426476735117 80.0 24.0
1151.026720772808 526.5670398978884 80.0 24.0
1138.1496044418898 526.9150700689944 80.0 24.0
1127.3606691376071 527.2631002401002 80.0 24.0
1119.3559752021715 529.0032510956297 80.0 24.0
1108.5670398978887 526.5670398978884 80.0 24.0
1098.4741649358175 530.3953717800533 80.0 24.0
1091.8615916848055 527.959160582312 80.0 24.0
1083.1608374071582 525.5229493845708 80.0 24.0
1070.28372107624 529.3512812667357 80.0 24.0
1065.7593288518633 527.6111304112062 80.0 24.0
1057.058574574216 525.1749192134649 80.0 24.0
1057.4066047453218 529.6993114378416 80.0 24.0
1059.1467556008513 529.3512812667358 80.0 24.0
1054.6223633764746 526.9150700689945 80.0 24.0
1050.0979711520981 531.4394622933712 80.0 24.0
1047.6617599543567 531.0914321222652 80.0 24.0
1043.13736772998 531.4394622933712 80.0 24.0
1040.7011565322389 531.787492464477 80.0 24.0
1034.7846436234386 532.135522635583 80.0 24.0
1026.779949688003 531.787492464477 80.0 24.0
1015.9910143837202 531.4394622933712 80.0 24.0
1003.113898052802 531.0914321222652 80.0 24.0
986.060419668613 530.7434019511594 80.0 24.0
982.2320877864481 531.0914321222652 80.0 24.0
978.4037559042833 531.4394622933712 80.0 24.0
965.5266395733652 531.787492464477 80.0 24.0
958.9140663223532 532.135522635583 80.0 24.0
954.3896740979766 532.4835528066889 80.0 24.0
950.5613422158117 532.8315829777948 80.0 24.0
946.0369499914351 528.3071907534181 80.0 24.0
937.3361957137877 528.655220924524 80.0 24.0
928.6354414361402 530.3953717800534 80.0 24.0
912.9740837363748 532.135522635583 80.0 24.0
904.2733294587274 534.5717338333243 80.0 24.0
904.6213596298333 532.135522635583 80.0 24.0
909.1457518542098 533.8756734911125 80.0 24.0
908.797721683104 531.4394622933712 80.0 24.0
904.9693898009391 533.8756734911125 80.0 24.0
901.1410579187743 532.135522635583 80.0 24.0
898.704846721033 536.6599148599597 80.0 24.0
890.0040924433856 537.0079450310656 80.0 24.0
883.3915191923735 537.3559752021715 80.0 24.0
872.6025838880907 537.7040053732774 80.0 24.0
859.7254675571726 533.1796131489007 80.0 24.0
853.1128943061606 534.9197640044302 80.0 24.0
840.2357779752424 537.3559752021715 80.0 24.0
825.2704806176888 539.7921863999127 80.0 24.0
814.4815453134061 540.1402165710186 80.0 24.0
789.0753428226756 540.4882467421246 80.0 24.0
767.8455023852159 540.8362769132304 80.0 24.0
748.0077826321798 541.1843070843363 80.0 24.0
742.0912697233796 542.9244579398659 80.0 24.0
748.7038429743916 539.096126057701 80.0 24.0
750.443993829921 539.444156228807 80.0 24.0
754.9683860542978 539.7921863999128 80.0 24.0
757.404597252039 539.444156228807 80.0 24.0
761.9289894764156 539.096126057701 80.0 24.0
764.365200674157 537.3559752021715 80.0 24.0
764.7132308452628 541.1843070843364 80.0 24.0
768.5415627274277 539.444156228807 80.0 24.0
770.2817135829572 537.0079450310657 80.0 24.0
774.8061058073338 539.444156228807 80.0 24.0
777.2423170050752 537.0079450310657 80.0 24.0
783.8548902560872 539.444156228807 80.0 24.0
783.5068600849813 537.0079450310657 80.0 24.0
785.9430712827226 541.5323372554424 80.0 24.0
790.4674635070992 541.1843070843365 80.0 24.0
792.9036747048406 540.8362769132306 80.0 24.0
793.2517048759464 539.0961260577011 80.0 24.0
794.991855731476 538.7480958865951 80.0 24.0
816.9177565111476 536.3118846888539 80.0 24.0
823.5303297621596 538.7480958865951 80.0 24.0
823.1822995910536 536.3118846888539 80.0 24.0
825.618510788795 538.7480958865951 80.0 24.0
830.1429030131716 537.0079450310657 80.0 24.0
831.8830538687012 540.8362769132306 80.0 24.0
836.4074460930777 539.0961260577011 80.0 24.0
838.843657290819 537.3559752021715 80.0 24.0
839.191687461925 541.1843070843364 80.0 24.0
843.0200193440897 539.444156228807 80.0 24.0
843.3680495151957 537.7040053732775 80.0 24.0
845.804260712937 535.9638545177479 80.0 24.0
850.3286529373136 540.4882467421246 80.0 24.0
854.8530451616903 540.8362769132306 80.0 24.0
857.2892563594315 541.1843070843364 80.0 24.0
863.9018296104437 540.8362769132306 80.0 24.0
863.5537994393377 540.4882467421246 80.0 24.0
865.2939502948673 538.7480958865951 80.0 24.0
867.7301614926085 536.3118846888539 80.0 24.0
867.3821313215026 538.7480958865951 80.0 24.0
873.9947045725147 538.4000657154893 80.0 24.0
874.3427347436206 538.0520355443833 80.0 24.0
878.8671269679971 537.7040053732775 80.0 24.0
883.3915191923738 537.3559752021715 80.0 24.0
885.1316700479033 541.8803674265482 80.0 24.0
889.65606227228 541.5323372554424 80.0 24.0
890.0040924433858 541.8803674265482 80.0 24.0
891.7442432989153 542.2283975976542 80.0 24.0
895.5725751810802 540.4882467421247 80.0 24.0
895.920605352186 538.7480958865951 80.0 24.0
898.3568165499274 537.0079450310657 80.0 24.0
898.7048467210333 538.7480958865951 80.0 24.0
903.2292389454099 534.9197640044302 80.0 24.0
907.0575708275748 536.6599148599597 80.0 24.0
912.974083736375 538.4000657154893 80.0 24.0
915.4869226030718 534.1411944659992 78.4313725490196 23.529411764705877
921.3639080831741 534.4868994942406 78.4313725490196 23.529411764705877
925.8580734503113 534.8326045224819 78.4313725490196 23.529411764705877
928.2780086480005 534.4868994942406 78.4313725490196 23.529411764705877
928.6237136762419 534.1411944659992 78.4313725490196 23.529411764705877
933.117879043379 533.795489437758 78.4313725490196 23.529411764705877
935.5378142410683 532.0669642965514 78.4313725490196 23.529411764705877
937.1897117133194 536.356062403281 80.0 24.0
943.1062246221197 536.0080322321751 80.0 24.0
942.7581944510138 535.6600020610692 80.0 24.0
946.5865263331785 535.3119718899633 80.0 24.0
953.1990995841907 535.6600020610692 80.0 24.0
952.8510694130847 536.0080322321751 80.0 24.0
955.287280610826 536.356062403281 80.0 24.0
959.8116728352027 536.7040925743869 80.0 24.0
963.6400047173674 537.0521227454929 80.0 24.0
965.3801555728969 536.7040925743869 80.0 24.0
969.9045477972736 536.356062403281 80.0 24.0
973.7328796794384 536.0080322321751 80.0 24.0
975.4730305349678 536.356062403281 80.0 24.0
979.9974227593445 536.7040925743869 80.0 24.0
981.737573614874 539.1403037721282 80.0 24.0
985.5659054970388 537.4001529165987 80.0 24.0
987.3060563525684 539.1403037721283 80.0 24.0
990.5103052757478 534.8814325226383 78.4313725490196 23.529411764705877
992.1622027479989 536.3862892605207 80.0 24.0
996.6865949723756 540.9106814848973 80.0 24.0
998.426745827905 540.5626513137914 80.0 24.0
998.0787156567992 538.822500458262 80.0 24.0
1000.5149268545405 537.0823496027324 80.0 24.0
1005.0393190789171 541.6067418271091 80.0 24.0
1006.7794699344466 539.1705306293679 80.0 24.0
1009.9837188576261 534.9116593798778 78.4313725490196 23.529411764705877
1011.6356163298772 536.4165161177602 80.0 24.0
1016.1600085542539 538.1566669732898 80.0 24.0
1018.5962197519951 535.7204557755485 80.0 24.0
1018.9442499231011 537.460606631078 80.0 24.0
1023.4686421474777 539.2007574866075 80.0 24.0
1025.2087930030073 534.6763652622308 80.0 24.0
1029.7331852273837 535.0243954333367 80.0 24.0
1032.1693964251251 535.3724256044426 80.0 24.0
1036.6937886495018 535.0243954333367 80.0 24.0
1040.5221205316666 535.3724256044426 80.0 24.0
1042.262271387196 535.7204557755485 80.0 24.0
1046.7866636115727 536.0684859466544 80.0 24.0
1050.6149954937375 535.7204557755485 80.0 24.0
1050.9630256648434 535.3724256044426 80.0 24.0
1054.7913575470081 535.0243954333367 80.0 24.0
1056.5315084025378 535.3724256044426 80.0 24.0
1061.0559006269143 535.7204557755485 80.0 24.0
1063.4921118246557 536.0684859466544 80.0 24.0
1063.8401419957615 535.7204557755485 80.0 24.0
1066.276353193503 535.3724256044426 80.0 24.0
1072.192866102303 533.6322747489132 80.0 24.0
1076.021197984468 531.196063551172 80.0 24.0
1077.7613488399975 533.6322747489132 80.0 24.0
1077.4133186688916 531.8921238933837 80.0 24.0
1084.0258919199036 535.7204557755485 80.0 24.0
1083.6778617487976 533.2842445778073 80.0 24.0
1086.114072946539 531.5440937222777 80.0 24.0
1090.6384651709157 535.3724256044426 80.0 24.0
1093.074676368657 535.0243954333367 80.0 24.0
1093.4227065397629 534.6763652622308 80.0 24.0
1095.8589177375043 535.0243954333367 80.0 24.0
1103.86361167294 535.3724256044426 80.0 24.0
1110.476184923952 535.0243954333367 80.0 24.0
1115.0005771483284 533.2842445778073 80.0 24.0
1117.4367883460698 530.848033380066 80.0 24.0
1123.35330125487 533.2842445778073 80.0 24.0
1121.6131503993406 530.848033380066 80.0 24.0
1128.2257236503526 532.5881842355955 80.0 24.0
1128.5737538214585 528.7598523534306 80.0 24.0
1132.4020857036232 531.1960635511718 80.0 24.0
1138.3185986124236 533.6322747489131 80.0 24.0
1137.9705684413175 529.8039428667482 80.0 24.0
1140.4067796390589 530.1519730378541 80.0 24.0
1146.3232925478592 530.50000320896 80.0 24.0
1150.8476847722359 530.848033380066 80.0 24.0
1153.283895969977 531.1960635511718 80.0 24.0
1153.631926141083 531.5440937222777 80.0 24.0
1157.460258023248 531.8921238933837 80.0 24.0
1164.07283127426 532.2401540644896 80.0 24.0
1164.4208614453657 532.5881842355955 80.0 24.0
1168.2491933275305 528.0637920112188 80.0 24.0
1169.98934418306 528.4118221823247 80.0 24.0
1174.5137364074367 528.7598523534306 80.0 24.0
1176.949947605178 529.1078825245365 80.0 24.0
1182.8664605139782 529.4559126956424 80.0 24.0
1182.5184303428723 529.8039428667483 80.0 24.0
1184.2585811984018 530.1519730378542 80.0 24.0
1188.7829734227785 530.5000032089602 80.0 24.0
1191.2191846205199 530.848033380066 80.0 24.0
1197.13569752932 531.196063551172 80.0 24.0
1200.9640294114847 531.5440937222778 80.0 24.0
1202.7041802670144 531.8921238933838 80.0 24.0
1202.3561500959086 532.2401540644896 80.0 24.0
1208.9687233469206 532.5881842355956 80.0 24.0
1208.6206931758145 528.0637920112189 80.0 24.0
1211.0569043735559 528.4118221823247 80.0 24.0
1215.5812965979326 530.1519730378543 80.0 24.0
1218.0175077956737 532.5881842355956 80.0 24.0
1217.669477624568 530.1519730378543 80.0 24.0
1220.1056888223093 532.5881842355956 80.0 24.0
1224.630081046686 530.1519730378543 80.0 24.0
1227.0662922444271 532.5881842355956 80.0 24.0
1232.9828051532274 530.1519730378543 80.0 24.0
1232.6347749821216 531.8921238933838 80.0 24.0
1235.0709861798628 532.2401540644897 80.0 24.0
1239.5953784042395 532.5881842355956 80.0 24.0
1243.4237102864042 528.0637920112189 80.0 24.0
1245.163861141934 527.715761840113 80.0 24.0
1249.6882533663106 527.3677316690071 80.0 24.0
1252.1244645640518 531.8921238933838 80.0 24.0
1258.0409774728523 531.5440937222779 80.0 24.0
1257.6929473017462 531.196063551172 80.0 24.0
1260.1291584994876 530.8480333800661 80.0 24.0
1264.6535507238646 530.5000032089602 80.0 24.0
1268.4818826060293 530.8480333800661 80.0 24.0
1270.222033461559 531.196063551172 80.0 24.0
1274.7464256859357 531.5440937222779 80.0 24.0
1277.1826368836769 531.196063551172 80.0 24.0
1283.0991497924774 530.8480333800661 80.0 24.0
1281.358998936948 530.5000032089602 80.0 24.0
1287.97157218796 530.1519730378543 80.0 24.0
1287.6235420168541 528.4118221823247 80.0 24.0
1290.0597532145955 526.6716713267953 80.0 24.0
1294.5841454389722 529.1078825245365 80.0 24.0
1297.0203566367136 526.6716713267953 80.0 24.0
1303.6329298877258 529.1078825245365 80.0 24.0
1303.2848997166197 526.6716713267953 80.0 24.0
1305.0250505721492 529.1078825245365 80.0 24.0
1309.5494427965261 524.5834903001598 80.0 24.0
1311.9856539942675 522.1472791024186 80.0 24.0
1316.5100462186442 525.9756109845835 80.0 24.0
1318.9462574163854 524.2354601290539 80.0 24.0
1320.686408271915 521.7992489313126 80.0 24.0
1325.2108004962918 523.5393997868421 80.0 24.0
1327.6470116940332 523.1913696157362 80.0 24.0
1327.298981522927 522.8433394446303 80.0 24.0
1335.2589686804517 522.2529399583293 81.6 24.48
1335.6093681667528 524.7057363624363 81.6 24.48
1338.8455793644944 522.509525164695 80.0 24.0
1339.1936095356002 520.7693743091654 80.0 24.0
1343.021941417765 524.5977061913303 80.0 24.0
1345.4581526155064 522.8575553358008 80.0 24.0
1349.9825448398833 522.509525164695 80.0 24.0
1353.036939189194 526.8247184866079 81.6 24.48
1355.5770900447237 526.716688315502 80.0 24.0
1360.1014822691004 526.3686581443961 80.0 24.0
1362.5376934668418 526.0206279732902 80.0 24.0
1362.8857236379476 525.6725978021843 80.0 24.0
1366.7140555201127 526.0206279732902 80.0 24.0
1373.326628771125 525.6725978021843 80.0 24.0
1372.9785986000188 526.0206279732902 80.0 24.0
1375.4148097977602 526.3686581443961 80.0 24.0
1381.3313227065605 526.716688315502 80.0 24.0
1385.1596545887255 527.064718486608 80.0 24.0
1386.899805444255 526.716688315502 80.0 24.0
1391.424197668632 526.3686581443961 80.0 24.0
1393.8604088663733 526.0206279732902 80.0 24.0
1394.2084390374791 525.6725978021843 80.0 24.0
1396.6446502352205 525.3245676310784 80.0 24.0
1403.2572234862325 524.9765374599725 80.0 24.0
1402.9091933151267 524.6285072888666 80.0 24.0
1406.7375251972917 524.2804771177607 80.0 24.0
1417.5264605015743 523.9324469466547 80.0 24.0
1417.1784303304685 523.5844167755489 80.0 24.0
1423.7910035814807 523.2363866044429 80.0 24.0
1424.1390337525866 522.8883564333371 80.0 24.0
1427.1934281018976 520.8963590018321 81.6 24.48
1433.8510183416165 523.3491554059391 81.6 24.48
1434.3029881705106 521.1529442081978 80.0 24.0
1436.739199368252 523.5891554059391 80.0 24.0
1443.3517726192642 521.1529442081978 80.0 24.0
1443.69980279037 522.8930950637273 80.0 24.0
1446.1360139881115 520.456883865986 80.0 24.0
1451.2928052552284 524.0712782152971 81.6 24.48
1456.6171974796052 521.8750670175557 80.0 24.0
1459.0534086773464 523.6152178730852 80.0 24.0
1459.4014388484525 521.8750670175557 80.0 24.0
1463.1566321703654 525.4894613668666 81.6 24.48
1466.3928433681067 523.2932501691254 80.0 24.0
1470.9172355924834 521.5530993135958 80.0 24.0
1473.3534467902248 523.9893105113371 80.0 24.0
1475.0935976457545 519.4649182869604 80.0 24.0
1479.6179898701312 519.8129484580663 80.0 24.0
1482.0542010678723 520.1609786291722 80.0 24.0
1486.5785932922493 519.8129484580663 80.0 24.0
1490.406925174414 520.1609786291722 80.0 24.0
1490.75495534552 519.8129484580663 80.0 24.0
1495.2793475698968 517.3767372603251 80.0 24.0
1497.7155587676382 521.20506914249 80.0 24.0
1498.063588938744 521.5530993135958 80.0 24.0
1501.891920820909 523.2932501691254 80.0 24.0
1508.5044940719213 519.4649182869605 80.0 24.0
1508.1564639008152 521.20506914249 80.0 24.0
1514.0140541405342 524.8194634918009 81.6 24.48
1514.4660239694283 522.6232522940596 80.0 24.0
1516.9022351671697 518.0988600696829 80.0 24.0
1521.4266273915464 517.750829898577 80.0 24.0
1525.2549592737114 515.3146187008358 80.0 24.0
1525.6029894448172 517.750829898577 80.0 24.0
1528.0392006425586 515.3146187008358 80.0 24.0
1530.4754118403 511.48628681867086 80.0 24.0
1534.9998040646767 515.3146187008358 80.0 24.0
1537.436015262418 519.8390109252124 80.0 24.0
1543.3525281712184 521.5791617807419 80.0 24.0
1541.612377315689 524.0153729784831 80.0 24.0
1548.224950566701 521.5791617807419 80.0 24.0
1546.4847997111715 524.0153729784831 80.0 24.0
1553.0973729621837 519.4909807541064 80.0 24.0
1553.4454031332896 519.1429505830006 80.0 24.0
1557.2737350154546 518.7949204118946 80.0 24.0
1563.190247924255 518.4468902407888 80.0 24.0
1561.4500970687254 518.0988600696828 80.0 24.0
1568.0626703197377 517.750829898577 80.0 24.0
1571.8178636416505 517.861229384878 81.6 24.48
1574.2706600457575 519.613226816383 81.6 24.48
1576.8108109012871 520.2012569874888 80.0 24.0
1581.3352031256638 521.9414078430182 80.0 24.0
1583.0753539811935 523.6815586985477 80.0 24.0
1582.7273238100875 521.2453475008065 80.0 24.0
1585.1635350078288 523.6815586985477 80.0 24.0
1589.6879272322055 521.2453475008065 80.0 24.0
1593.5162591143705 523.6815586985477 80.0 24.0
1595.2564099699 521.2453475008065 80.0 24.0
1599.780802194277 525.7697397251832 80.0 24.0
1602.217013392018 524.0295888696537 80.0 24.0
1606.7414056163948 522.2894380141241 80.0 24.0
1611.2657978407717 526.8138302385008 80.0 24.0
1613.702009038513 526.4658000673949 80.0 24.0
1614.050039209619 526.117769896289 80.0 24.0
1617.8783710917837 525.7697397251831 80.0 24.0
1619.6185219473134 525.4217095540772 80.0 24.0
1623.4468538294782 525.0736793829712 80.0 24.0
1625.8830650272196 523.3335285274418 80.0 24.0
1630.4074572515965 520.8973173297006 80.0 24.0
1634.9318494759732 522.6374681852301 80.0 24.0
1637.3680606737144 518.1130759608534 80.0 24.0
1643.284573582515 519.8532268163829 80.0 24.0
1642.9365434114088 522.289438014124 80.0 24.0
1645.3727546091502 524.7256492118653 80.0 24.0
1649.8971468335271 522.289438014124 80.0 24.0
1652.3333580312683 524.7256492118653 80.0 24.0
1656.857750255645 522.9854983563358 80.0 24.0
1659.2939614533864 522.6374681852299 80.0 24.0
1658.9459312822805 520.8973173297004 80.0 24.0
1659.2939614533864 523.3335285274417 80.0 24.0
1661.7301726511278 520.8973173297004 80.0 24.0
1666.2545648755045 522.6374681852299 80.0 24.0
1668.6907760732458 520.2012569874886 80.0 24.0
1666.9506252177164 524.0295888696535 80.0 24.0
1671.475017442093 522.289438014124 80.0 24.0
1641.19639255588 526.8138302385007 80.0 24.0
1596.3005004832191 525.0736793829712 80.0 24.0
1550.7085480683465 524.7256492118653 80.0 24.0
1512.077199075592 526.4658000673949 80.0 24.0
1481.798574189379 528.9020112651361 80.0 24.0
1457.7844923830721 527.1618604096067 80.0 24.0
1432.3782898923419 529.598071607348 80.0 24.0
1417.4129925347881 527.8579207518185 80.0 24.0
1394.0949710706932 527.5098905807125 80.0 24.0
1363.8163461844802 529.2500414362421 80.0 24.0
1341.8904454048086 531.6862526339834 80.0 24.0
