1316.0 660.0 22.0 30.0
1315.1765165454 660.16469669092 22.0 30.0
1311.38849265424 660.3293933818401 22.0 30.0
1308.5886489086 660.4940900727602 22.0 30.0
1303.4830514900798 660.6587867636802 22.0 30.0
1299.3656342170798 660.8234834546001 22.0 30.0
1297.5539706169595 660.9881801455202 22.0 30.0
1293.4365533439595 661.1528768364403 22.0 30.0
1290.6367095983194 661.3175735273603 22.0 30.0
1290.4720129073994 661.4822702182803 22.0 30.0
1286.6839890162394 661.6469669092004 22.0 30.0
1284.5429320342791 662.4704503638004 22.0 30.0
1279.437334615759 663.6233272002404 22.0 30.0
1274.331737197239 660.4940900727603 22.0 30.0
1270.214319924239 662.6351470547204 22.0 30.0
1269.390836469639 660.8234834546004 22.0 30.0
1264.6146324329588 663.6233272002404 22.0 30.0
1261.4853953054787 661.4822702182803 22.0 30.0
1261.3206986145585 664.6115073457605 22.0 30.0
1257.2032813415585 662.4704503638004 22.0 30.0
1257.0385846506385 665.2702941094406 22.0 30.0
1253.9093475231582 663.1292371274805 22.0 30.0
1249.7919302501582 661.3175735273604 22.0 30.0
1249.9566269410782 664.4468106548406 22.0 30.0
1246.827389813598 663.2939338184007 22.0 30.0
1247.980266650038 662.1410569819607 22.0 30.0
1240.8983089404778 666.2584742549608 22.0 30.0
1242.0511857769177 665.4349908003608 22.0 30.0
1242.215882467838 665.5996874912807 22.0 30.0
1241.0630056313978 665.4349908003608 22.0 30.0
1237.9337685039177 664.6115073457606 22.0 30.0
1233.8163512309175 663.7880238911606 22.0 30.0
1232.6634743944776 662.9645404365606 22.0 30.0
1228.5460571214774 662.1410569819604 22.0 30.0
1227.3931802850375 666.2584742549607 22.0 30.0
1228.2166637396376 665.4349908003605 22.0 30.0
1221.1347060300773 664.6115073457605 22.0 30.0
1221.2994027209973 663.7880238911605 22.0 30.0
1218.1701655935171 663.6233272002404 22.0 30.0
1213.064568174997 663.4586305093204 22.0 30.0
1210.9235111930368 663.2939338184003 22.0 30.0
1210.7588145021168 663.1292371274803 22.0 30.0
1208.9471509019968 662.9645404365602 22.0 30.0
1201.8651931924367 663.1292371274803 22.0 30.0
1200.0535295923166 663.2939338184003 22.0 30.0
1195.9361123193164 663.4586305093204 22.0 30.0
1191.8186950463164 663.6233272002404 22.0 30.0
1189.0188513006763 663.7880238911605 22.0 30.0
1182.925073736636 663.9527205820805 22.0 30.0
1177.8194763181157 664.1174172730006 22.0 30.0
1172.7138788995956 664.2821139639206 22.0 30.0
1167.9376748629154 664.4468106548406 22.0 30.0
1164.1496509717554 664.6115073457606 22.0 30.0
1162.0085939897951 665.4349908003608 22.0 30.0
1162.8320774443953 664.2821139639207 22.0 30.0
1156.738299880355 659.5059099272406 22.0 30.0
1156.5736031894348 659.3412132363205 22.0 30.0
1154.4325462074748 659.1765165454005 22.0 30.0
1150.3151289344746 660.0000000000006 22.0 30.0
1146.1977116614746 665.1055974185208 22.0 30.0
1143.0684745339945 668.2348345460009 22.0 30.0
1137.9628771154742 667.0819577095609 22.0 30.0
1134.833639987994 671.199374982561 22.0 30.0
1134.010156533394 670.375891527961 22.0 30.0
1130.8809194059138 670.2111948370409 22.0 30.0
1130.057435951314 670.0464981461209 22.0 30.0
1128.2457723511939 669.881801455201 22.0 30.0
1125.1165352237135 669.7171047642809 22.0 30.0
1125.2812319146337 668.8936213096808 22.0 30.0
1126.1047153692336 667.7407444732409 22.0 30.0
1126.9281988238338 665.5996874912807 22.0 30.0
1127.7516822784337 668.7289246187609 22.0 30.0
1123.6342650054337 667.576047782321 22.0 30.0
1124.4577484600338 665.764384182201 22.0 30.0
1125.6106252964737 668.8936213096811 22.0 30.0
1126.7635021329138 667.081957709561 22.0 30.0
1127.9163789693537 669.8818014552012 22.0 30.0
1124.1283550781936 668.7289246187612 22.0 30.0
1125.2812319146335 667.5760477823212 22.0 30.0
1126.4341087510734 665.7643841822012 22.0 30.0
1127.5869855875135 667.9054411641613 22.0 30.0
1124.4577484600334 665.7643841822012 22.0 30.0
1126.2694120601534 668.8936213096814 22.0 30.0
1128.4104690421134 668.0701378550814 22.0 30.0
1126.2694120601534 667.9054411641613 22.0 30.0
1128.4104690421134 667.7407444732412 22.0 30.0
1126.2694120601534 666.9172610186412 22.0 30.0
1127.4222888965933 671.0346782916413 22.0 30.0
1127.2575922056733 670.8699816007213 22.0 30.0
1125.4459286055533 670.7052849098012 22.0 30.0
1122.3166914780732 670.5405882188812 22.0 30.0
1121.493208023473 670.3758915279611 22.0 30.0
1118.363970895993 670.2111948370411 22.0 30.0
1113.2583734774726 670.046498146121 22.0 30.0
1110.1291363499925 669.8818014552011 22.0 30.0
1109.9644396590725 670.046498146121 22.0 30.0
1106.8352025315924 670.2111948370411 22.0 30.0
1107.6586859861923 670.3758915279611 22.0 30.0
1104.5294488587122 671.1993749825613 22.0 30.0
1105.6823256951523 671.0346782916412 22.0 30.0
1106.5058091497522 670.8699816007211 22.0 30.0
1106.6705058406724 670.7052849098011 22.0 30.0
1106.5058091497522 669.8818014552011 22.0 30.0
1104.6941455496321 669.058318000601 22.0 30.0
1101.564908422152 667.905441164161 22.0 30.0
1102.3883918767522 667.0819577095609 22.0 30.0
1102.2236951858322 670.2111948370411 22.0 30.0
1100.4120315857122 669.0583180006012 22.0 30.0
1095.3064341671918 668.2348345460011 22.0 30.0
1088.2244764576317 668.070137855081 22.0 30.0
1084.1070591846315 667.905441164161 22.0 30.0
1081.9660022026715 668.070137855081 22.0 30.0
1082.7894856572716 668.2348345460011 22.0 30.0
1077.6838882387513 668.3995312369211 22.0 30.0
1076.5310114023114 668.5642279278411 22.0 30.0
1078.6720683842714 668.7289246187612 22.0 30.0
1075.5428312567913 668.8936213096813 22.0 30.0
1075.7075279477112 668.7289246187612 22.0 30.0
1075.8722246386312 668.5642279278411 22.0 30.0
1076.0369213295512 667.4113510914012 22.0 30.0
1076.2016180204714 669.5524080733612 22.0 30.0
1076.3663147113914 667.4113510914012 22.0 30.0
1077.1897981659915 670.2111948370413 22.0 30.0
1078.3426750024314 669.0583180006013 22.0 30.0
1077.1897981659915 667.9054411641613 22.0 30.0
1081.3072154389915 665.7643841822012 22.0 30.0
1081.4719121299115 667.5760477823212 22.0 30.0
1082.6247889663516 665.4349908003611 22.0 30.0
1080.4837319843914 667.2466544004811 22.0 30.0
1083.6129691118717 669.0583180006012 22.0 30.0
1083.7776658027917 666.258474254961 22.0 30.0
1084.6011492573919 668.070137855081 22.0 30.0
1085.7540260938317 666.258474254961 22.0 30.0
1088.5538698394719 669.0583180006012 22.0 30.0
1088.389173148552 666.917261018641 22.0 30.0
1089.2126566031518 669.0583180006012 22.0 30.0
1091.0243202032718 666.917261018641 22.0 30.0
1094.153557330752 670.0464981461212 22.0 30.0
1094.977040785352 669.2230146915211 22.0 30.0
1096.788704385472 668.0701378550812 22.0 30.0
1100.906121658472 667.9054411641612 22.0 30.0
1101.0708183493923 667.7407444732411 22.0 30.0
1102.882481949512 667.5760477823211 22.0 30.0
1101.7296051130722 667.411351091401 22.0 30.0
1106.8352025315924 671.5287683644011 22.0 30.0
1107.6586859861925 670.3758915279611 22.0 30.0
1104.5294488587124 669.2230146915211 22.0 30.0
1108.3174727498724 668.0701378550812 22.0 30.0
1108.1527760589524 666.9172610186412 22.0 30.0
1108.3174727498724 670.0464981461214 22.0 30.0
