587.5 440.0 25.0 30.0
586.5317541634481 440.19364916731035 25.0 30.0
586.3381049961378 444.64758001544885 25.0 30.0
567.1668374324111 445.61582585200074 25.0 30.0
566.1985915958592 450.06975670013924 25.0 30.0
569.4906274401355 451.03800253669107 25.0 30.0
569.6842766074459 452.3935467078637 25.0 30.0
571.0398207786185 452.5871958751741 25.0 30.0
575.493751626757 445.4221766846904 25.0 30.0
575.6874007940673 447.55231752510446 25.0 30.0
576.6556466306192 446.19677335393186 25.0 30.0
580.3349808095162 447.55231752510446 25.0 30.0
580.1413316422058 446.19677335393186 25.0 30.0
580.3349808095162 450.65070420207036 25.0 30.0
581.6905249806889 450.45705503476 25.0 30.0
585.3698591595859 447.93961585972517 25.0 30.0
585.1762099922755 445.4221766846904 25.0 30.0
585.3698591595859 448.71421252896664 25.0 30.0
585.5635083268962 447.7459666924148 25.0 30.0
586.9190524980688 446.777720855863 25.0 30.0
591.3729833462073 448.1332650270356 25.0 30.0
591.1793341788971 446.0031241866215 25.0 30.0
590.9856850115866 449.6824583655185 25.0 30.0
591.1793341788971 448.71421252896664 25.0 30.0
592.1475800154489 447.7459666924148 25.0 30.0
594.6650191904837 445.61582585200074 25.0 30.0
593.6967733539318 447.7459666924148 25.0 30.0
593.5031241866214 446.3904225212422 25.0 30.0
593.3094750193111 450.06975670013924 25.0 30.0
593.5031241866214 449.10151086358735 25.0 30.0
594.4713700231733 448.1332650270355 25.0 30.0
596.9888091982082 446.00312418662145 25.0 30.0
600.6681433771051 448.52056336165623 25.0 30.0
599.6998975405534 446.39042252124216 25.0 30.0
599.506248373243 449.6824583655184 25.0 30.0
599.3125992059327 448.7142125289666 25.0 30.0
599.506248373243 447.74596669241475 25.0 30.0
599.6998975405534 446.7777208558629 25.0 30.0
601.055441711726 450.45705503475995 25.0 30.0
603.5728808867608 448.3269141943458 25.0 30.0
602.6046350502089 446.1967733539317 25.0 30.0
602.4109858828986 449.488809198208 25.0 30.0
607.2522150656579 448.5205633616562 25.0 30.0
607.4458642329682 448.3269141943458 25.0 30.0
607.6395134002786 448.13326502703546 25.0 30.0
603.9601792213816 447.16501919048363 25.0 30.0
605.3157233925542 450.84435336938066 25.0 30.0
607.833162567589 449.488809198208 25.0 30.0
606.8649167310372 448.1332650270354 25.0 30.0
611.7061459137965 446.0031241866213 25.0 30.0
611.5124967464861 449.2951600308976 25.0 30.0
611.3188475791758 447.939615859725 25.0 30.0
611.5124967464861 446.9713700231731 25.0 30.0
611.7061459137965 450.65070420207013 25.0 30.0
613.0616900849691 449.29516003089753 25.0 30.0
611.7061459137965 447.1650191904834 25.0 30.0
616.160076761935 449.68245836551824 25.0 30.0
615.9664275946246 448.3269141943456 25.0 30.0
615.7727784273143 447.35866835779376 25.0 30.0
615.5791292600039 451.0380025366908 25.0 30.0
615.7727784273143 451.23165170400114 25.0 30.0
615.9664275946246 452.58719587517373 25.0 30.0
616.9346734311764 450.06975670013895 25.0 30.0
620.6140076100735 449.8761075328286 25.0 30.0
619.2584634389009 450.06975670013895 25.0 30.0
614.4172342561416 451.42530087131155 25.0 30.0
604.9284250579334 450.4570550347597 25.0 30.0
591.9539308481386 446.7777208558627 25.0 30.0
583.6270166537927 448.13326502703535 25.0 30.0
577.6238924671711 445.6158258520005 25.0 30.0
