398.5 489.0 157.0 28.0
399.110307299645 489.610307299645 157.0 28.0
402.1618437978702 490.22061459929 157.0 28.0
406.4339948953853 490.830921898935 157.0 28.0
409.4855313936105 491.44122919858 157.0 28.0
408.87522409396547 494.4927656968051 157.0 28.0
408.26491679432047 493.8824583971601 157.0 28.0
411.3164532925456 494.4927656968051 157.0 28.0
415.58860439006077 495.1030729964501 157.0 28.0
416.19891168970577 495.7133802960951 157.0 28.0
419.2504481879309 495.1030729964501 157.0 28.0
418.6401408882859 492.051536498225 157.0 28.0
421.69167738651106 491.44122919858 157.0 28.0
423.83734229678055 491.10928977850654 153.92156862745097 27.450980392156858
422.908433910151 490.22447267494 157.0 28.0
427.4798957164005 480.18934567094675 153.92156862745097 27.450980392156858
434.1508371803453 468.666810415042 153.92156862745097 27.450980392156858
431.11859106037036 469.27325963903695 153.92156862745097 27.450980392156858
430.18968267374083 475.71213013121064 157.0 28.0
436.90306296983607 486.08735422517606 157.0 28.0
441.17521406735125 494.02134912056135 157.0 28.0
441.78552136699625 498.2935002180765 157.0 28.0
444.83705786522137 497.6831929184315 157.0 28.0
445.44736516486637 498.2935002180765 157.0 28.0
449.7195162623815 498.9038075177215 157.0 28.0
449.1092089627365 498.2935002180765 157.0 28.0
449.7195162623815 497.6831929184315 157.0 28.0
452.77105276060666 498.2935002180765 157.0 28.0
453.38136006025167 498.9038075177215 157.0 28.0
456.43289655847684 501.95534401594665 157.0 28.0
460.70504765599196 506.22749511346177 157.0 28.0
461.31535495563696 506.8378024131068 157.0 28.0
464.3668914538621 506.22749511346177 157.0 28.0
466.5125563641316 503.4697587974084 153.92156862745097 27.450980392156858
470.7577009320965 500.43751267743346 153.92156862745097 27.450980392156858
468.60817794617697 500.7733101731569 157.0 28.0
469.21848524582197 501.3836174728019 157.0 28.0
469.82879254546697 504.4351539710271 157.0 28.0
474.1009436429821 501.3836174728019 157.0 28.0
474.7112509426271 501.9939247724469 157.0 28.0
477.76278744085226 505.0454612706721 157.0 28.0
477.15248014120726 504.4351539710271 157.0 28.0
483.86586043730244 503.8248466713821 157.0 28.0
483.25555313765744 504.4351539710271 157.0 28.0
483.86586043730244 507.4866904692522 157.0 28.0
486.9173969355276 510.5382269674774 157.0 28.0
489.9689334337528 509.9279196678324 157.0 28.0
490.5792407333978 509.3176123681874 157.0 28.0
493.6307772316229 506.2660758699622 157.0 28.0
494.2410845312679 509.3176123681874 157.0 28.0
497.29262102949303 506.2660758699622 157.0 28.0
500.3441575277182 509.3176123681874 157.0 28.0
500.9544648273632 505.0454612706722 157.0 28.0
504.0060013255884 504.4351539710272 157.0 28.0
503.3956940259434 503.8248466713822 157.0 28.0
504.0060013255884 503.2145393717372 157.0 28.0
508.2781524231035 502.6042320720922 157.0 28.0
508.8884597227485 503.2145393717372 157.0 28.0
511.9399962209736 503.8248466713822 157.0 28.0
516.2121473184889 504.4351539710272 157.0 28.0
519.263683816714 505.0454612706722 157.0 28.0
518.653376517069 505.6557685703172 157.0 28.0
519.263683816714 506.2660758699622 157.0 28.0
522.3152203149391 506.8763831696072 157.0 28.0
526.5873714124542 507.4866904692522 157.0 28.0
527.1976787120992 508.0969977688972 157.0 28.0
530.2492152103243 503.8248466713821 157.0 28.0
530.8595225099693 500.7733101731569 157.0 28.0
533.9110590081946 501.3836174728019 157.0 28.0
534.5213663078396 504.4351539710271 157.0 28.0
537.5729028060647 503.8248466713821 157.0 28.0
538.1832101057097 504.4351539710271 157.0 28.0
538.7935174053547 507.4866904692522 157.0 28.0
541.8450539035798 511.7588415667674 157.0 28.0
546.117205001095 511.1485342671224 157.0 28.0
549.1687414993202 506.8763831696072 157.0 28.0
548.5584341996752 506.2660758699622 157.0 28.0
549.1687414993202 505.6557685703172 157.0 28.0
552.2202779975453 505.0454612706722 157.0 28.0
556.4924290950604 505.6557685703172 157.0 28.0
557.1027363947054 505.0454612706722 157.0 28.0
561.3748874922205 501.9939247724471 157.0 28.0
561.9851947918656 505.0454612706722 157.0 28.0
565.0367312900908 504.4351539710272 157.0 28.0
564.4264239904458 503.8248466713822 157.0 28.0
567.477960488671 503.2145393717372 157.0 28.0
571.7501115861861 502.6042320720922 157.0 28.0
572.3604188858311 501.9939247724472 157.0 28.0
575.4119553840562 505.0454612706724 157.0 28.0
576.0222626837012 504.4351539710274 157.0 28.0
579.0737991819263 503.8248466713824 157.0 28.0
578.4634918822813 504.4351539710274 157.0 28.0
579.0737991819263 505.0454612706724 157.0 28.0
582.1253356801516 504.4351539710274 157.0 28.0
586.3974867776667 501.3836174728022 157.0 28.0
587.0077940773117 501.9939247724472 157.0 28.0
590.0593305755368 501.3836174728022 157.0 28.0
590.6696378751818 498.3320809745771 157.0 28.0
593.7211743734069 495.2805444763519 157.0 28.0
594.3314816730519 495.8908517759969 157.0 28.0
597.3830181712772 498.9423882742221 157.0 28.0
638.2736072474936 501.9939247724472 157.0 28.0
641.3251437457188 502.6042320720922 157.0 28.0
644.376680243944 498.3320809745771 157.0 28.0
644.986987543589 498.9423882742221 157.0 28.0
648.0385240418141 499.5526955738671 157.0 28.0
647.4282167421691 500.1630028735121 157.0 28.0
651.7003678396843 500.7733101731571 157.0 28.0
654.7519043379094 501.3836174728021 157.0 28.0
654.1415970382644 500.7733101731571 157.0 28.0
654.7519043379094 500.1630028735121 157.0 28.0
657.8034408361345 499.5526955738671 157.0 28.0
658.4137481357795 500.1630028735121 157.0 28.0
661.4652846340048 500.7733101731571 157.0 28.0
665.7374357315199 501.3836174728021 157.0 28.0
666.3477430311649 501.9939247724471 157.0 28.0
669.39927952939 501.3836174728021 157.0 28.0
670.009586829035 500.7733101731571 157.0 28.0
673.0611233272601 500.1630028735121 157.0 28.0
672.4508160276151 499.5526955738671 157.0 28.0
679.1641963237105 500.1630028735121 157.0 28.0
678.5538890240655 500.7733101731571 157.0 28.0
679.1641963237105 500.1630028735121 157.0 28.0
682.2157328219356 499.5526955738671 157.0 28.0
686.4878839194507 498.9423882742221 157.0 28.0
687.0981912190957 498.3320809745771 157.0 28.0
690.149727717321 497.7217736749321 157.0 28.0
690.760035016966 497.1114663752871 157.0 28.0
693.8115715151911 501.3836174728022 157.0 28.0
694.4218788148361 500.7733101731572 157.0 28.0
697.4734153130612 500.1630028735122 157.0 28.0
701.7455664105763 499.5526955738672 157.0 28.0
702.3558737102213 498.9423882742222 157.0 28.0
705.4074102084464 498.3320809745772 157.0 28.0
706.0177175080914 497.7217736749322 157.0 28.0
709.0692540063167 497.1114663752872 157.0 28.0
708.4589467066717 500.16300287351237 157.0 28.0
709.0692540063167 497.1114663752872 157.0 28.0
712.1207905045418 500.16300287351237 157.0 28.0
716.3929416020569 497.1114663752872 157.0 28.0
719.4444781002821 500.16300287351237 157.0 28.0
718.8341708006371 499.55269557386737 157.0 28.0
719.4444781002821 498.94238827422237 157.0 28.0
722.4960145985073 498.33208097457737 157.0 28.0
726.7681656960224 495.2805444763522 157.0 28.0
729.8197021942475 498.33208097457737 157.0 28.0
729.2093948946025 495.2805444763522 157.0 28.0
732.2609313928276 498.33208097457737 157.0 28.0
736.5330824903428 495.2805444763522 157.0 28.0
737.1433897899879 498.33208097457737 157.0 28.0
740.194926288213 495.2805444763522 157.0 28.0
740.805233587858 498.33208097457737 157.0 28.0
743.8567700860831 495.2805444763522 157.0 28.0
744.4670773857281 498.33208097457737 157.0 28.0
747.5186138839533 495.2805444763522 157.0 28.0
746.9083065843083 498.33208097457737 157.0 28.0
753.6216868804036 495.2805444763522 157.0 28.0
753.0113795807586 498.33208097457737 157.0 28.0
753.6216868804036 495.2805444763522 157.0 28.0
756.6732233786287 498.33208097457737 157.0 28.0
760.9453744761438 495.2805444763522 157.0 28.0
761.5556817757888 495.8908517759972 157.0 28.0
764.607218274014 496.5011590756422 157.0 28.0
763.996910974369 497.1114663752872 157.0 28.0
764.607218274014 497.7217736749322 157.0 28.0
767.6587547722391 493.4496225774171 157.0 28.0
768.2690620718842 494.0599298770621 157.0 28.0
771.3205985701093 493.4496225774171 157.0 28.0
775.5927496676245 492.8393152777721 157.0 28.0
778.6442861658496 489.7877787795469 157.0 28.0
778.0339788662046 490.3980860791919 157.0 28.0
778.6442861658496 491.0083933788369 157.0 28.0
781.6958226640747 491.6187006784819 157.0 28.0
785.9679737615899 492.2290079781269 157.0 28.0
789.019510259815 491.6187006784819 157.0 28.0
788.40920296017 491.0083933788369 157.0 28.0
789.019510259815 490.3980860791919 157.0 28.0
792.0710467580402 489.7877787795469 157.0 28.0
796.3431978555553 486.7362422813218 157.0 28.0
799.3947343537804 489.7877787795469 157.0 28.0
798.7844270541354 486.7362422813218 157.0 28.0
799.3947343537804 487.3465495809668 157.0 28.0
802.4462708520057 487.9568568806118 157.0 28.0
806.7184219495208 483.6847057830966 157.0 28.0
807.3287292491658 484.2950130827416 157.0 28.0
810.3802657473909 483.6847057830966 157.0 28.0
809.7699584477459 483.0743984834516 157.0 28.0
812.821494945971 480.0228619852265 157.0 28.0
812.211187646326 483.0743984834516 157.0 28.0
816.4833387438412 482.4640911838066 157.0 28.0
819.5348752420664 486.7362422813218 157.0 28.0
820.1451825417114 487.3465495809668 157.0 28.0
823.1967190399365 487.9568568806118 157.0 28.0
822.5864117402915 484.9053203823866 157.0 28.0
825.6379482385166 485.5156276820316 157.0 28.0
829.9100993360319 486.1259349816766 157.0 28.0
832.961635834257 486.7362422813216 157.0 28.0
832.351328534612 489.7877787795468 157.0 28.0
836.6234796321271 489.1774714799018 157.0 28.0
839.6750161303522 489.7877787795468 157.0 28.0
840.2853234299972 490.3980860791918 157.0 28.0
859.204849718993 489.7877787795468 157.0 28.0
862.2563862172182 486.7362422813216 157.0 28.0
866.5285373147333 489.7877787795468 157.0 28.0
869.5800738129584 486.7362422813216 157.0 28.0
868.9697665133134 489.7877787795468 157.0 28.0
869.5800738129584 486.7362422813216 157.0 28.0
872.6316103111835 489.7877787795468 157.0 28.0
872.0213030115385 486.7362422813216 157.0 28.0
878.7346833076339 489.7877787795468 157.0 28.0
878.1243760079889 489.1774714799018 157.0 28.0
878.7346833076339 488.5671641802568 157.0 28.0
881.786219805859 487.9568568806118 157.0 28.0
884.8377563040842 487.3465495809668 157.0 28.0
885.4480636037292 491.6187006784819 157.0 28.0
888.4996001019543 492.2290079781269 157.0 28.0
887.8892928023093 491.6187006784819 157.0 28.0
888.4996001019543 491.0083933788369 157.0 28.0
891.5511366001795 490.3980860791919 157.0 28.0
895.8232876976946 489.7877787795469 157.0 28.0
896.4335949973396 486.7362422813218 157.0 28.0
899.4851314955647 487.3465495809668 157.0 28.0
900.0954387952097 484.2950130827416 157.0 28.0
903.1469752934349 481.2434765845165 157.0 28.0
902.5366679937899 484.2950130827416 157.0 28.0
903.1469752934349 481.2434765845165 157.0 28.0
906.19851179166 485.5156276820316 157.0 28.0
910.4706628891752 484.9053203823866 157.0 28.0
913.5221993874004 484.2950130827416 157.0 28.0
914.1325066870454 484.9053203823866 157.0 28.0
917.1840431852705 487.9568568806118 157.0 28.0
921.4561942827856 488.5671641802568 157.0 28.0
922.0665015824306 492.8393152777719 157.0 28.0
925.1180380806558 493.4496225774169 157.0 28.0
925.7283453803008 496.5011590756421 157.0 28.0
926.3386526799458 497.1114663752871 157.0 28.0
929.3901891781709 496.5011590756421 157.0 28.0
930.0004964778159 493.4496225774169 157.0 28.0
933.0520329760411 490.3980860791918 157.0 28.0
932.4417256763961 493.4496225774169 157.0 28.0
939.1551059724914 490.3980860791918 157.0 28.0
938.5447986728464 493.4496225774169 157.0 28.0
939.1551059724914 490.3980860791918 157.0 28.0
942.2066424707166 493.4496225774169 157.0 28.0
946.4787935682317 492.8393152777719 157.0 28.0
949.5303300664568 489.7877787795468 157.0 28.0
948.9200227668118 492.8393152777719 157.0 28.0
949.5303300664568 489.7877787795468 157.0 28.0
952.581866564682 490.3980860791918 157.0 28.0
953.192173864327 491.0083933788368 157.0 28.0
956.2437103625521 491.6187006784818 157.0 28.0
960.5158614600673 492.2290079781268 157.0 28.0
961.1261687597123 495.2805444763519 157.0 28.0
964.1777052579374 492.2290079781268 157.0 28.0
964.7880125575824 495.2805444763519 157.0 28.0
967.8395490558075 492.2290079781268 157.0 28.0
968.4498563554525 495.2805444763519 157.0 28.0
971.5013928536778 492.2290079781268 157.0 28.0
974.5529293519029 495.2805444763519 157.0 28.0
975.1632366515479 492.2290079781268 157.0 28.0
978.214773149773 492.8393152777718 157.0 28.0
978.825080449418 488.5671641802566 157.0 28.0
981.8766169476431 489.1774714799016 157.0 28.0
986.1487680451582 488.5671641802566 157.0 28.0
986.7590753448033 489.1774714799016 157.0 28.0
989.8106118430285 489.7877787795466 157.0 28.0
990.4209191426735 489.1774714799016 157.0 28.0
993.4724556408986 488.5671641802566 157.0 28.0
992.8621483412536 487.9568568806116 157.0 28.0
995.9136848394787 484.9053203823865 157.0 28.0
1000.185835936994 487.9568568806116 157.0 28.0
1000.796143236639 483.6847057830965 157.0 28.0
1003.8476797348641 483.0743984834515 157.0 28.0
1004.4579870345091 480.0228619852263 157.0 28.0
1005.0682943341541 480.6331692848713 157.0 28.0
1009.3404454316692 480.0228619852263 157.0 28.0
1009.9507527313142 479.4125546855813 157.0 28.0
1013.0022892295393 480.0228619852263 157.0 28.0
1013.6125965291843 480.6331692848713 157.0 28.0
1016.6641330274094 481.2434765845163 157.0 28.0
1020.9362841249247 480.6331692848713 157.0 28.0
1021.5465914245697 480.0228619852263 157.0 28.0
1025.818742522085 480.6331692848713 157.0 28.0
1026.4290498217297 481.2434765845163 157.0 28.0
1029.480586319955 484.2950130827415 157.0 28.0
1030.0908936196 481.2434765845163 157.0 28.0
1033.1424301178251 484.2950130827415 157.0 28.0
1032.5321228181801 483.6847057830965 157.0 28.0
1033.1424301178251 483.0743984834515 157.0 28.0
1036.1939666160501 482.4640911838065 157.0 28.0
1040.4661177135654 486.7362422813216 157.0 28.0
1043.5176542117906 486.1259349816766 157.0 28.0
1042.9073469121456 486.7362422813216 157.0 28.0
1042.2970396125006 489.7877787795468 157.0 28.0
1049.0104199085958 489.1774714799018 157.0 28.0
1049.6207272082409 488.5671641802568 157.0 28.0
1050.2310345078859 491.6187006784819 157.0 28.0
1053.282571006111 495.8908517759971 157.0 28.0
1053.8928783057559 495.2805444763521 157.0 28.0
1056.944414803981 492.2290079781269 157.0 28.0
1063.6577951000763 492.8393152777719 157.0 28.0
1088.6803943855223 486.12593498167666 157.0 28.0
1091.7319308837475 489.17747147990184 157.0 28.0
1096.0040819812625 486.12593498167666 157.0 28.0
1096.6143892809075 486.73624228132167 157.0 28.0
1099.6659257791327 486.12593498167666 157.0 28.0
1100.2762330787778 485.51562768203166 157.0 28.0
1103.327769577003 484.90532038238666 157.0 28.0
1102.717462277358 484.29501308274166 157.0 28.0
1103.327769577003 484.90532038238666 157.0 28.0
1106.379306075228 484.29501308274166 157.0 28.0
1110.6514571727432 483.68470578309666 157.0 28.0
1113.7029936709682 484.29501308274166 157.0 28.0
1113.0926863713235 484.90532038238666 157.0 28.0
1113.7029936709682 485.51562768203166 157.0 28.0
1116.7545301691935 486.12593498167666 157.0 28.0
1121.0266812667087 489.17747147990184 157.0 28.0
1121.6369885663537 486.12593498167666 157.0 28.0
1124.6885250645787 486.73624228132167 157.0 28.0
1125.2988323642237 487.34654958096667 157.0 28.0
1128.350368862449 487.95685688061167 157.0 28.0
1127.740061562804 483.68470578309655 157.0 28.0
1128.350368862449 484.29501308274155 157.0 28.0
1132.6225199599642 483.68470578309655 157.0 28.0
1133.2328272596092 483.07439848345155 157.0 28.0
1136.2843637578342 482.46409118380654 157.0 28.0
1140.5565148553494 486.73624228132167 157.0 28.0
1141.1668221549944 486.12593498167666 157.0 28.0
1144.2183586532196 485.51562768203166 157.0 28.0
1143.6080513535744 484.90532038238666 157.0 28.0
1144.2183586532196 484.29501308274166 157.0 28.0
1148.4905097507346 484.90532038238666 157.0 28.0
1149.1008170503796 485.51562768203166 157.0 28.0
1152.1523535486049 486.12593498167666 157.0 28.0
1156.4245046461199 486.73624228132167 157.0 28.0
1159.4760411443451 487.34654958096667 157.0 28.0
1160.0863484439901 487.95685688061167 157.0 28.0
1163.1378849422154 483.68470578309655 157.0 28.0
1162.5275776425703 484.29501308274155 157.0 28.0
1165.5791141407954 483.68470578309655 157.0 28.0
1168.6306506390206 483.07439848345155 157.0 28.0
1169.2409579386656 482.46409118380654 157.0 28.0
1172.2924944368906 486.73624228132167 157.0 28.0
1176.5646455344058 486.12593498167666 157.0 28.0
1177.1749528340508 485.51562768203166 157.0 28.0
1180.226489332276 486.12593498167666 157.0 28.0
1180.836796631921 486.73624228132167 157.0 28.0
1183.888333130146 487.34654958096667 157.0 28.0
1183.278025830501 487.95685688061167 157.0 28.0
1183.888333130146 483.68470578309655 157.0 28.0
1186.9398696283713 483.07439848345155 157.0 28.0
1189.9914061265965 482.46409118380654 157.0 28.0
1190.6017134262415 486.73624228132167 157.0 28.0
1193.6532499244665 486.12593498167666 157.0 28.0
1193.0429426248215 485.51562768203166 157.0 28.0
1193.6532499244665 484.90532038238666 157.0 28.0
1197.9254010219818 484.29501308274166 157.0 28.0
1198.5357083216268 483.68470578309666 157.0 28.0
1201.587244819852 483.07439848345166 157.0 28.0
1205.8593959173672 483.68470578309666 157.0 28.0
1206.4697032170122 484.29501308274166 157.0 28.0
1209.5212397152372 483.68470578309666 157.0 28.0
1210.1315470148822 483.07439848345166 157.0 28.0
1210.7418543145272 482.46409118380666 157.0 28.0
1213.7933908127522 486.73624228132184 157.0 28.0
1214.4036981123973 486.12593498167683 157.0 28.0
1215.0140054120423 485.51562768203183 157.0 28.0
1218.0655419102673 484.90532038238683 157.0 28.0
1218.6758492099123 484.29501308274183 157.0 28.0
1219.2861565095573 483.68470578309683 157.0 28.0
1222.3376930077823 484.29501308274183 157.0 28.0
1226.6098441052975 483.68470578309683 157.0 28.0
1229.6613806035225 483.07439848345183 157.0 28.0
1230.2716879031675 482.46409118380683 157.0 28.0
1233.3232244013925 485.515627682032 157.0 28.0
1233.9335317010375 484.905320382387 157.0 28.0
1236.9850681992625 484.295013082742 157.0 28.0
1243.6984484953578 483.684705783097 157.0 28.0
1243.0881411957128 480.6331692848718 157.0 28.0
1243.6984484953578 483.684705783097 157.0 28.0
1246.7499849935828 480.6331692848718 157.0 28.0
1251.0221360910982 483.684705783097 157.0 28.0
1254.073672589323 480.6331692848718 157.0 28.0
1253.4633652896782 483.684705783097 157.0 28.0
1254.073672589323 480.6331692848718 157.0 28.0
1257.1252090875482 483.684705783097 157.0 28.0
1261.3973601850635 480.6331692848718 157.0 28.0
1262.0076674847085 483.684705783097 157.0 28.0
1265.0592039829335 480.6331692848718 157.0 28.0
1265.6695112825785 483.684705783097 157.0 28.0
1268.7210477808035 480.6331692848718 157.0 28.0
1268.1107404811585 483.684705783097 157.0 28.0
1268.7210477808035 480.6331692848718 157.0 28.0
1271.7725842790285 483.684705783097 157.0 28.0
1276.0447353765437 480.6331692848718 157.0 28.0
1276.6550426761887 483.684705783097 157.0 28.0
1279.7065791744137 480.6331692848718 157.0 28.0
1280.3168864740587 483.684705783097 157.0 28.0
1280.9271937737037 480.6331692848718 157.0 28.0
1285.199344871219 483.684705783097 157.0 28.0
