1310.5 596.0 137.0 300.0
1310.5 596.0 137.0 300.0
1123.421018202767 581.2766028094505 134.31372549019608 294.11764705882354
1114.5887313721983 581.2766028094505 134.31372549019608 294.11764705882354
1114.5887313721983 581.2766028094505 134.31372549019608 294.11764705882354
1114.5887313721983 581.2766028094505 134.31372549019608 294.11764705882354
1114.5887313721983 581.2766028094505 134.31372549019608 294.11764705882354
1114.5887313721983 581.2766028094505 134.31372549019608 294.11764705882354
1114.5887313721983 581.2766028094505 134.31372549019608 294.11764705882354
1114.5887313721983 581.2766028094505 134.31372549019608 294.11764705882354
1114.5887313721983 581.2766028094505 134.31372549019608 294.11764705882354
1114.5887313721983 581.2766028094505 134.31372549019608 294.11764705882354
1114.5887313721983 581.2766028094505 134.31372549019608 294.11764705882354
1114.5887313721983 581.2766028094505 134.31372549019608 294.11764705882354
1114.5887313721983 581.2766028094505 134.31372549019608 294.11764705882354
1114.5887313721983 581.2766028094505 134.31372549019608 294.11764705882354
1114.5887313721983 581.2766028094505 134.31372549019608 294.11764705882354
1114.5887313721983 581.2766028094505 134.31372549019608 294.11764705882354
1114.5887313721983 581.2766028094505 134.31372549019608 294.11764705882354
1114.5887313721983 581.2766028094505 134.31372549019608 294.11764705882354
1114.5887313721983 581.2766028094505 134.31372549019608 294.11764705882354
1114.5887313721983 581.2766028094505 134.31372549019608 294.11764705882354
1114.5887313721983 581.2766028094505 134.31372549019608 294.11764705882354
1114.5887313721983 581.2766028094505 134.31372549019608 294.11764705882354
1114.5887313721983 581.2766028094505 134.31372549019608 294.11764705882354
1114.5887313721983 581.2766028094505 134.31372549019608 294.11764705882354
1114.5887313721983 581.2766028094505 134.31372549019608 294.11764705882354
1114.5887313721983 581.2766028094505 134.31372549019608 294.11764705882354
1114.5887313721983 581.2766028094505 134.31372549019608 294.11764705882354
1114.5887313721983 581.2766028094505 134.31372549019608 294.11764705882354
1114.5887313721983 581.2766028094505 134.31372549019608 294.11764705882354
1114.5887313721983 581.2766028094505 134.31372549019608 294.11764705882354
1113.2455941172964 569.2901651486035 137.0 300.0
1113.2455941172964 539.139294514408 137.0 300.0
1122.2908553075551 575.3203392754426 137.0 300.0
1131.336116497814 584.3656004657014 137.0 300.0
1131.336116497814 584.3656004657014 137.0 300.0
1131.336116497814 584.3656004657014 137.0 300.0
1131.336116497814 584.3656004657014 137.0 300.0
1131.336116497814 584.3656004657014 137.0 300.0
1131.336116497814 584.3656004657014 137.0 300.0
1131.336116497814 584.3656004657014 137.0 300.0
1028.8231563415488 536.1242074509883 137.0 300.0
1046.9136787220662 536.1242074509883 137.0 300.0
1092.1399846733595 554.2147298315057 137.0 300.0
1128.3210294343942 566.2750780851838 137.0 300.0
1155.4568130051703 566.2750780851838 137.0 300.0
1167.5171612588485 566.2750780851838 137.0 300.0
1167.5171612588485 566.2750780851838 137.0 300.0
1168.8602985137504 569.2162545557721 134.31372549019608 294.11764705882354
1168.8602985137504 569.2162545557721 134.31372549019608 294.11764705882354
1168.8602985137504 569.2162545557721 134.31372549019608 294.11764705882354
1168.8602985137504 569.2162545557721 134.31372549019608 294.11764705882354
1168.8602985137504 569.2162545557721 134.31372549019608 294.11764705882354
1168.8602985137504 569.2162545557721 134.31372549019608 294.11764705882354
1168.8602985137504 569.2162545557721 134.31372549019608 294.11764705882354
1168.8602985137504 569.2162545557721 134.31372549019608 294.11764705882354
1168.8602985137504 569.2162545557721 134.31372549019608 294.11764705882354
1168.8602985137504 569.2162545557721 134.31372549019608 294.11764705882354
1168.8602985137504 569.2162545557721 134.31372549019608 294.11764705882354
1168.8602985137504 569.2162545557721 134.31372549019608 294.11764705882354
1168.8602985137504 569.2162545557721 134.31372549019608 294.11764705882354
1168.8602985137504 569.2162545557721 134.31372549019608 294.11764705882354
1168.8602985137504 569.2162545557721 134.31372549019608 294.11764705882354
1168.8602985137504 569.2162545557721 134.31372549019608 294.11764705882354
1168.8602985137504 569.2162545557721 134.31372549019608 294.11764705882354
1168.8602985137504 569.2162545557721 134.31372549019608 294.11764705882354
1168.8602985137504 569.2162545557721 134.31372549019608 294.11764705882354
1168.8602985137504 569.2162545557721 134.31372549019608 294.11764705882354
1168.8602985137504 569.2162545557721 134.31372549019608 294.11764705882354
1168.8602985137504 569.2162545557721 134.31372549019608 294.11764705882354
1168.8602985137504 569.2162545557721 134.31372549019608 294.11764705882354
1168.8602985137504 569.2162545557721 134.31372549019608 294.11764705882354
1168.8602985137504 569.2162545557721 134.31372549019608 294.11764705882354
1168.8602985137504 569.2162545557721 134.31372549019608 294.11764705882354
1168.8602985137504 569.2162545557721 134.31372549019608 294.11764705882354
1168.8602985137504 569.2162545557721 134.31372549019608 294.11764705882354
1168.8602985137504 569.2162545557721 134.31372549019608 294.11764705882354
1168.8602985137504 569.2162545557721 134.31372549019608 294.11764705882354
1168.8602985137504 569.2162545557721 134.31372549019608 294.11764705882354
1168.8602985137504 569.2162545557721 134.31372549019608 294.11764705882354
1168.8602985137504 569.2162545557721 134.31372549019608 294.11764705882354
1168.8602985137504 569.2162545557721 134.31372549019608 294.11764705882354
1168.8602985137504 569.2162545557721 134.31372549019608 294.11764705882354
1168.8602985137504 569.2162545557721 134.31372549019608 294.11764705882354
1168.8602985137504 569.2162545557721 134.31372549019608 294.11764705882354
1168.8602985137504 569.2162545557721 134.31372549019608 294.11764705882354
1168.8602985137504 569.2162545557721 134.31372549019608 294.11764705882354
1168.8602985137504 569.2162545557721 134.31372549019608 294.11764705882354
1168.8602985137504 569.2162545557721 134.31372549019608 294.11764705882354
1168.8602985137504 569.2162545557721 134.31372549019608 294.11764705882354
1168.8602985137504 569.2162545557721 134.31372549019608 294.11764705882354
1168.8602985137504 569.2162545557721 134.31372549019608 294.11764705882354
1168.8602985137504 569.2162545557721 134.31372549019608 294.11764705882354
1168.8602985137504 569.2162545557721 134.31372549019608 294.11764705882354
1168.8602985137504 569.2162545557721 134.31372549019608 294.11764705882354
1168.8602985137504 569.2162545557721 134.31372549019608 294.11764705882354
1168.8602985137504 569.2162545557721 134.31372549019608 294.11764705882354
1168.8602985137504 569.2162545557721 134.31372549019608 294.11764705882354
1168.8602985137504 569.2162545557721 134.31372549019608 294.11764705882354
1168.8602985137504 569.2162545557721 134.31372549019608 294.11764705882354
1168.8602985137504 569.2162545557721 134.31372549019608 294.11764705882354
1168.8602985137504 569.2162545557721 134.31372549019608 294.11764705882354
1168.8602985137504 569.2162545557721 134.31372549019608 294.11764705882354
1168.8602985137504 569.2162545557721 134.31372549019608 294.11764705882354
1168.8602985137504 569.2162545557721 134.31372549019608 294.11764705882354
1168.8602985137504 569.2162545557721 134.31372549019608 294.11764705882354
1168.8602985137504 569.2162545557721 134.31372549019608 294.11764705882354
1168.8602985137504 569.2162545557721 134.31372549019608 294.11764705882354
1168.8602985137504 569.2162545557721 134.31372549019608 294.11764705882354
1168.8602985137504 569.2162545557721 134.31372549019608 294.11764705882354
1168.8602985137504 569.2162545557721 134.31372549019608 294.11764705882354
1168.8602985137504 569.2162545557721 134.31372549019608 294.11764705882354
1168.8602985137504 569.2162545557721 134.31372549019608 294.11764705882354
1168.8602985137504 569.2162545557721 134.31372549019608 294.11764705882354
1177.6925853443192 569.2162545557721 134.31372549019608 294.11764705882354
1177.6925853443192 569.2162545557721 134.31372549019608 294.11764705882354
1186.524872174888 578.048541386341 134.31372549019608 294.11764705882354
1186.524872174888 569.2162545557721 134.31372549019608 294.11764705882354
1177.6925853443192 569.2162545557721 134.31372549019608 294.11764705882354
1064.7912267428935 575.3203392754426 137.0 300.0
1091.9270103136696 575.3203392754426 137.0 300.0
1119.0627938844457 575.3203392754426 137.0 300.0
1138.0705048004852 569.4292289154621 134.31372549019608 294.11764705882354
1227.1799794481703 521.2617464935804 137.0 300.0
1290.496807779981 485.0807017325456 137.0 300.0
1290.496807779981 466.99017935202824 137.0 300.0
1325.9014259833018 494.63569452146214 139.74 306.0
1381.5429931248539 591.1033934874686 137.0 300.0
1372.4977319345953 639.3447865021817 137.0 300.0
1354.4072095540778 639.3447865021817 137.0 300.0
1345.3619483638192 639.3447865021817 137.0 300.0
1272.9998588417498 548.8921745995948 137.0 300.0
1271.6298588417499 518.3112109471044 139.74 306.0
1232.938229068317 515.2512109471044 142.5348 312.12
1167.6733269648096 524.5747683904626 142.5348 312.12
1127.2712447102574 446.87845636247766 142.5348 312.12
1164.5654744836902 331.8879145610599 142.5348 312.12
1136.5948021536155 303.91724223098527 142.5348 312.12
1251.5853439550333 334.9957670421793 142.5348 312.12
1288.879573728466 362.9664393722539 142.5348 312.12
1270.2324588417498 400.2606691456867 142.5348 312.12
1320.662683112844 430.90163279817716 139.74 306.0
1311.469028562014 440.09528734900726 139.74 306.0
1393.9836455522377 446.3588447923655 142.5348 312.12
1254.411675772842 532.161735749837 139.74 306.0
1236.0243666711817 559.7426994023274 139.74 306.0
1132.0678347942417 575.3298142890438 142.5348 312.12
1073.018637652973 547.3591419589693 142.5348 312.12
1045.0479653228986 528.7120270722529 142.5348 312.12
911.4103086347643 482.09423985546186 142.5348 312.12
957.6864884871674 459.8924287145006 145.385496 318.3624
965.9909930112847 456.7088047145006 148.29320592 324.729648
975.7493524954018 388.4002883256808 148.29320592 324.729648
1024.9047353078047 372.5033011847195 145.385496 318.3624
1142.5685040103992 461.5461531758722 145.385496 318.3624
1142.5685040103992 461.5461531758722 145.385496 318.3624
1173.6425139974565 448.604169691755 148.29320592 324.729648
1182.137327737684 425.4013816128996 151.2590700384 331.22424096000003
1172.1595819382562 375.5126526157612 151.2590700384 331.22424096000003
1152.2040903394009 538.48250067308 151.2590700384 331.22424096000003
979.2564964826544 475.290110610038 151.2590700384 331.22424096000003
1062.7313357105952 441.38239342624104 154.284251439168 337.84872577920004
1082.0297420151828 427.58328175895946 157.36993646795136 344.605700294784
1164.398449456883 434.6300256068091 160.51733519731042 351.49781430067975
1195.8768520092758 455.61562730840416 160.51733519731042 351.49781430067975
1139.915247471689 511.5772318459909 160.51733519731042 351.49781430067975
1129.4224466208916 522.0700326967885 160.51733519731042 351.49781430067975
1097.944044068499 543.0556343983835 160.51733519731042 351.49781430067975
1171.3936500240816 476.6012290099992 160.51733519731042 351.49781430067975
