439.0 366.0 212.0 338.0
437.0939963273907 367.9060036726093 212.0 338.0
439.0 366.0 212.0 338.0
440.90600367260924 364.09399632739076 212.0 338.0
442.81200734521855 366.0 212.0 338.0
440.90600367260924 367.9060036726093 212.0 338.0
439.0 366.0 212.0 338.0
440.90600367260924 367.9060036726093 212.0 338.0
442.81200734521855 366.0 212.0 338.0
456.1540330534834 364.09399632739076 212.0 338.0
503.804124868715 354.5639779643444 212.0 338.0
559.0782313743837 341.2219522560796 212.0 338.0
617.2416203181051 316.45107230830746 216.23999999999998 344.76
688.4693847934615 291.1847747615799 220.5648 351.6551999999999
736.8309021497192 273.5094164618277 224.97609599999998 358.6883039999999
794.383112351062 255.48757486564153 229.47561792 365.86207007999997
841.8122618928164 241.05261630945537 229.47561792 365.86207007999997
880.9928636881789 218.36911000687718 229.47561792 365.86207007999997
916.0491916103451 179.18850821151477 229.47561792 365.86207007999997
938.7326979129234 127.63508479656426 229.47561792 365.86207007999997
953.1676564691095 80.20593525480979 229.47561792 365.86207007999997
967.6026150252956 8.0311424738791 229.47561792 365.86207007999997
977.9132997082856 -43.5222809410714 229.47561792 365.86207007999997
982.185747282536 -78.36644357182728 224.97609599999998 358.6883039999999
970.5067695709822 -100.63562503614168 220.5648 351.6551999999999
959.0567914223999 -165.24991577905303 216.23999999999998 344.76
949.3336641734127 -202.19779932520493 216.23999999999998 344.76
959.0567914223999 -180.8069193774328 216.23999999999998 344.76
978.7130889691275 -114.8313908196632 220.5648 351.6551999999999
980.696606927921 -77.14454960258828 220.5648 351.6551999999999
990.614196721888 -39.457708385513385 220.5648 351.6551999999999
988.6306787630946 6.163204666735176 220.5648 351.6551999999999
986.6471608043012 31.94893813104958 220.5648 351.6551999999999
984.6636428455076 69.63577934812449 220.5648 351.6551999999999
982.6801248867141 107.3226205651994 220.5648 351.6551999999999
984.6636428455076 145.00946178227434 220.5648 351.6551999999999
986.6471608043012 166.82815932900195 220.5648 351.6551999999999
988.6306787630946 176.74574912296902 220.5648 351.6551999999999
990.614196721888 174.7622311641756 220.5648 351.6551999999999
992.5977146806815 164.84464137020854 220.5648 351.6551999999999
1002.5153044746486 154.92705157624147 220.5648 351.6551999999999
1012.4328942686157 152.94353361744808 220.5648 351.6551999999999
1034.2515918153433 143.02594382348101 220.5648 351.6551999999999
1060.0373252796576 133.10835402951395 220.5648 351.6551999999999
1085.823058743972 123.19076423554688 220.5648 351.6551999999999
1119.54286404346 121.20724627675347 220.5648 351.6551999999999
1145.3285975077745 119.22372831796008 220.5648 351.6551999999999
1171.114330972089 121.20724627675347 220.5648 351.6551999999999
1204.834136271577 131.12483607072053 220.5648 351.6551999999999
1230.6198697358916 121.20724627675347 220.5648 351.6551999999999
1252.4385672826193 119.22372831796008 220.5648 351.6551999999999
1286.1583725821072 117.24021035916667 220.5648 351.6551999999999
1323.845213799182 119.22372831796008 220.5648 351.6551999999999
1356.0252382414376 113.68448970370977 224.97609599999998 358.6883039999999
1382.3201642266918 99.5256834039576 224.97609599999998 358.6883039999999
1396.4789705264438 97.50299678970731 224.97609599999998 358.6883039999999
1418.7285232831973 95.48031017545699 224.97609599999998 358.6883039999999
1434.8187969947512 100.9803801342504 220.5648 351.6551999999999
1468.5386022942394 110.89796992821746 220.5648 351.6551999999999
1502.2584075937275 112.88148788701086 220.5648 351.6551999999999
1539.9452488108022 114.86500584580426 220.5648 351.6551999999999
1565.7309822751167 116.84852380459766 220.5648 351.6551999999999
1587.5496798218444 114.86500584580426 220.5648 351.6551999999999
1601.4343055333984 93.04630829907668 220.5648 351.6551999999999
1627.220038997713 71.22761075234912 220.5648 351.6551999999999
1653.0057724620274 69.24409279355572 220.5648 351.6551999999999
1674.824470008755 55.35946708200182 220.5648 351.6551999999999
1688.709095720309 33.54076953527425 220.5648 351.6551999999999
1674.824470008755 19.65614382372035 220.5648 351.6551999999999
1653.0057724620274 41.47484137044792 220.5648 351.6551999999999
1651.022254503234 87.0957544226965 220.5648 351.6551999999999
1664.906880214788 132.71666747494507 220.5648 351.6551999999999
1678.791505926342 166.43647277443318 220.5648 351.6551999999999
1680.7750238851354 212.05738582668172 220.5648 351.6551999999999
1682.758541843929 249.74422704375667 220.5648 351.6551999999999
1672.840952049962 275.52996050807104 220.5648 351.6551999999999
1662.9233622559948 309.24976580755913 220.5648 351.6551999999999
1641.1046647092671 323.13439151911314 220.5648 351.6551999999999
1619.2859671625397 333.0519813130802 220.5648 351.6551999999999
1585.5661618630515 335.0354992718735 220.5648 351.6551999999999
1563.7474643163239 337.019017230667 220.5648 351.6551999999999
1537.9617308520094 339.00253518946033 220.5648 351.6551999999999
1504.2419255525213 337.019017230667 220.5648 351.6551999999999
1466.5550843354463 327.1014274366999 220.5648 351.6551999999999
1428.8682431183715 325.11790947790644 220.5648 351.6551999999999
1371.3462223133627 323.13439151911314 220.5648 351.6551999999999
1309.8571655907667 321.1508735603196 220.5648 351.6551999999999
1240.4340370329974 323.13439151911314 220.5648 351.6551999999999
1190.8460880631621 325.11790947790644 220.5648 351.6551999999999
1141.2581390933267 315.2003196839394 220.5648 351.6551999999999
1091.6701901234915 313.216801725146 220.5648 351.6551999999999
1057.9503848240033 311.2332837663526 220.5648 351.6551999999999
1024.2305795245152 313.216801725146 220.5648 351.6551999999999
998.4448460602007 323.13439151911314 220.5648 351.6551999999999
972.6591125958863 325.11790947790644 220.5648 351.6551999999999
938.9393072963982 335.0354992718735 220.5648 351.6551999999999
913.1535738320838 337.019017230667 220.5648 351.6551999999999
879.4337685325958 339.00253518946033 220.5648 351.6551999999999
845.7139632331076 337.019017230667 220.5648 351.6551999999999
808.0271220160328 335.0354992718735 220.5648 351.6551999999999
750.5051012110237 325.11790947790644 220.5648 351.6551999999999
681.0819726532541 315.2003196839394 220.5648 351.6551999999999
619.5929159306581 313.216801725146 220.5648 351.6551999999999
558.1038592080622 311.2332837663526 220.5648 351.6551999999999
508.51591023822675 309.2497658075592 220.5648 351.6551999999999
470.829069021152 287.4310682608316 220.5648 351.6551999999999
445.0433355568376 261.6453347965172 220.5648 351.6551999999999
419.25760209252314 216.02442174426866 220.5648 351.6551999999999
405.37297638096913 182.30461644478058 220.5648 351.6551999999999
391.4883506694153 148.58481114529252 220.5648 351.6551999999999
377.6037249578613 110.8979699282176 220.5648 351.6551999999999
355.7850274111337 85.1122364639032 220.5648 351.6551999999999
341.9004016995798 59.3265029995888 220.5648 351.6551999999999
328.0157759880258 25.606697700100725 220.5648 351.6551999999999
326.0322580292325 11.722071988546823 220.5648 351.6551999999999
328.0157759880258 1.8044821945797551 220.5648 351.6551999999999
329.9992939468193 -12.080143516974147 220.5648 351.6551999999999
339.9168837407864 -25.964769228528066 220.5648 351.6551999999999
329.9992939468193 -39.849394940081986 220.5648 351.6551999999999
320.08170415285224 -41.832912898875406 220.5648 351.6551999999999
306.19707844129823 -31.915323104908317 220.5648 351.6551999999999
268.5102372242234 -10.096625558180747 220.5648 351.6551999999999
218.92228825438795 47.42539524682833 220.5648 351.6551999999999
185.2024829548999 97.01334421666374 220.5648 351.6551999999999
163.38378540817232 130.7331495161518 220.5648 351.6551999999999
140.26605456080526 159.46088036351887 216.23999999999998 344.76
126.65367641222298 173.07325851210118 216.23999999999998 344.76
124.70905096242552 175.01788396189866 216.23999999999998 344.76
122.76442551262805 173.07325851210118 216.23999999999998 344.76
120.8198000628306 147.7931276647341 216.23999999999998 344.76
134.43217821141286 110.84524411858223 216.23999999999998 344.76
155.823058159185 85.56511327121515 216.23999999999998 344.76
181.1031890065521 52.50648062465821 216.23999999999998 344.76
212.66059430604014 11.37203940758333 220.5648 351.6551999999999
234.47929185276774 -22.347765891904743 220.5648 351.6551999999999
260.2650253170821 -60.03460710897965 220.5648 351.6551999999999
297.9518665341571 -85.82034057329406 220.5648 351.6551999999999
343.57277958640566 -111.60607403760847 220.5648 351.6551999999999
381.25962080348063 -121.52366383157553 220.5648 351.6551999999999
414.9794261029686 -123.50718179036896 220.5648 351.6551999999999
448.69923140245675 -125.49069974916236 220.5648 351.6551999999999
484.9246290732127 -126.98456513491206 224.97609599999998 358.6883039999999
531.4464212009698 -141.14337143466423 224.97609599999998 358.6883039999999
577.9682133287268 -143.16605804891452 224.97609599999998 358.6883039999999
616.3992589994826 -141.14337143466423 224.97609599999998 358.6883039999999
654.8303046702385 -139.1206848204139 224.97609599999998 358.6883039999999
691.761145505601 -132.39688317742383 229.47561792 365.86207007999997
742.0132531834302 -138.15737843250503 234.06513027839998 373.1793114816
781.9488697147723 -140.25925298678618 234.06513027839998 373.1793114816
830.2919844632391 -142.36112754106733 234.06513027839998 373.1793114816
877.2151528991312 -143.95101544985397 238.746432883968 380.64289771123197
938.1124961219848 -110.65945379321518 243.52136154164737 388.2557556654566
987.1146805942516 -58.63179603717054 248.39178877248034 396.02087077876575
1016.1879925568552 -16.14003239951913 248.39178877248034 396.02087077876575
1031.8428528444108 21.87891401311635 248.39178877248034 396.02087077876575
1045.1892401756365 54.1305232308747 243.52136154164737 388.2557556654566
1049.7186097105057 72.93028865019278 238.746432883968 380.64289771123197
1051.860514916535 87.92362509239854 238.746432883968 380.64289771123197
1064.710538990725 118.9797874128697 234.06513027839998 373.1793114816
1069.067432106523 124.70054505026773 229.47561792 365.86207007999997
1073.3398796807733 138.4008611615193 224.97609599999998 358.6883039999999
1065.6279378868062 151.83500295548637 220.5648 351.6551999999999
1058.067210637819 157.22722840528382 216.23999999999998 344.76
1060.0118360876163 155.28260295548634 216.23999999999998 344.76
1069.7349633366036 145.55947570649903 216.23999999999998 344.76
1079.458090585591 131.94709755791675 216.23999999999998 344.76
1093.0704687341731 122.22397030892942 216.23999999999998 344.76
1116.6938021984877 104.89174459737555 220.5648 351.6551999999999
1140.7830801837415 87.21638629762339 224.97609599999998 358.6883039999999
1167.0780061689957 64.96683354086997 224.97609599999998 358.6883039999999
1189.327558925749 18.445041413112833 224.97609599999998 358.6883039999999
1199.4409919970003 -15.940631029142445 224.97609599999998 358.6883039999999
1209.5544250682517 -26.054064100394 224.97609599999998 358.6883039999999
1207.5317384540015 -24.031377486143697 224.97609599999998 358.6883039999999
1181.2368124687473 10.35429495611158 224.97609599999998 358.6883039999999
1130.6696471124897 85.19369968337304 224.97609599999998 358.6883039999999
1084.1478549847325 147.89698472513265 224.97609599999998 358.6883039999999
1033.5806896284746 206.55489653839163 224.97609599999998 358.6883039999999
995.1496439577188 253.07668866614875 224.97609599999998 358.6883039999999
972.9000912009654 287.462361108404 224.97609599999998 358.6883039999999
950.650538444212 313.757287093658 224.97609599999998 358.6883039999999
936.4917321444598 323.8707201649095 224.97609599999998 358.6883039999999
926.3782990732082 321.84803355065924 224.97609599999998 358.6883039999999
924.3556124589578 331.96146662191074 224.97609599999998 358.6883039999999
902.1060597022044 333.9841532361611 224.97609599999998 358.6883039999999
855.5842675744474 336.0068398504114 224.97609599999998 358.6883039999999
796.9263557611883 346.1202729216629 224.97609599999998 358.6883039999999
758.4953100904324 344.0975863074126 224.97609599999998 358.6883039999999
732.2003841051785 329.9387800076604 224.97609599999998 358.6883039999999
730.177697490928 315.7799737079082 224.97609599999998 358.6883039999999
720.0642644196764 269.258181580151 224.97609599999998 358.6883039999999
718.0415778054261 206.55489653839146 224.97609599999998 358.6883039999999
716.0188911911757 172.16922409613625 224.97609599999998 358.6883039999999
713.9962045769254 133.73817842538034 224.97609599999998 358.6883039999999
691.7466518201719 71.03489338362074 224.97609599999998 358.6883039999999
681.6332187489204 20.467728027362995 224.97609599999998 358.6883039999999
679.6105321346699 -17.96331764339289 224.97609599999998 358.6883039999999
665.4517258349177 -56.39436331414878 224.97609599999998 358.6883039999999
655.3382927636662 -94.82540898490467 224.97609599999998 358.6883039999999
645.2248596924146 -133.25645465566055 224.97609599999998 358.6883039999999
