1217.5 160.0 147.0 170.0
1224.0752376382911 166.57523763829113 147.0 170.0
1230.6504752765823 186.30095055316443 147.0 170.0
1243.8009505531645 199.45142582974665 147.0 170.0
1250.3761881914556 219.17713874461995 147.0 170.0
1256.9514258297468 219.17713874461995 147.0 170.0
1262.2541907082878 224.2499036231611 149.94 173.4
1267.5759811562696 222.51590362316108 152.9388 176.868
1274.3971716042515 236.15828451912495 152.9388 176.868
1279.8884194673992 234.38960451912493 155.99757599999998 180.40536
1292.770581314589 239.80661972271977 159.11752751999998 184.01346719999998
1292.770581314589 254.24875732990944 159.11752751999998 184.01346719999998
1292.770581314589 275.9119637406939 159.11752751999998 184.01346719999998
1285.549512510994 304.79623895507325 159.11752751999998 184.01346719999998
1271.1073749038044 326.45944536585773 159.11752751999998 184.01346719999998
1249.44416849302 362.56478938383196 159.11752751999998 184.01346719999998
1227.7809620822356 377.0069269910216 159.11752751999998 184.01346719999998
1218.9173281103924 396.98416840895095 162.2998780704 187.693736544
1209.8967769992018 417.29988803497116 165.545875631808 191.44761127488
1200.7129252607501 430.44219788648957 168.85679314444417 195.2765635003776
1191.291377917152 436.22241166363955 172.23392900733305 199.18209477038516
1189.5690386270785 457.8145104314523 175.67860758747972 203.16573666579288
1195.8076471570264 463.77824767061713 179.19217973922935 207.22905139910876
1202.219044357762 469.9092761547537 182.7760233340139 211.3736324270909
1208.730289708418 484.473550998475 186.4315438006942 215.60110507563274
1206.865974270411 507.95359046083433 190.16017467670804 219.91312717714536
1213.6484509596198 523.122616061015 193.9633781702422 224.31138972068828
1211.7088171779174 520.8795021638081 197.8426457336471 228.7976175151021
1209.730390720581 509.48080497567923 201.79949864832003 233.37356986540414
1198.4637371013137 497.8984106442411 205.83548862128646 238.04104126271224
1196.4053822151009 486.12557551776996 209.95219839371217 242.80186208796647
1175.0852932409837 474.0872734018002 214.1512423615864 247.6578993297258
1163.1142824483657 471.610694408503 218.43426720881814 252.6110573163203
1160.9299397762775 479.1346803111008 222.80295255299453 257.66327846264676
1148.4298047550528 466.28594203077944 227.25901160405442 262.8165440318997
1125.3206138925116 453.2394762172103 231.80419183613552 268.07287491253766
1112.4321531518644 439.988328645799 236.44027567285826 273.43433241078844
1088.4740856792187 415.6603206057737 241.1690811863154 278.90301905900424
1075.037621745078 412.8712904151837 245.9924628100417 284.48107944018426
1061.3234254502138 443.78929462107357 250.91231206624255 290.170701028988
1058.8143023295513 475.34366506701474 255.9305583075674 295.9741150495678
1056.2549967464756 484.10199127682796 261.04916947371873 301.8935973505591
1029.7396476367085 481.0830553033224 266.2701528631931 307.93146929757035
1014.8884698515913 478.00374061034665 271.595555920457 314.0900986835217
987.3200268328675 487.28908335327105 277.0274670388662 320.37190065719216
981.7240719986825 493.8746985761375 288.21937670723634 333.3149254437427
965.5416141089167 530.4423416897798 293.9837642413811 339.9812239526176
935.5112518040072 540.5877917815014 299.86343952620865 346.78084843166994
915.4130168278847 505.5008316477954 311.9779224830675 360.7907947083094
898.0014344524182 501.8929237007123 318.2174809327289 368.0066106024756
891.573441337577 524.3583087048357 331.07346716241113 382.8740776708156
888.2627066659529 535.7361041633136 337.69493650565937 390.53155922423184
897.1714337885958 512.117201826927 351.337811940488 406.3090342168909
925.4976509727732 508.05411148475804 358.3645681792978 414.43521490122873
970.0244881674911 535.9834145867529 365.5318595428837 422.72391919925326
1031.2865431176979 547.9855187811693 372.8424967337413 431.17839758323834
1144.8919468225606 596.673548940396 372.8424967337413 431.17839758323834
1258.4973505274231 564.2148621675781 372.8424967337413 431.17839758323834
1372.1027542322859 483.0681452355334 372.8424967337413 431.17839758323834
1420.7907843915127 515.5268320083513 372.8424967337413 431.17839758323834
1482.4541136767778 625.6506179745735 380.2993466684162 439.8019655349031
1547.8458679293803 723.7382493534773 380.2993466684162 439.8019655349031
1547.8458679293803 740.086187916628 380.2993466684162 439.8019655349031
1632.7210098287626 598.3338814147799 372.8424967337413 431.17839758323834
1567.8036362831267 565.8751946419619 372.8424967337413 431.17839758323834
