810.0 465.0 122.0 116.0
805.8876709761985 460.8876709761985 122.0 116.0
800.1304103428764 455.1304103428765 122.0 116.0
791.0832864905132 444.4383548809926 122.0 116.0
786.9709574667116 435.39123102862936 122.0 116.0
782.8586284429102 431.2789020048279 122.0 116.0
773.811504590547 425.52164137150584 122.0 116.0
768.0542439572248 416.47451751914264 122.0 116.0
762.2969833239027 410.7172568858206 122.0 116.0
758.1846543001012 400.0252014239367 122.0 116.0
747.4925988382174 390.97807757157346 122.0 116.0
746.6701330334571 385.22081693825146 122.0 116.0
737.623009181094 376.1736930858882 122.0 116.0
731.8657485477718 372.0613640620867 122.0 116.0
731.0432827430116 367.9490350382852 122.0 116.0
725.2860221096894 358.901911185922 122.0 116.0
719.5287614763673 354.7895821621205 122.0 116.0
718.706295671607 355.6120479668808 122.0 116.0
717.8838298668468 359.7243769906823 122.0 116.0
717.0613640620866 360.5468427954426 122.0 116.0
722.8186246954087 366.3041034287647 122.0 116.0
719.9315353041816 371.524526153325 119.60784313725489 113.72549019607843
719.1149017396616 367.4413583307254 119.60784313725489 113.72549019607843
718.2982681751416 368.2579918952453 119.60784313725489 113.72549019607843
717.4816346106217 367.4413583307254 119.60784313725489 113.72549019607843
721.5648024332212 373.1577932823648 119.60784313725489 113.72549019607843
720.7481688687012 373.97442684688474 119.60784313725489 113.72549019607843
719.9315353041812 378.0575946694843 119.60784313725489 113.72549019607843
715.8483674815817 378.8742282340042 119.60784313725489 113.72549019607843
716.6650010461017 382.9573960566038 119.60784313725489 113.72549019607843
715.8483674815817 383.7740296211237 119.60784313725489 113.72549019607843
715.0317339170617 384.5906631856436 119.60784313725489 113.72549019607843
714.2151003525418 388.6738310082432 119.60784313725489 113.72549019607843
710.1319325299421 389.49046457276313 119.60784313725489 113.72549019607843
710.9485660944621 390.307098137283 119.60784313725489 113.72549019607843
710.1319325299421 389.49046457276313 119.60784313725489 113.72549019607843
704.4154975783027 385.4072967501635 119.60784313725489 113.72549019607843
700.3323297557031 381.32412892756395 119.60784313725489 113.72549019607843
696.2491619331036 380.50749536304403 119.60784313725489 113.72549019607843
695.4325283685836 376.42432754044444 119.60784313725489 113.72549019607843
691.3493605459839 377.2409611049643 119.60784313725489 113.72549019607843
695.4325283685836 381.32412892756395 119.60784313725489 113.72549019607843
694.6158948040636 382.1407624920838 119.60784313725489 113.72549019607843
695.4325283685836 387.85719744372324 119.60784313725489 113.72549019607843
699.5156961911832 387.0405638792033 119.60784313725489 113.72549019607843
698.6990626266631 392.7569988308427 119.60784313725489 113.72549019607843
699.5156961911832 393.5736323953626 119.60784313725489 113.72549019607843
705.2321311428226 399.29006734700204 119.60784313725489 113.72549019607843
709.3152989654221 409.9063036857609 119.60784313725489 113.72549019607843
715.0317339170615 420.5225400245198 119.60784313725489 113.72549019607843
724.0147031267805 436.0385777503982 119.60784313725489 113.72549019607843
734.6309394655394 454.8211497343562 119.60784313725489 113.72549019607843
743.6139086752585 465.43738607311514 119.60784313725489 113.72549019607843
747.697076497858 476.053622411874 119.60784313725489 113.72549019607843
753.4135114494974 491.5696601377524 119.60784313725489 113.72549019607843
764.0297477882563 516.8853006378697 119.60784313725489 113.72549019607843
773.0127169979753 535.6678726218277 119.60784313725489 113.72549019607843
778.7291519496147 549.5506432186662 119.60784313725489 113.72549019607843
782.8123197722142 560.1668795574251 119.60784313725489 113.72549019607843
783.6289533367342 574.0496501542636 119.60784313725489 113.72549019607843
789.3453882883737 579.766085105903 119.60784313725489 113.72549019607843
790.1620218528935 583.8492529285026 119.60784313725489 113.72549019607843
787.4050745056156 579.4628061501951 117.2625913110342 111.49557862360629
783.4755012452274 573.9614035856514 117.2625913110342 111.49557862360629
777.9740986806838 565.3163424127972 117.2625913110342 111.49557862360629
772.4726961161402 561.3867691524089 117.2625913110342 111.49557862360629
768.543122855752 555.8853665878653 117.2625913110342 111.49557862360629
759.8980616828977 550.3839640233216 117.2625913110342 111.49557862360629
759.1121470308201 544.882561458778 117.2625913110342 111.49557862360629
753.6107444662765 539.3811588942343 117.2625913110342 111.49557862360629
749.6811712058883 538.5952442421567 117.2625913110342 111.49557862360629
748.8952565538107 537.8093295900791 117.2625913110342 111.49557862360629
749.6811712058883 546.4543907629333 117.2625913110342 111.49557862360629
758.3262323787426 566.1022570648747 117.2625913110342 111.49557862360629
759.1121470308202 576.3191475418843 117.2625913110342 111.49557862360629
