806.9999999999999 564.0 28.0 86.0
807.3857460304396 564.3857460304398 28.0 86.0
810.0859682435175 564.7714920608794 28.0 86.0
812.0146983957161 566.7002222130781 28.0 86.0
816.257904730553 569.4004444261561 28.0 86.0
812.0146983957161 567.4717142739574 28.0 86.0
813.9434285479148 569.4004444261561 28.0 86.0
815.6052898972392 561.9381158384531 28.56 87.72
817.5471512465635 566.2102108069668 28.56 87.72
813.2750562780498 566.5985830768316 28.56 87.72
814.9446998946358 566.1124318001488 29.131199999999996 89.4744
819.2462358511249 565.7213830768317 29.131199999999996 89.4744
819.637284574442 565.3303343535144 29.131199999999996 89.4744
821.592528191028 563.3750907369285 29.131199999999996 89.4744
824.5967340800821 561.5336848478743 28.56 87.72
824.985106349947 563.4755461971987 28.56 87.72
826.9269676992714 559.203451228685 28.56 87.72
829.9071899123493 560.4491972591247 28.0 86.0
829.5214438819096 560.063451228685 28.0 86.0
829.9071899123493 558.1347210764865 28.0 86.0
831.8359200645478 556.2059909242878 28.0 86.0
836.0791263993848 558.9062131373659 28.0 86.0
836.4648724298245 556.2059909242878 28.0 86.0
839.1650946429024 558.1347210764865 28.0 86.0
838.7793486124627 553.8915147416495 28.0 86.0
840.7080787646613 554.2772607720892 28.0 86.0
847.2657612821365 554.6630068025289 28.0 86.0
849.9659834952145 555.0487528329686 28.0 86.0
847.2657612821365 554.6630068025289 28.0 86.0
849.1944914343351 555.0487528329686 28.0 86.0
847.2657612821365 555.4344988634083 28.0 86.0
852.2804596778528 555.820244893848 28.0 86.0
854.9806818909308 555.4344988634083 28.0 86.0
855.3664279213705 553.5057687112097 28.0 86.0
858.0666501344484 551.5770385590112 28.0 86.0
857.6809041040087 554.2772607720892 28.0 86.0
860.3811263170867 553.8915147416494 28.0 86.0
865.3958247128031 551.9627845894508 28.0 86.0
867.3245548650017 554.6630068025289 28.0 86.0
870.0247770780798 555.0487528329686 28.0 86.0
869.63903104764 557.7489750460467 28.0 86.0
872.339253260718 553.5057687112098 28.0 86.0
878.8969357781932 553.12002268077 28.0 86.0
878.5111897477534 552.7342766503305 28.0 86.0
881.2114119608315 552.3485306198907 28.0 86.0
885.4546182956683 555.0487528329687 28.0 86.0
885.840364326108 552.3485306198907 28.0 86.0
887.7690944783067 554.2772607720893 28.0 86.0
887.3833484478669 551.5770385590113 28.0 86.0
892.3980468435832 554.2772607720893 28.0 86.0
895.0982690566611 552.3485306198907 28.0 86.0
895.4840150871008 555.0487528329687 28.0 86.0
898.1842373001789 554.663006802529 28.0 86.0
898.5699833306185 554.2772607720893 28.0 86.0
901.2702055436965 551.5770385590113 28.0 86.0
905.5134118785334 551.1912925285717 28.0 86.0
907.4421420307319 551.5770385590113 28.0 86.0
910.14236424381 551.1912925285717 28.0 86.0
910.5281102742497 550.8055464981319 28.0 86.0
912.4568404264483 548.8768163459333 28.0 86.0
916.7000467612852 546.9480861937348 28.0 86.0
917.0857927917248 549.6483084068128 28.0 86.0
919.7860150048028 546.9480861937348 28.0 86.0
920.1717610352425 549.6483084068128 28.0 86.0
922.8719832483205 546.9480861937348 28.0 86.0
922.4862372178808 547.3338322241744 28.0 86.0
927.500935613597 546.9480861937348 28.0 86.0
925.5722054613984 546.5623401632951 28.0 86.0
930.5869038571149 546.1765941328554 28.0 86.0
932.5156340093134 545.7908481024157 28.0 86.0
932.1298879788737 543.8621179502171 28.0 86.0
937.1445863745902 541.9333877980184 28.0 86.0
939.8448085876681 544.6336100110965 28.0 86.0
939.4590625572284 541.9333877980184 28.0 86.0
942.1592847703064 543.8621179502171 28.0 86.0
944.8595069833844 538.8474195545008 28.0 86.0
945.2452530138241 538.4616735240611 28.0 86.0
947.1739831660227 538.0759274936214 28.0 86.0
949.8742053791007 536.1471973414227 28.0 86.0
949.488459348661 538.8474195545008 28.0 86.0
