1268.0 507.0 36.0 66.0
1268.3504996433664 507.35049964336645 36.0 66.0
1270.1029978601987 507.7009992867329 36.0 66.0
1272.5564953637636 503.1445039229692 36.0 66.0
1270.8039971469314 504.8970021398014 36.0 66.0
1275.3604925106952 508.7524982168322 36.0 66.0
1277.1129907275274 508.4019985734658 36.0 66.0
1280.9684868045579 508.7524982168322 36.0 66.0
1280.6179871611914 511.20599572039725 36.0 66.0
1280.9684868045579 515.762491084161 36.0 66.0
1282.72098502139 516.1129907275274 36.0 66.0
1280.9684868045579 516.4634903708939 36.0 66.0
1283.4219843081228 518.9169878744589 36.0 66.0
1278.8654889443594 516.4634903708939 36.0 66.0
1280.6179871611914 516.8139900142602 36.0 66.0
1283.0714846647563 516.4634903708939 36.0 66.0
1281.318986447924 516.1129907275274 36.0 66.0
1287.9784796718866 514.3604925106952 36.0 66.0
1286.2259814550544 512.607994293863 36.0 66.0
1290.081477532085 510.85549607703086 36.0 66.0
1288.3289793152528 516.8139900142603 36.0 66.0
1286.5764810984206 519.2674875178253 36.0 66.0
1290.4319771754513 516.8139900142603 36.0 66.0
1290.0814775320848 519.2674875178253 36.0 66.0
1292.5349750356497 517.5149893009932 36.0 66.0
1292.8854746790162 517.1644896576267 36.0 66.0
1296.7409707560469 521.7209850213904 36.0 66.0
1303.4004639800094 523.4734832382226 36.0 66.0
1303.049964336643 521.0199857346576 36.0 66.0
1305.5034618402078 523.4734832382226 36.0 66.0
1311.4619557774372 523.823982881589 36.0 66.0
1313.915453281002 526.277480385154 36.0 66.0
1315.6679514978346 528.0299786019863 36.0 66.0
1322.3274447217968 523.4734832382226 36.0 66.0
1328.2859386590262 525.2259814550547 36.0 66.0
1327.9354390156598 529.7824768188184 36.0 66.0
1330.388936519225 530.1329764621848 36.0 66.0
1334.9454318829885 530.4834761055513 36.0 66.0
1337.3989293865534 530.8339757489177 36.0 66.0
1344.058422610516 531.1844753922842 36.0 66.0
1344.4089222538823 532.9369736091163 36.0 66.0
1346.1614204707146 531.1844753922842 36.0 66.0
1352.1199144079442 535.7409707560478 36.0 66.0
1358.7794076319065 535.3904711126814 36.0 66.0
1359.1299072752731 535.039971469315 36.0 66.0
1363.6864026390367 533.2874732524828 36.0 66.0
1367.5418987160674 530.8339757489177 36.0 66.0
1371.397394793098 530.4834761055513 36.0 66.0
1379.4588865905262 530.1329764621848 36.0 66.0
1381.9123840940913 529.7824768188185 36.0 66.0
1386.4688794578549 529.4319771754521 36.0 66.0
1386.8193791012213 529.0814775320856 36.0 66.0
1387.169878744588 525.2259814550548 36.0 66.0
1387.5203783879545 522.7724839514897 36.0 66.0
1383.6648823109238 518.2159885877261 36.0 66.0
1386.1183798144887 514.3604925106952 36.0 66.0
1388.5718773180538 512.607994293863 36.0 66.0
1384.716381241023 508.05149893009934 36.0 66.0
1384.3658815976564 505.5980014265343 36.0 66.0
1380.5103855206257 505.2475017831679 36.0 66.0
1378.7578873037935 501.392005706137 36.0 66.0
1374.9023912267628 498.938508202572 36.0 66.0
1373.1498930099306 492.98001426534256 36.0 66.0
1367.1913990727012 490.52651676177754 36.0 66.0
1367.5418987160676 490.1760171184111 36.0 66.0
1361.5834047788383 487.7225196148461 36.0 66.0
1363.3359029956705 481.76402567761664 36.0 66.0
1358.779407631907 481.4135260342502 36.0 66.0
1354.9239115548762 476.8570306704865 36.0 66.0
1352.470414051311 470.19753744652417 36.0 66.0
1352.1199144079446 463.5380442225619 36.0 66.0
1348.264418330914 458.9815488587982 36.0 66.0
1341.6049251069514 454.4250534950345 36.0 66.0
1339.1514276033865 449.8685581312708 36.0 66.0
1332.491934379424 446.01306205424 36.0 66.0
1330.0384368758591 442.1575659772091 36.0 66.0
1321.976945078431 439.7040684736441 36.0 66.0
1322.3274447217975 435.1475731098804 36.0 66.0
1322.677944365164 431.29207703284953 36.0 66.0
1316.0184511412015 429.5395788160174 36.0 66.0
1314.2659529243692 424.9830834522537 36.0 66.0
1309.7094575606056 421.12758737522284 36.0 66.0
1307.2559600570407 419.37508915839067 36.0 66.0
1306.905460413674 416.92159165482565 36.0 66.0
1302.3489650499105 416.5710920114592 36.0 66.0
1297.7924696861467 414.1175945078942 36.0 66.0
1289.029978601986 409.5610991441305 36.0 66.0
1284.4734832382221 407.10760164056546 36.0 66.0
1282.0199857346572 407.4581012839319 36.0 66.0
1280.267487517825 405.70560306709973 36.0 66.0
1277.81399001426 399.7471091298703 36.0 66.0
1273.2574946504965 395.89161305283943 36.0 66.0
1270.8039971469314 394.13911483600725 36.0 66.0
1270.453497503565 388.1806208987779 36.0 66.0
1266.5980014265342 383.6241255350142 36.0 66.0
1264.845503209702 379.7686294579833 36.0 66.0
1260.2890078459384 378.01613124115113 36.0 66.0
1255.7325124821746 375.5626337375861 36.0 66.0
1251.176017118411 375.21213409421966 36.0 66.0
1247.32052104138 372.75863659065465 36.0 66.0
1244.867023537815 366.0991433666924 36.0 66.0
1236.104532453654 363.6456458631273 36.0 66.0
1231.5480370898904 356.986152639165 36.0 66.0
1222.7855460057294 352.4296572754013 36.0 66.0
1211.92005706137 346.4711633381719 36.0 66.0
1207.3635616976062 339.81167011420956 36.0 66.0
1201.4050677603768 333.8531761769801 36.0 66.0
1192.6425766762159 329.2966808132164 36.0 66.0
1181.7770877318565 326.8431833096514 36.0 66.0
1177.9215916548255 326.49268366628496 36.0 66.0
1169.1591005706646 324.03918616271994 36.0 66.0
1165.3036044936339 321.5856886591549 36.0 66.0
1161.448108416603 321.9361883025214 36.0 66.0
1157.5926123395723 320.1836900856892 36.0 66.0
1146.7271233952126 315.62719472192543 36.0 66.0
1142.871627318182 313.1736972183604 36.0 66.0
1132.7071376605552 306.5142039943981 36.0 66.0
1123.9446465763942 304.76170577756596 36.0 66.0
1119.3881512126306 300.20521041380226 36.0 66.0
1114.8316558488668 297.7517129102372 36.0 66.0
1108.8731619116375 295.29821540667217 36.0 66.0
1100.8116701142094 297.05071362350435 36.0 66.0
1098.3581726106443 297.4012132668708 36.0 66.0
1091.698679386682 297.05071362350435 36.0 66.0
1089.9461811698498 294.59721611993933 36.0 66.0
1083.2866879458875 290.74172004290847 36.0 66.0
1075.2251961484594 290.391220399542 36.0 66.0
1071.3697000714287 287.937722895977 36.0 66.0
1067.5142039943978 285.48422539241193 36.0 66.0
1058.7517129102368 285.8347250357784 36.0 66.0
1054.1952175464733 284.0822268189462 36.0 66.0
1048.2367236092437 281.6287293153811 36.0 66.0
1040.1752318118158 283.3812275322133 36.0 66.0
1035.618736448052 279.5257314551825 36.0 66.0
1028.9592432240897 279.87623109854894 36.0 66.0
1020.1967521399288 279.5257314551825 36.0 66.0
1016.341256062898 275.6702353781517 36.0 66.0
1011.7847606991343 275.3197357347853 36.0 66.0
1005.125267475172 273.56723751795306 36.0 66.0
996.362776391011 271.8147393011209 36.0 66.0
990.4042824537817 275.6702353781517 36.0 66.0
983.7447892298194 273.2167378745866 36.0 66.0
974.9822981456584 268.6602425108229 36.0 66.0
968.3228049216962 269.01074215418936 36.0 66.0
959.5603138375352 268.6602425108229 36.0 66.0
953.6018199003058 266.90774429399073 36.0 66.0
945.5403281028778 269.36124179755575 36.0 66.0
940.9838327391141 263.4027478603263 36.0 66.0
932.2213416549532 260.94925035676124 36.0 66.0
926.2628477177237 259.19675213992906 36.0 66.0
919.6033544937615 254.64025677616536 36.0 66.0
912.9438612697992 252.18675927260028 36.0 66.0
904.1813701856382 253.9392574894325 36.0 66.0
897.521876961676 249.3827621256688 36.0 66.0
888.7593858775151 246.92926462210374 36.0 66.0
882.8008919402856 247.27976426547016 36.0 66.0
876.1413987163234 246.92926462210374 36.0 66.0
871.5849033525596 246.5787649787373 36.0 66.0
864.9254101285974 244.8262667619051 36.0 66.0
858.265916904635 242.37276925834004 36.0 66.0
849.5034258204741 244.12526747517222 36.0 66.0
841.4419340230461 240.26977139814142 36.0 66.0
836.8854386592824 242.02226961497362 36.0 66.0
830.2259454353201 242.37276925834007 36.0 66.0
821.4634543511592 240.62027104150786 36.0 66.0
814.8039611271969 236.76477496447706 36.0 66.0
808.1444679032346 235.01227674764488 36.0 66.0
799.3819768190737 230.45578138388117 36.0 66.0
794.82548145531 230.10528174051473 36.0 66.0
788.8669875180806 228.35278352368252 36.0 66.0
782.2074942941183 225.89928602011747 36.0 66.0
779.7539967905532 225.54878637675102 36.0 66.0
771.6925049931251 221.69329029972022 36.0 66.0
767.8370089160943 221.3427906563538 36.0 66.0
756.9715199717348 219.5902924395216 36.0 66.0
754.5180224681696 215.73479636249078 36.0 66.0
747.8585292442074 213.9822981456586 36.0 66.0
739.7970374467793 209.4258027818949 36.0 66.0
735.2405420830156 207.6733045650627 36.0 66.0
728.5810488590533 205.21980706149762 36.0 66.0
721.9215556350911 205.57030670486404 36.0 66.0
718.0660595580603 203.116809201299 36.0 66.0
709.3035684738993 200.66331169773392 36.0 66.0
702.644075249937 203.116809201299 36.0 66.0
693.8815841657761 199.26131312426818 36.0 66.0
689.3250888020124 201.0138113411004 36.0 66.0
682.6655955780501 202.76630955793257 36.0 66.0
673.9031044938893 198.9108134809018 36.0 66.0
667.2436112699269 199.2613131242682 36.0 66.0
663.3881151928961 198.9108134809018 36.0 66.0
654.6256241087351 197.15831526406959 36.0 66.0
648.6671301715057 198.9108134809018 36.0 66.0
639.9046390873448 192.95231954367236 36.0 66.0
633.9461451501154 191.19982132684015 36.0 66.0
625.1836540659544 193.65331883040523 36.0 66.0
621.3281579889236 191.19982132684015 36.0 66.0
620.9776583455572 195.05531740387096 36.0 66.0
616.4211629817935 194.7048177605045 36.0 66.0
609.7616697578312 190.8493216834737 36.0 66.0
603.1021765338689 189.09682346664152 36.0 66.0
594.339685449708 184.54032810287782 36.0 66.0
589.7831900859443 182.08683059931275 36.0 66.0
583.8246961487148 180.33433238248054 36.0 66.0
577.1652029247525 174.3758384452511 36.0 66.0
574.7117054211875 170.52034236822033 36.0 66.0
565.9492143370265 170.16984272485388 36.0 66.0
559.990720399797 165.61334736109018 36.0 66.0
556.1352243227662 163.86084914425797 36.0 66.0
556.4857239661327 162.10835092742576 36.0 66.0
563.145217190095 165.96384700445657 36.0 66.0
569.8047104140572 163.5103495008915 36.0 66.0
593.2881865196086 172.27284058505245 36.0 66.0
608.3596711843654 183.138329529412 36.0 66.0
620.6271587021907 191.1998213268401 36.0 66.0
634.9976440802146 214.6832974323914 36.0 66.0
638.8531401572454 233.96077781754548 36.0 66.0
639.203639800612 255.3412560628982 36.0 66.0
636.7501422970469 267.6087435807235 36.0 66.0
632.894646220016 271.4642396577543 36.0 66.0
624.833154422588 279.5257314551824 36.0 66.0
623.0806562057558 296.70021398013785 36.0 66.0
623.4311558491222 315.9776943652919 36.0 66.0
627.987651212886 333.15217689024735 36.0 66.0
625.5341537093209 337.70867225401105 36.0 66.0
621.67865763229 342.26516761777475 36.0 66.0
617.1221622685264 348.924660841737 36.0 66.0
612.5656669047626 346.471163338172 36.0 66.0
601.700177960403 348.924660841737 36.0 66.0
595.7416840231737 344.3681654779733 36.0 66.0
587.6801922257456 341.9146679744083 36.0 66.0
578.9177011415846 341.56416833104186 36.0 66.0
572.2582079176223 339.11067082747684 36.0 66.0
567.7017125538587 334.55417546371314 36.0 66.0
555.4342250360334 334.2036758203467 36.0 66.0
549.4757310988039 332.45117760351457 36.0 66.0
541.4142393013758 334.2036758203467 36.0 66.0
535.4557453641464 329.647180456583 36.0 66.0
526.6932542799855 327.89468223975086 36.0 66.0
520.0337610560232 325.44118473618585 36.0 66.0
511.2712699718622 325.79168437955224 36.0 66.0
505.31277603463275 324.03918616272006 36.0 66.0
496.5502849504718 321.58568865915504 36.0 66.0
489.89079172650946 321.9361883025215 36.0 66.0
481.1283006423485 321.58568865915504 36.0 66.0
476.5718052785848 319.83319044232286 36.0 66.0
467.8093141944238 315.977694365292 36.0 66.0
456.94382525006426 313.524196861727 36.0 66.0
454.49032774649925 307.56570292449754 36.0 66.0
445.72783666233823 303.00920756073384 36.0 66.0
439.7693427251088 301.25670934390166 36.0 66.0
431.00685164094784 303.00920756073384 36.0 66.0
425.0483577037184 296.34971433677157 36.0 66.0
418.3888644797561 295.9992146934051 36.0 66.0
410.3273726823281 292.14371861637426 36.0 66.0
406.4718766052972 289.69022111280924 36.0 66.0
401.9153812415335 285.13372574904554 36.0 66.0
395.25588801757124 282.68022824548046 36.0 66.0
387.1943962201432 278.12373288171676 36.0 66.0
380.5349029961809 277.7732332383504 36.0 66.0
372.47341119875284 273.91773716131956 36.0 66.0
368.61791512172204 273.5672375179531 36.0 66.0
356.3504276038967 271.11374001438804 36.0 66.0
350.3919336666673 269.36124179755586 36.0 66.0
342.3304418692393 266.9077442939908 36.0 66.0
336.37194793200985 266.55724465062434 36.0 66.0
328.3104561345818 264.10374714705927 36.0 66.0
318.14596647695504 260.24825107002846 36.0 66.0
313.58947111319134 262.70174857359353 36.0 66.0
311.8369728963592 262.3512489302271 36.0 66.0
317.79546683358865 283.7317271755798 36.0 66.0
320.24896433715367 296.70021398013796 36.0 66.0
330.4134539947804 318.0806922254907 36.0 66.0
330.06295435141396 326.8431833096517 36.0 66.0
325.50645898765026 332.8016772468811 36.0 66.0
320.94996362388656 328.9461811698503 36.0 66.0
316.3934682601228 329.2966808132167 36.0 66.0
313.9399707565578 328.9461811698503 36.0 66.0
307.2804775325955 328.5956815264839 36.0 66.0
303.42498145556465 326.14218402291885 36.0 66.0
298.86848609180095 329.99768009994966 36.0 66.0
298.5179864484345 332.4511776035147 36.0 66.0
293.9614910846708 334.9046751070797 36.0 66.0
289.4049957209071 333.1521768902476 36.0 66.0
281.34350392347903 331.3996786734154 36.0 66.0
276.78700855971533 333.8531761769804 36.0 66.0
272.23051319595163 332.10067796014823 36.0 66.0
269.77701569238656 336.65717332391193 36.0 66.0
270.127515335753 338.4096715407441 36.0 66.0
276.78700855971533 351.37815834530227 36.0 66.0
276.4365089163489 360.1406494294633 36.0 66.0
271.8800135525852 361.89314764629546 36.0 66.0
265.22052032862285 363.6456458631276 36.0 66.0
256.45802924446195 359.0891504993639 36.0 66.0
251.90153388069825 356.63565299579886 36.0 66.0
245.24204065673592 354.8831547789667 36.0 66.0
238.58254743277365 350.326659415203 36.0 66.0
234.72705135574284 349.9761597718366 36.0 66.0
235.07755099910926 349.62566012847014 36.0 66.0
237.53104850267434 349.9761597718366 36.0 66.0
235.07755099910926 352.4296572754016 36.0 66.0
236.83004921594147 359.0891504993639 36.0 66.0
237.18054885930792 360.84164871619606 36.0 66.0
234.72705135574284 367.5011419401584 36.0 66.0
230.87155527871204 369.9546394437234 36.0 66.0
228.41805777514696 376.6141326676857 36.0 66.0
219.65556669098603 380.46962874471654 36.0 66.0
217.20206918742096 378.71713052788436 36.0 66.0
217.5525688307874 376.26363302431935 36.0 66.0
215.09907132722233 380.82012838808305 36.0 66.0
234.3765517123764 402.20060663343577 36.0 66.0
238.2320477894072 414.468094151261 36.0 66.0
238.58254743277365 419.02458951502473 36.0 66.0
236.83004921594144 423.58108487878843 36.0 66.0
237.18054885930786 423.9315845221549 36.0 66.0
235.42805064247568 426.3850820257199 36.0 66.0
237.18054885930786 434.44657382314796 36.0 66.0
245.24204065673592 440.4050677603774 36.0 66.0
247.695538160301 448.4665595578054 36.0 66.0
247.34503851693458 460.7340470756307 36.0 66.0
247.695538160301 463.18754457919573 36.0 66.0
239.63404636287294 462.83704493582934 36.0 66.0
237.88154814604073 463.18754457919573 36.0 66.0
235.42805064247568 465.6410420827608 36.0 66.0
239.28354671950646 474.40353316692176 36.0 66.0
238.93304707614004 480.3620271041512 36.0 66.0
239.28354671950646 484.9185224679149 36.0 66.0
249.44803637713318 504.196002853069 36.0 66.0
251.20053459396536 510.1544967902984 36.0 66.0
253.65403209753043 516.8139900142608 36.0 66.0
255.40653031436264 523.473483238223 36.0 66.0
259.9630256781263 525.2259814550551 36.0 66.0
259.6125260347599 529.7824768188189 36.0 66.0
257.15902853119485 528.0299786019867 36.0 66.0
257.5095281745613 526.2774803851546 36.0 66.0
255.75702995772906 532.9369736091169 36.0 66.0
262.4165231816914 534.689471825949 36.0 66.0
273.282012126051 544.8539614835757 36.0 66.0
277.8385074898147 549.4104568473394 36.0 66.0
284.49800071377695 553.9669522111031 36.0 66.0
290.4564946510064 558.5234475748669 36.0 66.0
290.8069942943728 556.7709493580346 36.0 66.0
292.559492511205 561.3274447217984 36.0 66.0
292.20899286783856 565.883940085562 36.0 66.0
296.76548823160226 566.2344397289285 36.0 66.0
296.4149885882359 567.9869379457607 36.0 66.0
296.76548823160226 565.5334404421957 36.0 66.0
298.5179864484345 567.2859386590278 36.0 66.0
300.2704846652667 571.8424340227915 36.0 66.0
306.929977889229 576.3989293865552 36.0 66.0
312.88847182645844 580.9554247503189 36.0 66.0
309.0329757494276 584.8109208273497 36.0 66.0
308.68247610606113 583.0584226105176 36.0 66.0
304.8269800290303 581.3059243936855 36.0 66.0
305.17747967239677 583.7594218972505 36.0 66.0
304.8269800290303 581.3059243936855 36.0 66.0
304.4764803856639 583.7594218972505 36.0 66.0
302.7239821688317 581.3059243936855 36.0 66.0
300.9714839519995 583.0584226105176 36.0 66.0
302.7239821688317 579.2029265334868 36.0 66.0
298.167486805068 580.9554247503189 36.0 66.0
299.91998502190023 582.707922967151 36.0 66.0
301.6724832387324 580.9554247503189 36.0 66.0
304.12598074229743 584.8109208273497 36.0 66.0
317.09446754685564 604.0884012125038 36.0 66.0
317.44496719022203 606.5418987160688 36.0 66.0
315.6924689733899 610.3973947930996 36.0 66.0
313.23897146982483 612.1498930099318 36.0 66.0
311.4864732529927 616.7063883736955 36.0 66.0
316.0429686167564 620.5618844507263 36.0 66.0
316.3934682601228 624.4173805277571 36.0 66.0
316.0429686167564 626.1698787445894 36.0 66.0
315.69246897338996 626.5203783879559 36.0 66.0
317.44496719022214 624.7678801711237 36.0 66.0
319.89846469378716 624.4173805277571 36.0 66.0
320.2489643371536 628.272876604788 36.0 66.0
320.59946398052006 628.6233762481545 36.0 66.0
323.0529614840851 632.4788723251854 36.0 66.0
323.4034611274515 640.5403641226134 36.0 66.0
321.65096291061934 638.0868666190484 36.0 66.0
326.20745827438304 638.4373662624148 36.0 66.0
322.35196219735224 642.9938616261785 36.0 66.0
317.7954668335885 642.6433619828119 36.0 66.0
311.1359736096262 640.8908637659797 36.0 66.0
311.4864732529926 642.6433619828119 36.0 66.0
311.83697289635904 640.1898644792469 36.0 66.0
310.08447467952686 644.7463598430106 36.0 66.0
307.63097717596185 642.9938616261784 36.0 66.0
310.08447467952686 641.2413634093461 36.0 66.0
320.9499636238865 645.096859486377 36.0 66.0
329.71245470804746 639.1383655491475 36.0 66.0
331.46495292487964 634.5818701853839 36.0 66.0
331.8154525682461 632.8293719685516 36.0 66.0
332.1659522116125 628.2728766047878 36.0 66.0
331.8154525682461 625.8193791012228 36.0 66.0
329.361955064681 625.4688794578562 36.0 66.0
325.5064589876502 621.6133833808254 36.0 66.0
325.8569586310166 621.2628837374589 36.0 66.0
325.5064589876502 620.9123840940924 36.0 66.0
327.2589572044824 620.561884450726 36.0 66.0
336.02144828864334 620.9123840940924 36.0 66.0
341.9799422258728 618.4588865905273 36.0 66.0
346.5364375896365 616.0053890869622 36.0 66.0
348.9899350932015 620.561884450726 36.0 66.0
346.5364375896365 620.2113848073594 36.0 66.0
348.9899350932015 621.9638830241917 36.0 66.0
347.2374368763693 623.7163812410239 36.0 66.0
349.69093437993433 621.2628837374588 36.0 66.0
343.73244044270496 623.015381954291 36.0 66.0
341.2789429391399 618.4588865905273 36.0 66.0
343.03144115597206 616.7063883736951 36.0 66.0
338.47494579220836 620.561884450726 36.0 66.0
340.22744400904054 618.8093862338937 36.0 66.0
341.9799422258727 617.0568880170615 36.0 66.0
344.43343972943774 620.9123840940923 36.0 66.0
344.0829400860713 619.1598858772601 36.0 66.0
348.639435449835 619.5103855206265 36.0 66.0
353.1959308135987 621.9638830241917 36.0 66.0
366.16441761815685 634.231370542017 36.0 66.0
370.72091298192055 631.777873038452 36.0 66.0
373.1744104854856 633.5303712552842 36.0 66.0
370.72091298192055 626.8708780313218 36.0 66.0
371.071412625287 626.5203783879554 36.0 66.0
370.72091298192055 624.0668808843902 36.0 66.0
368.26741547835553 619.5103855206265 36.0 66.0
363.71092011459183 617.7578873037943 36.0 66.0
363.3604204712254 617.4073876604278 36.0 66.0
363.009920827859 621.9638830241915 36.0 66.0
362.65942118449254 621.613383380825 36.0 66.0
360.90692296766036 621.2628837374585 36.0 66.0
362.65942118449254 621.613383380825 36.0 66.0
362.3089215411261 621.9638830241915 36.0 66.0
368.96841476508837 622.314382667558 36.0 66.0
367.21591654825625 621.9638830241915 36.0 66.0
371.77241191201995 622.314382667558 36.0 66.0
373.52491012885207 624.0668808843902 36.0 66.0
368.96841476508837 620.2113848073594 36.0 66.0
368.617915121722 618.4588865905272 36.0 66.0
368.96841476508837 612.5003926532977 36.0 66.0
369.3189144084548 606.5418987160683 36.0 66.0
367.5664161916227 606.1913990727019 36.0 66.0
363.009920827859 602.3359029956711 36.0 66.0
362.65942118449254 599.882405492106 36.0 66.0
362.3089215411261 595.3259101283423 36.0 66.0
366.8654169048898 594.9754104849759 36.0 66.0
364.4119194013248 594.6249108416094 36.0 66.0
359.8554240375611 594.9754104849759 36.0 66.0
359.50492439419463 596.727908701808 36.0 66.0
359.1544247508282 598.4804069186403 36.0 66.0
360.90692296766036 596.727908701808 36.0 66.0
364.7624190446912 602.6864026390375 36.0 66.0
364.4119194013248 600.2329051354725 36.0 66.0
361.95842189775976 601.9854033523046 36.0 66.0
361.6079222543933 602.3359029956711 36.0 66.0
357.0514268906296 601.9854033523046 36.0 66.0
354.5979293870646 599.5319058487396 36.0 66.0
348.6394354498351 592.8724126247773 36.0 66.0
344.0829400860714 588.3159172610136 36.0 66.0
340.2274440090406 586.5634190441814 36.0 66.0
338.4749457922084 588.3159172610136 36.0 66.0
333.9184504284447 584.4604211839827 36.0 66.0
331.4649529248797 584.8109208273492 36.0 66.0
329.7124547080475 583.058422610517 36.0 66.0
327.2589572044825 581.3059243936848 36.0 66.0
329.0114554213147 585.8624197574486 36.0 66.0
324.454960057551 585.5119201140822 36.0 66.0
322.0014625539859 585.1614204707157 36.0 66.0
321.6509629106195 583.4089222538835 36.0 66.0
321.30046326725306 580.9554247503185 36.0 66.0
320.9499636238866 582.7079229671507 36.0 66.0
322.7024618407188 578.8524268901198 36.0 66.0
320.2489643371538 578.5019272467534 36.0 66.0
322.0014625539859 573.9454318829896 36.0 66.0
323.7539607708181 571.4919343794246 36.0 66.0
