686.5 370.99999999999994 117.0 346.0
677.0320171102817 370.99999999999994 117.0 346.0
648.6280684411265 361.5320171102816 117.0 346.0
629.6921026616897 361.5320171102816 117.0 346.0
630.839161485219 374.3290409306901 114.70588235294116 339.21568627450984
631.9637289592675 396.03583862999915 112.45674740484426 332.56439830834296
633.0662460906875 399.2962739075319 110.25171314200419 326.04352775327743
633.0662460906875 381.3412801370362 110.25171314200419 326.04352775327743
631.9637289592675 359.6996911432779 112.45674740484426 332.56439830834296
631.9637289592675 350.50911428516514 112.45674740484426 332.56439830834296
642.9127474049264 365.73165690253757 108.08991484510214 319.6505174051739
660.4439517365022 374.49725906832543 108.08991484510214 319.6505174051739
678.6133930887145 377.631087670337 105.97050475010013 313.38286020115083
696.5217982145653 389.13820795704765 103.89265171578444 307.2380982364224
705.8296048048186 400.43959735632683 101.85554089782786 301.2138218004141
721.6805280045332 397.42745913832266 103.89265171578444 307.2380982364224
739.2775857760615 425.3073509001518 101.85554089782786 301.2138218004141
756.4399361590631 444.4241942331787 99.858373429243 295.3076684317785
756.4399361590631 463.28192199000614 99.858373429243 295.3076684317785
757.418939820134 484.69883824491893 97.90036610710101 289.51732199193975
758.3787473309881 503.18282450816207 95.98075108539312 283.84051175680366
758.3787473309881 565.7651490908625 95.98075108539312 283.84051175680366
766.9383277855209 583.7850846037128 94.09877557391484 278.2750115262781
774.5569204843148 583.7850846037128 94.09877557391484 278.2750115262781
766.9383277855209 560.9293065073315 94.09877557391484 278.2750115262781
765.9973400297818 550.3237658192311 95.98075108539312 283.84051175680366
767.8608648009515 555.8347023220064 92.25370154305375 272.81863875125305
768.7653128552952 551.1437425935055 90.44480543436642 267.469253677699
769.6520266340634 553.7659901785811 88.67137787682984 262.224758507548
770.5213538681501 556.3368211443413 86.93272340865668 257.08309657602746
769.6520266340634 532.2726771095794 88.67137787682981 262.224758507548
770.5213538681501 534.8435080753397 86.93272340865667 257.08309657602746
777.4855177043687 541.8076719115584 86.93272340865667 257.08309657602746
778.3377993064144 537.4107972882039 85.22816020456537 252.04225154512494
785.2550964452201 537.4107972882039 85.22816020456537 252.04225154512494
792.809554399413 539.8817997543325 83.5570198083974 247.10024661286755
799.5284421555218 539.8817997543325 83.5570198083974 247.10024661286755
807.0214590754094 548.9781816428915 81.91864687097784 242.25514373810543
820.3691199777652 562.325842545247 81.91864687097784 242.25514373810543
821.1722439666962 571.1781056287284 80.31239889311553 237.50504288049555
827.6494566213727 577.6553182834048 80.31239889311553 237.50504288049555
827.6494566213727 571.1781056287284 80.31239889311553 237.50504288049555
828.4368330811092 579.9404834343669 78.73764597364269 232.84808125538777
828.4368330811092 586.3743804274515 78.73764597364269 232.84808125538777
834.8707300741937 586.3743804274515 78.73764597364269 232.84808125538777
841.3046270672783 586.3743804274515 78.73764597364269 232.84808125538777
847.7385240603628 586.3743804274515 78.73764597364269 232.84808125538777
848.5104617659869 588.6572047534846 77.19377056239477 228.28243260332133
848.5104617659869 588.6572047534846 77.19377056239477 228.28243260332133
848.5104617659869 594.8962050925313 77.19377056239477 228.28243260332133
849.2672634381671 591.0272049273406 75.68016721803409 223.80630647384442
843.1602002082378 591.0272049273406 75.68016721803409 223.80630647384442
843.9021626319442 599.225501925754 74.19624237062165 219.41794752337688
838.8179317834823 601.3766582740222 72.74141408884475 215.11563482684008
833.7586473027684 597.7131994868183 71.31511185180858 210.89768120278436
827.9862117035366 603.4856350860501 71.31511185180858 210.89768120278436
822.2137761043047 615.0305062845141 71.31511185180858 210.89768120278436
817.2420947802367 622.7689796973527 69.91677632530254 206.76243255174938
817.2420947802367 611.4272815227104 69.91677632530254 206.76243255174938
805.9003966055943 617.0981306100315 69.91677632530254 206.76243255174938
800.2295475182732 617.0981306100315 69.91677632530254 206.76243255174938
794.5586984309521 617.0981306100315 69.91677632530254 206.76243255174938
788.8878493436309 617.0981306100315 69.91677632530254 206.76243255174938
784.0294775266298 635.7567045073838 68.54585914245345 202.70826720759743
772.9418167097789 648.6923087937099 68.54585914245345 202.70826720759743
768.1973512576877 656.0961284257036 67.20182268867985 198.73359530156608
757.3643838997315 645.2631610677473 67.20182268867985 198.73359530156608
751.9479002207534 629.0137100308131 67.20182268867985 198.73359530156608
746.5314165417753 623.5972263518349 67.20182268867985 198.73359530156608
741.1149328627972 618.1807426728569 67.20182268867985 198.73359530156608
736.4555922526001 620.1291112542448 65.8841398908626 194.83685813879026
736.4555922526001 614.8109292451392 65.8841398908626 194.83685813879026
731.1374102434945 609.4927472360336 65.8841398908626 194.83685813879026
725.8192282343889 609.4927472360336 65.8841398908626 194.83685813879026
720.5010462252833 604.1745652269278 65.8841398908626 194.83685813879026
715.1828642161776 593.5382012087166 65.8841398908626 194.83685813879026
709.864682207072 582.9018371905054 65.8841398908626 194.83685813879026
704.5465001979663 577.5836551813996 65.8841398908626 194.83685813879026
699.9728907939748 579.4938204572701 64.59229401064961 191.0165275870493
694.7533584498767 574.274288113172 64.59229401064961 191.0165275870493
689.5338261057786 569.054755769074 64.59229401064961 191.0165275870493
690.1670838901966 570.927466823849 63.325778441813334 187.27110547749928
690.1670838901966 570.927466823849 63.325778441813334 187.27110547749928
695.8491501163596 572.7634580540206 62.084096511581706 183.59912301715616
696.4578177292183 574.5634494561496 60.866761285864406 179.99914021289817
711.0837041340767 579.4387449244357 60.866761285864406 179.99914021289817
720.834295070649 579.4387449244357 60.866761285864406 179.99914021289817
730.5848860072211 579.4387449244357 60.866761285864406 179.99914021289817
745.2107724120797 579.4387449244357 60.866761285864406 179.99914021289817
759.8366588169381 589.189335861008 60.866761285864406 179.99914021289817
764.7119542852242 589.189335861008 60.866761285864406 179.99914021289817
770.1511688549455 590.9540333140756 59.673295378298434 176.4697453067629
770.1511688549455 586.1115516981373 59.673295378298434 176.4697453067629
774.9936504708837 581.269070082199 59.673295378298434 176.4697453067629
784.6786137027601 586.1115516981373 59.673295378298434 176.4697453067629
789.9214823478103 583.1838109029406 58.50323076303767 173.00955422231655
794.5793186852301 583.1838109029406 58.50323076303767 173.00955422231655
799.2371550226499 583.1838109029406 58.50323076303767 173.00955422231655
808.5528276974895 587.8416472403604 58.50323076303767 173.00955422231655
808.5528276974895 587.8416472403604 58.50323076303767 173.00955422231655
817.8685003723292 592.4994835777802 58.50323076303767 173.00955422231655
822.526336709749 597.1573199152 58.50323076303767 173.00955422231655
822.526336709749 587.8416472403603 58.50323076303767 173.00955422231655
823.099897795661 584.9115108187765 57.3561085912134 169.61721002187892
827.7262063174637 584.9115108187765 57.3561085912134 169.61721002187892
828.2885211075738 582.1315331674552 56.23147901099352 166.2913823743911
828.2885211075738 582.1315331674552 56.23147901099352 166.2913823743911
832.7314125826389 582.1315331674552 56.23147901099352 166.2913823743911
841.6171955327693 586.5744246425204 56.23147901099352 166.2913823743911
850.5029784828996 591.0173161175854 56.23147901099352 166.2913823743911
850.5029784828996 586.5744246425204 56.23147901099352 166.2913823743911
855.4668698866697 583.7921299189991 55.12890099117012 163.03076703371676
855.4668698866697 583.7921299189991 55.12890099117012 163.03076703371676
855.4668698866697 579.3795275251407 55.12890099117012 163.03076703371676
855.4668698866697 579.3795275251407 55.12890099117012 163.03076703371676
856.0073493081517 576.5949852019047 54.04794214820599 159.8340853271733
851.6244661316439 576.5949852019047 54.04794214820599 159.8340853271733
847.2415829551362 572.2121020253969 54.04794214820599 159.8340853271733
839.368939805179 569.5778403940759 52.98817857667254 156.70008365409146
835.1676773373172 569.5778403940759 52.98817857667254 156.70008365409146
830.9664148694551 569.5778403940759 52.98817857667254 156.70008365409146
826.7651524015932 565.3765779262139 52.98817857667254 156.70008365409146
822.5638899337312 561.175315458352 52.98817857667254 156.70008365409146
809.9601025301454 556.97405299049 52.98817857667254 156.70008365409146
809.9601025301454 552.772790522628 52.98817857667254 156.70008365409146
802.134166157118 550.1363516926414 51.949194683012294 153.62753299420731
802.134166157118 558.4817800124988 51.949194683012294 153.62753299420731
797.9614519971892 562.6544941724275 51.949194683012294 153.62753299420731
789.6160236773318 562.6544941724275 51.949194683012294 153.62753299420731
785.4433095174031 562.6544941724275 51.949194683012294 153.62753299420731
785.4433095174031 566.8272083323561 51.949194683012294 153.62753299420731
785.4433095174031 570.9999224922849 51.949194683012294 153.62753299420731
785.4433095174031 570.9999224922849 51.949194683012294 153.62753299420731
785.9526153476287 568.5138843249288 50.93058302256107 150.61522842569343
781.9604248960156 564.5216938733157 50.93058302256107 150.61522842569343
781.9604248960156 564.5216938733157 50.93058302256107 150.61522842569343
781.9604248960156 564.5216938733157 50.93058302256107 150.61522842569343
777.2784049058613 563.0155415890588 51.949194683012294 153.62753299420731
777.2784049058613 563.0155415890588 51.949194683012294 153.62753299420731
773.1056907459326 563.0155415890588 51.949194683012294 153.62753299420731
768.9329765860039 563.0155415890588 51.949194683012294 153.62753299420731
768.9329765860039 567.1882557489876 51.949194683012294 153.62753299420731
773.1056907459326 575.533684068845 51.949194683012294 153.62753299420731
781.5993774793843 581.0320268047149 50.93058302256107 150.61522842569343
798.3143159058452 582.5086466912413 49.931944139765754 147.66198865264062
802.368220652111 586.5625514375072 49.931944139765754 147.66198865264062
806.4221253983769 590.616456183773 49.931944139765754 147.66198865264062
802.368220652111 586.5625514375072 49.931944139765754 147.66198865264062
798.3143159058452 586.5625514375072 49.931944139765754 147.66198865264062
790.2065064133136 586.5625514375072 49.931944139765754 147.66198865264062
790.2065064133136 586.5625514375072 49.931944139765754 147.66198865264062
790.2065064133136 586.5625514375072 49.931944139765754 147.66198865264062
786.1526016670477 586.5625514375072 49.931944139765754 147.66198865264062
786.1526016670477 594.6703609300388 49.931944139765754 147.66198865264062
782.0986969207819 598.7242656763046 49.931944139765754 147.66198865264062
782.0986969207819 606.8320751688362 49.931944139765754 147.66198865264062
782.0986969207819 610.8859799151021 49.931944139765754 147.66198865264062
778.044792174516 610.8859799151021 49.931944139765754 147.66198865264062
769.9369826819844 610.8859799151021 49.931944139765754 147.66198865264062
778.044792174516 614.939884661368 49.931944139765754 147.66198865264062
773.9908874282502 614.939884661368 49.931944139765754 147.66198865264062
770.5425500871952 612.4496850116158 48.952886411535054 144.7666555418045
766.604683882025 612.4496850116158 48.952886411535054 144.7666555418045
770.1690597641756 611.0020184561977 49.931944139765754 147.66198865264062
778.2768692567072 611.0020184561977 49.931944139765754 147.66198865264062
781.7697402669226 609.5253985696713 50.930583022561066 150.61522842569343
752.4936769550937 641.4629221825754 50.930583022561066 150.61522842569343
752.4936769550937 649.4473030858014 50.930583022561066 150.61522842569343
760.4780578583199 657.4316839890275 50.930583022561066 150.61522842569343
768.4624387615459 665.4160648922536 50.930583022561066 150.61522842569343
768.4624387615459 669.4082553438666 50.930583022561066 150.61522842569343
780.4390101163848 681.3848266987055 50.930583022561066 150.61522842569343
792.4155814712237 689.3692076019316 50.930583022561066 150.61522842569343
804.3921528260627 701.3457789567706 50.930583022561066 150.61522842569343
812.3765337292888 713.3223503116095 50.930583022561066 150.61522842569343
820.3609146325148 717.3145407632226 50.930583022561066 150.61522842569343
824.3531050841278 729.2911121180614 50.930583022561066 150.61522842569343
832.3374859873538 733.2833025696744 50.930583022561066 150.61522842569343
841.6525970411176 741.2676834729006 50.930583022561066 150.61522842569343
853.6291683959565 753.2442548277395 50.930583022561066 150.61522842569343
829.6760256862785 765.2208261825784 50.930583022561066 150.61522842569343
841.6525970411175 773.2052070858044 50.930583022561066 150.61522842569343
858.9520889981071 777.1973975374175 50.930583022561066 150.61522842569343
870.928660352946 785.1817784406435 50.930583022561066 150.61522842569343
878.9130412561722 785.1817784406435 50.930583022561066 150.61522842569343
918.834945772302 785.1817784406435 50.930583022561066 150.61522842569343
950.7724693852061 781.1895879890305 50.930583022561066 150.61522842569343
978.7178025464972 781.1895879890305 50.930583022561066 150.61522842569343
1014.6475166110142 777.1973975374175 50.930583022561066 150.61522842569343
1034.6084688690792 773.2052070858044 50.930583022561066 150.61522842569343
1062.5538020303702 765.2208261825784 50.930583022561066 150.61522842569343
1094.4913256432742 757.2364452793523 50.930583022561066 150.61522842569343
1106.4678969981132 757.2364452793523 50.930583022561066 150.61522842569343
1126.4288492561782 753.2442548277393 50.930583022561066 150.61522842569343
1150.3819919658563 741.2676834729004 50.930583022561066 150.61522842569343
1178.3273251271473 737.2754930212874 50.930583022561066 150.61522842569343
1199.61900753575 737.2754930212874 50.930583022561066 150.61522842569343
1240.8716422024177 733.2833025696743 50.930583022561066 150.61522842569343
1288.7779276217736 725.2989216664482 50.930583022561066 150.61522842569343
1272.8091658153216 725.2989216664482 50.930583022561066 150.61522842569343
1284.7857371701605 721.3067312148353 50.930583022561066 150.61522842569343
1296.7623085249993 725.2989216664482 50.930583022561066 150.61522842569343
1304.7466894282254 725.2989216664482 50.930583022561066 150.61522842569343
1304.7466894282254 725.2989216664482 50.930583022561066 150.61522842569343
1308.7388798798384 725.2989216664482 50.930583022561066 150.61522842569343
1312.7310703314513 725.2989216664482 50.930583022561066 150.61522842569343
1312.7310703314513 725.2989216664482 50.930583022561066 150.61522842569343
