1041.5 591.0 121.0 134.0
1040.6192190964832 586.5960954824156 121.0 134.0
1040.9431407542777 573.2498224884523 118.62745098039214 131.37254901960785
1034.906670790212 562.0392354123304 118.62745098039214 131.37254901960785
1030.5949065301652 552.5533540402273 118.62745098039214 131.37254901960785
1026.2831422701183 532.7192384440117 118.62745098039214 131.37254901960785
1025.4207894181088 526.682768479946 118.62745098039214 131.37254901960785
1026.2831422701183 527.5451213319554 118.62745098039214 131.37254901960785
1027.1454951221276 518.0592399598522 118.62745098039214 131.37254901960785
1026.2831422701183 508.5733585877491 118.62745098039214 131.37254901960785
1025.4207894181088 502.53688862368347 118.62745098039214 131.37254901960785
1021.109025158062 493.05100725158036 118.62745098039214 131.37254901960785
1021.9713780100715 487.0145372875147 118.62745098039214 131.37254901960785
1026.2831422701183 491.3263015475616 118.62745098039214 131.37254901960785
1028.289560432589 491.7708637772477 116.30142252979623 128.79661668589003
1024.0725407467248 490.92745984007485 116.30142252979623 128.79661668589003
1024.9159446838978 481.6500165311735 116.30142252979623 128.79661668589003
1030.8197722441078 482.49342046834636 116.30142252979623 128.79661668589003
1040.0972155530092 488.3972480285563 116.30142252979623 128.79661668589003
1044.3142352388734 487.55384409138344 116.30142252979623 128.79661668589003
1040.0972155530092 478.2764007824821 116.30142252979623 128.79661668589003
1045.3635415065205 473.76255041058187 114.02100248019237 126.27119282930396
1046.1887646922626 472.9373272248399 114.02100248019237 126.27119282930396
1051.9653269924559 468.8112112961304 114.02100248019237 126.27119282930396
1056.0914429211653 469.63643448187236 114.02100248019237 126.27119282930396
1055.794636833536 474.2775501137892 116.30142252979623 128.79661668589003
1056.6380407707088 473.43414617661637 116.30142252979623 128.79661668589003
1053.6521348668016 470.57074217619993 114.02100248019237 126.27119282930396
1054.4773580525434 469.745518990458 114.02100248019237 126.27119282930396
1051.498519985892 465.2481044163329 111.78529654920821 123.7952870875529
1047.0745037830263 457.78757580002497 109.59342798941981 121.36792851720871
1051.0173255564264 452.267625317265 109.59342798941981 121.36792851720871
1047.0745037830263 453.056189671945 109.59342798941981 121.36792851720871
1046.2859394283464 447.536239189185 109.59342798941981 121.36792851720871
1040.7659889455865 442.01628870642503 109.59342798941981 121.36792851720871
1039.9774245909064 450.69049660790506 109.59342798941981 121.36792851720871
1036.0346028175063 449.9019322532251 109.59342798941981 121.36792851720871
1036.3261402737494 450.30890598915215 107.44453724452922 118.98816521294972
1033.6177277435386 447.7136662821612 105.33778161228354 116.65506393426442
1032.865369674272 448.4660243514279 105.33778161228354 116.65506393426442
1032.5948997743515 452.7798291255019 107.44453724452922 118.98816521294972
1028.3817711056072 444.1657248643773 105.33778161228354 116.65506393426442
1024.6199807592736 444.918082933644 105.33778161228354 116.65506393426442
1024.3495108593534 449.231887707718 107.44453724452922 118.98816521294972
1023.5666029431509 450.0147956239204 107.44453724452922 118.98816521294972
1020.8581904129402 450.42898819399636 105.33778161228354 116.65506393426442
1020.1058323436735 445.1624817091294 105.33778161228354 116.65506393426442
1021.8854769943396 447.05308010805015 103.27233491400347 114.3677097394749
1022.6323982958655 447.8000014095761 103.27233491400347 114.3677097394749
1018.8977917882356 444.0653949019462 103.27233491400347 114.3677097394749
1018.1508704867097 444.81231620347216 103.27233491400347 114.3677097394749
1017.4039491851836 445.5592375049981 103.27233491400347 114.3677097394749
1022.6323982958655 449.2938440126281 103.27233491400347 114.3677097394749
1018.4537344911296 449.6735049722629 101.24738717059162 112.1252056269362
1022.1616899743024 454.8646426487048 101.24738717059162 112.1252056269362
1030.3191920372824 468.95487348476126 101.24738717059162 112.1252056269362
1029.5776009406477 478.59555774101057 101.24738717059162 112.1252056269362
1027.818205767416 487.184282604579 103.27233491400347 114.3677097394749
1023.6395419626799 484.5975791776756 101.24738717059162 112.1252056269362
1018.4484042862381 483.85598808104106 101.24738717059162 112.1252056269362
1010.2909022232581 474.21530382479176 101.24738717059162 112.1252056269362
1010.547158300256 470.1600129856679 99.26214428489375 109.92667218327078
1002.3392235208294 462.0566324013236 97.31582773028799 107.77124723850076
994.5025596229109 451.61762934227 95.40767424538039 105.65808552794192
992.8422449530165 459.7421415437199 97.31582773028799 107.77124723850076
997.0236442366702 466.7644480956952 99.26214428489375 109.92667218327078
997.7600096025212 474.86446712005545 99.26214428489375 109.92667218327078
990.964550677976 475.23594166499976 97.31582773028799 107.77124723850076
990.2583127505353 474.52970373755903 97.31582773028799 107.77124723850076
986.7271231133317 473.8234658101183 97.31582773028799 107.77124723850076
986.020885185891 473.1172278826776 97.31582773028799 107.77124723850076
981.0772196938059 472.41098995523686 97.31582773028799 107.77124723850076
977.2978207068285 470.0865167180654 95.40767424538039 105.65808552794192
972.5643449773972 470.7627275365556 95.40767424538039 105.65808552794192
963.773604337025 470.0865167180654 95.40767424538039 105.65808552794192
963.0973935185348 470.7627275365556 95.40767424538039 105.65808552794192
962.4211827000447 479.55346817692794 95.40767424538039 105.65808552794192
969.8595017034368 492.40147372824134 95.40767424538039 105.65808552794192
966.4784476109858 497.1349494576726 95.40767424538039 105.65808552794192
963.097393518535 489.69663045428064 95.40767424538039 105.65808552794192
960.6763299066512 487.37606107065733 93.53693553468665 103.58635836072736
960.005043313205 486.7047744772112 93.53693553468665 103.58635836072736
956.2568598962084 475.05760819041404 91.70287797518299 101.55525329483075
951.5916476994602 471.7253137641652 91.70287797518299 101.55525329483075
950.9251888142105 472.391772649415 91.70287797518299 101.55525329483075
950.2587299289607 473.0582315346647 91.70287797518299 101.55525329483075
950.496051950182 469.4217906583959 89.90478232861076 99.5639738184615
945.8639713357286 464.7897100439425 89.90478232861076 99.5639738184615
949.1726003460525 477.3625002831732 89.90478232861076 99.5639738184615
947.6070936375168 485.0308260532354 91.70287797518297 101.55525329483072
946.940634752267 484.3643671679857 91.70287797518297 101.55525329483072
951.1483115858769 489.9920875206237 89.90478232861074 99.56397381846148
955.7803922003303 493.30071653094757 89.90478232861074 99.56397381846148
956.4421180023952 496.6093455412714 89.90478232861074 99.56397381846148
959.7507470127191 505.21178096811343 89.90478232861074 99.56397381846148
959.0890212106542 509.84386158256683 89.90478232861074 99.56397381846148
958.4272954085894 510.5055873846316 89.90478232861074 99.56397381846148
956.1483084812882 508.3212984131132 88.1419434594223 97.61173903770734
956.3849131646296 501.1203600226815 86.41367005825715 95.69778337030131
951.0962075573934 497.002975827083 88.1419434594223 97.61173903770734
948.8226841717703 489.8020374366513 86.41367005825715 95.69778337030131
941.9198319821178 489.17450541941014 86.41367005825715 95.69778337030131
945.0574920683234 486.0368453332045 86.41367005825715 95.69778337030131
941.0329490058455 489.50443640615504 88.1419434594223 97.61173903770734
944.1933553677409 490.1365176785341 88.1419434594223 97.61173903770734
941.0329490058455 493.29692404042953 88.1419434594223 97.61173903770734
951.77833063629 520.4764187527302 88.1419434594223 97.61173903770734
948.6179242743946 517.3160123908348 88.1419434594223 97.61173903770734
946.3444008887714 517.6454582072968 86.41367005825715 95.69778337030131
946.9719329060126 518.2729902245378 86.41367005825715 95.69778337030131
947.5994649232539 522.6657143452259 86.41367005825715 95.69778337030131
949.8957345845666 537.5107683209999 88.1419434594223 97.61173903770734
949.2636533121874 536.8786870486208 88.1419434594223 97.61173903770734
944.8390844055339 541.3032559552745 88.1419434594223 97.61173903770734
945.0756890888754 537.8675096682896 86.41367005825715 95.69778337030131
941.561378427296 528.2135004321874 84.71928437084033 93.82135624539343
938.2360944571298 522.6026723525125 83.0581219321964 91.98172180920926
930.5180591052232 514.884637000606 83.0581219321964 91.98172180920926
931.1117541322928 511.9161618652572 83.0581219321964 91.98172180920926
928.1432789969442 511.3224668381875 83.0581219321964 91.98172180920926
924.8317171146177 511.63484025378267 81.42953130607492 90.17815863647967
925.4211252853873 514.5818811076308 81.42953130607492 90.17815863647967
924.8317171146177 511.63484025378267 81.42953130607492 90.17815863647967
921.0489466662082 513.7015338027666 83.0581219321964 91.98172180920926
921.6426416932779 509.5456686132785 83.0581219321964 91.98172180920926
921.8675288355691 513.3944910534913 81.42953130607492 90.17815863647967
920.4595384954387 519.0233547648936 83.0581219321964 91.98172180920926
917.1479766131122 513.4416464727926 81.42953130607492 90.17815863647967
914.2009357592642 506.9581565943269 81.42953130607492 90.17815863647967
906.5386295392592 506.3687484235573 81.42953130607492 90.17815863647967
907.9221636161392 503.15641064793556 79.8328738294852 88.40995944752906
901.475790920406 493.45764336718645 78.26752336224038 86.67643083091085
900.9197103104556 489.5650790975334 78.26752336224038 86.67643083091085
897.0271460408026 490.1211597074838 78.26752336224038 86.67643083091085
896.8296761457655 493.3508327692718 79.8328738294852 88.40995944752906
897.4148814843506 496.2768594621983 79.8328738294852 88.40995944752906
900.3409081772771 507.39576089531886 79.8328738294852 88.40995944752906
897.4148814843506 513.8330196197571 79.8328738294852 88.40995944752906
894.30499244832 507.47073599871067 78.26752336224037 86.67643083091082
893.7489118383696 508.0268166086611 78.26752336224037 86.67643083091082
889.8563475687166 500.7977686793055 78.26752336224037 86.67643083091082
888.488466996509 499.3457990324111 79.83287382948517 88.40995944752905
885.5624403035825 498.7605936938258 79.83287382948517 88.40995944752905
888.488466996509 501.6866203867523 79.83287382948517 88.40995944752905
884.3920296264121 504.61264707967877 79.83287382948517 88.40995944752905
883.8068242878268 500.5162097095817 79.83287382948517 88.40995944752905
883.2216189492415 508.12387911119055 79.83287382948517 88.40995944752905
883.8068242878268 512.2203164812877 79.83287382948517 88.40995944752905
883.2216189492415 518.6575752057258 79.83287382948517 88.40995944752905
881.2238911331116 515.631775244382 78.26752336224035 86.6764308309108
881.779971743062 516.1878558543324 78.26752336224035 86.6764308309108
881.2238911331116 515.631775244382 78.26752336224035 86.6764308309108
877.3313268634586 515.0756946344316 78.26752336224035 86.6764308309108
876.7752462535082 512.2952915846794 78.26752336224035 86.6764308309108
876.2191656435577 516.1878558543324 78.26752336224035 86.6764308309108
873.4387625938054 515.631775244382 78.26752336224035 86.6764308309108
869.5461983241524 515.0756946344316 78.26752336224035 86.6764308309108
866.7657952744003 514.5196140244811 78.26752336224035 86.6764308309108
867.3218758843507 513.9635334145307 78.26752336224035 86.6764308309108
867.8779564943011 521.1925813438863 78.26752336224035 86.6764308309108
867.6804865992641 530.2743077915272 79.83287382948517 88.40995944752903
861.2432278748258 529.6891024529419 79.83287382948517 88.40995944752903
864.1692545677523 533.785539823039 79.83287382948517 88.40995944752903
861.2432278748258 536.7115665159655 79.83287382948517 88.40995944752903
861.4698224984977 533.6857665546216 78.26752336224035 86.6764308309108
857.5772582288447 529.7932022849686 78.26752336224035 86.6764308309108
850.348210299489 527.0127992352164 78.26752336224035 86.6764308309108
850.5634979355739 525.102363043285 76.73286604141212 84.97689297148119
846.6992107652691 525.6544040676142 76.73286604141212 84.97689297148119
846.1471697409398 525.102363043285 76.73286604141212 84.97689297148119
843.0628884276257 523.1950667558943 75.2283000406001 83.31067938380508
833.7455179514483 517.1661799771913 75.2283000406001 83.31067938380508
832.4411939267131 520.1973603536582 76.7328660414121 84.97689297148116
832.9932349510423 519.6453193293289 76.7328660414121 84.97689297148116
826.9207836834204 519.0932783049997 76.7328660414121 84.97689297148116
827.4728247077496 518.5412372806704 76.7328660414121 84.97689297148116
826.9207836834204 521.3014424023168 76.7328660414121 84.97689297148116
824.1605785617741 528.4779757185972 76.7328660414121 84.97689297148116
820.2962913914691 531.2381808402437 76.7328660414121 84.97689297148116
819.74425036714 531.7902218645729 76.7328660414121 84.97689297148116
815.8799631968351 534.5504269862192 76.7328660414121 84.97689297148116
813.8918431160124 535.931614396303 75.22830004060009 83.31067938380507
810.0552788022923 538.6720174775315 75.22830004060009 83.31067938380507
811.3245927884783 533.6391908827238 73.75323533392165 81.67713665078928
806.7504961214189 530.0820164349874 75.22830004060009 83.31067938380507
802.9139318076988 532.822419516216 75.22830004060009 83.31067938380507
795.7888837965043 526.7935327375129 75.22830004060009 83.31067938380507
795.2408031802586 530.6300970512331 75.22830004060009 83.31067938380507
791.4042388665383 527.8896939700044 75.22830004060009 83.31067938380507
787.5676745528182 520.76464595881 75.22830004060009 83.31067938380507
780.4426265416237 521.3127265750556 75.22830004060009 83.31067938380507
779.894545925378 521.8608071913013 75.22830004060009 83.31067938380507
780.4426265416237 528.9858552024958 75.22830004060009 83.31067938380507
783.1830296228522 539.3993869111647 75.22830004060009 83.31067938380507
785.1909517440927 545.7428134336071 76.7328660414121 84.97689297148115
781.3266645737879 549.607100603912 76.7328660414121 84.97689297148115
781.8787055981171 553.471387774217 76.7328660414121 84.97689297148115
776.6021018198201 554.8525751843007 75.22830004060008 83.31067938380505
779.3425049010488 554.304494568055 75.22830004060008 83.31067938380505
777.4211290901536 554.5894843017161 73.75323533392164 81.67713665078927
777.9529107230005 555.1212659345629 73.75323533392164 81.67713665078927
772.1033127616847 555.6530475674097 73.75323533392164 81.67713665078927
775.8257841916129 561.5026455287253 73.75323533392164 81.67713665078927
775.2940025587661 564.1615536929597 73.75323533392164 81.67713665078927
772.4093650294762 561.354601470698 72.30709346462905 80.07562416744045
771.8939781060567 558.7776668536006 72.30709346462905 80.07562416744045
768.2862696421205 555.1699583896645 72.30709346462905 80.07562416744045
761.5862396376676 555.685345313084 72.30709346462905 80.07562416744045
762.1016265610871 555.1699583896645 72.30709346462905 80.07562416744045
762.6170134845065 554.6545714662451 72.30709346462905 80.07562416744045
768.8071037768697 576.7204254369865 73.75323533392164 81.67713665078927
768.2753221440228 586.8242764610771 73.75323533392164 81.67713665078927
765.6164139797885 589.4831846253115 73.75323533392164 81.67713665078927
766.8548718378543 586.6762324030498 72.30709346462905 80.07562416744045
766.3394849144347 584.0992977859524 72.30709346462905 80.07562416744045
763.7625502973376 580.4915893220164 72.30709346462905 80.07562416744045
760.1548418334014 584.0992977859524 72.30709346462905 80.07562416744045
759.9635525316019 589.1481395055938 73.75323533392164 81.67713665078927
758.677939562017 592.167932452806 75.22830004060008 83.31067938380505
754.8413752482968 596.0044967665261 75.22830004060008 83.31067938380505
756.1106892344828 597.3530497658808 73.75323533392164 81.67713665078927
756.6424708673297 600.0119579301153 73.75323533392164 81.67713665078927
756.8501548785565 598.2357795546923 72.30709346462905 80.07562416744045
756.3347679551371 594.6280710907562 72.30709346462905 80.07562416744045
753.7578333380397 595.1434580141756 72.30709346462905 80.07562416744045
750.1501248741035 595.6588449375951 72.30709346462905 80.07562416744045
750.6655117975231 596.1742318610145 72.30709346462905 80.07562416744045
751.1808987209427 599.7819403249506 72.30709346462905 80.07562416744045
756.307425747612 608.0214718416731 73.75323533392164 81.67713665078927
758.3102964755014 620.9067158813086 75.22830004060008 83.31067938380505
757.7622158592557 621.4547964975543 75.22830004060008 83.31067938380505
759.0315298454418 621.7397862312154 73.75323533392164 81.67713665078927
760.2699877035076 615.8405124684368 72.30709346462905 80.07562416744045
759.7546007800881 618.417447085534 72.30709346462905 80.07562416744045
757.1776661629908 614.8097386215978 72.30709346462905 80.07562416744045
757.6930530864104 614.2943516981783 72.30709346462905 80.07562416744045
754.0853446224742 611.7174170810811 72.30709346462905 80.07562416744045
754.6007315458937 612.2328040045006 72.30709346462905 80.07562416744045
755.1161184693132 612.7481909279201 72.30709346462905 80.07562416744045
755.6315053927326 607.0789347703062 72.30709346462905 80.07562416744045
756.1468923161522 609.6558693874034 72.30709346462905 80.07562416744045
755.6315053927326 602.9558393829504 72.30709346462905 80.07562416744045
755.1161184693132 599.3481309190144 72.30709346462905 80.07562416744045
752.539183852216 598.8327439955949 72.30709346462905 80.07562416744045
748.9314753882798 595.2250355316587 72.30709346462905 80.07562416744045
749.4468623116993 594.7096486082394 72.30709346462905 80.07562416744045
749.9622492351187 592.132713991142 72.30709346462905 80.07562416744045
750.4776361585382 594.7096486082394 72.30709346462905 80.07562416744045
754.0853446224744 591.1019401443032 72.30709346462905 80.07562416744045
756.6622792395717 593.6788747614005 72.30709346462905 80.07562416744045
762.3315353971856 591.1019401443032 72.30709346462905 80.07562416744045
764.9084700142828 594.7096486082394 72.30709346462905 80.07562416744045
761.3007615503466 591.1019401443032 72.30709346462905 80.07562416744045
761.8161484737661 590.5865532208837 72.30709346462905 80.07562416744045
758.9434568028993 591.8832633232159 70.88930731826377 78.50551388964749
759.4551117663349 591.3716083597803 70.88930731826377 78.50551388964749
762.013386583513 590.8599533963446 70.88930731826377 78.50551388964749
765.5949713275625 591.3716083597803 70.88930731826377 78.50551388964749
766.1066262909981 593.9298831769585 70.88930731826377 78.50551388964749
769.6882110350475 594.4415381403941 70.88930731826377 78.50551388964749
771.556252578962 596.2334176185949 72.30709346462905 80.07562416744045
774.1331871960592 599.841126082531 72.30709346462905 80.07562416744045
773.6178002726398 600.3565130059504 72.30709346462905 80.07562416744045
776.194734889737 607.0565430104033 72.30709346462905 80.07562416744045
779.8024433536732 610.6642514743395 72.30709346462905 80.07562416744045
779.9996814634203 614.0075814304142 70.88930731826377 78.50551388964749
777.4414066462421 610.4259966863648 70.88930731826377 78.50551388964749
779.9996814634203 609.9143417229292 70.88930731826377 78.50551388964749
776.4180967193709 609.4026867594936 70.88930731826377 78.50551388964749
778.976371536549 611.9609615766718 70.88930731826377 78.50551388964749
778.4647165731134 618.612476101335 70.88930731826377 78.50551388964749
778.976371536549 618.1008211378994 70.88930731826377 78.50551388964749
778.7828653867858 620.9234744629391 72.30709346462905 80.07562416744045
779.2982523102053 621.4388613863586 72.30709346462905 80.07562416744045
779.8136392336248 621.9542483097781 72.30709346462905 80.07562416744045
781.034187270243 619.1577187046252 70.88930731826377 78.50551388964749
780.5225323068075 619.6693736680608 70.88930731826377 78.50551388964749
780.0108773433719 620.1810286314962 70.88930731826377 78.50551388964749
780.5225323068075 623.7626133755457 70.88930731826377 78.50551388964749
783.0808071239857 627.3441981195951 70.88930731826377 78.50551388964749
780.5225323068075 630.9257828636446 70.88930731826377 78.50551388964749
784.7734985755193 629.1554640075883 69.4993209002586 76.9661900878897
784.2655024241323 625.5994909478791 69.4993209002586 76.9661900878897
779.9889244710803 625.3414840104357 70.88930731826377 78.50551388964749
780.5005794345159 625.8531389738713 70.88930731826377 78.50551388964749
781.0122343979515 626.3647939373069 70.88930731826377 78.50551388964749
781.5238893613871 625.8531389738713 70.88930731826377 78.50551388964749
784.7588633273247 626.1148047233631 69.4993209002586 76.9661900878897
778.4356655205304 625.8567977859199 70.88930731826377 78.50551388964749
778.9473204839659 628.415072603098 70.88930731826377 78.50551388964749
779.4589754474015 624.8334878590485 70.88930731826377 78.50551388964749
779.9706304108371 627.3917626762268 70.88930731826377 78.50551388964749
780.4822853742726 629.9500374934049 70.88930731826377 78.50551388964749
783.0405601914508 629.4383825299693 70.88930731826377 78.50551388964749
785.598835008629 641.2064466889886 70.88930731826377 78.50551388964749
792.2503495332921 650.9278909942656 70.88930731826377 78.50551388964749
795.8319342773416 653.4861658114437 70.88930731826377 78.50551388964749
797.034923637731 648.6678700470652 69.4993209002586 76.9661900878897
796.5269274863441 646.12788929013 69.4993209002586 76.9661900878897
796.0189313349571 646.6358854415171 69.4993209002586 76.9661900878897
793.4789505780219 646.12788929013 69.4993209002586 76.9661900878897
790.9389698210867 643.5879085331949 69.4993209002586 76.9661900878897
791.4469659724738 637.9999508679374 69.4993209002586 76.9661900878897
791.9549621238607 637.4919547165504 69.4993209002586 76.9661900878897
791.4469659724738 640.0319354734856 69.4993209002586 76.9661900878897
788.9069852155386 636.4759624137762 69.4993209002586 76.9661900878897
785.3510121558293 635.9679662623892 69.4993209002586 76.9661900878897
785.8590083072163 635.4599701110022 69.4993209002586 76.9661900878897
785.3510121558293 631.9039970512929 69.4993209002586 76.9661900878897
784.8430160044422 632.4119932026799 69.4993209002586 76.9661900878897
782.3030352475071 631.9039970512929 69.4993209002586 76.9661900878897
785.8590083072164 631.3960008999059 69.4993209002586 76.9661900878897
783.3190275502812 630.8880047485188 69.4993209002586 76.9661900878897
782.8110313988942 631.3960008999059 69.4993209002586 76.9661900878897
780.271050641959 631.9039970512929 69.4993209002586 76.9661900878897
782.8110313988942 629.3640162943577 69.4993209002586 76.9661900878897
779.2550583391849 625.8080432346484 69.4993209002586 76.9661900878897
781.79503909612 626.3160393860354 69.4993209002586 76.9661900878897
784.3350198530552 626.8240355374224 69.4993209002586 76.9661900878897
781.79503909612 627.3320316888094 69.4993209002586 76.9661900878897
784.3350198530552 627.8400278401964 69.4993209002586 76.9661900878897
781.79503909612 624.284054780487 69.4993209002586 76.9661900878897
784.3350198530552 624.7920509318741 69.4993209002586 76.9661900878897
780.779046793346 625.3000470832611 69.4993209002586 76.9661900878897
781.287042944733 625.8080432346482 69.4993209002586 76.9661900878897
783.8270237016682 626.3160393860351 69.4993209002586 76.9661900878897
784.3350198530551 632.9199893540667 69.4993209002586 76.9661900878897
789.9229775183126 636.4759624137761 69.4993209002586 76.9661900878897
792.4629582752477 643.0799123818077 69.4993209002586 76.9661900878897
796.0189313349571 640.5399316248726 69.4993209002586 76.9661900878897
793.4789505780219 643.0799123818077 69.4993209002586 76.9661900878897
792.9709544266349 640.5399316248726 69.4993209002586 76.9661900878897
792.462958275248 644.0959046845819 69.4993209002586 76.9661900878897
796.0189313349572 643.5879085331949 69.4993209002586 76.9661900878897
795.5109351835702 643.0799123818078 69.4993209002586 76.9661900878897
795.0029390321832 642.5719162304209 69.4993209002586 76.9661900878897
794.4949428807962 642.0639200790339 69.4993209002586 76.9661900878897
795.0029390321832 647.6518777442914 69.4993209002586 76.9661900878897
795.5109351835702 642.0639200790339 69.4993209002586 76.9661900878897
796.0189313349572 647.6518777442914 69.4993209002586 76.9661900878897
796.5269274863442 642.0639200790339 69.4993209002586 76.9661900878897
799.0669082432794 645.6198931387432 69.4993209002586 76.9661900878897
799.5749043946664 645.1118969873562 69.4993209002586 76.9661900878897
805.1628620599239 642.571916230421 69.4993209002586 76.9661900878897
808.7188351196332 640.0319354734859 69.4993209002586 76.9661900878897
808.2108389682462 640.5399316248729 69.4993209002586 76.9661900878897
810.7508197251814 641.0479277762599 69.4993209002586 76.9661900878897
814.3067927848906 641.5559239276469 69.4993209002586 76.9661900878897
814.8147889362776 642.0639200790339 69.4993209002586 76.9661900878897
817.3547696932128 644.6039008359691 69.4993209002586 76.9661900878897
820.9107427529221 642.0639200790339 69.4993209002586 76.9661900878897
820.4027466015351 645.6198931387432 69.4993209002586 76.9661900878897
820.9107427529221 645.1118969873562 69.4993209002586 76.9661900878897
821.4187389043092 644.6039008359692 69.4993209002586 76.9661900878897
823.9587196612443 645.1118969873562 69.4993209002586 76.9661900878897
823.4507235098573 645.6198931387432 69.4993209002586 76.9661900878897
823.9587196612443 649.1758661984525 69.4993209002586 76.9661900878897
827.5146927209537 649.6838623498395 69.4993209002586 76.9661900878897
824.9747119640185 653.2398354095488 69.4993209002586 76.9661900878897
828.5306850237278 650.6998546526137 69.4993209002586 76.9661900878897
828.0226888723407 654.255827712323 69.4993209002586 76.9661900878897
828.5306850237278 653.747831560936 69.4993209002586 76.9661900878897
829.0386811751148 654.255827712323 69.4993209002586 76.9661900878897
828.5306850237278 654.7638238637101 69.4993209002586 76.9661900878897
829.0386811751148 655.271820015097 69.4993209002586 76.9661900878897
829.5466773265018 655.779816166484 69.4993209002586 76.9661900878897
830.0546734778889 655.271820015097 69.4993209002586 76.9661900878897
830.5626696292758 654.7638238637101 69.4993209002586 76.9661900878897
831.0706657806628 654.255827712323 69.4993209002586 76.9661900878897
831.5786619320498 653.747831560936 69.4993209002586 76.9661900878897
831.0706657806628 651.2078508040008 69.4993209002586 76.9661900878897
830.5626696292758 654.7638238637102 69.4993209002586 76.9661900878897
831.0706657806628 654.2558277123231 69.4993209002586 76.9661900878897
833.610646537598 654.7638238637102 69.4993209002586 76.9661900878897
831.0706657806628 655.2718200150971 69.4993209002586 76.9661900878897
834.6266388403722 654.7638238637102 69.4993209002586 76.9661900878897
832.086658083437 655.2718200150971 69.4993209002586 76.9661900878897
835.6426311431462 655.7798161664841 69.4993209002586 76.9661900878897
835.1346349917593 659.3357892261935 69.4993209002586 76.9661900878897
835.6426311431462 659.8437853775805 69.4993209002586 76.9661900878897
838.1826119000814 662.3837661345157 69.4993209002586 76.9661900878897
835.6426311431462 664.9237468914508 69.4993209002586 76.9661900878897
838.1826119000814 662.3837661345157 69.4993209002586 76.9661900878897
835.6426311431462 665.939739194225 69.4993209002586 76.9661900878897
839.1986042028556 663.3997584372898 69.4993209002586 76.9661900878897
838.6906080514686 660.8597776803547 69.4993209002586 76.9661900878897
838.1826119000816 664.4157507400639 69.4993209002586 76.9661900878897
835.6426311431464 663.9077545886769 69.4993209002586 76.9661900878897
838.1826119000816 661.3677738317417 69.4993209002586 76.9661900878897
835.6426311431464 664.9237468914511 69.4993209002586 76.9661900878897
839.1986042028557 664.4157507400641 69.4993209002586 76.9661900878897
836.6586234459205 663.9077545886771 69.4993209002586 76.9661900878897
840.2145965056299 663.3997584372901 69.4993209002586 76.9661900878897
839.7066003542429 662.891762285903 69.4993209002586 76.9661900878897
