638.0 312.0 76.0 180.0
642.3545952739606 312.8709190547921 76.0 180.0
653.6765429862583 313.74183810958425 76.0 180.0
659.7729763698031 312.8709190547921 76.0 180.0
670.6036935521003 310.17932542538466 77.52 183.6
687.5439725108424 309.2877317959772 77.52 183.6
693.7851279166948 313.7456999430146 77.52 183.6
708.942219616622 314.6372935724221 77.52 183.6
724.0993113165491 315.52888720182955 77.52 183.6
734.4394209192626 318.1998062566217 76.0 180.0
740.5358543028075 312.1033728730768 76.0 180.0
751.8578020151051 318.1998062566217 76.0 180.0
763.1797497274027 313.84521098266106 76.0 180.0
764.779118198046 316.46418729644165 74.50980392156862 176.4705882352941
766.3580286514361 317.3458689230206 73.04882737408688 173.01038062283737
767.891608365946 318.2246343849512 71.61649742557537 169.61802021846802
767.7819362790754 319.07576154114815 70.21225237801507 166.29217668477253
769.2656929205921 324.683083129072 68.83554154707359 163.03154576938482
773.8185887186149 331.710684183593 67.48582504615058 159.83484879351454
770.7550513408157 328.0624641461338 66.16257357465743 156.70083215050443
776.5826075078099 330.33859016926016 64.86526821044846 153.62826681422004
777.953294684337 331.109996473367 63.593400206322016 150.61594785707848
777.2185415098731 325.9667242521193 63.593400206322016 150.61594785707848
772.9106100049503 328.1478363651558 62.34647079051178 147.6626939775279
767.9792137921222 323.2164401523278 62.34647079051178 147.6626939775279
772.0884263033598 328.16208622422255 61.12399097108998 144.76734703679205
781.1831550673294 327.46249170391707 61.12399097108998 144.76734703679205
786.0803167094668 326.76289718361176 61.12399097108998 144.76734703679205
790.9774783516043 321.8657355414743 61.12399097108998 144.76734703679205
804.2697742374061 329.56127526483317 61.12399097108998 144.76734703679205
803.5701797171008 333.05924786635984 61.12399097108998 144.76734703679205
795.874639993742 332.35965334605453 61.12399097108998 144.76734703679205
796.5742345140472 341.45438211002414 61.12399097108998 144.76734703679205
795.874639993742 340.7547875897187 61.12399097108998 144.76734703679205
790.9774783516045 344.25276019124556 61.12399097108998 144.76734703679205
796.4403139310592 346.36684515958 59.92548134420586 141.92877160469808
801.6815441370895 340.445306510915 58.75047190608417 139.14585451440988
814.3130847445781 341.1101244376249 58.75047190608417 139.14585451440988
818.9668102315476 344.43421407117455 58.75047190608417 139.14585451440988
810.3241771843186 349.08793955814406 58.75047190608417 139.14585451440988
807.000087550769 349.75275748485393 58.75047190608417 139.14585451440988
810.3241771843186 350.41757541156386 58.75047190608417 139.14585451440988
805.6704516973491 349.75275748485393 58.75047190608417 139.14585451440988
798.35745450354 345.0990319978845 58.75047190608417 139.14585451440988
798.2732304409806 347.12341612339003 57.598501868709974 136.41750442589205
797.6130213597339 347.7836252046367 57.598501868709974 136.41750442589205
796.9528122784874 347.12341612339003 57.598501868709974 136.41750442589205
800.2538576847205 350.42446152962316 57.598501868709974 136.41750442589205
799.5936486034739 349.7642524483765 57.598501868709974 136.41750442589205
798.9334395222273 349.10404336712986 57.598501868709974 136.41750442589205
799.5936486034739 345.80299796089673 57.598501868709974 136.41750442589205
800.2538576847205 346.4632070421434 57.598501868709974 136.41750442589205
803.5549030909535 343.1621616359103 57.598501868709974 136.41750442589205
800.2538576847205 338.54069806718394 57.598501868709974 136.41750442589205
799.5936486034739 343.1621616359103 57.598501868709974 136.41750442589205
800.2538576847205 339.8611162296772 57.598501868709974 136.41750442589205
800.914066765967 340.5213253109238 57.598501868709974 136.41750442589205
800.2538576847205 341.1815343921705 57.598501868709974 136.41750442589205
799.5936486034739 340.5213253109238 57.598501868709974 136.41750442589205
794.9721850347476 343.8223707171569 57.598501868709974 136.41750442589205
791.6711396285144 347.12341612339003 57.598501868709974 136.41750442589205
791.0109305472679 351.7448796921164 57.598501868709974 136.41750442589205
786.3894669785416 351.08467061086975 57.598501868709974 136.41750442589205
781.7680034098152 351.7448796921164 57.598501868709974 136.41750442589205
773.185285353609 352.40508877336305 57.598501868709974 136.41750442589205
760.6413128099232 353.06529785460964 57.598501868709974 136.41750442589205
756.0198492411968 349.76425244837657 57.598501868709974 136.41750442589205
747.4371311849906 353.06529785460964 57.598501868709974 136.41750442589205
742.8156676162642 349.76425244837657 57.598501868709974 136.41750442589205
731.5921132350717 350.4244615296232 57.598501868709974 136.41750442589205
726.9706496663453 351.0846706108698 57.598501868709974 136.41750442589205
722.3491860976189 351.74487969211646 57.598501868709974 136.41750442589205
713.7664680414127 355.0459250983496 57.598501868709974 136.41750442589205
706.5041681476998 351.74487969211646 57.598501868709974 136.41750442589205
703.2031227414667 356.3663432608428 57.598501868709974 136.41750442589205
695.9408228477538 355.70613417959623 57.598501868709974 136.41750442589205
695.2806137665073 352.4050887733631 57.598501868709974 136.41750442589205
690.659150197781 353.06529785460975 57.598501868709974 136.41750442589205
689.9989411165343 349.7642524483766 57.598501868709974 136.41750442589205
685.377477547808 353.06529785460975 57.598501868709974 136.41750442589205
680.7560139790816 352.4050887733631 57.598501868709974 136.41750442589205
677.4549685728484 355.70613417959623 57.598501868709974 136.41750442589205
676.7947594916019 352.4050887733631 57.598501868709974 136.41750442589205
672.1732959228756 355.70613417959623 57.598501868709974 136.41750442589205
667.5518323541492 355.0459250983496 57.598501868709974 136.41750442589205
655.0078598104633 358.34697050458266 57.598501868709974 136.41750442589205
650.386396241737 357.68676142333607 57.598501868709974 136.41750442589205
645.7649326730107 357.0265523420894 57.598501868709974 136.41750442589205
641.1434691042842 360.3275977483225 57.598501868709974 136.41750442589205
636.5220055355579 359.6673886670759 57.598501868709974 136.41750442589205
631.9005419668316 359.00717958582925 57.598501868709974 136.41750442589205
623.3178239106254 358.3469705045826 57.598501868709974 136.41750442589205
614.7351058544192 355.04592509834947 57.598501868709974 136.41750442589205
607.4728059607064 358.3469705045826 57.598501868709974 136.41750442589205
602.85134239198 357.68676142333595 57.598501868709974 136.41750442589205
590.3073698482942 358.3469705045826 57.598501868709974 136.41750442589205
585.6859062795678 359.00717958582925 57.598501868709974 136.41750442589205
578.423606385855 359.6673886670759 57.598501868709974 136.41750442589205
571.1613064921421 360.3275977483225 57.598501868709974 136.41750442589205
566.5398429234158 360.98780682956914 57.598501868709974 136.41750442589205
563.2387975171827 360.3275977483225 57.598501868709974 136.41750442589205
558.6173339484562 359.6673886670759 57.598501868709974 136.41750442589205
553.9958703797299 359.00717958582925 57.598501868709974 136.41750442589205
550.6948249734968 358.3469705045826 57.598501868709974 136.41750442589205
550.0346158922501 357.68676142333595 57.598501868709974 136.41750442589205
545.4131523235238 357.0265523420893 57.598501868709974 136.41750442589205
544.7529432422772 360.32759774832243 57.598501868709974 136.41750442589205
540.1314796735508 357.0265523420893 57.598501868709974 136.41750442589205
536.8304342673177 360.32759774832243 57.598501868709974 136.41750442589205
533.5293888610846 359.6673886670758 57.598501868709974 136.41750442589205
524.9466708048785 359.00717958582914 57.598501868709974 136.41750442589205
524.2864617236319 358.34697050458254 57.598501868709974 136.41750442589205
517.0241618299191 359.00717958582914 57.598501868709974 136.41750442589205
512.4026982611927 359.6673886670758 57.598501868709974 136.41750442589205
505.14039836747986 360.32759774832243 57.598501868709974 136.41750442589205
497.878098473767 360.9878068295691 57.598501868709974 136.41750442589205
489.29538041756086 361.64801591081573 57.598501868709974 136.41750442589205
480.7126623613548 362.3082249920623 57.598501868709974 136.41750442589205
469.48910798016215 362.96843407330897 57.598501868709974 136.41750442589205
456.94513543647633 358.3469705045826 57.598501868709974 136.41750442589205
448.3624173802702 361.64801591081573 57.598501868709974 136.41750442589205
435.8184448365844 364.9490613170488 57.598501868709974 136.41750442589205
427.2357267803783 365.60927039829545 57.598501868709974 136.41750442589205
418.65300872417214 368.9103158045285 57.598501868709974 136.41750442589205
399.50694536802007 369.57052488577517 57.598501868709974 136.41750442589205
386.9629728243342 370.2307339670218 57.598501868709974 136.41750442589205
375.7394184431416 374.8521975357482 57.598501868709974 136.41750442589205
364.51586406194895 375.5124066169948 57.598501868709974 136.41750442589205
351.9718915182631 378.8134520232279 57.598501868709974 136.41750442589205
339.4279189745772 378.15324294198126 57.598501868709974 136.41750442589205
322.9226919434117 378.8134520232279 57.598501868709974 136.41750442589205
302.45621042476625 382.11449742946104 57.598501868709974 136.41750442589205
281.9897289061209 386.73596099818735 57.598501868709974 136.41750442589205
265.4845018749553 390.0370064044205 57.598501868709974 136.41750442589205
237.09551138135043 390.69721548566713 57.598501868709974 136.41750442589205
216.6290298627051 393.9982608919002 57.598501868709974 136.41750442589205
188.24003936910026 393.3380518106536 57.598501868709974 136.41750442589205
155.88979438801567 390.0370064044205 57.598501868709974 136.41750442589205
135.4233128693703 394.65846997314685 57.598501868709974 136.41750442589205
114.95683135072497 393.9982608919002 57.598501868709974 136.41750442589205
94.49034983207963 394.65846997314685 57.598501868709974 136.41750442589205
77.98512280091403 393.9982608919002 57.598501868709974 136.41750442589205
61.47989576974841 393.3380518106536 57.598501868709974 136.41750442589205
44.97466873858281 390.0370064044205 57.598501868709974 136.41750442589205
24.508187219937454 393.3380518106536 57.598501868709974 136.41750442589205
4.0417057012921065 392.67784272940696 57.598501868709974 136.41750442589205
-16.424775817353243 388.0563791606806 57.598501868709974 136.41750442589205
-32.930002848518846 387.39617007943394 57.598501868709974 136.41750442589205
-41.51272090472496 392.0176336481603 57.598501868709974 136.41750442589205
-61.97920242337031 392.67784272940696 57.598501868709974 136.41750442589205
-77.80671721886333 389.42545156610663 56.469119479127414 133.74265139793337
-86.33066433381116 380.9015044511588 56.469119479127414 133.74265139793337
-90.92048201109077 372.377557336211 56.469119479127414 133.74265139793337
-99.44442912603859 371.7218690965996 56.469119479127414 133.74265139793337
-96.16598792798172 384.1799456492157 56.469119479127414 133.74265139793337
-99.44442912603859 346.80571599136755 56.469119479127414 133.74265139793337
-99.34891123958323 342.16724407115515 57.59850186870996 136.41750442589202
-96.60080662472072 341.4678869536061 58.750471906084165 139.14585451440988
-93.27671699117111 344.7919765871558 58.750471906084165 139.14585451440988
-90.39023544879434 339.9265317805741 59.92548134420584 141.92877160469806
-90.28989574193105 347.60197282849674 61.12399097108997 144.76734703679202
-91.6056208249031 351.0856955709568 62.34647079051176 147.66269397752785
-92.31010599816423 347.56326970465113 62.34647079051176 147.66269397752785
-93.0145911714254 335.58702175921167 62.34647079051176 147.66269397752785
-92.31010599816423 332.0645958929059 62.34647079051176 147.66269397752785
-97.24150221099224 332.769081066167 62.34647079051176 147.66269397752785
-102.17289842382024 325.0197441602944 62.34647079051176 147.66269397752785
-105.05963111563614 339.7597135164641 61.12399097108997 144.76734703679202
-105.75922563594148 353.05200940226575 61.12399097108997 144.76734703679202
-105.05963111563614 383.1345737753959 61.12399097108997 144.76734703679202
-104.36003659533077 386.6325463769227 61.12399097108997 144.76734703679202
-103.6604420750254 391.52970801906014 61.12399097108997 144.76734703679202
-100.16246947349863 390.83011349875477 61.12399097108997 144.76734703679202
-97.25128351690381 384.4510438155588 62.34647079051176 147.66269397752785
-96.54679834364268 379.51964760273086 62.34647079051176 147.66269397752785
-96.43550987708383 377.3082674884916 63.593400206321995 150.61594785707842
-97.81128723413133 379.50132478484204 64.86526821044845 153.62826681422
-102.18510302978174 378.71007473940904 66.1625735746574 156.7008321505044
-108.27598133211413 391.879609098637 67.48582504615057 159.83484879351448
-113.70523389869999 392.65521660814926 67.48582504615057 159.83484879351448
-112.92962638918769 391.879609098637 67.48582504615057 159.83484879351448
-113.01303327615031 389.7214543065961 66.1625735746574 156.7008321505044
-111.62453723906157 394.95695374965965 64.86526821044845 153.62826681422
-107.9253204641403 394.2171103946754 64.86526821044845 153.62826681422
-104.22610368921902 399.39601387956515 64.86526821044845 153.62826681422
-103.48626033423474 400.13585723454935 64.86526821044845 153.62826681422
-102.7464169792505 399.39601387956515 64.86526821044845 153.62826681422
-102.00657362426625 403.09523065448644 64.86526821044845 153.62826681422
-102.7464169792505 399.39601387956515 64.86526821044845 153.62826681422
-103.48626033423474 411.9733509142975 64.86526821044845 153.62826681422
-102.7464169792505 420.11162781912435 64.86526821044845 153.62826681422
-99.04720020432922 414.93272433423454 64.86526821044845 153.62826681422
