993.0 273.0 374.0 482.0
995.1156972845848 275.1156972845849 374.0 482.0
1009.9255782766793 285.6941837075095 374.0 482.0
1020.5040646996038 287.80988099209446 374.0 482.0
1018.3883674150189 285.6941837075095 374.0 482.0
1007.8098809920943 283.5784864229246 374.0 482.0
997.2313945691699 273.0 374.0 482.0
999.3470918537547 270.88430271541506 374.0 482.0
901.5939373883367 124.51495734736736 366.66666666666663 472.54901960784315
870.423206022066 109.21098072836429 374.0 482.0
855.6133250299716 111.32667801294922 374.0 482.0
845.034838607047 113.44237529753414 374.0 482.0
842.9191413224622 111.32667801294922 374.0 482.0
832.3406548995376 109.21098072836429 374.0 482.0
830.2249576149528 107.09528344377937 374.0 482.0
819.6464711920282 109.21098072836429 374.0 482.0
805.0963744417675 102.22896137831214 381.47999999999996 491.64
802.9343550917154 104.3909807283643 381.47999999999996 491.64
792.1242583414545 102.22896137831214 381.47999999999996 491.64
789.9622389914023 100.06694202825997 381.47999999999996 491.64
774.8281035410372 97.90492267820781 381.47999999999996 491.64
764.0180067907763 95.74290332815565 381.47999999999996 491.64
753.2079100405156 93.58088397810349 381.47999999999996 491.64
742.3978132902548 95.74290332815565 381.47999999999996 491.64
740.2357939402026 97.90492267820781 381.47999999999996 491.64
729.4256971899417 95.74290332815565 381.47999999999996 491.64
705.643484339368 93.58088397810349 381.47999999999996 491.64
681.8612714887943 91.41886462805132 381.47999999999996 491.64
666.7271360384291 89.25684527799916 381.47999999999996 491.64
665.1211028558791 73.29661119074939 389.10959999999994 501.4728
693.8350714827286 71.08784437329942 389.10959999999994 501.4728
749.0542419189774 82.13167846054918 389.10959999999994 501.4728
817.526013259926 97.59304618269883 389.10959999999994 501.4728
859.4925827914751 99.8018130001488 389.10959999999994 501.4728
897.0416186881243 102.01057981759877 389.10959999999994 501.4728
939.0081882196735 104.21934663504874 389.10959999999994 501.4728
980.9747577512226 106.4281134524987 389.10959999999994 501.4728
1062.6991299968709 117.4719475397485 389.10959999999994 501.4728
1144.4235022425191 128.51578162699826 389.10959999999994 501.4728
1212.8952735834678 130.72454844444823 389.10959999999994 501.4728
1223.9391076707175 132.9333152618982 389.10959999999994 501.4728
1212.6197722203524 135.68769591184605 381.47999999999996 491.64
1266.6702559716568 55.69297995991583 381.47999999999996 491.64
1212.6197722203524 14.614612308924642 381.47999999999996 491.64
1132.6250562684222 3.8045155586637946 381.47999999999996 491.64
1082.8986112172222 1.6424962086116324 381.47999999999996 491.64
1063.6224434950727 7.769930295861407 389.10959999999994 501.4728
1189.52215208972 32.066365287810896 389.10959999999994 501.4728
1200.5659861769698 3.352396660961503 389.10959999999994 501.4728
1308.7955602320176 18.813764383111184 389.10959999999994 501.4728
1415.445926277903 25.07877740820156 396.891792 511.502256
1525.9873883237888 27.33472561321964 396.891792 511.502256
1609.4574719094576 -1.992601052015317 396.891792 511.502256
1665.8561770349093 -13.272342077105677 396.891792 511.502256
1690.6716072901079 -15.528290282123756 396.891792 511.502256
1701.9513483151982 -17.784238487141835 396.891792 511.502256
1713.2310893402885 -15.528290282123756 396.891792 511.502256
1710.9751411352704 -31.319927717250273 396.891792 511.502256
1722.2548821603607 -20.040186692159914 396.891792 511.502256
1719.9989339553426 -22.296134897177993 396.891792 511.502256
1722.2548821603607 -11.016393872087633 396.891792 511.502256
1719.9989339553426 -8.760445667069554 396.891792 511.502256
1717.7429857503244 -11.016393872087633 396.891792 511.502256
1706.4632447252343 -8.760445667069554 396.891792 511.502256
1708.7191929302523 7.0311917680569636 396.891792 511.502256
1697.439451905162 18.310932793147323 396.891792 511.502256
