708.5 128.5 159.0 209.0
707.2165208416184 129.78347915838162 159.0 209.0
700.7991250497103 131.06695831676325 159.0 209.0
694.3817292578021 132.35043747514487 159.0 209.0
687.964333465894 133.6339166335265 159.0 209.0
681.5469376739859 132.35043747514487 159.0 209.0
680.2634585156043 133.6339166335265 159.0 209.0
678.9799793572226 132.35043747514487 159.0 209.0
672.5625835653145 133.6339166335265 159.0 209.0
663.5782294566432 134.91739579190812 159.0 209.0
649.4599587144453 136.20087495028974 159.0 209.0
633.651040370299 127.64773024840508 162.18 213.17999999999998
616.8468641453989 121.1845855465204 162.18 213.17999999999998
584.5311406359755 122.47721448689734 162.18 213.17999999999998
531.5333540805211 123.76984342727428 162.18 213.17999999999998
483.7060832865745 114.72144084463572 162.18 213.17999999999998
435.63957085148695 111.26264906077607 165.4236 217.44359999999998
365.30900630692577 109.9356572769164 165.4236 217.44359999999998
340.09616241359254 108.60866549305675 165.4236 217.44359999999998
275.07356500446997 109.9356572769164 165.4236 217.44359999999998
225.97486900166317 116.57061619621464 165.4236 217.44359999999998
224.64787721780345 115.24362441235498 165.4236 217.44359999999998
241.89877040797882 108.60866549305675 165.4236 217.44359999999998
265.4952623943867 109.4478365526798 162.18 213.17999999999998
268.36874155276837 143.62481551222035 159.0 209.0
308.1565954625987 119.2387115029695 159.0 209.0
306.8731163042171 117.95523234458787 159.0 209.0
297.8887621955457 119.2387115029695 159.0 209.0
288.90440808687435 102.55348244400838 159.0 209.0
295.3218038787825 80.73433675152077 159.0 209.0
300.19494858066713 54.084386884359006 162.18 213.17999999999998
316.99912480556736 76.0590788707669 162.18 213.17999999999998
354.48536407649846 23.061292315312514 162.18 213.17999999999998
391.9716033474296 8.84237397116621 162.18 213.17999999999998
406.1905216915759 -13.132318015241697 162.18 213.17999999999998
406.4970425331943 -12.325797173623325 159.0 209.0
407.7805216915759 -13.60927633200495 159.0 209.0
447.5683756014063 -20.02667212391307 159.0 209.0
495.05710446152636 -57.24756771698015 159.0 209.0
511.7423335204875 -66.23192182565151 159.0 209.0
520.7266876291588 -67.51540098403314 159.0 209.0
522.0101667875405 -66.23192182565151 159.0 209.0
528.4275625794486 -59.8145260337434 159.0 209.0
557.947583222226 -45.69625529154554 159.0 209.0
582.3336872314768 1.792473568574522 159.0 209.0
591.3180413401482 8.209869360482642 159.0 209.0
592.6015204985298 6.926390202101018 159.0 209.0
591.3180413401482 8.209869360482642 159.0 209.0
592.6015204985298 6.926390202101018 159.0 209.0
586.1841247066217 8.209869360482642 159.0 209.0
595.168478815293 6.926390202101018 159.0 209.0
593.8849996569114 8.209869360482642 159.0 209.0
631.1058952499785 14.627265152390763 159.0 209.0
645.2241659921764 8.209869360482642 159.0 209.0
646.507645150558 6.926390202101018 159.0 209.0
645.2241659921764 8.209869360482642 159.0 209.0
643.9406868337948 6.926390202101018 159.0 209.0
642.6572076754131 8.209869360482642 159.0 209.0
643.9406868337948 6.926390202101018 159.0 209.0
645.2241659921764 8.209869360482642 159.0 209.0
661.9093950511375 6.926390202101018 159.0 209.0
668.3267908430456 8.209869360482642 159.0 209.0
667.043311684664 6.926390202101018 159.0 209.0
668.3267908430456 8.209869360482642 159.0 209.0
667.043311684664 6.926390202101018 159.0 209.0
668.3267908430456 8.209869360482642 159.0 209.0
661.9093950511375 6.926390202101018 159.0 209.0
663.1928742095191 8.209869360482642 159.0 209.0
646.507645150558 17.19422346915401 159.0 209.0
626.8253283700273 25.490637285803786 155.88235294117646 204.9019607843137
620.5779341612207 24.241158444042465 155.88235294117646 204.9019607843137
619.3284553194593 17.99376423523583 155.88235294117646 204.9019607843137
618.0789764776979 19.24324307699715 155.88235294117646 204.9019607843137
616.8294976359366 27.989594969326443 155.88235294117646 204.9019607843137
618.0789764776979 26.740116127565123 155.88235294117646 204.9019607843137
616.8294976359366 27.989594969326443 155.88235294117646 204.9019607843137
618.0789764776979 21.742200760519808 155.88235294117646 204.9019607843137
619.3284553194593 22.991679602281128 155.88235294117646 204.9019607843137
618.0789764776979 16.74428539347449 155.88235294117646 204.9019607843137
616.8294976359366 25.490637285803786 155.88235294117646 204.9019607843137
618.0789764776979 24.241158444042465 155.88235294117646 204.9019607843137
616.8294976359366 25.490637285803786 155.88235294117646 204.9019607843137
618.0789764776979 26.740116127565106 155.88235294117646 204.9019607843137
611.8315822688913 35.4864680198944 155.88235294117646 204.9019607843137
603.085230376562 59.2265660133596 155.88235294117646 204.9019607843137
589.3409631171875 75.46979095625686 155.88235294117646 204.9019607843137
603.085230376562 51.729692962791646 155.88235294117646 204.9019607843137
611.8315822688913 52.97917180455297 155.88235294117646 204.9019607843137
590.5904419589489 29.239073811087763 155.88235294117646 204.9019607843137
574.3472170160516 27.989594969326443 155.88235294117646 204.9019607843137
568.099822807245 26.740116127565123 155.88235294117646 204.9019607843137
539.3618094467345 -4.496854916468056 155.88235294117646 204.9019607843137
480.6363038839521 19.24324307699715 155.88235294117646 204.9019607843137
501.8774441938947 10.496891184667856 155.88235294117646 204.9019607843137
545.6092036555411 9.247412342906536 155.88235294117646 204.9019607843137
499.378486510372 0.501060450577242 155.88235294117646 204.9019607843137
498.1290076686107 -8.245291441752052 155.88235294117646 204.9019607843137
514.3722326115079 5.49897581762254 155.88235294117646 204.9019607843137
553.1060767061091 36.73594686165572 155.88235294117646 204.9019607843137
551.8565978643478 42.98334107046236 155.88235294117646 204.9019607843137
