930.5 182.5 113.0 149.0
935.0068870908865 183.4013774181773 113.0 149.0
944.922038690837 184.3027548363546 113.0 149.0
954.8371902907875 188.8096419272412 113.0 149.0
959.344077381674 187.90826450906388 113.0 149.0
958.4426999634967 187.00688709088655 113.0 149.0
962.9495870543832 193.31652901812774 113.0 149.0
972.8647386543337 194.21790643630504 113.0 149.0
973.1026212943127 201.7684142309615 110.7843137254902 146.078431372549
971.0934007388805 201.20900733541333 113.0 149.0
965.423948424724 198.81111687258203 115.26000000000002 151.98000000000002
964.5160579618927 192.4558836327631 115.26000000000002 151.98000000000002
959.9766056477363 191.5479931699318 115.26000000000002 151.98000000000002
952.2470487851278 185.33036683949717 117.5652 155.0196
945.6700919225193 186.2699321055841 117.5652 155.0196
896.8887164667988 183.25027979142766 115.26000000000002 151.98000000000002
821.5338080518023 184.15817025425895 115.26000000000002 151.98000000000002
760.7051470421063 185.06606071709024 115.26000000000002 151.98000000000002
727.113199917349 189.60551303124663 115.26000000000002 151.98000000000002
715.3106239005423 188.69762256841537 115.26000000000002 151.98000000000002
710.1309819733011 191.08899998659268 113.0 149.0
711.0323593914784 191.99037740477 113.0 149.0
726.3557755004928 196.49726449565657 113.0 149.0
751.5545989226 190.46781218150014 115.26000000000002 151.98000000000002
768.8045177163942 191.3757026443314 115.26000000000002 151.98000000000002
811.4753694694646 206.8098405124632 115.26000000000002 151.98000000000002
827.9287855784789 229.03152113054142 113.0 149.0
827.0274081603018 320.07064036645005 113.0 149.0
820.7177662330605 394.8849660751671 113.0 149.0
832.4356726693655 275.00176945758443 113.0 149.0
844.1535791056706 308.35273393014506 113.0 149.0
807.1971049604007 247.960446912265 113.0 149.0
808.098482378578 236.24254047595994 113.0 149.0
801.7888404513367 193.87780182162618 113.0 149.0
799.7509499885053 213.26928246674566 115.26000000000002 151.98000000000002
801.7823274066826 221.06892439398683 113.0 149.0
800.8809499885053 263.43366304832057 113.0 149.0
796.3740628976188 208.4496405395044 113.0 149.0
791.8671758067323 223.77305664851875 113.0 149.0
792.1050584467114 219.14411748131326 110.7843137254902 146.078431372549
796.4548609330907 183.47573709300318 110.7843137254902 146.078431372549
792.1050584467114 182.60577659572732 110.7843137254902 146.078431372549
787.7552559603322 181.73581609845147 110.7843137254902 146.078431372549
781.665532479401 191.30538156848587 110.7843137254902 146.078431372549
786.0153349657804 192.17534206576173 110.7843137254902 146.078431372549
789.4143789194119 191.61593517021356 113.0 149.0
783.1047369921707 185.30629324297237 113.0 149.0
777.4352846780142 173.82949815182826 115.26000000000002 151.98000000000002
705.711938114343 145.6848938040585 115.26000000000002 151.98000000000002
688.4620193205487 152.04012704387748 115.26000000000002 151.98000000000002
689.3699097833801 152.94801750670874 115.26000000000002 151.98000000000002
715.6987332054872 152.04012704387748 115.26000000000002 151.98000000000002
738.3959947762694 156.57957935803387 115.26000000000002 151.98000000000002
791.961532083315 152.04012704387748 115.26000000000002 151.98000000000002
836.4481647620478 156.57957935803387 115.26000000000002 151.98000000000002
848.2507407788545 157.48746982086516 115.26000000000002 151.98000000000002
760.1853658842201 189.26363601996005 115.26000000000002 151.98000000000002
771.9879419010267 172.01371722616568 115.26000000000002 151.98000000000002
827.3692601337349 198.3425406482729 115.26000000000002 151.98000000000002
839.1718361505416 188.35574555712878 115.26000000000002 151.98000000000002
832.8166029107226 187.4478550942975 115.26000000000002 151.98000000000002
821.0140268939159 188.35574555712878 115.26000000000002 151.98000000000002
816.4745745797595 183.81629324297236 115.26000000000002 151.98000000000002
821.0140268939159 182.9084027801411 115.26000000000002 151.98000000000002
816.4745745797595 182.0005123173098 115.26000000000002 151.98000000000002
810.1193413399404 182.9084027801411 115.26000000000002 151.98000000000002
798.3167653231338 182.0005123173098 115.26000000000002 151.98000000000002
781.0668465293395 186.53996463146623 115.26000000000002 151.98000000000002
774.7116132895205 185.63207416863494 115.26000000000002 151.98000000000002
770.172160975364 184.72418370580368 115.26000000000002 151.98000000000002
769.2642705125327 183.8162932429724 115.26000000000002 151.98000000000002
768.3563800497013 182.90840278014113 115.26000000000002 151.98000000000002
767.44848958687 182.00051231730984 115.26000000000002 151.98000000000002
768.3563800497013 186.53996463146626 115.26000000000002 151.98000000000002
762.0011468098824 185.63207416863497 115.26000000000002 151.98000000000002
761.093256347051 181.09262185447858 115.26000000000002 151.98000000000002
760.1853658842197 182.00051231730984 115.26000000000002 151.98000000000002
759.2774754213883 186.53996463146626 115.26000000000002 151.98000000000002
754.7380231072318 185.63207416863497 115.26000000000002 151.98000000000002
753.8301326444005 184.7241837058037 115.26000000000002 151.98000000000002
743.8433375532564 180.1847313916473 115.26000000000002 151.98000000000002
793.777313008977 235.56604962435554 115.26000000000002 151.98000000000002
789.2378606948205 241.9212828641745 115.26000000000002 151.98000000000002
788.3299702319891 251.90807795531865 115.26000000000002 151.98000000000002
798.3167653231333 256.447530269475 115.26000000000002 151.98000000000002
846.4349598531912 239.19761147568065 115.26000000000002 151.98000000000002
841.8955075390347 260.0790921208001 115.26000000000002 151.98000000000002
913.618854102706 248.27651610399346 115.26000000000002 151.98000000000002
896.3689353089117 231.0265973101991 115.26000000000002 151.98000000000002
880.9347974407799 230.1187068473678 115.26000000000002 151.98000000000002
898.1847162345742 234.65815916152422 115.26000000000002 151.98000000000002
924.5135396566815 235.56604962435551 115.26000000000002 151.98000000000002
945.395020301801 223.76347360754886 115.26000000000002 151.98000000000002
913.6188541027061 222.85558314471757 115.26000000000002 151.98000000000002
907.2636208628871 221.94769268188628 115.26000000000002 151.98000000000002
851.882302630179 231.9344877730304 115.26000000000002 151.98000000000002
807.3956699514462 225.57925453321144 115.26000000000002 151.98000000000002
784.698408380664 221.03980221905502 115.26000000000002 151.98000000000002
758.3695849585569 220.13191175622376 115.26000000000002 151.98000000000002
732.0407615364496 215.59245944206734 115.26000000000002 151.98000000000002
