1184.5 515.0 39.0 94.0
1184.0388465548217 515.4611534451785 39.0 94.0
1180.810772438572 515.922306890357 39.0 94.0
1180.3496189933937 515.4611534451785 39.0 94.0
1177.121544877144 515.0 39.0 94.0
1176.6603914319658 514.5388465548215 39.0 94.0
1173.4323173157163 514.077693109643 39.0 94.0
1167.4373225283957 511.7719258837505 39.0 94.0
1169.7430897542881 515.0 39.0 94.0
1163.7480949669675 512.6942327741075 39.0 94.0
1160.520020850718 509.46615865785805 39.0 94.0
1160.0588674055396 511.7719258837505 39.0 94.0
1156.83079328929 514.077693109643 39.0 94.0
1156.3696398441116 511.7719258837505 39.0 94.0
1153.1415657278621 514.077693109643 39.0 94.0
1148.0688778308986 510.8496189933935 39.0 94.0
1145.7631106050062 510.388465548215 39.0 94.0
1146.2242640501845 510.8496189933935 39.0 94.0
1143.918496824292 511.310772438572 39.0 94.0
1138.8458089273286 510.8496189933935 39.0 94.0
1135.6177348110791 508.543851767501 39.0 94.0
1133.3119675851865 505.3157776512515 39.0 94.0
1128.239279688223 507.62154487714395 39.0 94.0
1125.0112055719735 505.3157776512515 39.0 94.0
1122.705438346081 510.388465548215 39.0 94.0
1117.6327504491176 509.92731210303646 39.0 94.0
1117.171597003939 510.388465548215 39.0 94.0
1120.3996711201885 512.6942327741075 39.0 94.0
1117.171597003939 512.233079328929 39.0 94.0
1116.7104435587607 515.4611534451784 39.0 94.0
1113.482369442511 512.233079328929 39.0 94.0
1107.4873746551905 512.6942327741075 39.0 94.0
1107.948528100369 509.46615865785793 39.0 94.0
1101.9535333130484 511.77192588375044 39.0 94.0
1102.414686758227 514.9999999999999 39.0 94.0
1100.1089195323343 512.6942327741075 39.0 94.0
1095.0362316353708 510.388465548215 39.0 94.0
1092.7304644094784 513.6165396644644 39.0 94.0
1087.6577765125148 513.1553862192859 39.0 94.0
1087.1966230673363 513.6165396644644 39.0 94.0
1089.502390293229 515.9223068903569 39.0 94.0
1084.4297023962654 515.4611534451784 39.0 94.0
1082.1239351703728 514.9999999999999 39.0 94.0
1082.5850886155513 514.5388465548215 39.0 94.0
1074.7454800475168 514.077693109643 39.0 94.0
1074.2843266023383 513.6165396644644 39.0 94.0
1071.0562524860889 511.3107724385719 39.0 94.0
1068.7504852601965 514.5388465548215 39.0 94.0
1063.677797363233 512.233079328929 39.0 94.0
1061.3720301373403 515.4611534451784 39.0 94.0
1061.8331835825188 513.1553862192859 39.0 94.0
1062.2943370276973 510.8496189933935 39.0 94.0
1061.8331835825188 514.077693109643 39.0 94.0
1061.3720301373403 513.6165396644644 39.0 94.0
1058.1439560210908 513.1553862192859 39.0 94.0
1053.0712681241273 510.8496189933935 39.0 94.0
1050.765500898235 513.1553862192859 39.0 94.0
1051.2266543434132 510.8496189933935 39.0 94.0
1048.9208871175208 514.077693109643 39.0 94.0
1046.6151198916284 514.5388465548215 39.0 94.0
1052.6101146789488 520.533841342142 39.0 94.0
1050.3043474530564 525.6065292391055 39.0 94.0
1052.6101146789488 525.145375793927 39.0 94.0
1049.3820405626993 527.4511430198195 39.0 94.0
1051.687807788592 529.7569102457119 39.0 94.0
1052.1489612337703 527.4511430198195 39.0 94.0
1051.687807788592 527.9122964649979 39.0 94.0
1051.2266543434134 520.0726878969634 39.0 94.0
1047.998580227164 520.533841342142 39.0 94.0
1042.9258923302004 520.0726878969634 39.0 94.0
1039.697818213951 517.7669206710709 39.0 94.0
1037.3920509880584 515.4611534451784 39.0 94.0
1036.9308975428798 515.9223068903569 39.0 94.0
1033.7028234266304 518.2280741162494 39.0 94.0
1028.6301355296669 515.9223068903569 39.0 94.0
1026.3243683037745 518.2280741162494 39.0 94.0
1026.7855217489528 514.9999999999999 39.0 94.0
1026.3243683037745 515.4611534451784 39.0 94.0
1025.863214858596 515.9223068903569 39.0 94.0
1023.5574476327035 518.2280741162494 39.0 94.0
1021.251680406811 514.9999999999999 39.0 94.0
1023.5574476327035 517.3057672258924 39.0 94.0
1023.096294187525 517.7669206710709 39.0 94.0
1020.7905269616326 514.5388465548215 39.0 94.0
1021.251680406811 514.9999999999999 39.0 94.0
1021.7128338519894 515.4611534451784 39.0 94.0
1022.173987297168 515.9223068903569 39.0 94.0
1027.2466751941315 515.4611534451784 39.0 94.0
1035.086283762166 512.233079328929 39.0 94.0
1038.3143578784154 512.6942327741075 39.0 94.0
1037.853204433237 509.46615865785793 39.0 94.0
1037.3920509880586 509.92731210303646 39.0 94.0
1039.697818213951 510.388465548215 39.0 94.0
1036.4697440977016 512.6942327741075 39.0 94.0
1036.9308975428798 510.388465548215 39.0 94.0
1036.4697440977016 513.6165396644644 39.0 94.0
1034.1639768718092 513.1553862192859 39.0 94.0
1030.9359027555595 510.8496189933935 39.0 94.0
1031.397056200738 513.1553862192859 39.0 94.0
1031.8582096459163 509.92731210303646 39.0 94.0
1032.3193630910948 512.233079328929 39.0 94.0
1032.7805165362734 512.6942327741075 39.0 94.0
1026.7855217489528 506.69923798678695 39.0 94.0
1029.0912889748452 507.1603914319655 39.0 94.0
1025.8632148585957 507.62154487714395 39.0 94.0
1025.4020614134172 502.5488569801805 39.0 94.0
1022.1739872971677 502.087703535002 39.0 94.0
1021.7128338519893 504.3934707608945 39.0 94.0
1019.4070666260968 499.320782863931 39.0 94.0
1017.1012994002044 497.0150156380385 39.0 94.0
1019.4070666260968 500.243089754288 39.0 94.0
1016.1789925098474 497.93732252839555 39.0 94.0
1016.6401459550258 495.63155530250305 39.0 94.0
1017.1012994002042 497.93732252839555 39.0 94.0
1016.6401459550258 494.70924841214605 39.0 94.0
1016.1789925098474 495.1704018573246 39.0 94.0
1013.8732252839549 497.47616908321703 39.0 94.0
1011.5674580580624 497.93732252839555 39.0 94.0
1012.0286115032409 495.63155530250305 39.0 94.0
1012.4897649484193 497.93732252839555 39.0 94.0
1012.0286115032409 492.86463463143207 39.0 94.0
1011.5674580580624 492.40348118625354 39.0 94.0
1012.0286115032409 497.47616908321703 39.0 94.0
1012.4897649484193 497.0150156380385 39.0 94.0
1012.9509183935977 496.55386219286004 39.0 94.0
1009.7228442773483 496.0927087476815 39.0 94.0
1012.0286115032407 495.631555302503 39.0 94.0
1012.4897649484192 493.3257880766105 39.0 94.0
1012.9509183935976 491.020020850718 39.0 94.0
1009.722844277348 493.3257880766105 39.0 94.0
1010.1839977225266 490.09771396036103 39.0 94.0
1010.645151167705 492.4034811862535 39.0 94.0
1011.1063046128834 492.864634631432 39.0 94.0
1013.4120718387759 486.8696398441115 39.0 94.0
1012.9509183935975 489.175407070004 39.0 94.0
1013.4120718387759 488.71425362482546 39.0 94.0
1015.7178390646684 486.408486398933 39.0 94.0
1020.7905269616319 489.6365605151825 39.0 94.0
1021.2516804068104 486.408486398933 39.0 94.0
1021.7128338519888 488.71425362482546 39.0 94.0
1024.0186010778812 485.48617950857596 39.0 94.0
1021.7128338519888 487.79194673446847 39.0 94.0
1024.9409079682382 485.48617950857596 39.0 94.0
1024.47975452306 487.79194673446847 39.0 94.0
1024.0186010778814 482.719258837505 39.0 94.0
1024.47975452306 482.25810539232646 39.0 94.0
1024.9409079682382 487.33079328928994 39.0 94.0
1028.1689820844877 487.79194673446847 39.0 94.0
1030.4747493103803 484.56387261821897 39.0 94.0
1033.7028234266297 485.0250260633975 39.0 94.0
1034.1639768718082 484.56387261821897 39.0 94.0
1034.6251303169865 482.25810539232646 39.0 94.0
1036.9308975428792 482.719258837505 39.0 94.0
1040.1589716591286 477.6465709405415 39.0 94.0
1040.6201251043071 478.10772438572 39.0 94.0
1042.9258923301995 477.6465709405415 39.0 94.0
1042.464738885021 474.418496824292 39.0 94.0
1048.4597336723416 473.95734337911347 39.0 94.0
1047.9985802271633 474.418496824292 39.0 94.0
1050.3043474530557 474.8796502694705 39.0 94.0
1055.3770353500192 474.418496824292 39.0 94.0
1057.6828025759116 473.95734337911347 39.0 94.0
