1991.5 810.0 33.0 28.0
1991.7011529268989 809.7988470731011 33.0 28.0
1976.6146834094802 809.5976941462021 33.0 28.0
1960.3212963306682 809.7988470731011 33.0 28.0
1944.0279092518563 810.0 33.0 28.0
1926.5276046116505 810.2011529268989 33.0 28.0
1912.6480526556256 811.2069175613935 33.0 28.0
1892.7339128926333 812.2126821958881 33.0 28.0
1878.0497492290124 813.6207526841805 33.0 28.0
1864.1701972729875 812.2126821958881 33.0 28.0
1849.4860336093666 813.6207526841805 33.0 28.0
1834.8018699457457 811.0057646344947 33.0 28.0
1821.3246238435186 813.6207526841805 33.0 28.0
1807.4450718874937 813.4195997572816 33.0 28.0
1793.9678257852665 812.4138351227871 33.0 28.0
1788.9390026127935 803.7642592661336 33.0 28.0
1787.9332379782988 802.3561887778412 33.0 28.0
1788.1343909051977 803.7642592661336 33.0 28.0
1787.9332379782988 801.1492712164478 33.0 28.0
1787.7320850514 802.5573417047403 33.0 28.0
1786.3240145631075 801.5515770702457 33.0 28.0
1788.9390026127935 805.3734826813251 33.0 28.0
1788.7378496858946 802.7584946316392 33.0 28.0
1788.5366967589957 800.5458124357511 33.0 28.0
1787.5309321245009 803.160800485437 33.0 28.0
1787.329779197602 801.7527299971446 33.0 28.0
1789.944767247288 805.5746356082238 33.0 28.0
1788.5366967589957 804.5688709737293 33.0 28.0
1788.3355438320968 802.3561887778412 33.0 28.0
1788.1343909051977 804.5688709737293 33.0 28.0
1787.9332379782988 803.1608004854368 33.0 28.0
1786.9274733438042 801.7527299971443 33.0 28.0
1790.7493789548835 804.3677180468302 33.0 28.0
1790.5482260279846 802.1550358509421 33.0 28.0
1789.5424613934897 804.770023900628 33.0 28.0
1789.3413084665908 802.1550358509421 33.0 28.0
1788.3355438320962 804.770023900628 33.0 28.0
1788.1343909051973 802.1550358509421 33.0 28.0
1787.1286262707026 804.770023900628 33.0 28.0
1790.950531881782 803.3619534123354 33.0 28.0
1789.944767247287 801.1492712164475 33.0 28.0
1788.9390026127924 803.7642592661332 33.0 28.0
1788.7378496858935 802.3561887778408 33.0 28.0
1788.5366967589946 804.9711768275266 33.0 28.0
1788.3355438320955 802.7584946316385 33.0 28.0
1787.3297791976008 801.3504241433461 33.0 28.0
1790.7493789548823 803.9654121930319 33.0 28.0
1790.5482260279834 802.5573417047394 33.0 28.0
1790.3470731010843 800.3446595088514 33.0 28.0
1789.3413084665897 802.9596475585372 33.0 28.0
1789.1401555396908 801.5515770702448 33.0 28.0
1788.939002612792 804.9711768275263 33.0 28.0
1788.7378496858928 803.5631063392339 33.0 28.0
1788.536696758994 802.1550358509414 33.0 28.0
1788.335543832095 805.5746356082229 33.0 28.0
1788.536696758994 804.1665651199305 33.0 28.0
1788.335543832095 802.7584946316381 33.0 28.0
1788.1343909051961 801.3504241433457 33.0 28.0
1787.9332379782973 803.9654121930314 33.0 28.0
1787.7320850513981 801.7527299971434 33.0 28.0
1787.5309321244993 804.3677180468292 33.0 28.0
1787.3297791976004 802.9596475585367 33.0 28.0
1791.9562965162754 801.5515770702443 33.0 28.0
1790.9505318817808 804.9711768275258 33.0 28.0
1790.7493789548816 802.7584946316379 33.0 28.0
1790.5482260279828 801.3504241433453 33.0 28.0
1790.3470731010839 803.9654121930312 33.0 28.0
1790.145920174185 802.5573417047387 33.0 28.0
1789.944767247286 801.1492712164463 33.0 28.0
1789.743614320387 804.9711768275256 33.0 28.0
1789.944767247286 803.5631063392332 33.0 28.0
1789.743614320387 802.1550358509407 33.0 28.0
1789.542461393488 805.5746356082223 33.0 28.0
1789.3413084665892 804.1665651199298 33.0 28.0
1789.542461393488 803.1608004854353 33.0 28.0
1789.743614320387 801.7527299971428 33.0 28.0
1789.944767247286 805.1723297544244 33.0 28.0
1790.145920174185 804.1665651199298 33.0 28.0
1790.3470731010839 803.9654121930309 33.0 28.0
1790.5482260279828 802.9596475585363 33.0 28.0
1791.5539906624776 801.9538829240417 33.0 28.0
1791.3528377355785 805.7757885351211 33.0 28.0
1791.5539906624776 804.3677180468286 33.0 28.0
1791.7551435893765 803.3619534123341 33.0 28.0
1791.9562965162754 802.3561887778395 33.0 28.0
1791.7551435893765 806.1780943889188 33.0 28.0
1791.9562965162754 805.1723297544243 33.0 28.0
1792.1574494431743 804.9711768275254 33.0 28.0
1792.3586023700732 803.9654121930307 33.0 28.0
1792.5597552969723 802.9596475585362 33.0 28.0
1787.9332379782973 801.9538829240416 33.0 28.0
1788.1343909051961 805.7757885351209 33.0 28.0
1788.335543832095 804.7700239006264 33.0 28.0
1788.536696758994 803.361953412334 33.0 28.0
1788.7378496858928 801.9538829240414 33.0 28.0
1788.939002612792 805.7757885351208 33.0 28.0
1789.1401555396908 804.7700239006263 33.0 28.0
1789.3413084665897 803.7642592661316 33.0 28.0
