1015.0 353.5 88.0 245.0
1015.0 353.5 88.0 245.0
1008.1022829863788 353.5 88.0 245.0
1001.2045659727576 360.3977170136213 88.0 245.0
994.3068489591365 367.29543402724255 88.0 245.0
987.4091319455152 374.19315104086377 88.0 245.0
980.511414931894 374.19315104086377 88.0 245.0
973.6136979182729 381.09086805448504 88.0 245.0
966.7159809046517 387.9885850681063 88.0 245.0
966.7159809046517 387.9885850681063 88.0 245.0
966.7159809046517 387.9885850681063 88.0 245.0
966.7159809046517 394.8863020817276 88.0 245.0
973.6136979182729 394.8863020817276 88.0 245.0
980.511414931894 401.78401909534887 88.0 245.0
987.4091319455152 401.78401909534887 88.0 245.0
994.3068489591365 401.78401909534887 88.0 245.0
1001.2045659727576 401.78401909534887 88.0 245.0
1048.9350328456442 392.38966668493646 89.76 249.90000000000003
1048.9350328456442 392.38966668493646 89.76 249.90000000000003
1062.8237376664688 392.38966668493646 89.76 249.90000000000003
1055.8793852560566 385.4453142745241 89.76 249.90000000000003
1055.8793852560566 378.5009618641118 89.76 249.90000000000003
1055.8793852560566 371.5566094536995 89.76 249.90000000000003
1032.7315438880153 371.5566094536995 89.76 249.90000000000003
1011.8984866567781 364.6122570432871 89.76 249.90000000000003
991.065429425541 350.72355222246244 89.76 249.90000000000003
970.2323721943038 343.77919981205014 89.76 249.90000000000003
949.3993149630667 334.52006326483354 89.76 249.90000000000003
927.069346872409 332.02106326483363 91.55520000000001 254.898
934.213469569295 332.02106326483363 91.55520000000001 254.898
934.213469569295 332.02106326483363 91.55520000000001 254.898
919.9252241755232 332.02106326483363 91.55520000000001 254.898
909.3357396423837 322.2166338649791 93.386304 259.99595999999997
887.5693914428201 329.4720832648336 93.386304 259.99595999999997
865.8030432432565 329.4720832648336 93.386304 259.99595999999997
865.8030432432565 329.4720832648336 93.386304 259.99595999999997
858.547593843402 329.4720832648336 93.386304 259.99595999999997
865.8030432432565 336.72753266468817 93.386304 259.99595999999997
865.8030432432565 351.23843146439725 93.386304 259.99595999999997
865.8030432432565 358.49388086425176 93.386304 259.99595999999997
865.8030432432565 358.49388086425176 93.386304 259.99595999999997
865.8030432432565 365.74933026410633 93.386304 259.99595999999997
865.8030432432565 373.0047796639609 93.386304 259.99595999999997
865.8030432432565 373.0047796639609 93.386304 259.99595999999997
852.4303498494849 382.69788236084673 91.55520000000001 254.898
845.2862271525988 382.69788236084673 91.55520000000001 254.898
838.1421044557129 382.69788236084673 91.55520000000001 254.898
823.8538590619412 382.69788236084673 91.55520000000001 254.898
816.7097363650553 382.69788236084673 91.55520000000001 254.898
809.5656136681692 382.69788236084673 91.55520000000001 254.898
801.3946122683147 380.14890236084676 93.386304 259.99595999999997
800.4607492283146 370.15461296529384 95.25403008 265.1958792
800.4607492283146 370.15461296529384 95.25403008 265.1958792
800.4607492283146 370.15461296529384 95.25403008 265.1958792
808.6500616681692 372.75457256529376 93.386304 259.99595999999997
801.3946122683147 372.75457256529376 93.386304 259.99595999999997
808.6500616681692 372.75457256529376 93.386304 259.99595999999997
808.6500616681692 372.75457256529376 93.386304 259.99595999999997
800.3218688326162 370.15461296529384 95.25403008 265.1958792
800.3218688326162 370.15461296529384 95.25403008 265.1958792
800.3218688326162 370.15461296529384 95.25403008 265.1958792
791.8358427641466 359.96916840562403 97.1591106816 270.499796784
784.302356996477 359.96916840562403 97.1591106816 270.499796784
768.0337873249471 357.2641704377841 99.10229289523201 275.90979271968
752.7368087602329 357.2641704377841 99.10229289523201 275.90979271968
734.8903337680667 349.61568115542707 99.10229289523201 275.90979271968
719.5933552033525 349.61568115542707 99.10229289523201 275.90979271968
711.9448659209957 349.61568115542707 99.10229289523201 275.90979271968
711.9448659209957 349.61568115542707 99.10229289523201 275.90979271968
711.9448659209957 357.2641704377841 99.10229289523201 275.90979271968
711.9448659209957 364.91265972014105 99.10229289523201 275.90979271968
704.2963766386384 364.91265972014105 99.10229289523201 275.90979271968
704.2963766386384 364.91265972014105 99.10229289523201 275.90979271968
711.9448659209957 372.56114900249815 99.10229289523201 275.90979271968
719.5933552033525 372.56114900249815 99.10229289523201 275.90979271968
719.5933552033525 372.56114900249815 99.10229289523201 275.90979271968
727.2418444857099 372.56114900249815 99.10229289523201 275.90979271968
734.8903337680667 364.91265972014105 99.10229289523201 275.90979271968
734.8903337680667 364.91265972014105 99.10229289523201 275.90979271968
734.8903337680667 357.2641704377841 99.10229289523201 275.90979271968
750.187312332781 357.2641704377841 99.10229289523201 275.90979271968
765.4842908974947 357.2641704377841 99.10229289523201 275.90979271968
772.3464828847505 354.5050725105873 101.08433875313665 281.4279885740736
780.1996978009583 354.5050725105873 101.08433875313665 281.4279885740736
788.0529127171662 354.5050725105873 101.08433875313665 281.4279885740736
804.3409142108326 364.91265972014105 99.10229289523201 275.90979271968
804.3409142108326 364.91265972014105 99.10229289523201 275.90979271968
819.6378927755467 364.91265972014105 99.10229289523201 275.90979271968
834.9348713402605 372.56114900249815 99.10229289523201 275.90979271968
850.2318499049748 380.20963828485503 99.10229289523201 275.90979271968
865.5288284696885 387.85812756721214 99.10229289523201 275.90979271968
872.3910204569443 385.0990296400153 101.08433875313665 281.4279885740736
888.0974502893599 385.0990296400153 101.08433875313665 281.4279885740736
895.1455886084682 390.3437314609142 103.10602552819938 287.0565483455551
895.1455886084682 382.28474975427457 103.10602552819938 287.0565483455551
895.1455886084682 390.3437314609142 103.10602552819938 287.0565483455551
887.0866069018285 382.28474975427457 103.10602552819938 287.0565483455551
887.0866069018285 382.28474975427457 103.10602552819938 287.0565483455551
895.1455886084682 390.3437314609142 103.10602552819938 287.0565483455551
911.2635520217475 390.3437314609142 103.10602552819938 287.0565483455551
919.3225337283872 390.3437314609142 103.10602552819938 287.0565483455551
919.3225337283872 390.3437314609142 103.10602552819938 287.0565483455551
930.0678426705734 390.3437314609142 103.10602552819938 287.0565483455551
938.1268243772131 390.3437314609142 103.10602552819938 287.0565483455551
938.1268243772131 390.3437314609142 103.10602552819938 287.0565483455551
938.1268243772131 390.3437314609142 103.10602552819938 287.0565483455551
946.1858060838528 398.4027131675539 103.10602552819938 287.0565483455551
945.1547458285709 395.5321476840983 105.16814603876338 292.7976793124662
937.0411318808037 395.5321476840983 105.16814603876338 292.7976793124662
928.9275179330366 395.5321476840983 105.16814603876338 292.7976793124662
912.7002900375022 387.41853373633114 105.16814603876338 292.7976793124662
896.4730621419678 387.41853373633114 105.16814603876338 292.7976793124662
920.8139039852693 387.41853373633114 105.16814603876338 292.7976793124662
928.9275179330365 395.5321476840983 105.16814603876338 292.7976793124662
920.8139039852693 403.64576163186547 105.16814603876338 292.7976793124662
937.9629276538305 414.5753088219607 103.10602552819938 287.0565483455551
921.8449642405512 406.516327115321 103.10602552819938 287.0565483455551
921.8449642405512 414.5753088219607 103.10602552819938 287.0565483455551
928.9275179330365 411.7047433385051 105.16814603876338 292.7976793124662
928.9275179330365 419.8183572862723 105.16814603876338 292.7976793124662
945.1547458285709 419.8183572862723 105.16814603876338 292.7976793124662
945.1547458285709 419.8183572862723 105.16814603876338 292.7976793124662
952.4246187487307 425.2119348736952 107.27150895953866 298.6536328987155
959.8825062640998 422.2253985447081 109.41693913872942 304.62670555668984
951.3519036591354 422.2253985447081 109.41693913872942 304.62670555668984
960.7461731292783 433.5334892542428 107.27150895953866 298.6536328987155
952.4246187487307 433.5334892542428 107.27150895953866 298.6536328987155
944.1030643681831 433.5334892542428 107.27150895953866 298.6536328987155
927.4599556070882 433.5334892542428 107.27150895953866 298.6536328987155
927.4599556070882 441.8550436347903 107.27150895953866 298.6536328987155
935.7815099876358 458.49815239588537 107.27150895953866 298.6536328987155
944.1030643681834 458.49815239588537 107.27150895953866 298.6536328987155
944.1030643681834 466.81970677643284 107.27150895953866 298.6536328987155
943.0303492785879 463.8331704474457 109.41693913872942 304.62670555668984
943.0303492785879 472.36377305241024 109.41693913872942 304.62670555668984
934.4997466736233 472.36377305241024 109.41693913872942 304.62670555668984
934.4997466736233 472.36377305241024 109.41693913872942 304.62670555668984
943.0303492785879 472.36377305241024 109.41693913872942 304.62670555668984
934.4997466736233 463.8331704474457 109.41693913872942 304.62670555668984
908.9079388587298 455.30256784248127 109.41693913872942 304.62670555668984
891.8467336488009 446.7719652375167 109.41693913872942 304.62670555668984
901.2410031189438 449.75850156650387 107.27150895953866 298.6536328987155
909.5625574994914 449.75850156650387 107.27150895953866 298.6536328987155
917.884111880039 449.75850156650387 107.27150895953866 298.6536328987155
926.2056662605864 449.75850156650387 107.27150895953866 298.6536328987155
927.2573477209742 452.6864783596285 105.16814603876338 292.7976793124662
935.3709616687412 452.6864783596285 105.16814603876338 292.7976793124662
935.3709616687412 452.6864783596285 105.16814603876338 292.7976793124662
943.4845756165083 460.8000923073957 105.16814603876338 292.7976793124662
951.5981895642755 468.9137062551629 105.16814603876338 292.7976793124662
967.1896168649829 465.98572946203825 107.27150895953866 298.6536328987155
975.5111712455305 474.3072838425858 107.27150895953866 298.6536328987155
982.9690587608995 471.3207475135987 109.41693913872942 304.62670555668984
990.4634599832126 468.27448045803175 111.60527792150401 310.7192396678237
1000.0882319795643 479.8513501185631 109.41693913872942 304.62670555668984
1000.0882319795643 488.38195272352766 109.41693913872942 304.62670555668984
998.994062588177 485.3356856679607 111.60527792150401 310.7192396678237
997.8780098089619 482.22849327128245 113.83738347993409 316.9336244611801
997.8780098089619 491.0284178420783 113.83738347993409 316.9336244611801
997.8780098089619 491.0284178420783 113.83738347993409 316.9336244611801
1006.6779343797577 499.82834241287406 113.83738347993409 316.9336244611801
1006.6779343797577 499.82834241287406 113.83738347993409 316.9336244611801
997.8780098089619 499.82834241287406 113.83738347993409 316.9336244611801
989.0780852381661 508.62826698366985 113.83738347993409 316.9336244611801
989.0780852381661 508.62826698366985 113.83738347993409 316.9336244611801
980.2781606673703 517.4281915544657 113.83738347993409 316.9336244611801
980.2781606673703 526.2281161252615 113.83738347993409 316.9336244611801
970.127330591905 523.0587798806497 116.11413114953278 323.27229695040376
970.127330591905 532.0712361213158 116.11413114953278 323.27229695040376
970.127330591905 550.0961486026476 116.11413114953278 323.27229695040376
979.139786832571 559.1086048433137 116.11413114953278 323.27229695040376
997.1646993139029 559.1086048433137 116.11413114953278 323.27229695040376
1015.1896117952349 568.1210610839797 116.11413114953278 323.27229695040376
1014.0284704837395 564.8883381144758 118.43641377252345 329.7377428894118
1014.0284704837395 564.8883381144758 118.43641377252345 329.7377428894118
1004.8022800920307 555.6621477227669 118.43641377252345 329.7377428894118
986.3498993086132 555.6621477227669 118.43641377252345 329.7377428894118
986.3498993086132 555.6621477227669 118.43641377252345 329.7377428894118
986.3498993086132 555.6621477227669 118.43641377252345 329.7377428894118
995.5760897003221 555.6621477227669 118.43641377252345 329.7377428894118
986.3498993086132 555.6621477227669 118.43641377252345 329.7377428894118
977.1237089169044 555.6621477227669 118.43641377252345 329.7377428894118
966.5875478628931 543.0129733775867 120.8051420479739 336.3324977472001
955.7221294859808 529.9922814436821 123.22124488893338 343.05914770214406
965.3794964424134 539.6496484001148 123.22124488893338 343.05914770214406
975.9393447791791 543.0129733775867 120.8051420479739 336.3324977472001
975.9393447791791 543.0129733775867 120.8051420479739 336.3324977472001
975.9393447791791 543.0129733775867 120.8051420479739 336.3324977472001
975.9393447791791 543.0129733775867 120.8051420479739 336.3324977472001
957.2357509466071 533.6611764613007 120.8051420479739 336.3324977472001
946.3703325696949 520.6404845273961 123.22124488893338 343.05914770214406
935.3525157294948 507.4242886590639 125.68566978671207 349.920330656187
915.7813069468734 487.8530798764426 125.68566978671207 349.920330656187
905.9957025555627 468.2818710938213 125.68566978671207 349.920330656187
905.9957025555627 458.49626670251064 125.68566978671207 349.920330656187
896.210098164252 448.71066231119994 125.68566978671207 349.920330656187
896.210098164252 438.9250579198893 125.68566978671207 349.920330656187
886.4244937729413 438.9250579198893 125.68566978671207 349.920330656187
886.4244937729413 448.71066231119994 125.68566978671207 349.920330656187
877.999339265398 452.14125378822143 123.22124488893338 343.05914770214406
858.6846053525329 452.14125378822143 123.22124488893338 343.05914770214406
847.6667885123328 438.9250579198893 125.68566978671207 349.920330656187
837.8811841210221 438.9250579198893 125.68566978671207 349.920330656187
837.8811841210221 429.13945352857866 125.68566978671207 349.920330656187
837.8811841210221 429.13945352857866 125.68566978671207 349.920330656187
847.6667885123328 419.353849137268 125.68566978671207 349.920330656187
860.7142610340804 419.353849137268 125.68566978671207 349.920330656187
879.3403567925916 415.8546458307062 128.1993831824463 356.9187372693107
889.2818330207807 405.91316960251703 128.1993831824463 356.9187372693107
879.3403567925916 405.91316960251703 128.1993831824463 356.9187372693107
867.8967475276081 392.18236679666506 130.76337084609523 364.05711201469694
847.5735166612902 392.18236679666506 130.76337084609523 364.05711201469694
827.2502857949723 392.18236679666506 130.76337084609523 364.05711201469694
817.0886703618135 392.18236679666506 130.76337084609523 364.05711201469694
806.9270549286546 402.34398222982395 130.76337084609523 364.05711201469694
817.0886703618135 402.34398222982395 130.76337084609523 364.05711201469694
817.0886703618135 402.34398222982395 130.76337084609523 364.05711201469694
815.7810366533524 398.703411109677 133.37863826301717 371.3382542549909
805.3979244863701 398.703411109677 133.37863826301717 371.3382542549909
806.7055581948312 412.50559766298295 130.76337084609523 364.05711201469694
796.5439427616723 412.50559766298295 130.76337084609523 364.05711201469694
786.3823273285134 412.50559766298295 130.76337084609523 364.05711201469694
774.6915814530701 408.8650265428359 133.37863826301717 371.3382542549909
753.9253571191056 408.8650265428359 133.37863826301717 371.3382542549909
733.1591327851411 408.8650265428359 133.37863826301717 371.3382542549909
712.3929084511765 398.4819143758537 133.37863826301717 371.3382542549909
702.0097962841942 388.09880220887135 133.37863826301717 371.3382542549909
691.6266841172119 377.71569004188916 133.37863826301717 371.3382542549909
691.6266841172119 377.71569004188916 133.37863826301717 371.3382542549909
712.3929084511764 377.71569004188916 133.37863826301717 371.3382542549909
713.7005421596373 391.51787659519516 130.76337084609523 364.05711201469694
712.3929084511764 387.87730547504805 133.37863826301717 371.3382542549909
700.4531280021155 384.16392293249817 136.0462110282775 378.76501934009076
711.0591220685461 394.7699169989288 136.0462110282775 378.76501934009076
711.0591220685461 394.7699169989288 136.0462110282775 378.76501934009076
721.6651161349768 405.37591106535945 136.0462110282775 378.76501934009076
720.3046540246941 390.7579716455067 138.76713524884306 386.3403197268926
709.4743647982422 390.7579716455067 138.76713524884306 386.3403197268926
697.030667230147 375.838542232631 141.5424779538199 394.0671261214304
685.9746410145402 364.78251601702425 141.5424779538199 394.0671261214304
665.7017339141249 368.64591921429314 138.76713524884306 386.3403197268926
654.8714446876731 368.64591921429314 138.76713524884306 386.3403197268926
644.0411554612213 368.64591921429314 138.76713524884306 386.3403197268926
631.5974578931261 364.78251601702425 141.5424779538199 394.0671261214304
642.6534841087329 364.78251601702425 141.5424779538199 394.0671261214304
642.6534841087329 364.78251601702425 141.5424779538199 394.0671261214304
644.0411554612213 368.64591921429314 138.76713524884306 386.3403197268926
644.0411554612213 379.476208440745 138.76713524884306 386.3403197268926
642.6534841087329 375.6128052434761 141.5424779538199 394.0671261214304
642.6534841087329 375.6128052434761 141.5424779538199 394.0671261214304
642.6534841087329 386.66883145908287 141.5424779538199 394.0671261214304
644.0411554612213 401.3625238828036 138.76713524884306 386.3403197268926
644.0411554612213 401.3625238828036 138.76713524884306 386.3403197268926
633.2108662347695 412.19281310925544 138.76713524884306 386.3403197268926
631.8231948822811 408.32940991198655 141.5424779538199 394.0671261214304
641.6910041938763 404.38873865077227 144.3733275128963 401.94846864385903
641.6910041938763 415.67197274190573 144.3733275128963 401.94846864385903
630.4077701027428 415.67197274190573 144.3733275128963 401.94846864385903
619.1245360116093 415.67197274190573 144.3733275128963 401.94846864385903
607.8413019204759 415.67197274190573 144.3733275128963 401.94846864385903
585.2748337382087 415.67197274190573 144.3733275128963 401.94846864385903
572.3191580493689 411.65248805546724 147.26079406315424 409.9874380167362
560.8072156356579 411.65248805546724 147.26079406315424 409.9874380167362
562.2509489107869 415.67197274190585 144.37332751289628 401.948468643859
562.2509489107869 415.67197274190585 144.37332751289628 401.948468643859
550.9677148196533 415.67197274190585 144.37332751289628 401.948468643859
526.5000967171025 411.65248805546724 147.2607940631542 409.9874380167361
509.49027039999373 395.8996998929419 150.2060099444173 418.1871867770709
487.9389935132034 399.9995742731093 147.2607940631542 409.9874380167361
478.0994926971988 404.019058959548 144.37332751289628 401.94846864385886
455.53302451493164 404.019058959548 144.37332751289628 401.94846864385886
444.2497904237981 404.019058959548 144.37332751289628 401.94846864385886
444.2497904237981 404.019058959548 144.37332751289628 401.94846864385886
444.2497904237981 415.30229305068144 144.37332751289628 401.94846864385886
455.53302451493164 426.5855271418151 144.37332751289628 401.94846864385886
455.53302451493164 437.8687612329486 144.37332751289628 401.94846864385886
466.8162586060652 449.15199532408224 144.37332751289628 401.94846864385886
476.8844677446472 456.64445305135445 147.26079406315418 409.98743801673606
463.7589460216577 464.197492453545 150.2060099444173 418.1871867770708
462.2568859222136 471.98960183268935 153.21013014330563 426.55093051261224
462.2568859222136 471.98960183268935 153.21013014330563 426.55093051261224
474.2308671691287 483.9635830796044 153.21013014330563 426.55093051261224
486.2048484160438 483.9635830796044 153.21013014330563 426.55093051261224
498.1788296629589 495.93756432651946 153.21013014330563 426.55093051261224
498.1788296629589 507.91154557343447 153.21013014330563 426.55093051261224
498.1788296629589 507.91154557343447 153.21013014330563 426.55093051261224
498.1788296629589 507.91154557343447 153.21013014330563 426.55093051261224
498.1788296629589 507.91154557343447 153.21013014330563 426.55093051261224
510.152810909874 507.91154557343447 153.21013014330563 426.55093051261224
510.152810909874 483.9635830796043 153.21013014330563 426.55093051261224
498.1788296629589 460.01562058577406 153.21013014330563 426.55093051261224
510.152810909874 436.0676580919438 153.21013014330563 426.55093051261224
522.1267921567891 424.09367684502865 153.21013014330563 426.55093051261224
532.7386544239051 395.54024040280456 156.27433274617175 435.0819491228645
544.8826179924541 383.39627683425545 156.27433274617175 435.0819491228645
557.0265815610032 367.20432540952334 156.27433274617175 435.0819491228645
569.1705451295522 355.0603618409742 156.27433274617175 435.0819491228645
581.3145086981012 342.9163982724252 156.27433274617175 435.0819491228645
581.3145086981012 330.7724347038761 156.27433274617175 435.0819491228645
581.3145086981012 330.7724347038761 156.27433274617175 435.0819491228645
569.1705451295522 318.6284711353271 156.27433274617175 435.0819491228645
569.1705451295522 318.6284711353271 156.27433274617175 435.0819491228645
570.7026464309853 334.8679616873684 153.21013014330563 426.5509305126122
570.7026464309853 346.84194293428345 153.21013014330563 426.5509305126122
582.6766276779003 346.84194293428345 153.21013014330563 426.5509305126122
582.6766276779003 358.81592418119857 153.21013014330563 426.5509305126122
594.6506089248153 358.81592418119857 153.21013014330563 426.5509305126122
606.6245901717303 370.7899054281137 153.21013014330563 426.5509305126122
618.5985714186454 382.7638866750288 153.21013014330563 426.5509305126122
618.5985714186454 382.7638866750288 153.21013014330563 426.5509305126122
630.5725526655604 394.7378679219439 153.21013014330563 426.5509305126122
654.5205151593906 394.7378679219439 153.21013014330563 426.5509305126122
654.5205151593906 394.7378679219439 153.21013014330563 426.5509305126122
666.4944964063056 394.7378679219439 153.21013014330563 426.5509305126122
678.4684776532207 406.711849168859 153.21013014330563 426.5509305126122
678.4684776532207 406.711849168859 153.21013014330563 426.5509305126122
691.6234515350227 410.8937210366297 150.20600994441727 418.18718677707074
693.0960594756543 414.9935954167971 147.26079406315418 409.98743801673595
683.2565586596497 419.01308010323567 144.37332751289625 401.9484686438588
673.6159572235812 422.95375136445 141.54247795381985 394.0671261214302
664.1733393496178 426.8171545617189 138.76713524884298 386.34031972689235
654.92780739347 430.6048047551198 136.0462110282774 378.7650193400905
656.2615937761001 444.70129946465204 133.37863826301708 371.3382542549906
647.4076120514021 448.341870584799 130.76337084609514 364.0571120146967
658.6310821114158 461.85253418568124 128.1993831824462 356.91873726931044
658.6310821114158 451.91105795749223 128.1993831824462 356.91873726931044
668.5725583396049 451.91105795749223 128.1993831824462 356.91873726931044
668.5725583396049 461.85253418568124 128.1993831824462 356.91873726931044
668.5725583396049 461.85253418568124 128.1993831824462 356.91873726931044
668.5725583396049 461.85253418568124 128.1993831824462 356.91873726931044
668.5725583396049 471.7940104138704 128.1993831824462 356.91873726931044
669.8294150374721 485.078818111743 125.68566978671197 349.9203306561867
669.8294150374721 494.86442250305373 125.68566978671197 349.9203306561867
660.0438106461614 494.86442250305373 125.68566978671197 349.9203306561867
660.0438106461614 504.6500268943645 125.68566978671197 349.9203306561867
650.2582062548506 504.6500268943645 125.68566978671197 349.9203306561867
640.4726018635399 504.6500268943645 125.68566978671197 349.9203306561867
630.6869974722291 504.6500268943645 125.68566978671197 349.9203306561867
620.9013930809184 504.6500268943645 125.68566978671197 349.9203306561867
620.9013930809184 504.6500268943645 125.68566978671197 349.9203306561867
620.9013930809184 504.6500268943645 125.68566978671197 349.9203306561867
611.1157886896077 504.6500268943645 125.68566978671197 349.9203306561867
611.1157886896077 504.6500268943645 125.68566978671197 349.9203306561867
611.1157886896077 504.6500268943645 125.68566978671197 349.9203306561867
611.1157886896077 504.6500268943645 125.68566978671197 349.9203306561867
611.1157886896077 504.6500268943645 125.68566978671197 349.9203306561867
611.1157886896077 504.6500268943645 125.68566978671197 349.9203306561867
611.1157886896077 504.6500268943645 125.68566978671197 349.9203306561867
611.1157886896077 504.6500268943645 125.68566978671197 349.9203306561867
611.1157886896077 504.6500268943645 125.68566978671197 349.9203306561867
611.1157886896077 504.6500268943645 125.68566978671197 349.9203306561867
620.9013930809184 504.6500268943645 125.68566978671197 349.9203306561867
620.9013930809184 504.6500268943645 125.68566978671197 349.9203306561867
630.6869974722291 514.4356312856752 125.68566978671197 349.9203306561867
640.4726018635399 514.4356312856752 125.68566978671197 349.9203306561867
660.0438106461613 524.2212356769859 125.68566978671197 349.9203306561867
689.4006238200933 534.0068400682967 125.68566978671197 349.9203306561867
708.0267195786042 530.5076367617347 128.1993831824462 356.91873726931044
727.0679566130977 537.1000648222005 130.76337084609514 364.05711201469666
736.1434350716189 533.4594937020536 133.37863826301702 371.3382542549906
746.5265472386011 533.4594937020536 133.37863826301702 371.3382542549906
746.5265472386011 533.4594937020536 133.37863826301702 371.3382542549906
746.5265472386011 533.4594937020536 133.37863826301702 371.3382542549906
746.5265472386011 533.4594937020536 133.37863826301702 371.3382542549906
746.5265472386011 533.4594937020536 133.37863826301702 371.3382542549906
746.5265472386011 533.4594937020536 133.37863826301702 371.3382542549906
736.1434350716189 533.4594937020536 133.37863826301702 371.3382542549906
736.1434350716189 533.4594937020536 133.37863826301702 371.3382542549906
725.7603229046367 533.4594937020536 133.37863826301702 371.3382542549906
725.7603229046367 533.4594937020536 133.37863826301702 371.3382542549906
715.3772107376545 533.4594937020536 133.37863826301702 371.3382542549906
715.3772107376545 533.4594937020536 133.37863826301702 371.3382542549906
704.9940985706723 533.4594937020536 133.37863826301702 371.3382542549906
704.9940985706723 533.4594937020536 133.37863826301702 371.3382542549906
704.9940985706723 533.4594937020536 133.37863826301702 371.3382542549906
704.9940985706723 533.4594937020536 133.37863826301702 371.3382542549906
704.9940985706723 533.4594937020536 133.37863826301702 371.3382542549906
704.9940985706723 533.4594937020536 133.37863826301702 371.3382542549906
704.9940985706723 533.4594937020536 133.37863826301702 371.3382542549906
704.9940985706723 533.4594937020536 133.37863826301702 371.3382542549906
704.9940985706723 533.4594937020536 133.37863826301702 371.3382542549906
704.9940985706723 533.4594937020536 133.37863826301702 371.3382542549906
704.9940985706723 533.4594937020536 133.37863826301702 371.3382542549906
704.9940985706723 533.4594937020536 133.37863826301702 371.3382542549906
