112.0	174.0	23.0	18.0	
112.60233307	174.01023865	22.96340179	17.86320496	
113.28697968	174.10458374	22.89119148	17.97603416	
113.84002686	173.91175842	23.56550217	18.19057274	
114.73348999	173.98544312	22.80600739	18.06410027	
115.86206055	174.14639282	22.52232933	18.1895256	
116.23141479	173.73428345	23.46216774	18.68712234	
117.18276215	173.73034668	23.42286682	18.79171371	
118.01679993	173.85394287	23.83656502	18.87430191	
118.48731232	173.7419281	24.54460907	18.93441391	
119.39614105	173.72009277	24.27651787	19.07260132	
120.38825226	173.74490356	24.70444679	19.36506271	
121.25245667	173.87710571	24.68627548	18.90020561	
121.9825058	173.74168396	25.01932526	19.39691353	
122.81139374	173.56414795	25.36861801	19.7755146	
123.95773315	173.68988037	25.04819298	19.56959915	
125.31425476	173.66549683	25.00574493	19.97710037	
126.1676712	173.62023926	25.45697784	20.26195145	
126.91407013	173.65724182	26.46073914	20.05967712	
128.14329529	173.68380737	26.50617599	20.57994461	
129.27354431	173.80482483	26.56750298	19.89476585	
130.25267029	173.66152954	26.7870903	19.94699097	
130.98254395	173.43588257	28.21717644	20.93918991	
132.22799683	173.56376648	28.13154411	20.31316376	
133.54782104	173.74163818	28.07976151	20.00797653	
134.40049744	173.68566895	25.8806057	20.25439262	
135.69717407	173.72186279	28.67738914	20.57455444	
137.41693115	173.84736633	27.97352791	20.43106079	
138.74893188	173.85668945	29.03056526	20.71813965	
140.04423523	173.52120972	28.84630203	21.25058556	
141.44134521	174.04074097	28.8312645	20.27643013	
143.46011353	174.88623047	26.75209427	20.93642616	
144.24087524	174.05314636	29.83394814	20.63423538	
145.74169922	173.78379822	29.93632507	21.28783798	
147.90789795	174.1254425	28.22819138	20.96844482	
149.38464355	174.2653656	29.46130753	21.21541595	
150.75141907	173.91799927	30.12525749	22.09037018	
152.28955078	174.37844849	29.66647911	21.15949821	
153.94955444	174.11621094	30.31744957	21.56793976	
155.60385132	174.14776611	30.12605476	21.7455101	
157.58831787	174.53881836	30.66652679	21.56706429	
159.26452637	174.05108643	30.93229675	22.29692268	
161.78509521	174.63209534	29.90505028	21.67551041	
162.57513428	174.94346619	33.2035141	22.12509155	
164.89352417	174.57365417	30.09217453	23.55040359	
167.06663513	175.71101379	33.99772644	21.68147278	
168.69508362	175.96652222	34.65805435	21.68686485	
171.6084137	176.7086792	35.33806229	20.66472816	
171.94277954	175.52478027	37.19740677	22.78961945	
176.01940918	177.12710571	35.83063126	20.56344032	
178.0774231	177.11167908	36.37073517	20.91954803	
180.98768616	177.20133972	36.61842346	21.64001465	
183.04446411	177.65368652	37.25498962	20.53006363	
184.86375427	176.97036743	38.0266304	22.61709213	
186.95651245	177.09463501	38.36860657	21.77915382	
189.99058533	177.07055664	39.47296524	22.38181496	
193.43823242	177.36776733	39.32913971	22.92182922	
196.96656799	177.76179504	39.29898834	23.32148361	
200.7522583	178.11759949	37.76881409	22.99238586	
203.80706787	178.27896118	38.34337616	23.02896309	
206.32870483	178.10168457	40.39879608	23.07413292	
209.88825989	178.60890198	41.33033752	22.41088676	
213.76387024	178.94998169	39.6419754	22.85774231	
216.76817322	178.96731567	39.32883072	23.06697845	
220.12802124	178.75265503	40.85245132	24.18457794	
224.1567688	178.89448547	40.6062355	24.1859951	
228.42153931	179.33746338	39.97289276	23.7320137	
232.79403687	179.76307678	40.76496887	23.37187767	
237.80664062	179.94252014	38.63499069	24.19923019	
242.80328369	180.13142395	38.41080475	24.1763916	
247.5851593	179.95758057	38.56615829	25.7545929	
252.87654114	180.31484985	40.33722687	25.19406319	
258.35522461	180.95742798	39.4263916	24.42909622	
263.81900024	181.86929321	39.06958771	23.25001335	
269.19287109	181.75613403	40.61447525	24.26236916	
276.36453247	182.49505615	39.15897751	23.99839973	
282.5352478	182.83346558	41.67838669	24.00384712	
289.56329346	182.9513855	41.01726913	24.78716469	
296.85845947	183.29133606	42.03416443	25.22990608	
305.01800537	183.88179016	40.54745102	25.56672478	
312.20147705	183.92247009	41.68730927	26.18496132	
321.34869385	184.65815735	40.53388977	25.12883377	
330.21139526	184.84860229	39.3061409	26.29114151	
339.7835083	185.68630981	40.39117813	26.21394348	
349.45593262	186.18505859	40.71266937	26.34789658	
359.99359131	186.65374756	41.73779678	27.65147018	
371.24789429	187.93406677	39.68201447	26.43720245	
383.36608887	188.69689941	39.4624939	26.60965157	
396.4034729	189.09579468	39.77769852	28.84844589	
410.82794189	191.25622559	38.22504807	25.64582825	
426.93432617	191.90136719	36.99691772	27.25243378	
442.66244507	193.24353027	38.38296509	26.77350235	
459.83068848	194.45655823	33.22140884	25.66675758	
