5.0	171.0	21.0	15.0	
5.38370562	170.98802185	21.15202141	15.04859352	
5.62872458	170.8482666	21.63154411	15.3145504	
6.18577337	170.79168701	21.67371178	15.34675217	
6.99136448	170.95921326	21.11397362	15.09698296	
7.35086298	170.79312134	21.61967659	15.4376421	
8.33881474	171.04315186	20.67869949	15.00801659	
8.69676781	170.71188354	21.28581238	15.52868843	
9.04327583	170.69380188	21.44023514	15.68292046	
9.5971508	170.74871826	21.34012413	15.62450504	
10.23251534	170.65939331	21.2027359	15.87317753	
10.5986166	170.67210388	21.10620689	15.86262512	
11.21111584	170.61460876	20.82784462	16.00983047	
11.82495022	170.63414001	20.92605591	16.04346466	
12.17239189	170.61212158	21.23354912	16.16605759	
12.95766258	170.67440796	20.30575371	16.10311699	
13.27267647	170.38728333	21.02159119	16.52964783	
13.77159977	170.42445374	20.9786396	16.42917442	
14.19469452	170.35812378	21.10414696	16.51665878	
14.72711468	170.31867981	21.37278557	16.70375824	
15.35286999	170.37783813	21.48405266	16.60882568	
15.99938488	170.37969971	21.13462067	16.64519119	
16.53432655	170.42977905	21.40292549	16.65361404	
17.26473618	170.23269653	21.26869583	16.97885323	
17.90565491	170.1027832	21.3134346	17.25666428	
18.8581543	170.34689331	20.70310783	16.89328766	
19.20704651	170.29670715	21.17797089	17.03457832	
20.0445385	170.62315369	21.11739159	16.46378517	
20.64610863	170.31925964	20.91371536	16.97464752	
20.82351303	170.20535278	21.58452606	17.09430313	
21.26353836	170.30342102	22.17840195	17.00811195	
21.86609268	170.43955994	22.1524334	16.92952538	
22.1805191	170.41548157	22.81797028	17.12824249	
23.04750633	170.2223053	22.3229847	17.11651421	
23.37501526	170.31936646	23.14540482	17.11600494	
23.99898529	170.40284729	23.10043144	17.06609535	
24.7581768	170.24443054	22.60352898	17.21769333	
25.13728523	170.23812866	23.35472679	17.36693382	
25.54276085	170.48054504	24.03763962	16.99153328	
26.16912079	170.45825195	24.09169197	17.02562714	
26.76924133	170.28118896	24.04324722	17.42317581	
27.4460907	170.47279358	24.10977554	17.33135796	
28.16001511	170.43041992	24.03951645	17.50555992	
28.98106575	170.33039856	24.11084175	17.8286171	
29.51921272	170.59742737	24.36203766	17.57677078	
30.17466545	170.52215576	24.32359123	17.62196922	
30.98312759	170.67181396	24.57942581	17.42113113	
31.78702545	170.45309448	24.59882927	17.86167717	
32.60721588	170.37991333	24.84913254	17.65451622	
32.93422318	170.70289612	25.80904198	17.46780205	
33.92405319	170.82250977	25.51347542	17.37955475	
34.86763382	170.76924133	25.17865372	17.38064384	
35.73160934	170.83139038	25.17769241	17.45657349	
36.32336807	170.52488708	25.72670937	17.6883049	
36.72396851	170.6499176	26.49930191	17.78331566	
37.72977448	171.06355286	26.66405869	17.42643356	
39.26657867	171.21754456	25.46308136	17.25218964	
39.59284973	171.31036377	26.80659676	17.44874001	
40.48148346	171.23001099	26.93835258	17.38426208	
40.93680954	171.23918152	27.5597477	17.54218102	
42.17732239	171.43557739	27.13320541	17.41498947	
42.89908218	171.39460754	27.44338608	17.54183388	
44.0527153	171.60528564	27.30000687	17.48573494	
45.38962173	171.55854797	26.88193321	17.45767212	
46.24993896	171.7755127	27.43811607	17.53459167	
46.5050621	171.77035522	28.91480446	17.77123833	
48.03503036	171.50067139	28.46754456	18.01523209	
49.46157074	171.40177917	27.93665695	18.11815262	
50.25033569	171.20845032	27.96854591	18.44723129	
51.43834686	171.25158691	28.1424675	18.47620583	
52.32635498	171.01499939	28.86440277	18.75716019	
53.85105133	170.85623169	28.23706818	18.91291046	
54.7942009	171.44723511	29.08804893	18.50540543	
53.30388641	168.94743347	32.44845963	23.17747498	
57.53662109	171.21514893	28.77206802	18.74971199	
58.36991882	171.36773682	29.13131142	18.57846832	
59.60243225	171.42221069	30.19599533	18.83146477	
61.21735001	171.86459351	30.04177094	18.60844421	
62.74877167	171.48007202	29.61500931	18.86295128	
63.89127731	171.56721497	30.26396942	18.76244545	
64.92311859	171.49304199	31.09059525	19.19506454	
66.3915329	171.36743164	31.60678291	19.24308014	
68.03713226	171.4210968	31.66625977	19.10349846	
70.0878067	171.17434692	31.36638641	19.52825737	
70.71304321	171.50933838	32.9449234	19.33131027	
72.24729919	171.46746826	33.07107544	19.20036697	
73.94239044	171.67938232	33.60823822	19.06642532	
74.99045563	171.83042908	35.17300415	19.46146774	
77.06716156	172.10891724	34.63125229	19.3065567	
78.849823	171.94702148	35.06469345	19.53422546	
80.54892731	171.88496399	35.49246979	19.59068489	
82.41398621	171.67503357	35.55312347	19.90560532	
84.39344025	171.70204163	36.25550842	20.23044968	
86.58302307	171.9777832	36.26170731	20.2109108	
88.64838409	171.52290344	37.07235336	21.0392952	
90.6582489	171.68737793	36.85840988	20.75680161	
92.47119141	171.72923279	38.44254303	21.16143799	
94.90348053	171.79194641	38.43081284	21.16050148	
96.81847382	172.21743774	39.25896454	20.77994919	
99.01613617	171.83888245	39.55925751	21.36296463	
101.67292023	171.4568634	39.36560059	21.73480988	
103.31309509	171.94885254	41.42771912	21.84329414	
105.84538269	172.55073547	42.06819153	21.74523163	
108.17632294	172.27365112	42.49685669	22.15124702	
111.15461731	172.42579651	41.77102661	22.27189255	
113.69950867	172.69535828	43.49607468	22.51315689	
116.25431824	172.94148254	41.84236145	21.97371674	
119.77830505	173.15264893	41.07210541	22.46675682	
122.61903381	173.29379272	42.89183044	22.97901154	
125.63763428	173.31890869	41.99250031	22.99297333	
128.90013123	172.71122742	42.8030014	24.1868248	
132.0763855	172.80609131	43.21456146	24.25668716	
135.87327576	172.74397278	43.73052979	24.63847733	
139.07818604	172.91113281	44.99343109	24.82786179	
142.05464172	173.05151367	46.36755753	25.20916367	
146.71911621	173.46661377	44.71220016	24.93170357	
150.05688477	173.38128662	47.01970291	25.53464317	
154.40834045	173.09686279	46.62632751	26.73644066	
156.19458008	172.77772522	50.25763702	26.98488998	
161.25010681	173.0813446	48.81673431	27.07536507	
166.46368408	173.4511261	49.29119873	28.15483284	
171.02252197	173.45663452	48.38220215	27.82551193	
174.64439392	173.46237183	50.0231514	28.29603577	
178.68151855	173.69577026	52.11632156	28.75483894	
183.55480957	174.35089111	51.31835938	28.91902542	
187.10601807	173.74839783	52.10986328	30.02469063	
191.63621521	173.88905334	54.00277328	30.56430054	
194.60231018	173.5223999	57.12660599	31.79126358	
200.3409729	173.9329834	57.3534317	32.28941727	
205.16001892	174.11022949	57.28600693	32.42238998	
212.68247986	174.95159912	57.55583954	32.92208862	
216.22320557	172.9143219	60.07275009	36.052948	
222.33709717	172.03248596	60.2317009	37.48391724	
227.61924744	172.22543335	60.10152054	37.25311279	
232.78027344	171.92327881	62.63800049	38.76573563	
239.31788635	172.65080261	66.47903442	38.9663887	
244.25071716	172.6978302	65.29779816	38.87458801	
250.07562256	172.14755249	65.4302597	40.36752701	
257.2673645	173.41415405	70.09351349	40.06915665	
266.50537109	173.1360321	69.21175385	41.98271179	
271.74066162	172.27023315	67.11553192	43.18442535	
281.08224487	173.11134338	68.68371582	44.31933212	
288.57284546	173.77915955	70.86967468	44.74314499	
302.68081665	174.32019043	68.36639404	46.52814102	
311.30053711	174.24739075	72.32658386	48.24678421	
312.23739624	173.12644958	76.77922821	49.42889786	
321.96011353	172.60070801	78.86772156	51.45123291	
333.63446045	172.90678406	79.17320251	52.8103714	
349.76721191	174.77656555	78.14868927	53.18015289	
357.51467896	174.13467407	81.72901917	54.86842346	
369.8041687	175.56098938	81.6942749	54.52162933	
389.39245605	178.20831299	78.47177124	53.39231491	
401.98867798	175.49685669	78.12401581	61.67698669	
406.34753418	176.59042358	88.1754837	62.98250961	
406.09362793	172.8039856	74.00886536	61.33619308	
