86.0	175.0	20.0	10.0	
87.78580475	175.58634949	18.5466404	9.18827438	
90.27883148	177.16844177	14.53718472	8.53954029	
90.72145081	176.76582336	14.59166145	8.90509892	
90.62277222	176.98724365	14.51079178	8.84046459	
91.52255249	177.00285339	14.03753853	8.90892887	
91.71340179	177.01968384	14.39051151	8.93531227	
91.89399719	177.09533691	14.75209427	8.84646606	
92.5520401	176.88989258	14.46258068	8.92146873	
92.67589569	177.27372742	14.80879307	8.74443817	
93.11429596	177.20970154	14.80243492	8.63391113	
93.60207367	177.21514893	14.98199368	8.64373207	
93.99350739	177.30410767	14.87509537	8.48443222	
94.31121826	176.88479614	15.00206184	8.73623657	
95.28128815	177.11575317	14.65553188	8.67074013	
94.23360443	178.31092834	16.58615685	8.7942276	
94.59931946	178.16545105	17.09262657	9.04270744	
95.20684814	178.36399841	16.88317871	8.8096981	
95.46585846	178.30213928	16.69572449	8.6422224	
96.84280396	178.69104004	15.8483181	8.2295351	
96.9276123	177.91134644	16.00158691	8.80508232	
97.86978912	177.87960815	15.2242403	9.08027649	
98.98939514	177.85507202	14.5002346	8.67288017	
99.14414978	177.46983337	14.85043812	9.00567627	
100.04283142	178.0431366	14.98322487	8.71541595	
100.40908813	177.50021362	15.51548386	9.02210236	
100.86496735	177.46763611	15.18759155	8.73777485	
101.68586731	177.35215759	14.79461861	8.5378046	
102.01422882	177.48565674	15.642313	8.67746925	
102.87770844	177.26997375	14.96261692	8.62865353	
104.09579468	178.34344482	14.71913433	7.90235043	
106.36745453	176.17518616	15.15991306	10.24516582	
104.86224365	177.60577393	15.50190639	8.39512348	
105.92442322	177.33325195	14.34346008	7.94277334	
106.13526917	177.44598389	15.84714031	8.80521774	
107.54090118	177.31005859	14.49110699	8.36227036	
108.38180542	177.25439453	14.29076195	8.03203678	
109.02698517	177.61219788	14.61987305	8.03356934	
110.51228333	177.20944214	13.6958952	8.05254555	
110.89793396	177.37112427	14.35381603	7.89960289	
111.52885437	177.35676575	14.96634293	8.40509033	
112.07207489	177.56074524	15.04652882	7.89180183	
113.2359848	177.47875977	14.60455036	7.6468153	
114.46559906	177.51243591	14.32748318	7.68642139	
115.71181488	177.3817749	13.7562294	7.53578186	
116.40415955	177.38609314	13.89762592	7.56169033	
117.56747437	177.38996887	13.228508	7.2306385	
118.7329483	177.3656311	12.99276924	7.26879358	
119.77985382	177.33694458	13.41448593	7.53426838	
120.37818909	177.43423462	13.96204185	7.37481117	
121.03561401	177.34849548	14.59291077	7.71072054	
123.05535126	172.80358887	14.32636547	10.87577915	
123.04315186	177.60879517	15.5931282	8.21956253	
124.17650604	177.57185364	16.01327133	8.31565857	
125.10081482	177.52990723	16.73005295	8.67504978	
126.10330963	177.34341431	17.19722748	8.98262501	
128.04197693	177.14109802	16.49954987	9.56253338	
130.1431427	172.64285278	15.95893097	12.11513042	
132.14520264	173.36158752	16.07515335	12.2033596	
131.08755493	176.19241333	19.89328384	11.11352921	
132.97982788	176.9392395	18.29143715	9.98804474	
135.27656555	174.36801147	16.08566284	12.21133423	
135.8140564	176.7849884	17.97447205	9.95550919	
137.86643982	176.78561401	16.74428368	9.79918575	
138.82344055	176.55351257	18.35273933	10.27380562	
140.4357605	178.98512268	15.76862526	9.15474415	
142.65997314	178.77905273	14.02994919	8.67026711	
144.16456604	179.09388733	14.47114944	8.97489357	
145.63171387	178.60823059	14.41016388	9.0367651	
147.60900879	179.62930298	13.57516956	8.97537327	
149.50466919	178.30926514	13.64339638	8.66120815	
151.57415771	178.99084473	12.71539688	8.33257389	
153.77624512	178.93490601	12.37352467	8.26634121	
155.35649109	179.61404419	13.33680248	8.63584709	
157.64253235	178.92349243	12.10971832	8.16534138	
159.32875061	179.09106445	12.76373291	8.42803669	
161.1366272	178.77011108	13.01161194	8.44549274	
163.55554199	178.59841919	12.2107563	8.57089424	
165.89112854	178.85441589	11.90938473	8.26889515	
168.16142273	179.02754211	12.29824638	8.42119312	
169.21789551	174.56356812	13.24808884	10.55363083	
172.87020874	176.14627075	13.42242622	10.69250965	
175.40470886	177.05244446	13.74836922	10.95215988	
177.26115417	179.00273132	14.01349354	7.9040122	
180.11608887	178.22702026	13.82787514	8.41611958	
182.46118164	173.77403259	14.11825657	11.24681664	
185.14916992	173.47396851	14.45324993	11.5136776	
188.253479	173.90367126	14.19818401	11.3104887	
190.89251709	173.79151917	14.44672585	11.50848007	
194.70147705	173.6166687	14.79127789	11.78295612	
197.87263489	173.44941711	15.02942848	11.9726696	
201.77342224	174.2616272	15.18054867	12.09305286	
208.07795715	178.07369995	15.1817379	12.09399986	
215.68103027	179.44688416	15.15199852	12.07030964	
216.16049194	176.51004028	15.28333473	12.17493343	
222.26068115	178.32620239	15.35966587	12.23573971	
227.259552	178.53147888	15.41272449	12.27800846	
227.90238953	175.33349609	15.72016907	12.52292347	
232.60824585	174.88467407	15.96743011	12.71989441	
239.37432861	176.05316162	15.789711	12.57831955	
245.56895447	177.53927612	15.68165779	12.49224281	
248.70907593	175.82621765	15.88393116	12.65337658	
251.42179871	175.81558228	15.86554527	12.63873005	
257.88345337	175.03094482	16.19280815	12.89943123	
268.70828247	177.70895386	16.65699387	13.26920795	
274.61911011	176.61976624	16.9569149	13.50812721	
277.15240479	177.63302612	18.91449738	11.78498363	
285.07727051	177.26374817	18.7982254	12.97757626	
292.49801636	177.58451843	18.36757851	12.56842709	
298.95446777	177.29379272	18.92380333	10.91893482	
308.06570435	178.28347778	18.5362339	10.56046486	
317.48855591	173.83666992	16.32445145	13.00429916	
326.79104614	175.06271362	16.79574203	13.37973785	
338.5090332	178.69245911	16.73968124	12.2492609	
345.84088135	174.50631714	16.21347046	12.9158926	
348.66918945	182.79771423	16.7833252	13.36984921	
354.54714966	181.79953003	16.44728661	13.10215473	
346.0960083	177.29838562	16.66794777	13.27793694	
340.97833252	172.01531982	16.34403229	13.01990223	
