382.0	150.0	28.0	27.0	
382.02941895	150.02276611	27.95388222	26.89424133	
382.04803467	150.00546265	28.04915237	26.81552696	
382.07156372	150.0369873	27.96767235	26.98280907	
382.06231689	150.02059937	28.00147629	27.00669861	
381.99530029	150.0446167	27.95168114	26.84679604	
382.07110596	150.04426575	28.06714821	26.81593704	
382.20663452	150.13191223	27.78073692	26.67615318	
382.15600586	150.08435059	27.80116653	26.90859985	
382.12094116	150.09182739	27.96389771	26.79888344	
381.96243286	150.02258301	28.13833618	26.92998695	
382.06161499	150.13415527	27.92494583	26.8596077	
382.00106812	150.04525757	27.91703224	26.95955849	
382.06359863	150.02281189	27.97337723	26.9801693	
382.15054321	150.04777527	27.70241737	26.93177223	
382.10757446	150.08816528	27.99315834	26.8132515	
382.00161743	150.02938843	28.11842728	26.87246323	
382.06311035	150.07199097	28.04335976	26.91479874	
382.13201904	150.05751038	27.88308334	26.86853409	
382.0640564	150.01095581	27.92834473	26.94275284	
382.05026245	150.03237915	27.95252419	26.8623848	
382.04907227	150.0899353	27.88329506	26.87719727	
382.06121826	150.37588501	27.93241882	25.98307419	
382.12112427	150.37301636	27.84957886	25.86987305	
382.05764771	150.42666626	27.95746994	25.8424778	
382.09326172	150.43721008	27.74629784	25.87623978	
382.00338745	150.61526489	27.94171143	25.6510067	
382.06195068	150.52905273	27.75571823	25.76599693	
382.02301025	150.51205444	27.97543907	25.72215271	
382.0065918	150.67436218	27.93120766	25.64634705	
382.05429077	150.71894836	27.93830299	25.55301857	
382.03033447	150.59347534	27.8686409	25.72358322	
381.98672485	150.67373657	27.9768219	25.55820274	
382.06439209	150.53791809	27.88863754	25.62905502	
382.88092041	149.73612976	27.97008133	25.86602402	
383.75302124	148.84083557	27.67107773	26.4974308	
384.24130249	148.07504272	28.05615807	26.75825882	
385.16696167	147.30276489	28.04099083	25.86858749	
385.33032227	147.34802246	27.82395554	25.71766663	
385.37841797	147.34603882	27.81219101	25.70286179	
385.19680786	147.39476013	28.1283989	25.71033859	
385.31152344	147.34292603	27.87395096	25.77028847	
385.24517822	147.36383057	28.11983109	25.65785599	
385.19815063	147.25390625	28.09359169	25.85852051	
385.30099487	147.00526428	28.02692032	26.67029762	
385.35345459	147.02568054	27.82838058	26.47942734	
385.24203491	147.27055359	27.91753578	26.2767067	
385.21676636	147.10986328	27.75067711	26.57460594	
385.28164673	147.08952332	27.87772751	26.40999985	
385.31765747	147.21418762	27.85484695	26.31651878	
385.20770264	147.16555786	27.88803673	26.30232239	
385.32876587	147.24780273	27.8046875	26.17414474	
385.35772705	147.17729187	27.79323196	26.26675415	
385.4213562	147.13513184	27.68316078	26.41238976	
385.45217896	147.17944336	27.63184547	26.32153893	
385.27774048	147.1993103	27.84137535	26.38476562	
385.4586792	147.2192688	27.62943077	26.1705265	
385.39141846	147.1678772	27.68062782	26.2402153	
385.2789917	147.04769897	28.01317978	26.45598793	
385.31536865	146.9519043	27.93774986	26.61403847	
385.37680054	146.8633728	27.90271378	26.69310379	
385.34893799	146.86776733	27.98215675	26.85899925	
385.35095215	146.82424927	27.93907738	26.8826561	
385.29867554	146.77018738	28.04079247	27.03264809	
385.24945068	146.67446899	28.15550232	27.18154907	
385.31790161	146.69213867	28.04255295	26.99733543	
385.39422607	146.7013855	27.91694641	27.02724266	
385.28616333	146.81962585	27.96956444	26.93439865	
385.23590088	146.79978943	27.9702301	27.07680702	
385.35818481	146.91291809	27.87925148	26.74393272	
385.37231445	146.96821594	27.85761642	26.66579628	
386.10287476	147.38459778	26.76462746	25.76135254	
385.878479	147.03225708	27.36016273	26.25443459	
385.76089478	146.99526978	27.55049706	27.84567261	
385.72250366	146.12849426	27.92330551	28.9051857	
385.37722778	147.55004883	29.24858665	28.20400429	
385.30722046	147.33023071	30.21860313	29.1393795	
385.0043335	144.88777161	29.0985508	31.45049095	
385.47451782	144.59036255	28.4591732	30.9099617	
384.61199951	144.56930542	29.49066162	31.78374672	
385.41766357	144.68563843	29.40258789	31.96787643	
385.03631592	144.88157654	29.67186356	31.93916702	
386.75982666	145.55551147	30.23775101	32.00539398	
390.30895996	144.80314636	28.79947853	32.2029953	
389.47183228	143.00708008	31.42884827	30.3064003	
385.76821899	141.34492493	31.22513962	30.10997009	
381.4697876	142.14988708	31.98575974	30.84342957	
377.21939087	139.87149048	31.49762917	30.37273026	
377.43621826	133.07473755	31.08013344	29.97014236	
372.45025635	123.27675629	31.94310951	30.80229568	
383.26397705	118.03141785	31.62330246	30.49391174	
382.21636963	120.28530121	32.52662277	31.36497116	
384.72537231	116.32696533	32.34716034	31.19192123	
380.43197632	115.09072113	32.00974274	30.86655235	
372.34378052	111.78056335	31.68175697	30.55028152	
335.43704224	118.93486023	31.42752457	30.30513	
323.87728882	123.72523499	31.15935135	30.04653358	
309.68099976	129.33758545	31.1821804	30.0685482	
313.0718689	142.96231079	31.30853844	30.19039345	
306.14007568	155.64920044	31.98206711	30.83986855	
305.47894287	161.07215881	32.37317276	31.21700478	
305.37698364	161.3727417	32.45832443	31.29911423	
304.40411377	157.03022766	31.98314285	30.84090233	
303.90240479	160.4304657	32.08544922	30.93955421	
306.25033569	157.66061401	32.44691467	31.28811073	
304.85049438	160.21585083	32.78518295	31.61429787	
306.67922974	160.70547485	31.99925804	30.85644531	
307.53497314	155.99023438	31.97295761	30.83108139	
306.69976807	154.15197754	31.64049149	30.5104866	
307.29760742	151.18089294	32.268013	31.11559486	
304.56704712	152.28694153	32.02389908	30.88019753	
305.5211792	152.38827515	32.11504364	30.96808434	
304.80981445	155.48410034	31.54949951	30.42273903	
309.26528931	151.14846802	31.45207787	30.32879639	
301.1663208	151.52584839	31.28167343	30.16448021	
303.81985474	154.67900085	31.77864647	30.64370728	
303.25888062	156.06005859	31.66066933	30.52994156	
301.21105957	154.64071655	31.6161747	30.48703575	
303.26177979	154.46037292	32.0340004	30.88993835	
302.41375732	157.05369568	32.28678894	31.13369751	
297.25408936	165.00892639	33.29356384	32.10451508	
299.25918579	168.98843384	33.03047943	31.85083008	
299.57611084	163.80484009	33.33348083	32.14300919	
301.15936279	168.12301636	33.53314972	32.3355484	
298.56207275	166.4604187	34.92063522	33.67348099	
299.88577271	160.45718384	35.1062851	33.85250092	
298.2802124	161.66775513	35.04426956	33.79270172	
297.62637329	162.76249695	34.95028687	33.70207214	
298.28897095	158.57202148	36.03508759	34.7481308	
297.61785889	162.43429565	36.44277191	35.14125824	
296.91967773	159.66964722	36.57129669	35.26519394	
298.8309021	159.43347168	36.24459839	34.95016479	
301.86358643	157.98664856	36.72357941	35.41204071	
295.65341187	159.10380554	37.41646576	36.08017731	
298.25326538	165.16079712	38.12201691	36.76052856	
297.5194397	163.14884949	37.30421066	35.97193146	
300.12838745	152.37637329	36.54242706	35.23735428	
296.65463257	160.20211792	37.06272888	35.73907089	
301.10552979	156.88583374	38.08195877	36.72190094	
296.19619751	158.33624268	38.30799484	36.9398613	
298.90078735	159.43545532	38.67729187	37.2959671	
298.71981812	151.26179504	39.20121002	37.80117416	
295.20050049	159.31881714	39.32794952	37.92338943	
297.20269775	156.78805542	38.29372406	36.92609787	
298.49649048	157.37150574	38.34934235	36.9797287	
298.76278687	153.77815247	38.14351273	36.78125	
296.87915039	160.89082336	38.04787064	36.68902206	
297.51062012	155.95666504	38.06303787	36.70365143	
298.04620361	155.27815247	38.02097321	36.66309357	
300.43896484	160.48162842	37.36977005	36.03514862	
298.36746216	150.35586548	37.71049118	36.36370468	
310.65878296	138.8979187	38.18120193	36.81760788	
313.52420044	136.45628357	38.40331268	37.03178406	
308.57452393	131.11779785	37.80053711	36.45053864	
313.56304932	125.95173645	36.65552521	35.34641647	
306.8237915	137.68634033	37.02883148	35.70639038	
300.10888672	144.64260864	37.51882172	36.1788826	
298.97515869	148.8666687	37.47665024	36.13822174	
300.17559814	154.30207825	38.05070114	36.69177246	
296.30853271	156.81825256	38.41720581	37.04518509	
299.17181396	154.22183228	38.21248627	36.84777832	
300.86203003	148.99284363	38.27135468	36.90454865	
300.37542725	155.06596375	37.28493881	35.95336151	
297.70648193	163.53991699	37.58655167	36.24420166	
299.21194458	163.02191162	37.61043167	36.26722336	
299.74462891	166.73171997	37.34805679	36.01421738	
305.17977905	180.14353943	36.77494049	35.46156693	
311.44091797	190.5231781	35.32149506	34.06002808	
307.61172485	181.88639832	35.31375122	34.0525589	
312.80151367	195.64395142	34.59789276	33.36226654	
315.24957275	196.96484375	33.10374069	31.92147827	
315.87005615	199.9972229	32.51354218	31.35235596	
315.46746826	197.63345337	32.7518158	31.5821228	
313.64001465	196.29693604	32.34508896	31.18992043	
310.93270874	194.29672241	31.79437637	30.65887451	
317.49771118	200.44363403	30.99358177	29.8866787	
318.13647461	202.71740723	29.82966614	28.76433182	
318.81192017	205.05334473	28.13780212	27.83510208	
319.5737915	205.14201355	28.02217102	28.02918053	
319.16860962	206.28735352	28.10771179	27.63596153	
319.06509399	204.79476929	27.82151413	27.76593399	
319.50222778	205.42744446	27.84135818	27.81991005	
319.26898193	204.76550293	27.83816528	27.85448265	
319.5562439	204.72875977	27.92141342	27.68471336	
319.64071655	205.06538391	27.49701881	27.47139549	
319.33996582	204.78219604	28.0499115	27.82241249	
319.42001343	204.83688354	27.92032242	27.90376663	
318.99908447	204.78930664	27.76282883	27.62521935	
318.97479248	204.78672791	27.94618797	27.78344345	
319.41964722	205.14375305	27.78649902	27.74041367	
319.68478394	205.44311523	27.85808182	27.65415001	
319.37411499	205.10095215	27.33108139	26.75782394	
319.41122437	205.05102539	27.35597229	27.24808693	
319.34454346	205.05851746	27.50228882	27.19400597	
319.23907471	204.27468872	27.3997097	26.33967209	
319.59277344	204.69059753	27.07244873	26.58278275	
319.60888672	205.4934082	26.83860779	26.54184914	
319.62747192	205.38259888	27.03206444	27.03775597	
319.36029053	204.59669495	27.31825638	27.44799232	
319.41854858	204.88945007	27.06992722	27.44591141	
318.71395874	204.74246216	27.45825195	26.47761154	
319.30633545	203.75410461	27.66693115	27.97630692	
318.98193359	204.79257202	27.79909706	28.68023682	
318.84292603	203.90791321	28.03607559	28.63059616	
319.08389282	203.75621033	27.8351593	28.25509071	
319.06158447	203.93354797	27.82255173	28.53610229	
317.84466553	201.99081421	27.86353683	30.97007179	
314.04693604	204.66807556	28.59324265	27.57206345	
308.09164429	203.20809937	28.15231895	27.15035057	
308.27087402	203.0743103	28.39344215	26.77194214	
308.46102905	203.20822144	27.8760376	26.56620216	
308.97521973	203.50691223	27.92346191	26.32525635	
308.77426147	203.10458374	27.78503799	26.56805801	
309.02520752	203.21563721	27.63588524	26.46141624	
309.16891479	203.00160217	27.95084763	27.63224792	
309.43359375	204.80444336	27.88269043	27.10638428	
310.88873291	205.40542603	27.37542725	28.6771431	
312.94366455	209.03161621	26.92045593	29.45306396	
312.19085693	213.4733429	26.72055054	28.53757095	
312.2069397	216.68295288	27.64249802	26.42659378	
312.42886353	217.14823914	27.55848312	26.06482887	
312.78994751	217.33374023	27.85720444	26.02616882	
313.012146	217.00517273	27.66325378	26.15441322	
314.55587769	217.96664429	25.83445168	29.16259766	
314.56384277	220.64428711	27.15769577	26.36824417	
314.59335327	221.88191223	27.61017418	26.31809425	
315.09521484	221.57785034	27.71369362	26.50899696	
314.92520142	222.47695923	27.40564537	26.40692711	
314.52163696	221.68444824	27.63373375	26.42058754	
315.19876099	222.88664246	27.22818565	26.34254074	
314.98345947	222.1789856	27.24541855	26.28177834	
315.10806274	221.92007446	27.73871803	26.59692955	
315.09442139	220.32778931	28.16090775	27.06271935	
315.43084717	219.45300293	27.22616577	26.25380898	
316.84579468	220.01972961	26.72587967	27.16559792	
316.79995728	219.4355011	26.88786888	26.84265137	
317.15960693	219.63912964	26.5580349	26.8469696	
316.84552002	219.91288757	27.21450233	27.50151443	
317.08486938	219.71154785	26.49189186	27.12194443	
316.77041626	219.38252258	26.63920021	27.05778122	
317.20657349	219.49760437	26.64066124	27.53667641	
316.46508789	219.53974915	27.0815773	28.07067299	
316.38546753	219.50537109	26.31782532	27.50883865	
314.57183838	219.13825989	25.9236908	24.99785995	
314.89828491	216.60049438	26.56410599	25.61540604	
315.83392334	219.56611633	26.99733925	26.03316689	
319.39752197	222.73669434	26.86662865	25.90712357	
320.60830688	227.19587708	27.77928162	26.78717995	
311.89611816	221.15766907	27.49189377	26.51005936	
306.43218994	215.30026245	27.17325401	26.20280075	
302.34216309	200.52140808	26.71682358	25.76267052	
305.2612915	191.02867126	26.83934402	25.8808136	
314.7640686	163.10134888	27.38150978	26.40361404	
321.37124634	160.13290405	27.1736412	26.20316696	
325.61932373	155.06164551	26.36758804	25.42589951	
323.98416138	137.69911194	26.79283142	25.83595657	
325.13214111	156.61056519	26.91643143	25.95513916	
315.92211914	158.88661194	27.10329819	26.13533401	
321.36383057	151.15715027	27.38835526	26.41021156	
317.94595337	160.04107666	27.92539597	26.92807388	
323.78085327	143.39822388	28.29887009	27.28821182	
328.51959229	141.35676575	27.77061844	26.77882767	
337.17196655	134.21820068	27.70337296	26.71398354	
330.31582642	131.14213562	28.06262207	27.06040001	
332.32971191	135.88398743	28.52918625	27.5103035	
323.58053589	137.69268799	28.5401001	27.52082825	
329.8175354	140.5847168	28.70124435	27.67621803	
333.77496338	136.90890503	28.74425316	27.71769142	
330.26675415	137.95690918	28.45736313	27.44104958	
331.71484375	136.69837952	28.47410202	27.45719337	
334.45205688	127.30175781	28.65636635	27.63294601	
335.70092773	125.72025299	28.52227783	27.50364685	
342.18911743	125.65559387	28.29912949	27.28846741	
351.35189819	128.60586548	28.06948471	27.06702614	
343.71960449	141.54193115	28.42884254	27.41354942	
340.91647339	128.84098816	28.4952755	27.47760963	
328.52218628	133.97940063	28.51020813	27.49201012	
328.87005615	137.24180603	28.81247902	27.78348732	
335.15686035	139.49917603	28.80948448	27.78059959	
329.80831909	144.74674988	29.0884285	28.04958534	
329.51010132	141.16448975	29.50744629	28.45363426	
324.70379639	126.70167542	28.74903488	27.72230911	
325.50299072	137.29153442	27.56272316	26.57836342	
320.71792603	144.97915649	27.31589127	26.34034729	
307.96096802	137.46078491	26.81858253	25.86079788	
318.50088501	141.3999176	26.41173363	25.46848106	
314.83172607	143.5897522	26.24113464	25.30397415	
316.76104736	143.87411499	26.22447777	25.28791428	
315.39633179	144.56921387	26.70763779	25.75382042	
322.05609131	155.99610901	26.52051735	25.57338142	
329.1383667	153.35952759	27.12867355	26.15982056	
331.76080322	147.7447052	27.42301559	26.44365311	
322.47515869	130.77363586	26.85327721	25.89426231	
320.29556274	110.53613281	27.02299118	26.05791664	
319.25585938	107.86798096	27.24488258	26.2718811	
315.87115479	106.71185303	27.11455917	26.14621353	
326.78485107	110.51118469	26.29797363	25.35878944	
332.79663086	105.58677673	26.09565735	25.1637001	
333.49163818	104.03446198	26.14801598	25.21419144	
335.44500732	100.9723053	26.10037231	25.16824722	
330.72793579	90.3662262	26.0383091	25.10839844	
327.25775146	88.56804657	26.16788673	25.23334885	
338.44937134	75.37906647	26.29885292	25.35963631	
344.56570435	66.66213989	26.12369728	25.19073677	
331.25305176	59.12236404	26.2804718	25.34191322	
329.54656982	46.49034882	26.63162231	25.68052673	
327.6000061	42.16674042	26.70628357	25.75252151	
315.77865601	47.95928192	26.89123917	25.93087196	
322.56011963	49.49000931	27.27910423	26.30488586	
331.43032837	57.96244431	27.23793983	26.26519203	
333.12387085	63.93787766	26.57662964	25.62749863	
332.02874756	63.83092117	27.05115891	26.08507919	
331.96575928	67.55192566	27.46101379	26.48029709	
340.5447998	61.81151581	26.8686161	25.9090538	
336.50726318	66.51824951	26.75902367	25.80337524	
335.73422241	63.82629395	26.17420006	25.2394371	
331.80609131	58.74430084	26.00758743	25.07877159	
319.49316406	57.05249786	25.61661911	24.70176506	
316.68722534	48.24281693	25.24108124	24.33963585	
312.37420654	56.81252289	25.30815697	24.40431595	
313.10357666	68.34551239	25.73886681	24.81964493	
313.5350647	83.96766663	26.47985458	25.53417015	
330.60818481	88.45054626	26.75920105	25.80353928	
337.58572388	86.29148102	27.09601212	26.12832069	
336.1605835	91.83751678	27.70826149	26.71870422	
339.48040771	94.38539124	27.47445107	26.49324417	
343.46356201	98.87874603	28.20131493	27.19415283	
334.23706055	99.50878906	27.50968361	26.52721786	
329.53460693	101.18139648	27.90026855	26.90385056	
344.9354248	96.40002441	27.95804787	26.95956421	
352.27938843	93.95858002	28.11913109	27.11489487	
347.75653076	94.55145264	28.37886429	27.36535072	
345.1769104	100.79070282	28.54439354	27.5249691	
345.31835938	100.77035522	28.67165565	27.6476841	
339.36712646	99.91828156	28.13982582	27.13484573	
328.40344238	102.0865097	28.508255	27.49011612	
321.92895508	110.07662201	27.97861099	26.97938919	
323.26889038	117.25134277	28.16838646	27.16238785	
328.31170654	115.02520752	28.24862289	27.23975754	
325.25128174	116.7615509	28.3194828	27.3080864	
328.14453125	116.51930237	28.80360794	27.77492142	
328.17529297	117.04465485	28.05888939	27.05679893	
327.45941162	120.0665741	28.31212807	27.30099106	
341.70614624	128.8704071	28.37659836	27.36315918	
374.39312744	146.26631165	29.93439865	28.86532593	
380.94390869	150.48709106	29.93361855	30.37824631	
380.82669067	149.14465332	30.51887512	32.05092621	
379.15093994	147.41925049	30.74203873	34.31957626	
379.77011108	149.66731262	29.57695007	32.96562195	
378.043396	152.41625977	30.64427567	29.54985046	
380.65118408	151.6750946	29.58515549	32.85426712	
382.23919678	156.11955261	31.06690598	29.95738602	
380.6784668	154.39971924	30.76026917	29.66169739	
377.38336182	154.13916016	30.30115318	29.21897888	
380.05111694	150.04255676	30.60361671	31.88042831	
380.27450562	150.12727356	31.16581345	29.73793983	
379.36212158	150.02719116	31.22495461	30.09132957	
380.02151489	150.50892639	30.64751053	29.50244141	
379.83569336	150.59674072	30.68881226	29.4203701	
379.62371826	150.29244995	30.66602707	29.49918747	
379.74029541	150.47134399	30.64728928	29.33374023	
380.05566406	150.09077454	30.6411705	29.24368668	
379.89334106	150.587677	30.34684753	29.05102158	
379.98028564	150.5592804	30.44905663	29.11990738	
379.94192505	150.08879089	30.62877274	29.25261307	
380.06057739	150.22157288	30.85973167	29.25393295	
381.39025879	149.2167511	30.23732376	28.99211121	
380.90942383	148.55207825	30.28785706	28.79387474	
381.13412476	149.03657532	32.169487	29.62482643	
384.67269897	149.71357727	32.76521683	29.25183105	
387.97366333	147.73995972	31.60300827	30.02026939	
390.94247437	149.64611816	31.79627609	29.29694748	
393.58444214	146.59268188	30.44789696	32.75626373	
395.19061279	145.23847961	30.55258751	31.66280174	
394.68548584	148.04368591	29.91784286	35.48839569	
398.42425537	150.72445679	31.7578392	30.62365341	
401.03363037	147.27474976	32.92889023	31.7528801	
387.74993896	147.12510681	33.98640823	32.7726326	
380.081604	146.61225891	33.95148468	32.73895645	
381.14645386	156.48129272	33.65433884	32.45242691	
359.56356812	166.46768188	33.0100708	31.83116722	
356.52410889	170.81796265	32.17893219	31.02971268	
357.50750732	164.88540649	31.14139748	30.02923203	
353.51531982	171.55354309	31.67734718	30.5460453	
355.27301025	166.22451782	30.8984642	29.7949791	
354.77545166	173.34823608	30.83216858	29.7310524	
350.4800415	201.68260193	29.94501877	28.87558556	
337.29290771	230.9875946	29.44763756	27.71794701	
325.36166382	234.14038086	28.33221054	27.21651077	
325.74499512	233.53755188	27.96665382	27.32349777	
325.30215454	233.90750122	28.1617012	27.30139542	
324.83837891	233.38949585	28.22047997	27.04144287	
324.88119507	233.68608093	28.02028465	27.23214149	
325.28890991	233.88931274	27.89327621	27.22948837	
324.67532349	233.44230652	28.48441696	27.14866066	
325.09545898	233.6789093	28.27296829	27.13834763	
325.33804321	233.59848022	27.67481041	26.71425819	
325.31576538	233.82788086	27.51709366	26.75479698	
324.67349243	234.14974976	28.08006859	26.38273239	
325.10488892	233.65664673	28.31484413	27.09973526	
324.70751953	234.03295898	28.54237747	27.18451881	
323.8175354	232.99514771	28.30897903	27.2979641	
324.5909729	233.70010376	28.4132843	27.2889061	
324.62145996	234.08682251	28.45856285	26.90551186	
325.00698853	233.89151001	28.38643837	27.09827232	
324.71368408	234.13395691	28.69473648	27.07172203	
325.02172852	233.99165344	28.61873245	27.41688538	
325.25448608	233.84106445	28.43179703	27.08745766	
325.36468506	234.33383179	28.49267197	27.27147865	
325.11578369	234.11991882	28.4291954	27.07007217	
324.91323853	234.02998352	28.82216263	27.10552597	
328.37332153	231.0340271	28.82128906	27.79197311	
325.78701782	233.22163391	28.26046371	27.66045189	
325.53656006	233.85385132	28.48311234	27.83025742	
325.20462036	233.44393921	29.05190468	27.44091225	
325.28582764	233.53569031	28.61845398	27.39729881	
325.48651123	233.82998657	28.70772743	27.63949013	
323.76205444	233.11360168	30.3487606	27.62394333	
323.27297974	233.87944031	28.7522831	26.90969849	
323.34002686	233.92512512	28.92293167	26.84381676	
322.80773926	233.67106628	29.39591026	26.62831688	
323.71658325	234.08500671	28.82293701	26.71161842	
323.24017334	234.08674622	29.61790085	26.78502274	
323.28475952	234.48847961	29.46476746	27.28924561	
323.30105591	234.20275879	29.21390915	26.67581558	
323.33621216	234.3976593	28.85302353	26.53790283	
323.66714478	234.5484314	28.86519814	26.85021019	
323.48300171	234.4201355	29.04462242	26.69906235	
323.21850586	234.29975891	29.24969482	26.86560059	
323.44052124	234.4744873	28.69691467	26.68009377	
323.8125	234.35067749	28.39265442	26.57910538	
323.44366455	233.99887085	28.96467972	26.94823265	
324.22491455	234.70458984	28.16076088	26.98113441	
323.82073975	234.42971802	28.28121376	26.67746544	
323.75469971	234.38034058	28.17623329	26.84349632	
324.13827515	234.64889526	27.49801636	26.50007248	
323.89886475	234.27055359	28.0700016	26.79367638	
323.46060181	234.42227173	28.27929115	26.83302689	
323.90551758	233.9617157	28.09777451	26.6066227	
323.60406494	234.07943726	28.5947628	26.95379639	
323.59332275	233.99307251	28.62996483	26.89838028	
323.44165039	233.8556366	28.77734756	27.01405907	
324.22427368	233.65983582	27.94285965	27.10631752	
323.32461548	233.8613739	28.97257614	27.85556602	
322.59844971	232.7339325	28.81364822	27.7845974	
321.87780762	232.85586548	29.70997238	29.38854408	
323.40081787	232.97468567	29.31816101	31.20586205	
323.26174927	234.25537109	29.70216942	30.69148636	
322.34368896	232.21731567	30.36235428	30.24019241	
322.72418213	233.51977539	29.91123009	28.24580002	
