125.0	167.0	13.0	44.0	
125.97483063	167.34095764	12.40714264	44.87609863	
126.26546478	167.36872864	12.92655182	44.61758804	
128.12153625	166.5370636	12.40483665	45.2660141	
128.14819336	166.17845154	14.13598824	45.71110153	
128.83724976	168.1700592	13.08249378	42.39356995	
129.65901184	168.51644897	11.97595501	42.05124664	
129.37179565	166.36520386	13.11581707	44.39199066	
132.9757843	166.11123657	13.97583485	45.19718552	
133.272995	163.64335632	16.33134842	47.97385788	
133.33433533	162.63632202	16.84370041	49.17034912	
134.03262329	161.73913574	15.55993938	50.64280701	
135.37243652	164.4022522	14.18226624	48.39545441	
135.32261658	164.46707153	14.90459728	48.41556931	
135.51631165	162.02627563	15.85464668	50.29797363	
136.9785614	161.74191284	15.39564323	51.8427124	
138.1590271	160.39596558	15.3120327	52.76387787	
137.71427917	160.30906677	15.98147392	53.60305023	
138.71040344	162.09844971	15.25701714	51.48237228	
139.52534485	162.40618896	14.91948891	51.35821533	
140.85232544	164.6317749	14.31669903	48.79045105	
141.84284973	164.54071045	14.53009224	48.83752823	
142.61988831	164.62641907	14.72333717	48.60791397	
143.28689575	165.07359314	14.27075195	47.95601273	
143.765625	165.59353638	13.86896801	47.26534271	
143.84384155	165.5406189	14.09520721	48.32235718	
145.38964844	167.46398926	12.51422119	45.61975098	
146.18270874	166.7052002	13.7792387	46.63738251	
146.50706482	166.26490784	13.2963562	46.40787888	
147.96888733	166.796875	12.3032608	47.39949799	
148.75039673	164.54190063	14.10046959	49.10783005	
148.52676392	165.82211304	14.67858601	47.51303482	
148.72207642	167.14672852	13.04395294	45.57751083	
148.31658936	167.91700745	13.82936382	46.80702972	
150.97994995	167.5052948	12.27221107	45.28116226	
152.69784546	169.36813354	12.1754055	42.33098221	
154.22103882	168.74382019	12.1949482	43.11986542	
156.02481079	169.92858887	12.31352043	41.96828079	
157.59613037	169.70655823	12.26177025	42.08971786	
158.69577026	171.43383789	10.83347893	39.67282867	
159.69061279	172.22128296	9.98193264	38.25357056	
160.01574707	171.20433044	9.67234039	40.59760666	
160.97973633	172.58256531	10.00200081	41.33906937	
162.43574524	174.3946991	9.59703255	38.66548538	
163.16940308	173.4304657	9.72993279	39.15281677	
163.70674133	174.53312683	9.31231117	37.52677536	
163.56253052	174.36636353	10.60514259	36.10570145	
164.09912109	173.68685913	10.60976315	36.76732635	
164.17556763	169.99153137	11.87249947	41.65731049	
164.25317383	168.17930603	12.05204487	44.11441803	
164.39674377	168.37077332	11.84121132	43.53849792	
164.47207642	168.70283508	12.17722511	42.75416946	
164.25057983	168.32745361	12.49036598	43.05986786	
164.12164307	167.69543457	12.43934059	44.46856308	
164.29870605	168.32351685	12.2211256	43.18988419	
164.28434753	167.39596558	12.38288021	44.16104126	
164.5975647	167.24707031	12.00806141	44.54626465	
164.44561768	167.04348755	12.07265377	44.73821259	
164.41650391	167.52583313	12.19003773	44.36701202	
164.5296936	167.47779846	12.15626907	44.28240585	
164.64706421	168.04476929	12.09158516	43.57532883	
164.73881531	167.8041687	11.95067501	43.72534943	
164.96580505	168.84396362	11.72384644	42.50954437	
164.62825012	167.60142517	12.08052635	44.31877899	
164.66860962	166.99887085	12.01911545	45.39321136	
165.18055725	167.9466095	11.82826614	43.65569687	
166.11824036	168.8802948	10.69086456	41.94897461	
166.16970825	168.04397583	10.70716572	42.84093094	
165.96856689	168.39958191	11.49738884	44.25259781	
166.22079468	168.81465149	11.49519348	44.20911407	
166.73040771	169.34631348	11.52053642	43.60925293	
167.4246521	167.51132202	11.25585747	44.91587067	
167.8046875	167.15281677	12.00074005	45.34604645	
167.77946472	166.41145325	13.18687439	46.64942932	
167.67774963	166.8605957	13.60088825	46.58536148	
167.83616638	168.04354858	14.10676289	44.62630463	
168.75057983	167.28146362	14.53577614	45.48060608	
170.39642334	167.40705872	13.59066772	44.45639801	
171.26620483	166.88772583	13.45598793	45.14980698	
171.93286133	167.16732788	13.55913353	45.03930283	
172.88137817	167.02256775	12.9650116	44.38248825	
173.85081482	167.51528931	12.41290855	42.91131592	
174.62155151	168.23590088	11.70140934	41.80718994	
174.96099854	168.09890747	11.51590252	42.49419022	
175.1164856	168.12831116	11.63128471	42.97076797	
175.36225891	166.77822876	12.4087162	44.61469269	
175.69172668	166.46704102	12.73973274	46.19665527	
176.72149658	167.50927734	12.25587177	44.66256332	
177.22612	167.73641968	11.82818985	44.9876976	
177.91757202	168.53157043	11.43628502	42.98663712	
177.73390198	168.28381348	12.19577503	43.39899445	
177.82563782	167.45899963	12.30221939	44.81491852	
177.6650238	167.03787231	12.68520546	45.20075226	
177.93811035	166.54428101	12.48276329	45.29998398	
178.14208984	166.68095398	12.45313454	45.20615387	
178.16842651	167.24291992	12.1351881	45.55216599	
178.3276062	167.04695129	12.36667442	45.4013443	
178.39006042	166.46939087	11.71133327	46.57003784	
178.03393555	166.21937561	12.11939907	46.78823853	
177.73527527	165.74832153	12.4138689	46.98272705	
177.66046143	166.24449158	12.4571104	46.78613663	
177.41268921	166.47055054	12.7112093	46.42714691	
177.54943848	166.67779541	12.53445053	46.45081329	
177.65951538	165.97787476	12.46912193	47.62548065	
177.50154114	167.31433105	12.6780014	45.21712494	
177.47366333	166.5562439	12.46809101	46.55576706	
177.69796753	166.81582642	12.43565369	46.50300217	
177.87619019	166.5186615	12.24753761	47.19855881	
178.08348083	166.81607056	12.29311848	46.36309814	
178.41659546	166.66264343	12.33864594	46.42049026	
178.76565552	166.59155273	12.31821918	46.00785065	
179.15914917	166.29904175	12.40089226	46.26587296	
179.07026672	165.98246765	13.95004559	46.20404434	
179.25619507	164.81282043	14.19534492	48.14134979	
179.58039856	165.6570282	14.74804497	46.94645309	
180.58961487	166.60585022	14.7046814	45.80458832	
181.46803284	166.30818176	14.56487846	46.26758957	
182.18211365	165.90023804	14.32814026	46.15183258	
182.9960022	166.44198608	13.31603432	45.77184296	
183.48898315	166.22612	12.98227215	46.28649139	
184.21492004	166.40817261	12.25402546	45.36927032	
184.62820435	167.57077026	11.76072979	43.15039062	
184.95994568	168.74507141	11.66851425	41.97584152	
185.00517273	168.30093384	12.02420616	42.90338135	
185.05926514	167.85466003	12.72025394	44.20880127	
186.60018921	168.38168335	12.08846855	44.08835602	
187.68563843	166.03070068	13.12609673	45.84597015	
187.75039673	165.33874512	14.09878826	47.27845001	
187.70803833	165.88206482	13.88052368	46.78684616	
187.71939087	165.73747253	13.57556725	46.32289886	
189.0149231	165.60733032	13.78099823	46.85757065	
190.34793091	165.44219971	14.00535011	47.40269089	
191.98733521	166.43663025	14.17532063	46.43489838	
194.27546692	165.89663696	14.92146587	47.01402664	
195.02581787	164.90968323	15.05742931	48.12548447	
196.08717346	165.89463806	13.91261005	46.71682739	
196.65434265	165.77975464	13.53360558	46.47649002	
197.92268372	167.69441223	12.08075714	43.74582672	
198.19082642	166.44992065	12.681777	45.06889725	
199.35580444	165.37974548	12.47666645	48.46315002	
201.03713989	163.04580688	13.05247784	50.47464752	
200.63471985	164.55102539	13.00287151	48.77809906	
201.00881958	164.52154541	13.03959179	48.1556282	
201.13163757	166.33352661	12.50144386	46.045681	
204.46066284	165.76522827	12.8780365	46.74468231	
204.76689148	165.2077179	14.12086964	47.79369354	
208.09114075	164.56347656	16.01989746	47.93502045	
209.36198425	163.75027466	16.40096092	48.71422195	
210.17068481	163.84812927	14.92234802	48.62656403	
210.88313293	164.67977905	14.23970318	47.52016449	
211.90341187	165.10345459	13.32711792	46.87368774	
212.14785767	165.53715515	14.31050396	46.13014984	
212.80561829	163.92098999	14.94044685	50.13149261	
215.37651062	159.53999329	14.90250969	53.1715889	
214.70617676	158.97911072	16.43551826	54.13359451	
214.5716095	159.96539307	15.99943256	52.93463898	
215.59074402	160.47889709	15.35228252	52.39984894	
214.83609009	161.05047607	15.6460619	51.47470856	
219.72685242	161.55647278	15.6125927	52.84261322	
219.66423035	162.61772156	14.76648521	50.38807297	
222.97622681	165.93708801	16.61110306	47.53164291	
224.67004395	166.54830933	15.7651577	46.13950729	
225.34915161	165.47805786	14.88145447	46.92557907	
226.11779785	165.72750854	14.2013216	46.21268845	
227.1590271	166.31584167	14.06031609	47.58876038	
228.13664246	164.75764465	13.75298786	47.87007523	
230.31286621	165.31643677	13.37581444	46.41724014	
230.39530945	164.53657532	14.73990917	46.91317368	
231.31620789	164.74189758	14.20288563	46.96269989	
231.39167786	164.39639282	14.37010479	47.64145279	
231.89640808	166.16955566	13.9171629	44.83725357	
232.71154785	167.32699585	13.75755119	46.56402206	
235.12582397	167.55340576	14.73848152	42.46136475	
236.89115906	165.66845703	14.2468996	48.22028351	
239.39936829	165.76329041	13.81829643	46.7696228	
239.77871704	167.78742981	14.81494427	43.07946777	
241.25033569	167.89505005	14.38558674	42.79406738	
243.3943634	165.65856934	13.3851366	45.30355072	
243.90567017	168.19638062	15.09843636	42.54122925	
244.0607605	167.22602844	14.76680565	44.00585175	
244.46025085	168.25813293	14.217659	42.39578247	
246.49905396	165.48370361	13.44824028	45.51712799	
246.32466125	168.13336182	15.23521709	42.86791611	
247.90768433	168.02548218	14.03561974	42.79458618	
247.04682922	168.79391479	14.34938335	42.06248856	
253.18244934	168.80154419	16.42765236	41.69632721	
254.45523071	168.27809143	15.0115509	42.49311066	
255.58627319	168.30314636	14.154562	41.91117477	
256.70962524	168.02009583	13.94814491	43.74687958	
256.92791748	166.79177856	14.570755	44.02251434	
259.72000122	167.17935181	13.44557381	44.05707932	
259.95129395	166.96328735	14.37998009	43.76226425	
260.58096313	167.79833984	13.51729393	43.03011703	
261.53240967	167.81765747	12.93845654	42.54877472	
263.14941406	167.77416992	13.40750694	42.45539093	
267.79815674	164.30911255	13.94292736	46.31163788	
269.07745361	164.70555115	13.60348511	45.68067169	
269.48760986	165.18453979	13.90412712	44.99380875	
270.26339722	166.35719299	14.00977039	43.7562027	
270.63543701	166.80505371	13.85989666	43.23610306	
271.11166382	167.53541565	13.10564995	43.73939133	
272.60351562	166.57633972	13.15689373	44.5310173	
274.04751587	167.67314148	13.32358074	43.34443283	
275.95159912	164.79330444	16.13160324	45.03598404	
276.47387695	164.19438171	15.03552055	46.44115067	
275.13491821	165.32099915	14.38268089	44.93958664	
276.3215332	165.22625732	15.28905964	45.30181885	
280.56195068	163.76611328	16.55970573	46.91012192	
282.20074463	164.34860229	17.12296486	46.27464676	
284.15594482	164.18913269	16.2667942	45.85300064	
285.2855835	163.55764771	15.21134186	46.79159927	
285.81851196	163.19703674	14.2891922	46.94688034	
285.67547607	162.9577179	14.33681297	47.85564423	
286.85354614	162.26167297	12.86079979	48.64639282	
287.76281738	164.61303711	13.15171337	46.29470062	
288.84857178	161.22958374	13.86665821	49.44819641	
291.22763062	161.57145691	12.59931374	49.08604813	
291.78536987	162.22160339	14.40187645	48.38352585	
291.35342407	162.59194946	13.28121185	47.76858521	
291.27349854	163.22874451	14.4242506	48.82053757	
293.27755737	163.28494263	14.55022907	47.45922089	
294.50073242	163.64602661	14.58415985	49.36177063	
296.03787231	164.15744019	17.39455605	46.09392166	
298.4699707	164.51219177	16.24733353	45.34764862	
299.58447266	164.39663696	15.29795265	44.86512375	
300.4414978	163.75141907	14.096632	45.77381134	
301.89434814	166.53717041	12.61453247	43.19757843	
302.40335083	165.24610901	14.11043549	44.04587555	
304.28387451	165.24945068	13.58450317	44.50332642	
304.03363037	164.27139282	13.48678398	45.51541138	
305.26065063	165.13677979	14.51164436	44.35499191	
306.82159424	164.16085815	14.2654295	46.04822159	
308.48428345	165.19198608	15.17150307	44.58741379	
310.55551147	165.94943237	13.83653831	43.05974579	
311.82070923	165.96592712	13.07632446	42.79808044	
312.58306885	165.28289795	13.28725433	43.74170685	
314.81661987	166.72317505	15.09013081	41.96197891	
315.6791687	166.16287231	14.91889668	42.27136612	
316.37652588	165.94613647	14.38554096	42.33117676	
317.9493103	167.63551331	12.04830647	41.33746338	
318.19165039	165.88870239	13.0302763	42.61411285	
320.01504517	165.63504028	12.71701145	43.90748978	
320.13851929	165.12971497	13.40709496	44.38163376	
320.27371216	166.09938049	12.87244606	42.79784393	
321.29956055	166.27999878	13.62051392	42.86881638	
322.84399414	167.56936646	12.66030312	42.85026169	
323.92733765	167.55297852	13.942873	42.06735992	
325.81484985	167.96386719	14.03954601	41.94136429	
327.0335083	169.4462738	14.05264568	40.88644791	
329.10198975	169.26013184	14.86859322	41.29200745	
330.14355469	168.87995911	14.48436928	41.65454865	
330.81976318	164.16021729	13.28667259	44.97027206	
332.94747925	166.90609741	13.32475281	45.44591522	
333.00579834	167.295578	14.39009571	44.4973526	
334.2197876	167.13388062	14.31964111	46.74790573	
335.45187378	166.89729309	13.41402912	46.1243782	
334.80932617	165.87307739	13.20720196	44.70130157	
337.25204468	167.34646606	13.42793274	45.69377518	
336.74780273	165.96765137	13.02907753	44.09841156	
336.96887207	167.01106262	13.01082325	44.03662872	
334.78671265	165.99093628	12.99272156	43.97536469	
330.59411621	167.18716431	13.04716301	44.15962982	
328.53131104	167.17282104	12.77835751	43.24982452	
333.43658447	166.11564636	12.50730705	42.33242035	
327.54180908	164.35760498	12.71245861	43.02677536	
325.03085327	167.79537964	13.00232887	44.00787354	
319.1796875	162.50808716	12.85606384	43.51282501	
321.13830566	163.83828735	12.70864582	43.01387024	
320.48022461	165.22331238	12.7270174	43.0760498	
327.18865967	167.00172424	12.48372173	42.25259018	
322.55377197	163.11291504	12.04701805	40.77451706	
319.91998291	160.92749023	11.88754272	40.23475266	
318.91299438	169.56576538	11.76090336	39.80612183	
319.28216553	167.69381714	11.94075298	40.41484833	
324.56213379	167.73153687	11.76329994	39.81423187	
324.59121704	160.64949036	11.96977806	40.51308441	
328.92449951	164.92044067	11.96100903	40.48340607	
319.77935791	165.86811829	12.1418972	41.09564209	
322.4375	169.23779297	12.16774559	41.18312454	
327.50665283	161.57829285	11.95446205	40.46123505	
319.29815674	165.53839111	11.83065796	40.04220581	
319.62384033	163.19848633	11.73680973	39.72456741	
309.72412109	160.7897644	11.797925	39.93141937	
307.24993896	160.85194397	11.78028584	39.87171173	
314.48223877	166.40548706	11.66487217	39.4810791	
316.45233154	161.75163269	11.90436077	40.29165268	
317.35025024	161.19897461	11.94453239	40.42761993	
317.72396851	161.5451355	12.02970314	40.71589279	
317.73925781	163.14517212	12.10642052	40.97554779	
321.9491272	158.03108215	12.22726154	41.38454437	
317.43710327	164.63400269	11.69996452	39.59984589	
323.80343628	162.08802795	11.56168652	39.13183212	
328.11724854	162.66734314	11.90052032	40.27865601	
321.20513916	168.89727783	12.15269089	41.13215637	
322.69747925	166.86799622	12.26632214	41.51675415	
324.64346313	169.51071167	12.0228672	40.69275665	
323.29330444	170.13754272	11.67412853	39.51240921	
314.95733643	167.90098572	11.92384052	40.35758209	
322.8069458	167.07800293	11.94491482	40.42891312	
315.46807861	165.82144165	12.07235336	40.86024094	
322.91888428	162.37805176	12.05329323	40.79572678	
326.57879639	165.61746216	12.12925243	41.0528183	
324.75454712	159.61401367	12.22585869	41.37979889	
319.64630127	156.55375671	12.38045025	41.90303421	
313.30029297	161.21743774	12.39217567	41.94272614	
313.85388184	164.14050293	12.41344738	42.01472092	
325.32415771	169.83491516	12.02766132	40.70898819	
328.15472412	166.01486206	12.04019928	40.7514267	
328.16937256	158.97160339	12.65718842	42.83969879	
334.51403809	152.20761108	12.71597767	43.0386734	
323.20898438	156.7315979	12.49387169	42.2869339	
325.93447876	165.44126892	12.61840534	42.70843506	
322.96279907	168.62225342	12.19912434	41.28932953	
323.45767212	169.21679688	12.00482368	40.63169479	
324.8928833	167.35604858	12.23270607	41.40299225	
325.53988647	169.11325073	12.39028645	41.93634415	
318.15283203	168.25814819	12.53750896	42.43463516	
318.6239624	164.49765015	12.84376526	43.47119522	
318.16439819	167.78396606	12.79206753	43.29622269	
321.72119141	164.28811646	12.80958843	43.35551834	
327.66241455	163.42378235	13.34641838	45.17248154	
324.76351929	163.99642944	13.46164131	45.56246948	
319.7618103	165.62420654	13.22873497	44.77417374	
316.05889893	162.05133057	13.02288532	44.07745361	
317.72613525	160.9213562	12.95677757	43.85370636	
324.5614624	163.8432312	13.05143166	44.17406464	
327.91876221	164.43901062	13.02746582	44.09294891	
326.25216675	164.3241272	12.86124229	43.53034973	
325.45776367	162.12304688	13.01233196	44.04172897	
322.16577148	165.99752808	12.45104408	42.14197922	
317.81573486	161.60546875	12.46761036	42.19805145	
314.99755859	166.58261108	12.55277538	42.48630524	
326.46957397	165.09033203	12.14234734	41.09716797	
326.46875	166.34292603	12.10623169	40.97492599	
329.69039917	168.18823242	12.12018776	41.02216339	
327.79275513	166.87605286	11.99440002	40.59641647	
329.7081604	165.6492157	12.02080441	40.68578339	
329.66400146	162.02731323	12.0149889	40.66609955	
327.65447998	161.9671936	11.95551395	40.46479797	
325.10784912	166.32304382	11.66171741	39.47040558	
319.13015747	162.69082642	11.52187252	38.99708939	
325.03701782	165.70440674	11.5966835	39.25029755	
323.73001099	162.50032043	11.78427696	39.88523483	
322.2706604	167.97921753	11.59148502	39.23270798	
320.77206421	167.30010986	11.82278442	40.01556396	
325.18136597	161.59457397	11.90285778	40.28658295	
318.11886597	164.1803894	12.20563984	41.31138611	
325.77764893	165.14151001	12.08922768	40.91737366	
321.82296753	163.59689331	12.24883652	41.4575882	
324.56344604	161.75444031	12.08749294	40.91150665	
325.20462036	166.32701111	12.21729183	41.35082245	
321.78445435	166.10180664	12.23881817	41.42367554	
324.45187378	165.06718445	12.02750301	40.70845795	
321.67428589	164.12528992	12.01284313	40.65884018	
319.89785767	166.5567627	12.13514233	41.07277298	
323.82226562	159.19084167	12.30272579	41.6399765	
323.2286377	157.12809753	12.25694847	41.48503876	
319.01068115	160.71777344	12.71749973	43.04382706	
324.21566772	168.03668213	12.74875832	43.14962387	
323.49591064	167.29776001	12.72077942	43.05492401	
314.18267822	165.30561829	12.24758911	41.4533577	
324.15170288	169.0630188	11.81287956	39.98203659	
322.65679932	170.33695984	11.68357658	39.54439545	
