67.0	79.0	11.0	31.0	
67.39707947	79.15634918	10.68180847	30.56295776	
67.80366516	79.5789032	10.81309319	30.3016777	
68.10594177	79.50727844	10.87991524	30.70390701	
68.65490723	79.66314697	10.96211052	30.71662331	
69.17391968	79.56367493	10.50770855	30.58402443	
69.56829071	79.80174255	10.21459007	30.11772156	
70.49080658	78.24022675	9.85764027	30.95817566	
70.64253235	78.27302551	10.49798203	31.25703812	
71.14677429	77.31461334	10.7477932	32.05879211	
71.6053772	77.43016052	10.7056427	32.03032303	
72.42880249	77.45140076	10.23250389	32.25314713	
72.64079285	78.15224457	10.26443768	31.74095154	
67.2205658	78.7285614	10.74014759	30.47449303	
64.99901581	78.59078979	10.96347332	30.12018967	
64.30687714	78.28691101	11.18342686	29.95454025	
66.97981262	78.47671509	10.48713112	30.46718216	
69.77774811	78.96181488	10.10701275	30.43087196	
75.59181976	80.39671326	9.44322205	30.09117699	
76.235672	81.12556458	9.42737007	29.05253029	
76.66285706	81.10367584	9.43636131	29.58248329	
75.39302826	80.49754333	10.38129139	28.87971497	
74.28409576	79.68121338	9.73647308	30.31825829	
74.39375305	79.50101471	9.92186642	30.13479614	
78.35868073	79.2766571	10.12363911	26.80925369	
79.81517029	80.36830139	10.42640209	27.24799156	
79.83009338	79.97667694	10.30346584	27.93028259	
80.74391937	79.86989594	10.44874763	28.16178322	
81.46817017	80.30164337	10.20973015	28.09446716	
81.95491028	79.77274323	10.17098618	28.29950523	
82.41630554	81.10501099	10.17683029	28.16320229	
81.69221497	78.44171143	10.93799591	28.66667747	
82.7999115	81.65058136	10.49843693	27.88636398	
83.53668213	81.12416077	10.29705429	27.88723755	
83.98274994	81.46871948	10.55261517	28.45530319	
84.5125351	81.07254791	10.10951996	28.39420128	
85.32866669	80.38065338	10.03772163	28.86241531	
85.37613678	78.55705261	10.21186066	30.70005417	
85.73451233	78.49774933	10.59072876	30.16112137	
86.19114685	79.23498535	10.45304966	29.60084152	
86.49918365	79.97223663	10.44425392	29.38237953	
86.19857788	78.46925354	10.98018456	28.76511192	
87.53859711	80.69604492	10.35075378	27.63903427	
87.57995605	80.1975174	10.61376762	27.74116135	
87.88504028	80.43928528	10.48406792	28.79468155	
87.95341492	80.51392365	10.5758791	28.84712601	
89.51738739	79.90711975	10.41690159	29.01450729	
89.15274811	80.93293762	10.75077343	28.68035316	
89.49797058	80.65148163	10.89461136	28.52279091	
90.49243927	80.97085571	10.42488098	28.20977402	
90.27784729	79.90218353	11.0797987	29.2157402	
90.7696991	77.35343933	11.12978935	29.15703201	
92.59177399	77.34262848	10.93563271	28.73193932	
93.41872406	77.42930603	10.64846897	28.44047928	
93.82270813	77.4804306	10.53000832	29.13060951	
94.42515564	77.8682251	10.47046185	29.01438522	
95.34268951	78.414505	10.43528938	28.81406784	
95.75697327	78.57588196	10.51205254	29.23714638	
95.69126892	79.00925446	11.19761276	29.47562599	
95.29183197	78.14112091	11.88225555	29.38787842	
95.94490814	78.90885162	11.80759907	28.70118713	
96.14884949	77.47373962	11.53050995	30.20680237	
96.74617004	78.46858978	11.55936813	29.09745407	
98.03326416	79.02262878	11.7252903	29.6095829	
98.29750061	77.51812744	11.83450317	31.07145691	
98.76163483	76.53137207	11.95187855	32.39319229	
99.74232483	76.35700226	11.75970078	33.06282806	
100.88908386	75.58244324	11.32961464	33.77659988	
100.62132263	75.02436829	11.93536854	35.55443192	
101.68339539	75.91192627	11.29335022	33.85951996	
101.25783539	76.0230484	11.48046017	35.88500977	
101.66194916	77.32945251	11.46342468	33.89570999	
102.28726959	78.12120819	11.07788181	32.85214996	
103.19264221	78.78300476	10.38560295	32.87921524	
103.55324554	78.29026794	10.52024841	32.77623749	
104.23979187	78.87138367	10.27907753	32.09906769	
104.7020874	79.23600769	10.3366642	31.97414017	
105.22442627	79.28261566	10.07380962	31.85708618	
105.89138031	79.08439636	10.53224277	32.33950424	
106.31937408	79.37697601	10.4414463	31.776474	
107.01796722	78.78523254	10.85655117	31.07612991	
107.54728699	78.82092285	10.92350578	30.48959351	
108.58184814	77.95077515	10.61361313	30.65106201	
108.22392273	78.70085907	10.51486492	27.41632652	
109.74775696	78.03233337	10.54460144	29.81925583	
110.00997162	77.92179871	10.68502235	30.28419495	
110.35162354	78.63382721	10.88329124	29.66135025	
109.83701324	78.36601257	10.4512558	30.48995972	
111.12208557	77.96207428	10.63570213	29.88939476	
112.89829254	79.2011795	10.51135826	29.96989441	
113.67663574	78.62006378	10.43266106	30.39211082	
114.17197418	78.82878113	10.16112328	29.49809647	
114.43289948	79.05194092	10.87133026	30.33398819	
114.9811554	79.05134583	10.54251385	30.84999657	
115.61704254	77.90527344	10.13635635	31.1000061	
114.91086578	77.1431427	11.051651	28.54462242	
116.1315918	78.6038208	10.01153374	30.43802261	
116.76879883	78.31414795	9.88757896	30.13337326	
117.55583191	77.28183746	9.74270439	30.3513279	
118.22212982	77.0585556	9.38822079	30.001688	
117.8955307	77.75297546	9.57238674	30.35620117	
118.22373962	77.4980011	9.56918144	29.78749657	
118.97251129	77.92417145	9.48602104	29.15424728	
118.68780518	77.84196472	9.80947304	30.78977966	
119.64978027	77.44191742	10.06964397	29.99800682	
120.3129425	77.69734955	10.07457447	30.06286621	
120.14411926	78.69319916	10.24147511	29.70105553	
120.90141296	79.03219604	10.08896351	30.07510376	
121.38526917	77.92726135	10.14131451	30.94568443	
122.30194092	78.7307663	10.14016914	30.15574265	
122.82505035	78.83766174	9.85192776	29.95845985	
123.42156982	77.48466492	10.1742115	29.40021133	
123.40602875	78.05436707	10.21016979	29.58233643	
124.14774323	77.67217255	10.92361641	29.41913795	
125.26729584	77.77481842	10.69237709	28.42747879	
125.86045074	77.24179077	10.68934727	28.39658546	
126.50604248	77.53285217	10.24574947	28.84418297	
126.83986664	78.28240967	10.17082787	28.51156616	
127.27210999	79.17919922	10.46515656	28.63903809	
128.19332886	79.50602722	10.52891731	28.35101891	
128.60678101	78.96904755	10.36790466	28.85187721	
128.90975952	78.16890717	10.58638096	29.47647095	
129.00888062	78.68619537	10.74290943	28.99855995	
129.68904114	78.79496765	10.52174568	28.76097107	
131.10025024	78.48204803	10.04905987	29.0760498	
131.66413879	78.15760803	10.2219162	29.86165237	
132.3745575	78.27846527	9.69169331	29.77071571	
131.71282959	77.92002869	10.24403191	30.68340492	
132.14942932	77.89276886	10.21796227	30.31402016	
132.61277771	77.20253754	10.34303474	31.49758911	
133.48617554	77.17549133	10.47767162	29.27088547	
134.28338623	78.0218277	10.25323105	28.13960648	
133.57901001	78.13631439	10.16396618	29.28094482	
134.3409729	77.85797119	10.50060272	29.78959656	
134.51013184	77.68909454	10.25900459	30.8776207	
134.79321289	77.6131134	10.03003502	31.37823105	
135.14154053	77.74588776	9.92129993	31.31372452	
135.69909668	79.27748108	9.21978378	30.43690872	
135.89677429	80.99850464	9.37805843	29.47058678	
136.07792664	79.63441467	9.67588711	29.62677574	
136.60444641	79.74625397	9.66513824	29.18253517	
136.72622681	79.33865356	10.24296856	28.85063171	
137.53367615	79.44129944	10.09620094	28.24633789	
138.19473267	78.56672668	10.35045052	28.03453445	
138.73554993	78.44435883	10.34529305	27.12132835	
138.95004272	79.00336456	10.42497635	26.5707798	
140.21539307	77.78044128	10.24438953	27.46861649	
140.98731995	78.27763367	10.07686043	27.70058632	
141.19482422	78.91365814	10.1281023	27.60571671	
141.25178528	78.710289	10.40458202	28.63270187	
141.14154053	78.95030212	10.50175953	28.05108643	
141.65446472	79.6349411	10.93942451	28.26680946	
143.05981445	79.74732971	10.50296497	28.60212708	
143.40124512	79.8833847	10.60052395	28.24105835	
144.84817505	80.26261139	9.99107742	27.99747276	
145.70144653	79.76805115	9.9666853	27.91814613	
145.90151978	80.6570282	10.6922245	27.75509262	
146.91091919	80.96043396	10.6383791	27.22725868	
146.9589386	80.67746735	10.47669792	26.98138809	
147.72532654	79.96734619	10.07590294	27.73154831	
147.77722168	80.4992218	10.32519722	26.89159012	
147.66877747	79.90602875	10.53140831	27.65729904	
147.29727173	79.77341461	10.38436127	29.04795456	
148.06208801	79.73403931	10.41739655	28.07595253	
147.93005371	79.99124908	10.3506012	28.61180687	
148.24856567	79.77207184	10.24993038	29.01845741	
148.79467773	80.44150543	10.0977869	29.47750854	
149.19502258	80.72613525	9.90867424	29.36606407	
148.81541443	81.02687073	10.42312813	29.25288963	
148.86413574	81.17176056	10.46628284	28.89916039	
150.24052429	81.35105896	10.23940086	28.92131424	
150.37576294	80.49837494	10.51074314	29.25150681	
151.93606567	81.6312027	10.18446541	26.61077499	
151.55474854	81.1893692	10.7573967	27.33142662	
151.60292053	81.49247742	11.0131855	27.47047424	
153.41496277	81.38519287	9.8946743	25.78773117	
154.07614136	82.26246643	9.618433	25.31545639	
154.58522034	81.56247711	9.40087223	25.65681076	
155.33207703	82.39216614	9.60773945	24.60042	
155.2414093	82.66268921	9.92906475	24.65145302	
155.91000366	82.81980896	9.70869446	24.08664322	
156.47477722	82.7759552	9.71832848	23.81241989	
157.57254028	83.51709747	9.55739021	23.50020218	
157.62355042	83.13014984	9.85660744	24.42036438	
158.16427612	82.73964691	10.32631111	24.92554092	
158.87088013	82.49481201	9.78498554	23.91200638	
159.57543945	84.13234711	10.25793934	22.9563179	
159.82989502	82.85267639	9.6566515	23.70941353	
159.92965698	82.17002106	9.6082859	24.78295898	
160.07751465	81.9521637	9.59715366	25.20827103	
160.40023804	81.99720001	9.44400024	24.70232201	
160.50097656	81.36682129	9.71903038	25.39461517	
160.69473267	82.01098633	9.40309429	24.69358444	
158.37443542	81.72749329	10.9186697	23.02304077	
161.25578308	81.78883362	9.30270386	25.31052589	
161.08732605	81.78145599	9.19681358	25.15850449	
161.32815552	81.90077209	9.1361599	25.48539925	
161.75982666	82.23742676	8.97905159	24.37231445	
161.90312195	82.38534546	8.89552402	24.82815552	
161.97416687	81.92032623	9.18228436	24.7741127	
162.19416809	82.05715179	9.56252861	24.64256668	
162.51171875	82.42545319	9.75265598	23.96541977	
162.29481506	81.87548828	9.9509449	24.60004044	
163.25260925	82.33568573	10.3903532	23.86870766	
163.85365295	82.3129425	10.24828625	23.76560783	
164.40220642	81.54219055	9.85069466	24.26124382	
164.96144104	81.37117004	9.67669868	25.02202415	
164.71659851	81.37683105	9.5642271	25.51029968	
164.6133728	80.81394958	9.65318584	26.6770134	
165.43728638	81.05583954	9.61202049	27.41270828	
165.40658569	81.41024017	9.96677971	26.93178749	
165.45800781	81.10481262	9.88001823	26.8573761	
165.44165039	81.20495605	9.9584837	27.17855453	
165.68083191	82.20991516	9.97988033	26.14222336	
165.7208252	82.38820648	10.11199379	25.30761909	
164.31246948	82.99409485	10.84239864	22.55879974	
166.04153442	81.66748047	9.80108356	25.43470955	
166.81303406	81.5717926	9.76260948	24.89621162	
166.00712585	81.53459167	9.78616428	25.38185501	
166.10928345	81.46923828	9.61331558	25.78300095	
166.59153748	81.39308167	9.43504906	25.81062698	
167.06413269	81.4905014	9.25553703	25.64283752	
166.96151733	81.39493561	9.19421577	25.99042702	
166.55528259	81.94099426	8.95707417	25.841259	
167.27113342	81.76134491	9.19570923	25.72888184	
167.3230896	82.21179199	9.1728878	25.67581749	
167.38578796	82.29546356	9.34730339	25.65231323	
167.55427551	82.85585785	9.18913651	25.03622627	
167.65586853	82.52333832	9.78421021	25.43066025	
167.61485291	82.67990112	9.81174946	24.38773727	
168.28573608	81.98665619	10.09523487	24.39616203	
168.48669434	81.82971191	9.97800255	24.20192909	
168.21768188	82.81106567	9.85399437	23.99027443	
169.81202698	81.92510986	10.35278225	24.59476662	
170.07943726	81.49134827	10.02733803	25.06864738	
170.32696533	81.61299133	9.89845467	25.91648865	
170.46003723	82.0811615	9.50586414	24.94111824	
170.34303284	82.39357758	9.56194496	24.66013908	
170.98994446	82.67456818	9.31028557	24.65955353	
171.27609253	82.22101593	9.44485569	25.63267136	
171.42379761	82.07829285	9.40674591	26.19433022	
171.68574524	81.86580658	9.43396568	25.09076691	
171.89135742	82.08869934	9.80951214	25.7591095	
172.14407349	82.21720123	9.87291813	25.93987465	
172.55516052	82.24981689	9.76299763	25.42576981	
172.49276733	81.62010193	9.8586216	25.84430504	
172.42657471	81.39784241	10.14396095	25.51117897	
172.2865448	81.96333313	10.00420666	26.60614967	
170.27287292	82.86397552	11.63825035	23.80311775	
172.2947998	81.87901306	10.09644508	27.09379196	
172.08377075	82.25540924	10.29239464	27.46539879	
172.61018372	81.60656738	10.16169167	27.7083683	
172.45713806	82.10678864	9.91690063	26.48968124	
172.88528442	82.24887848	9.86190319	26.36420822	
172.89321899	81.74990082	10.0432415	26.18725014	
172.61091614	82.46874237	10.06447124	26.0796814	
172.42874146	82.83068848	10.17349434	25.44614792	
173.46591187	82.96470642	10.38788795	24.86256027	
173.69711304	82.73735046	10.44398975	24.85562706	
174.08744812	82.68375397	10.31801128	25.02283096	
174.1698761	82.50624847	10.32228374	24.70535851	
174.60751343	82.21292877	10.14593887	23.92712402	
174.90206909	82.44728851	10.1090498	23.48403358	
174.84780884	82.63286591	9.810812	24.58616447	
175.14247131	82.28762817	9.6380949	24.30368423	
175.0501709	82.71192169	9.60093975	25.28661728	
174.85099792	82.70523834	9.6259203	25.49354553	
174.85183716	82.59788513	9.66917324	26.00190163	
174.83279419	82.36328888	9.76676559	25.50522804	
175.37651062	82.51262665	9.65841484	25.054142	
175.55867004	82.39949799	9.89608192	26.48225975	
175.53030396	82.48680878	9.99069786	25.87686157	
175.3298645	82.43841553	10.2932024	25.43998528	
175.52597046	82.42588043	10.59100914	25.68076134	
175.53826904	81.74209595	10.72960377	25.96176529	
174.69441223	82.39632416	10.59582043	25.87181473	
175.37428284	81.78125763	10.36542702	25.60872459	
174.94223022	82.52254486	10.30109024	26.15706825	
174.63417053	82.36763	10.12792778	25.52567482	
174.3147583	82.84217834	9.88031292	25.64334679	
174.51159668	82.84842682	9.9638195	25.51007462	
175.60212708	82.26311493	10.01146698	25.85205078	
174.65133667	83.09328461	9.80314636	25.04356766	
175.47944641	82.99571228	9.98324299	25.35065079	
175.07141113	83.21244812	9.80161476	24.39052963	
175.3742981	82.90190125	10.34995842	25.39856339	
175.95556641	83.0463028	10.78652763	25.23685455	
175.78340149	82.57765198	11.04070759	25.18888283	
176.11157227	82.5369873	11.02106094	25.46423531	
177.17707825	81.6348114	10.54734325	25.11999893	
176.27035522	82.22525024	10.89661026	24.78564453	
176.07887268	82.24908447	10.89472675	25.6746254	
176.44308472	81.72370148	10.67933559	26.36492538	
176.83828735	82.23697662	10.25436878	26.08366776	
176.93380737	82.41638184	10.29457855	26.1595459	
176.82868958	82.29044342	10.16269493	26.20479393	
176.71624756	82.03797913	10.08959961	26.33384705	
176.88180542	82.14376068	10.20850468	26.54331589	
176.71903992	81.85191345	10.41234303	26.83153725	
176.41174316	82.1574707	10.53208351	26.88152122	
176.59875488	82.14655304	10.58899689	26.60054016	
176.61158752	82.62783813	10.68480587	25.83839035	
176.69042969	82.12007141	10.85173035	25.71041298	
176.63949585	81.82979584	10.82170296	26.13057899	
176.98513794	81.89491272	10.79012871	26.14618874	
176.58981323	82.37190247	10.83384514	25.99467087	
