96.0	83.0	16.0	16.0	
95.96220398	82.97744751	16.06512642	16.04657364	
95.93302917	83.01594543	16.10407066	16.03677559	
95.9697876	82.98159027	16.06794548	16.04221153	
95.91339874	83.02618408	16.16582298	16.05265427	
95.97328949	82.97333527	16.0927124	16.11069679	
95.99760437	83.04199982	16.07573318	16.02664757	
95.96911621	83.08558655	16.13780785	15.99547386	
95.99060059	83.03895569	16.08473396	15.94890785	
96.0350647	83.12034607	16.05358887	15.94413757	
95.95700836	83.13378906	16.17390442	15.98324871	
96.02531433	83.13246155	16.09388733	15.96349049	
95.9731369	83.24633789	16.16817856	15.86879921	
95.95697021	83.29335785	16.16685867	15.83170795	
95.92527771	83.44429016	16.34515762	15.66473389	
95.94648743	83.57310486	16.42126083	15.65949821	
95.78775024	83.83088684	16.76741028	15.63713837	
95.31842041	84.10936737	17.10671616	15.82275963	
95.49485779	84.35506439	16.97214127	16.26771545	
95.7441864	83.54095459	16.59335327	16.59335327	
95.52583313	84.92020416	16.67457199	16.625597	
95.67973328	85.11222839	16.78130531	16.65816879	
95.65059662	85.36407471	16.87280273	16.65753174	
95.53565979	85.58623505	16.99673462	16.59561157	
95.19890594	85.67235565	17.22669792	16.2586689	
96.04695129	85.44245911	16.16217422	16.16217422	
95.07374573	86.48564911	17.09661865	15.30146599	
95.33209229	86.68840027	16.90558815	15.18647766	
95.33901215	87.15296936	16.95326233	14.76509857	
94.03473663	87.54685211	17.43228531	14.50018883	
92.98432922	87.38243866	15.48432636	15.48432636	
90.9694519	88.91883087	15.3375597	15.3375597	
88.16130066	90.15618896	15.21024323	15.21024323	
84.78273773	92.52552795	14.78678322	14.78678322	
81.71712494	95.20603943	17.53477097	14.25024605	
80.88178253	94.63779449	15.15141106	15.15141106	
78.40089417	95.54936218	15.47113609	15.47113609	
75.55828094	95.88189697	15.46696663	15.46696663	
73.03669739	96.1509552	16.05675697	16.05675697	
71.09118652	98.1700058	17.55455017	13.97977734	
70.0612793	98.06980133	16.71813011	14.69346905	
70.32395935	98.71116638	17.41846657	14.71499062	
71.43008423	98.98471832	17.9475708	14.17365074	
73.37330627	99.09242249	18.36532211	14.61749554	
75.57159424	99.00276947	18.43410683	14.67145729	
77.71228027	97.79446411	18.28170395	14.82296181	
80.20042419	96.82958984	18.41851425	14.85499573	
82.79146576	94.81018066	18.95546341	14.64752197	
85.32241821	93.34605408	18.88807297	14.42685509	
86.97923279	92.48984528	17.66427231	14.45697975	
87.86329651	92.06021118	17.59547234	13.80650043	
89.32254791	92.08122253	17.4900322	13.6115036	
90.58059692	92.19000244	17.77346992	13.94989586	
92.23832703	92.37632751	18.18546486	14.24188519	
93.48904419	92.71131897	17.39658546	14.14674568	
94.38774872	92.95600891	16.29636002	15.03343391	
94.06476593	94.75592041	16.86312675	15.05341816	
92.46414948	95.5168457	15.84770203	15.84770203	
91.76451111	98.56466675	15.84300232	14.60527992	
91.31697083	99.99440002	16.81912231	14.12238789	
92.96920776	100.63534546	16.97111893	15.14491558	
94.44248962	100.94244385	17.42687416	14.79419231	
96.54072571	99.01276398	16.1616478	16.1616478	
97.68206787	101.08506775	17.14163399	14.78881359	
98.15437317	100.96915436	17.70151138	14.60803509	
100.43452454	101.15974426	17.44387817	14.55658913	
102.4730835	100.95923615	16.42721558	14.77548504	
102.99504089	100.72891998	15.50798988	14.54328632	
103.77531433	100.73296356	15.98398399	14.19108009	
104.43989563	100.14736176	15.9634552	14.69948101	
104.25661469	99.78526306	16.25890732	15.07764626	
104.18890381	99.82411194	16.21004677	14.69038963	
103.45251465	99.70752716	17.01589012	15.04122925	
103.99450684	99.62715149	16.42755318	14.86375237	
103.99826813	99.0583725	16.44570541	15.22780895	
102.72800446	98.33914948	17.28935623	15.06026459	
102.5171051	97.66748047	16.90991402	14.10624981	
101.52262115	97.24485016	17.22041702	13.73210144	
98.99062347	96.45127869	18.1688633	13.79420471	
97.30971527	95.56513977	17.82926941	13.97621727	
94.13227844	95.18287659	18.91040421	13.34100342	
91.3704071	95.05340576	18.37723923	13.23147869	
89.85366821	94.82139587	17.99527931	13.35661507	
88.56800079	94.51203918	17.70221519	13.54681969	
86.81791687	93.16035461	17.79491806	14.33138561	
86.36633301	91.99772644	17.15254211	14.86658287	
86.10322571	91.41749573	17.2437439	13.96715069	
86.39430237	91.23026276	17.29455757	13.8966341	
87.23083496	91.21205139	17.22187233	13.67427349	
87.33132172	91.19067383	17.42914772	14.13499737	
87.20166016	91.0990448	17.52373123	14.30251312	
87.0408783	91.15046692	17.47087097	13.61034203	
87.29371643	91.23851776	17.48532486	14.15545845	
87.86579132	91.18013	17.18422318	14.09974384	
88.0080719	91.70896912	18.01168442	13.4022522	
89.03202057	91.74783325	18.12231255	13.25979424	
90.86899567	91.97581482	17.61210632	14.15845966	
91.62516785	92.8065033	17.36808777	14.07652855	
91.68344879	93.17358398	17.08537102	13.82637596	
92.56578064	94.42459106	17.40510559	13.58058167	
93.32733917	94.15447998	17.60779953	13.82591248	
94.44981384	93.8602066	17.64947891	13.77594566	
95.81385803	94.01206207	17.4185524	14.07842731	
97.05179596	94.25980377	17.57012939	13.84303284	
98.32958984	94.6075592	17.90264511	13.43322277	
100.0207901	95.08848572	17.5292778	12.84289837	
101.55488586	95.56145477	18.14730263	12.85621357	
103.85560608	96.52465057	17.81736183	12.87256336	
105.60294342	96.36144257	17.49547386	12.64260483	
107.00163269	96.33098602	18.03637314	12.68507576	
109.27075195	96.29081726	17.82806396	13.30893135	
110.71281433	96.29533386	17.49835396	13.7167635	
111.6516571	96.3611145	17.37285995	13.24069405	
112.40427399	96.32470703	17.31687546	13.32224846	
112.95985413	96.31909943	17.09643173	13.15807819	
113.75215912	96.60162354	17.85768318	13.48714161	
115.25584412	96.92775726	18.05848312	13.92024994	
116.8902359	97.30924988	17.59730911	14.23241997	
117.55141449	97.49407959	17.88644218	13.39759636	
118.98726654	97.35710907	17.41578674	13.19386578	
119.92913818	97.15336609	17.69095421	13.25351524	
121.08390045	97.37684631	17.7526741	12.87534809	
122.12675476	97.49079895	18.15740585	13.17917061	
123.5662384	97.7063446	18.27082443	13.10959816	
125.2904892	97.91831207	18.36953163	13.22741127	
126.83402252	98.14048767	18.75786209	12.98082447	
130.32124329	98.51733398	18.970438	12.87157154	
131.79312134	98.31248474	18.30703735	13.06348133	
133.88034058	98.45323181	17.27984047	12.86432362	
134.74533081	97.59526062	16.57778358	13.21731567	
134.55236816	97.48747253	16.72570419	12.89492512	
133.57162476	97.21916199	16.86079025	12.64065361	
132.79380798	96.82279205	16.88445091	13.00986958	
132.30360413	97.12434387	17.13173103	12.86023998	
131.60107422	97.1598053	17.42983246	13.15878582	
130.31370544	97.66056824	17.69983482	12.60278797	
129.99403381	97.40843964	17.05470657	12.83724689	
129.97200012	96.93886566	16.83002663	12.96770287	
129.66870117	97.06134033	17.24416351	12.99088764	
129.19807434	97.15546417	17.00731468	12.96162987	
128.54005432	97.07112885	17.10796738	13.06723976	
128.90473938	96.91172028	17.06368446	13.31077003	
128.96972656	96.80566406	16.79191208	13.14734459	
128.24275208	97.01861572	17.02144051	12.89023399	
127.87784576	97.20800018	17.49939346	13.03000832	
127.47712708	97.84125519	17.39905357	13.0939579	
126.74617004	98.87349701	17.98162842	12.95146465	
124.77514648	99.98712158	18.61998558	13.27195549	
124.21031189	101.88496399	17.82062912	13.57146263	
