0.0	24.0	171.0	114.0	
14.4654026	23.57832146	177.70288086	111.57495117	
34.89702606	26.07498169	176.05509949	111.82041931	
62.72346878	27.78001785	168.71485901	113.64770508	
74.30046082	29.44029236	168.55335999	115.72023773	
87.71683502	30.9102993	168.4942627	110.64668274	
98.121521	31.02078629	165.68571472	110.3707428	
97.7698822	30.32194138	163.46403503	115.73046875	
100.38526917	30.84923744	160.26040649	115.43947601	
96.0040741	33.17938995	162.53648376	115.34022522	
100.5289917	32.5462265	158.21063232	110.78256989	
108.57402039	29.75065994	155.38638306	108.33127594	
112.71002197	24.49578667	157.51751709	108.08372498	
117.05361176	20.76623344	157.16696167	104.84832764	
133.34109497	15.83755493	151.82058716	101.70191956	
136.70878601	10.27473831	151.01603699	101.3775177	
140.66339111	6.40859509	149.89257812	104.66821289	
139.07170105	9.52417755	146.77886963	105.24464417	
138.30903625	7.52900982	149.27732849	109.74108887	
140.76213074	6.96328497	147.19984436	113.24775696	
144.54702759	5.58227062	144.23074341	114.77256012	
152.19491577	18.90385818	156.46179199	104.30782318	
142.65560913	5.32993269	144.46774292	116.35350037	
135.34439087	8.03973866	149.73396301	118.64003754	
135.54356384	9.87044239	152.69013977	117.64871979	
129.43060303	6.21037388	158.25997925	122.24822998	
132.06906128	6.37610292	156.49525452	119.94935608	
127.25002289	3.45840025	158.64852905	118.18449402	
125.26928711	2.02173233	158.1368103	117.46337891	
115.52502441	3.09394264	162.66281128	118.03143311	
118.83288574	3.10636735	159.09098816	115.21456146	
113.46755219	6.05476284	161.96115112	114.21185303	
120.90122986	7.07880688	156.38919067	113.72154236	
124.28759766	7.703269	156.61056519	113.99337006	
122.98471832	10.32776356	158.48376465	112.03471375	
127.66133118	10.65090275	156.85830688	112.35343933	
125.5956192	9.97845459	161.16900635	113.30461121	
126.9947052	7.84996128	162.56365967	114.6681366	
119.6134491	10.39858532	166.73179626	114.12569427	
123.92097473	10.32642174	166.1696167	112.75557709	
115.6308136	10.57517529	171.89013672	112.76932526	
115.39848328	9.70925617	172.98245239	112.86543274	
113.16110992	10.06092262	173.92875671	112.69289398	
118.82126617	7.71724796	172.50971985	112.88718414	
115.80566406	7.53125381	173.57214355	114.42424011	
107.60383606	9.46856022	177.40270996	113.39605713	
114.48215485	6.30273342	173.57458496	115.41377258	
107.9041748	6.3876276	179.9682312	116.28066254	
107.20413971	6.15900326	180.80488586	116.56850433	
113.65586853	5.75025177	175.70727539	118.39959717	
113.04998779	6.16360617	177.16508484	121.18939209	
119.33298492	7.26775455	172.43667603	122.5357666	
114.74613953	6.70352697	177.5821228	122.52189636	
111.47644043	4.39713478	177.24862671	124.3289032	
118.92832184	3.47472906	172.14929199	124.66314697	
114.70294189	4.8213973	173.90278625	123.03054047	
112.12075043	3.89817953	176.25421143	122.59712219	
115.03338623	3.22922087	175.13247681	123.29969788	
111.23791504	2.2356782	178.44932556	125.06059265	
114.46108246	2.62552357	175.71806335	124.95222473	
109.01230621	2.69348288	178.38813782	125.16123199	
119.86222839	3.35106778	170.5110321	124.03039551	
117.99658203	4.21738625	170.94802856	124.18801117	
117.21833801	2.99033785	173.21099854	126.64253235	
122.84328461	2.7377398	169.64868164	126.2239151	
121.41690826	2.32996321	169.81062317	127.28967285	
117.27787018	3.342659	170.78988647	126.62398529	
121.74061584	2.82852983	167.62976074	126.08695221	
116.10795593	2.31330323	173.69351196	126.27131653	
114.45092773	4.50601101	172.67053223	125.97712708	
116.12147522	4.5495863	172.48982239	125.32493591	
116.57617188	4.45122004	171.03935242	125.36660004	
121.22292328	6.49230337	166.88154602	123.63293457	
115.37351227	9.22291088	171.41444397	121.5643692	
115.28552246	12.27022076	171.08505249	120.55238342	
113.3757782	14.2079649	173.32394409	120.56233978	
119.76718903	17.82378578	165.43534851	119.68193054	
106.3347168	23.82674408	174.63471985	114.54179382	
109.26633453	26.31614304	175.0652771	113.91789246	
108.56542969	32.48374176	175.2263031	112.24861908	
115.19368744	39.77809906	169.14343262	109.68731689	
113.24848938	44.42189789	170.22312927	108.81726074	
129.78567505	40.36237717	173.01679993	108.01942444	
135.33821106	34.3577652	177.81340027	118.54222107	
121.64253235	56.31008911	171.3261261	105.47568512	
117.59553528	57.0828743	181.22840881	120.81889343	
117.97802734	65.953125	168.83096313	111.07783508	
107.17008972	70.10592651	178.87948608	119.25296783	
123.52921295	67.53907776	181.48568726	120.99043274	
141.22142029	63.53554535	180.66819763	120.44543457	
139.59188843	61.64618683	181.08755493	120.72499084	
151.22659302	62.50954437	182.66950989	121.77961731	
148.2769165	63.92705154	179.6953125	119.79682922	
142.90049744	60.64133453	176.15444946	117.43625641	
123.84443665	72.22537231	172.45085144	114.96718597	
119.89725494	74.88719177	172.28613281	114.8573761	
123.45253754	73.99906921	165.99263	110.66169739	
136.67323303	65.11984253	168.61584473	112.4105072	
132.3152771	64.24369812	166.93159485	111.28768158	
145.55029297	50.48758698	166.4145813	110.94300842	
116.51037598	71.61198425	167.41694641	111.61126709	
115.82002258	76.99638367	166.76290894	111.17524719	
109.38724518	73.41073608	162.87240601	108.58158112	
122.40614319	76.22866058	161.21464539	107.47639465	
126.67154694	92.81599426	163.85995483	109.23994446	
111.97743225	78.74208832	164.42593384	109.61724854	
109.565979	65.31235504	150.76567078	111.73010254	
126.58049011	89.99913788	154.19258118	115.09481049	
140.684021	124.52415466	163.00282288	117.88816833	
139.76196289	125.37145996	166.17843628	119.67960358	
133.66563416	129.70248413	168.39498901	117.02048492	
133.40065002	131.71243286	172.01382446	119.09281158	
127.58182526	133.76148987	177.75363159	123.6081543	
136.16293335	140.47335815	176.50866699	120.3613739	
136.17356873	143.73202515	176.47988892	116.15031433	
140.22489929	149.13839722	173.34790039	108.9432373	
147.70373535	150.82894897	168.55404663	108.25740814	
155.35641479	157.02745056	163.25839233	96.94168091	
157.68383789	157.08842468	161.16641235	97.36785889	
145.86346436	155.00613403	169.24728394	102.14823914	
146.70283508	155.98123169	165.99545288	101.55088806	
146.20553589	156.44985962	168.47769165	98.47720337	
147.26220703	156.38613892	167.48539734	97.34344482	
146.4728241	155.39480591	164.87496948	104.23039246	
145.54682922	155.91931152	166.31460571	100.97449493	
142.81030273	157.47509766	166.78242493	97.93723297	
147.67611694	156.15866089	167.55036926	98.11151123	
143.12797546	155.07727051	169.72845459	100.3626709	
139.95974731	153.37802124	171.89710999	103.19077301	
143.63459778	154.7142334	171.62365723	96.89712524	
147.7936554	155.16505432	167.30317688	96.58035278	
144.56880188	152.19425964	168.88389587	103.26206207	
141.34933472	150.68719482	171.29879761	104.20124817	
146.22276306	150.70643616	167.56600952	106.51413727	
148.42788696	149.73141479	168.21846008	102.12594604	
143.92062378	146.31289673	173.54914856	106.55783844	
148.2052002	146.39416504	170.1864624	106.74432373	
150.54147339	145.23495483	170.8031311	106.58044434	
150.92016602	144.18870544	169.69372559	110.42362976	
150.07037354	137.92553711	170.38668823	117.76876068	
148.20373535	135.97106934	170.91018677	120.28762054	
142.88363647	132.27325439	170.99768066	123.81445312	
152.4440918	132.04760742	164.32376099	121.90534973	
151.92349243	126.6312027	165.7149353	124.23628998	
150.79690552	124.90057373	166.32348633	121.5369873	
152.57577515	123.62931824	165.70239258	119.2551651	
152.66905212	120.69277191	163.40783691	118.72292328	
150.76730347	114.41296387	165.43263245	121.86051941	
148.83209229	112.40284729	165.35394287	121.24224854	
153.05911255	111.17777252	165.67007446	121.53648376	
148.87142944	110.29638672	163.3737793	119.4834137	
155.35690308	109.63331604	161.13848877	118.79815674	
149.54942322	107.07491302	161.83370972	119.87445068	
147.55160522	105.00909424	163.21395874	121.35752106	
149.37893677	103.81355286	163.30686951	122.4691391	
144.98886108	100.79100037	165.10731506	123.96943665	
149.1088562	103.29804993	163.47402954	121.77742767	
149.7394104	100.29066467	161.79171753	121.53234863	
157.28018188	104.43566895	158.42178345	118.50212097	
155.92672729	103.15309906	159.12634277	118.7625885	
154.46949768	103.35593414	157.81672668	118.83992004	
151.51095581	100.97328186	157.2512207	119.99615479	
147.34889221	101.80047607	161.39897156	120.21022797	
153.11250305	103.72007751	158.60557556	118.16597748	
153.93644714	104.18943024	159.38911438	118.54187012	
150.18954468	106.4823761	160.24829102	118.61910248	
154.15823364	104.3614502	158.35717773	120.49859619	
152.58718872	103.89692688	159.97901917	121.74427795	
152.11013794	109.22818756	158.71806335	119.30499268	
152.93875122	112.30677795	159.90068054	119.27478027	
153.96781921	114.79234314	160.5422821	119.94272614	
155.75216675	117.28569031	163.07055664	121.13582611	
157.26591492	121.53676605	162.26942444	119.42236328	
154.56086731	120.96965027	164.78445435	123.9796524	
150.19525146	124.69866943	164.7762146	123.60816956	
148.40701294	127.17414856	167.79592896	122.18160248	
158.77200317	136.83717346	161.66816711	114.91737366	
152.40429688	133.15254211	165.99539185	119.58939362	
152.27693176	136.06668091	164.15278625	115.68577576	
151.05545044	140.50700378	164.38726807	111.46128082	
153.7383728	143.41162109	162.58114624	108.04801941	
150.76707458	142.51544189	166.16700745	107.94419861	
147.4828186	143.47398376	163.81733704	107.9899292	
147.9982605	145.2651825	164.98109436	104.77192688	
148.37844849	142.31088257	163.36618042	109.71818542	
158.17990112	147.27922058	157.52165222	105.842453	
152.74211121	146.61158752	164.00009155	104.7167511	
148.14685059	146.06762695	168.54570007	105.8299408	
154.46743774	149.9810791	163.31259155	103.32259369	
155.32441711	150.40437317	165.26152039	103.66355896	
152.81462097	148.1658783	165.42591858	104.43776703	
158.27070618	152.50018311	164.65789795	99.30525208	
156.59048462	153.14926147	167.90008545	99.39268494	
155.72315979	152.19708252	169.38456726	99.39701843	
156.41708374	148.37283325	168.59385681	104.69520569	
161.1887207	142.4732666	164.72317505	110.86716461	
157.60569763	137.31407166	167.89285278	115.70301819	
155.14529419	132.5430603	166.67887878	119.34873199	
157.62802124	131.19387817	167.38122559	116.64670563	
152.26895142	127.61720276	166.57255554	116.03391266	
155.9906311	125.32118988	162.3024292	113.75144196	
149.36791992	118.88232422	163.97227478	115.70082855	
151.90731812	109.65737152	160.3364563	120.05336761	
149.45361328	108.86332703	160.81408691	118.4369278	
146.48275757	105.17907715	160.27549744	117.39329529	
145.00856018	102.11154938	160.89038086	115.74007416	
143.81497192	96.77156067	157.97322083	115.72209167	
140.28382874	93.31575012	158.95425415	115.01694489	
132.33633423	93.13784027	158.73550415	112.28193665	
134.70828247	90.26078796	157.60202026	112.25608063	
128.38893127	87.1985321	161.88021851	111.40378571	
133.31468201	82.59788513	165.55091858	114.27150726	
130.3208313	83.35505676	160.29302979	111.57759857	
127.28713226	80.06314087	163.81332397	112.71535492	
131.55322266	76.14788818	165.4108429	112.80433655	
123.24188232	76.8997345	168.65707397	111.57507324	
119.5057373	76.52703857	171.40390015	109.64872742	
117.82246399	79.00117493	171.64668274	107.42686462	
112.29785156	81.75157928	176.28851318	106.25190735	
119.70239258	80.63135529	174.85388184	108.27528381	
127.30995941	83.68743896	171.32247925	107.75455475	
120.84091949	85.68054962	174.6546936	108.72459412	
113.16950989	86.5943985	174.59783936	107.35085297	
115.96818542	84.37654114	175.95016479	108.7886734	
113.99482727	84.98097992	175.5955658	108.78437805	
104.9486084	85.39668274	179.81350708	110.91986084	
117.29797363	85.05412292	178.23551941	109.82302094	
125.76950836	85.50414276	175.23570251	109.135849	
108.68746185	89.1938858	175.6678009	107.23860168	
116.08200836	91.07961273	171.03414917	107.59610748	
115.46166992	94.20534515	171.01441956	104.38047791	
117.70595551	87.33976746	171.43238831	110.22418213	
114.64530945	93.26928711	168.21766663	108.56679535	
115.82778168	90.64577484	171.55731201	114.27866364	
126.90222168	90.85308838	167.36557007	114.90537262	
126.83601379	91.59773254	168.01167297	118.21907043	
130.91445923	93.27792358	167.79060364	123.48954773	
139.97497559	98.82453918	162.49868774	122.23984528	
137.91503906	102.22129822	165.436203	123.05904388	
134.34683228	101.87664032	167.84292603	129.72854614	
142.22384644	108.2549057	168.88973999	129.61868286	
149.69636536	118.39953613	163.86317444	124.42758942	
150.10153198	124.85904694	169.10040283	125.2156601	
145.52626038	126.99623871	170.35427856	123.78334045	
148.3989563	136.07589722	169.40533447	113.86877441	
152.74357605	140.47952271	163.94789124	114.28437805	
149.16920471	144.35472107	168.6940155	109.55155945	
150.42094421	148.55464172	168.77365112	104.30018616	
144.66256714	150.27455139	168.40722656	102.59545898	
145.54537964	152.50193787	167.7240448	99.39961243	
147.42424011	152.44706726	165.81323242	100.33414459	
148.91867065	155.46731567	159.59945679	98.03348541	
152.55160522	158.59602356	159.39335632	92.62889099	
145.71157837	154.41317749	161.69473267	98.33420563	
144.31604004	153.61662292	163.04104614	100.13574219	
147.53149414	153.63934326	161.98414612	100.38296509	
143.97085571	153.2363739	163.41700745	101.31916809	
151.27334595	156.53091431	160.28109741	95.00489044	
146.94683838	153.76071167	164.78364563	97.48599243	
145.29663086	152.10458374	164.65971375	99.15945435	
146.86947632	153.41320801	162.95880127	97.20417786	
148.26382446	154.30596924	162.77949524	96.19258118	
146.81974792	154.2414093	161.91679382	96.01377106	
153.18147278	174.61242676	173.84806824	115.89865875	
143.60806274	155.76228333	163.39328003	93.21934509	
148.46096802	156.18438721	163.55343628	96.44171143	
139.81652832	153.05531311	166.84580994	95.47392273	
145.95489502	154.59751892	168.32522583	97.01485443	
147.25549316	154.67544556	162.50144958	98.72380066	
140.11842346	151.48452759	167.9752655	100.43174744	
142.59243774	152.53491211	174.63235474	98.84083557	
141.96784973	147.01452637	175.53166199	107.74577332	
140.63677979	143.93618774	177.21212769	112.55677795	
128.22958374	140.41604614	181.11340332	112.44057465	
123.65866852	141.87127686	181.61758423	110.2325592	
133.52235413	127.60512543	180.8289032	114.74928284	
113.92398834	114.29105377	189.20602417	138.06759644	
112.8646698	108.90008545	192.84628296	141.11889648	
103.02458191	102.56699371	196.81767273	149.4906311	
95.65466309	107.66596985	232.42504883	154.94995117	
109.96872711	114.10866547	194.37071228	139.20487976	
106.60162354	111.58892822	190.65061951	141.2167511	
104.72070312	105.91984558	195.62695312	147.579422	
109.48266602	113.48335266	193.64501953	140.35452271	
108.71286774	109.68919373	199.73580933	140.90916443	
113.27812195	105.64762878	196.37915039	148.30200195	
110.62436676	105.65626526	198.60456848	144.66105652	
111.23323059	100.59386444	193.97671509	148.92977905	
104.91664124	99.29502869	192.4468689	142.21290588	
104.9834137	104.03187561	193.20021057	141.56898499	
107.9801178	103.13261414	186.22888184	134.85189819	
110.0566864	97.53443909	177.97259521	132.50892639	
106.47161865	93.21761322	180.45562744	133.73614502	
102.92111969	100.14551544	182.39343262	133.67330933	
109.64351654	101.65461731	182.88525391	134.46151733	
108.16633606	93.82078552	182.25402832	136.0168457	
103.43597412	102.83158875	186.56942749	140.25808716	
101.77457428	103.66900635	190.98196411	141.94677734	
106.69288635	104.24637604	187.00083923	137.31567383	
104.86435699	100.93875122	184.52804565	136.34570312	
107.44551086	106.66441345	188.82675171	140.15701294	
103.71425629	106.81288147	190.50576782	140.40397644	
96.0067749	96.27169037	188.53518677	142.68406677	
94.89958191	93.47616577	192.86857605	149.56138611	
101.02915192	104.79344177	195.36976624	146.01634216	
92.02524567	95.22569275	198.66799927	151.98796082	
97.90393829	103.66619873	200.86087036	148.6600647	
99.09615326	105.10311127	197.58242798	146.22355652	
94.65722656	98.38370514	194.63729858	146.76014709	
99.7427597	89.81784058	189.21528625	148.99421692	
97.62007141	100.60725403	185.65663147	145.95864868	
99.62416077	71.40974426	183.5227356	144.92733765	
113.93103027	62.45676804	180.71388245	144.94897461	
119.40964508	38.46582794	180.85928345	143.23745728	
136.60385132	22.43593979	175.38905334	140.00439453	
130.09544373	8.56446362	178.76426697	142.12506104	
137.39533997	0.47605038	180.40939331	133.96684265	
142.22450256	0.0	177.19494629	130.83462524	
149.692719	0.082491681	172.335999	126.781876	
145.711395	0.0697048157	175.05632	126.549049	
144.881409	0.015788842	176.277588	125.427902	
145.151352	0.135025784	176.575882	125.158974	
141.20451355	0.19986343	179.4536438	124.546875	
147.43843079	0.0	173.56253052	125.23974609	
143.40411377	0.48868886	177.57261658	126.34550476	
135.76870728	0.18785457	178.15368652	125.7335434	
139.79168701	0.39957732	175.80026245	123.79543304	
138.09513855	0.37276918	176.65042114	123.0844574	
135.991959	0.156130791	176.693558	122.003006	
136.51016235	0.0	177.67654419	124.1580658	
134.06083679	0.0	179.14057922	123.58325195	
135.74975586	0.0	176.78359985	122.08950043	
133.75541687	0.0	175.76980591	120.99546051	
130.78219604	0.0	180.0572052	123.19260406	
132.10740662	0.0	180.6318512	123.22348785	
128.06521606	0.0	182.90708923	124.90529633	
132.38873291	0.0	178.4012146	122.19825745	
134.30239868	0.0	176.54083252	121.51783752	
133.69277954	0.0	176.18716431	121.4462738	
135.98808289	0.0	174.12094116	118.93141937	
130.67791748	0.0	177.77410889	117.9623642	
129.06001282	0.0	180.15261841	119.65944672	
128.4024353	0.0	181.44476318	119.24898529	
128.50650024	0.0	179.63865662	113.77431488	
130.94265747	0.0	179.94888306	114.47590637	
129.06906128	0.0	178.62495422	112.92314148	
132.58901978	0.0	178.359375	113.12734222	
128.7816925	0.0	181.50366211	111.23484039	
129.0085907	0.0	180.23725891	111.42630768	
130.88290405	0.0	179.14984131	109.30246735	
123.54853821	0.0	181.37626648	111.01698303	
125.08764648	0.0	179.78085327	111.47624207	
124.67915344	0.0	180.10067749	109.97935486	
127.92637634	0.0	178.72848511	109.00358582	
124.44020081	0.0	178.51577759	111.13023376	
121.03814697	0.0	182.11940002	110.41123199	
131.03559875	0.0	176.54211426	108.8867569	
128.78543091	0.0	174.76060486	107.41213226	
129.6633606	0.0	174.53289795	109.3552475	
131.27624512	0.0	174.95278931	108.78419495	
128.5769043	0.0	180.13000488	105.86003113	
127.10345459	0.0	182.43980408	105.241745	
131.46389771	0.0	179.09823608	107.28054047	
127.67539215	0.0	178.16323853	106.20059967	
124.30805969	0.0	179.75596619	107.78964996	
122.27134705	0.0	181.02384949	108.88728333	
116.89125061	0.0	182.75317383	107.1415863	
110.81291199	0.0	184.88946533	114.23482513	
103.10453033	0.0	184.81869507	118.5251236	
90.48962402	0.0	187.90864563	123.96089172	
89.70799255	0.0	185.96211243	126.00485992	
81.45227814	0.0	184.53779602	126.76115417	
74.77362823	0.0	184.15690613	128.07449341	
68.18223572	0.0	184.89616394	125.83720398	
69.37036133	0.0	182.74343872	127.54905701	
