170.0	41.0	18.0	45.0	
169.94180298	40.97065353	17.95332146	45.00731277	
170.04069519	40.76554489	17.74160385	45.24752426	
170.04338074	40.69499969	17.45098495	45.44508362	
169.92446899	40.68318176	17.35188293	45.61116409	
169.88168335	40.225914	16.97310638	46.61220551	
169.62197876	40.05436707	16.99066925	46.57462692	
169.18569946	40.47076035	16.7537117	45.39578247	
168.92001343	40.92343521	16.87977982	44.63704681	
168.66322327	40.9729805	16.62853622	44.13861847	
168.75570679	41.7626152	16.03507614	42.92103195	
169.3848114	41.11706543	15.0490551	43.80020905	
169.67379761	40.52921677	14.62285423	44.77635956	
169.95359802	40.66234207	13.95521545	44.3358345	
169.8890686	40.03091812	13.61819172	45.05424118	
169.6506958	40.48548508	14.01555824	43.76793289	
169.65823364	41.60776138	14.25590038	42.19164276	
169.56564331	42.47276306	14.62600708	42.07009888	
170.1308136	42.68627167	14.97695446	41.83292389	
170.25384521	43.91954422	14.42812824	40.59997559	
170.87815857	43.1869812	14.50996971	40.66133881	
171.62454224	42.73629761	14.74476624	41.26235199	
171.96284485	44.17938995	14.63315773	40.3608017	
172.58578491	44.99825287	14.4534502	39.18909454	
173.259552	44.46311188	14.62061024	39.74478149	
173.99075317	43.74636078	14.21904182	39.82484055	
174.86132812	44.32320023	13.81871605	39.30216599	
175.43986511	43.41757584	13.62476349	40.29177094	
175.98995972	45.70450592	14.25948524	35.64871216	
176.53373718	43.08324432	14.1960783	39.94062042	
177.1802063	42.25197601	14.40042305	40.27151871	
177.87736511	42.0007515	14.63368797	39.73490143	
178.5944519	41.59690094	14.95566082	40.80313873	
179.00822449	41.39619827	14.56659222	41.19816208	
179.86335754	41.35304642	14.55762672	40.97840881	
180.25697327	41.11547089	14.66679096	41.73199844	
181.71548462	41.60608292	14.54883289	40.42634964	
182.70843506	40.8582077	14.3446579	40.97608566	
183.58261108	42.02835846	14.24417114	40.05766678	
183.99775696	41.47919464	14.43980122	41.90092087	
185.30059814	42.35763931	14.40659142	41.00982666	
186.29168701	43.11252594	14.46524334	40.86623383	
187.43545532	43.61339569	14.29848671	40.83250427	
188.93574524	43.34350586	13.68449593	40.6239357	
190.62799072	43.58007812	13.61462975	39.64990997	
191.41053772	44.58997726	13.9531498	38.96469879	
192.27401733	43.27568436	14.41879463	40.50124359	
193.26339722	44.38030243	14.90397644	39.6741333	
194.07743835	44.67980957	14.68718243	39.57303238	
195.05186462	44.4011116	15.30306721	39.75510406	
195.91850281	45.01194	14.90399647	38.60999298	
196.80264282	45.15908051	14.71142101	38.10251999	
197.81613159	45.89528275	14.49663353	37.42158127	
198.75088501	46.24098969	14.44403267	36.34433746	
199.66836548	45.63364792	14.85811806	37.64767838	
200.58512878	45.60606003	14.73227978	37.79776764	
201.64054871	45.91559219	14.81131554	37.93581009	
202.77474976	45.66524124	14.28009796	38.01780319	
204.13217163	45.84126663	14.30334473	38.48392487	
205.8097229	45.87443161	14.91618061	39.33263397	
206.96076965	45.8978653	14.46282482	39.09287643	
208.39836121	45.86000824	15.12900066	39.11572266	
209.20700073	44.84374237	15.40207195	40.87875748	
210.16667175	44.2851181	14.79736042	41.09409332	
211.09078979	45.08480072	15.1508131	39.90870285	
212.00248718	44.46645737	15.12150574	41.16976929	
212.69851685	43.80765915	15.36861992	40.42272949	
213.54367065	43.38325882	15.85854816	40.86031342	
214.87841797	44.27368164	15.71624947	40.670784	
215.30233765	42.99295044	15.38243675	41.22156143	
216.26980591	42.95272064	15.14403725	41.43793488	
217.74380493	43.95961761	14.52361298	40.03516006	
218.9291687	44.16042328	13.96924591	40.05028915	
220.04006958	44.16132736	13.90462494	41.05099487	
221.44421387	44.47364044	13.8104496	41.97054291	
222.70153809	44.39336777	13.44894123	42.07989883	
224.31787109	45.01747513	13.30036354	41.1313591	
225.20321655	45.18309021	13.31944847	40.32057571	
226.0834198	44.46438599	13.52289009	42.05066681	
227.12915039	44.69805908	13.12986755	41.55551147	
227.86239624	44.83965302	13.01792336	41.05683517	
228.23391724	43.86510086	13.35139179	43.08807755	
229.07278442	43.88207245	13.61188316	43.0648613	
229.66625977	43.94116974	13.73820496	43.29106522	
230.29379272	43.53991699	14.12906361	43.7810936	
230.78230286	43.50098419	13.96291065	43.95623016	
231.14651489	43.18371964	14.30433655	44.6111412	
231.87524414	43.23948669	14.84288597	44.7660141	
232.28291321	43.43366241	14.96047783	44.71916962	
233.09907532	43.73677444	14.74555492	44.15824127	
233.84394836	44.28066254	14.99006462	43.61943817	
234.5526886	44.12916946	14.98472881	43.89345932	
235.53701782	44.84992981	14.68369293	42.88307571	
236.78793335	46.13729858	14.25098896	41.1523056	
237.39859009	45.83343506	14.76493835	41.96119308	
237.91244507	45.32916641	15.05870533	42.69788361	
239.71560669	46.48363113	14.74062157	40.90209961	
240.69779968	46.51063156	14.67745972	40.47084427	
241.97775269	46.10591888	14.56448555	41.3877182	
242.83639526	45.65589142	14.37913513	41.86057281	
244.32441711	45.66326141	14.24767017	42.67649078	
245.38980103	45.66608429	13.87227154	42.35374451	
245.62319946	47.34441376	15.21376038	38.03440857	
248.02297974	45.42232513	13.53510475	41.28519058	
248.73867798	44.62709427	14.06719971	42.72796631	
249.70039368	44.61173248	14.38897705	43.47512054	
250.14726257	44.08864594	14.35429668	43.91623688	
250.25476074	44.40056992	14.35673714	43.84479523	
250.71916199	44.72323227	13.68814564	42.74491501	
251.23010254	44.46797562	13.65005207	43.92701721	
251.9863739	43.94032669	13.43605518	43.91202927	
253.26721191	43.07600784	13.69752216	43.70581818	
253.53939819	42.75609589	13.89492226	44.05283356	
255.19204712	43.03681564	14.17095947	42.15097809	
256.16625977	43.19230652	13.88914204	41.51364899	
257.29748535	43.49660492	13.88837624	40.78117752	
258.38137817	44.02414703	13.71348572	39.04598236	
259.46759033	45.22787857	13.39723206	38.4630127	
260.03701782	45.49204254	13.22851562	37.66559601	
261.48883057	46.15105438	13.1621809	36.77931213	
262.62957764	46.18624115	13.2364378	37.31381607	
264.13970947	45.70574188	13.40947533	37.89261246	
265.73568726	46.2604599	13.41243553	37.64425659	
266.84289551	45.93777084	13.28419209	37.31539536	
267.98550415	46.35646057	13.24672127	37.8319664	
269.41998291	46.90224457	13.12874794	36.58232117	
269.81509399	48.88135147	14.1289196	35.32231903	
271.26080322	45.7192688	13.88989449	39.45587921	
272.20916748	45.38222504	14.18675232	40.67045593	
273.4052124	47.23258209	14.41865063	38.50445557	
274.60180664	47.45944977	13.91390419	37.80189896	
275.54974365	47.20699692	13.77000999	39.07265091	
276.59976196	47.77527618	13.87006569	38.69571686	
277.67843628	47.72943115	13.5853672	39.45559692	
279.01657104	48.32146454	14.35851288	38.95552444	
280.25970459	48.06980133	14.86223888	39.56773376	
282.01431274	49.20586395	14.43999767	38.87185669	
283.55593872	49.05646896	14.49603748	39.42547989	
284.74389648	49.24912643	14.50237465	39.89000702	
286.15786743	48.68086624	14.21628094	39.55897522	
287.16265869	47.79148102	14.15744972	40.62255478	
288.26376343	46.96473694	13.94691277	40.95011139	
289.13305664	47.66592407	13.57788086	38.77441406	
290.59411621	47.0610733	13.24367046	37.38434982	
291.51116943	47.17580795	13.13967323	37.51924896	
292.722229	46.84075165	12.84651184	37.97810745	
294.0607605	46.6562233	12.98901081	40.35206985	
295.15585327	47.49349976	12.69021606	41.29542923	
295.86138916	48.0668869	12.69296455	41.45610046	
297.1338501	47.63145065	12.3706913	41.92087555	
298.97003174	47.07120895	11.92957878	42.13228226	
300.38705444	48.60441208	12.52329826	41.50118256	
302.51287842	47.78568649	11.91905785	41.60971832	
303.64556885	48.11613083	11.65835094	41.3483963	
305.67648315	48.81455994	11.33563709	39.92532349	
306.58023071	48.14421463	11.65804577	40.91600418	
307.35058594	48.09691238	11.96942139	41.20641327	
308.19595337	47.46132278	12.12761784	41.77708054	
309.26678467	45.63996124	11.94096756	43.89525604	
310.12020874	45.30952835	12.42965412	42.7108078	
310.16174316	45.17059326	13.3404665	41.42346954	
311.03579712	46.04633331	13.61372566	41.0823555	
312.18869019	46.3199501	13.2452755	40.24651718	
313.09161377	46.6744957	13.13245583	40.02988052	
313.66696167	47.18954849	13.02447796	39.84941864	
314.50128174	47.69363403	13.06695557	38.92550659	
315.39974976	47.42190933	13.20670891	39.33677673	
316.37884521	47.37617111	13.29001045	39.21125031	
317.29486084	47.91082764	13.07626057	39.35732651	
318.07168579	47.71382523	13.25189972	39.57316971	
319.17700195	47.37438965	12.94333458	39.91644287	
320.05786133	48.26708603	13.02676105	39.82015228	
321.1260376	47.94496536	13.20210743	40.54974747	
321.89508057	47.75327682	13.19334698	40.96929169	
322.69268799	47.45557404	13.55861664	40.87228012	
323.63317871	46.98395538	13.51111317	41.79259491	
324.07577515	46.16606903	13.29320717	42.17303467	
324.59439087	45.71920013	13.54107666	42.95615387	
324.90118408	46.29722214	14.03660107	42.0714798	
325.41012573	46.57905579	13.5632534	40.5459671	
326.0196228	47.55687714	13.48958588	38.61237335	
326.51226807	47.04280853	13.39328003	38.35015488	
326.71347046	48.06090546	13.31755257	36.73466492	
326.9831543	48.3663559	13.55463886	36.17656326	
327.36032104	48.18156433	13.46386242	35.64238739	
327.60076904	48.4692955	13.6340847	35.60463715	
327.69824219	47.51573944	13.49979687	36.88047409	
328.28863525	47.3549881	14.31855488	37.26528931	
328.46939087	47.01763153	14.06586647	38.33745956	
328.54391479	46.72097015	14.25753307	39.08359146	
328.7208252	46.23605728	14.27464485	40.49433899	
328.91635132	46.76357651	14.79293633	40.26145554	
329.51855469	47.24704742	14.53994179	39.3662262	
329.7590332	47.64479828	15.06277943	39.97495651	
329.92657471	46.45713043	15.31618214	41.37039566	
330.29974365	46.15600204	15.43326759	41.19665146	
331.70825195	46.80420685	15.07790184	39.86060333	
331.9119873	46.40089035	15.54375648	41.25263596	
332.44042969	46.29415894	15.39039898	40.91322708	
333.22869873	45.96965408	14.98530388	41.28742218	
333.46313477	46.16695786	14.58408833	41.20611572	
333.82128906	46.4716301	14.72487831	40.77063751	
334.5218811	46.29673004	14.77553749	40.58343506	
334.44842529	46.46416473	14.49984169	39.86231232	
334.70184326	47.06903458	14.65585899	39.94712448	
335.07159424	46.84041214	15.07399273	40.52416611	
335.31436157	46.81398392	15.17379761	40.39939117	
335.50384521	46.69824219	15.03858471	39.80658722	
335.90545654	46.78223419	15.07825947	39.49595642	
336.11196899	47.11833954	15.25469971	39.71771622	
336.43688965	47.31925201	15.54767895	39.5880928	
336.42431641	47.43683624	15.42616081	39.38887405	
336.80761719	47.40852356	15.76223755	39.44017792	
336.42886353	46.89624786	15.57587719	39.91254425	
336.66201782	46.99064255	15.56391621	39.73080444	
337.168396	47.32183456	15.29887104	39.50413895	
337.28701782	46.9053154	15.23474121	39.85895538	
337.14910889	46.63142014	15.26282215	39.67890549	
337.30389404	46.76424408	15.14239216	39.81151199	
337.51861572	46.39279938	15.19395733	40.71482468	
337.79946899	46.4167099	15.04483318	41.0715065	
338.39202881	46.44904709	14.85258293	40.6298027	
338.93051147	47.20284271	14.56619549	40.06926727	
338.23175049	46.33313751	14.82404137	41.53916168	
338.57965088	45.73603439	14.98762512	42.06098175	
338.77398682	46.02869797	15.16455078	42.72083664	
339.0947876	46.29879761	15.00538635	42.37712097	
339.13821411	46.40162277	15.05006409	42.35550308	
340.11578369	47.63402557	14.47385597	41.59516525	
340.18115234	47.09825897	14.67673683	42.0580368	
340.29101562	47.84978485	14.62567425	41.44772339	
340.72888184	47.7230835	14.78671551	41.40764618	
340.84368896	48.30552292	14.87321472	40.9937439	
341.20657349	48.77428436	14.4252758	40.07688141	
341.93673706	48.97368622	14.18100929	39.63578415	
341.61535645	48.00352859	14.65979195	40.45075226	
342.00466919	48.61597824	14.49791908	39.90611267	
342.43182373	49.59751129	14.17929077	38.60285187	
342.67227173	50.09772491	14.02574348	36.84338379	
342.90338135	50.33350372	13.76743126	36.17829895	
342.89715576	49.73863983	14.09842491	36.72690582	
343.315979	49.7209053	14.17561531	35.83555222	
342.9128418	50.01627731	14.63635063	35.66661835	
343.25115967	49.28609848	14.80277729	36.48430252	
343.05096436	48.83311462	15.16894722	37.5398674	
343.87368774	48.48016739	14.85580635	37.9280014	
344.20983887	48.5210228	14.80390358	38.43626022	
344.27288818	47.38844299	15.12540913	40.69197464	
344.83666992	47.99812698	14.72541332	39.75208664	
344.72399902	47.96539688	14.82504845	40.25179291	
344.78546143	47.52231598	15.18805408	41.26044846	
345.68182373	48.12167358	15.08722115	39.92581177	
346.1925354	48.44802094	14.66280556	40.30342865	
348.0324707	49.41769028	14.0521698	39.13108063	
349.3168335	53.67195892	13.43364906	33.58412933	
349.48284912	49.44459152	13.51452065	39.12868118	
353.31790161	49.36349487	13.55100822	39.60935974	
355.07754517	50.19875717	13.39424133	40.1382103	
356.52880859	51.67926025	13.07651806	38.68265533	
356.89511108	51.0491333	13.6126194	38.73516083	
357.37960815	50.6685791	13.59083843	37.86077118	
357.89678955	50.47989273	14.05687523	38.26350784	
358.30770874	50.46790314	14.35612202	38.84062958	
358.62042236	49.91059113	14.289011	39.47912979	
359.53155518	49.95766449	13.81663513	39.75704193	
360.18151855	51.05903244	13.48252296	38.52553177	
360.6111145	50.67926025	13.76231098	39.04113388	
361.37356567	50.81092453	13.49332428	37.85005951	
362.28851318	51.21508789	13.50413227	37.22516251	
362.92431641	51.15990067	13.42853355	36.92863083	
363.13452148	54.69659424	13.56352425	33.90882111	
364.17193604	51.18373489	13.22465515	37.30348206	
365.05923462	50.6530571	13.29612541	37.70178986	
365.12072754	54.04000092	14.09426689	35.23567581	
365.73406982	54.12845993	14.0315752	35.07894897	
366.72332764	53.82407761	14.27828979	35.69573212	
366.43572998	53.85750198	14.28556538	35.71392059	
369.98110962	54.74791718	14.29319191	35.73298645	
367.42092896	52.03764725	14.66441822	36.66104889	
372.1651001	51.19805145	14.51603985	36.29010391	
371.56164551	52.89826584	14.37780285	35.94451141	
371.16333008	51.6208992	14.57297039	36.43243408	
372.41851807	51.27472687	14.12524414	35.31311798	
374.13296509	52.07254791	13.84972858	34.62432861	
373.82504272	53.17457199	13.75531292	34.38829041	
373.43017578	51.04906464	14.19610882	35.49028397	
375.39398193	54.57028961	14.4181385	36.04535675	
374.0763855	53.31168365	14.75269794	36.88175201	
376.79779053	53.41495895	14.7104702	36.77618408	
375.33163452	51.25262451	14.44729328	36.11824036	
374.98284912	49.93452835	13.96570873	39.56974411	
375.66189575	50.46008682	13.87445259	40.09236908	
376.56759644	51.73984909	13.09880352	37.43983459	
375.86450195	51.17071533	13.43605804	37.74703979	
375.76473999	50.66175079	13.71720695	39.24878693	
374.63748169	51.67146683	13.24662781	37.38828278	
374.53900146	51.27404022	13.61719704	38.53107834	
374.24658203	51.17525482	13.372159	37.80128098	
374.30014038	51.9805069	13.13965893	37.96004868	
373.68927002	51.27351761	12.92721367	37.4463768	
373.21722412	53.58618164	13.79890156	34.49724579	
373.38931274	53.52946091	12.34604645	36.06834793	
372.71035767	52.55512238	12.59628582	36.48159027	
371.12734985	52.30742645	12.83209515	36.4813385	
366.77746582	54.77973557	12.51259804	35.28659058	
366.56195068	53.29471588	13.32329273	37.11314011	
365.90325928	52.79794312	13.23743439	36.83508301	
365.33578491	53.2580986	13.28939342	36.38474274	
365.25372314	52.55880737	13.08630943	36.37876129	
365.49487305	53.18186188	13.08069897	36.09693146	
364.15634155	53.39255905	12.84694672	36.33870697	
364.27191162	53.57612991	12.42434406	35.49212646	
363.65829468	54.30242157	12.16081524	35.68518066	
363.41598511	53.44288254	12.25371265	36.06324005	
363.64550781	53.05692673	12.47569752	36.20989227	
362.85601807	52.94586945	12.27458572	35.69912338	
362.55108643	52.86507416	13.00880718	37.2243042	
362.30090332	53.07868576	13.07195282	36.86792755	
361.81628418	53.12155914	13.5196867	36.9461937	
361.37130737	53.6200943	13.84422588	36.35101318	
361.66342163	53.31074142	13.81118488	36.2466507	
360.2071228	53.55617142	14.05472374	36.47460175	
359.7633667	54.39893723	14.06148815	36.2478714	
359.58630371	53.18840408	13.66013527	35.73488617	
358.35696411	52.87872314	14.03437233	38.26400375	
357.84649658	52.30438232	14.26502991	38.88920975	
357.47601318	51.06900024	14.34388161	39.72864532	
357.22296143	51.22150803	14.27177238	39.61190414	
356.36605835	51.03379822	14.07442951	39.9317627	
356.0617981	51.21578979	13.82544231	39.59079742	
356.08825684	51.95063019	13.55459023	38.45282745	
355.92486572	50.99954987	13.34250164	37.39378357	
355.32357788	52.30019379	12.97094536	37.0450058	
355.42126465	52.39813995	12.64875221	36.26605606	
354.61737061	52.0125351	12.6741972	36.54030609	
354.60653687	51.60064697	12.46002197	36.9654007	
353.17633057	51.86513138	12.94534111	38.0885849	
351.03427124	49.96702576	13.75632668	37.80303192	
350.43084717	49.24129105	13.6755619	37.23072052	
349.32476807	48.52497864	13.94687653	37.27319717	
347.73651123	48.20480347	14.47051716	36.5995369	
347.07400513	49.52755356	14.13654327	38.19742966	
345.76522827	48.60447311	14.52774334	37.90749741	
344.3135376	49.86903	14.46675396	39.79933929	
343.06503296	50.29755402	14.62275982	39.44150925	
341.98696899	50.36290741	14.98868752	39.57740021	
341.42553711	50.7246933	15.45804882	37.90763092	
340.82562256	50.7852478	15.73546791	38.64513397	
339.59381104	50.05799484	16.403965	39.99192047	
338.76455688	50.30910492	16.47729301	39.42518234	
338.62438965	49.96059036	16.80080223	40.34018707	
338.00350952	50.17104721	16.53252029	40.12141037	
337.51437378	49.6471138	16.59423828	41.16039276	
337.13592529	50.14426422	16.20675278	40.28289032	
336.59381104	50.94537735	15.87252808	38.90740967	
336.67987061	50.58240509	15.75407219	38.42324066	
335.95837402	50.54734039	15.59596539	39.44510651	
335.93597412	50.70995712	15.64255714	38.82890701	
335.61676025	50.85866928	15.81611347	38.35527802	
334.70199585	51.15387726	15.93994617	38.11079025	
334.68585205	50.8899765	16.06420326	38.42589569	
334.05877686	51.01212311	15.87035942	38.22880936	
333.79986572	50.43756485	15.80199432	38.7011795	
333.87695312	50.09947586	15.41871643	38.99006271	
333.33560181	50.18180847	15.57731915	38.322155	
332.54208374	48.80787277	16.52650833	39.62498856	
332.76715088	48.83646011	15.83300209	38.75043869	
332.33944702	49.23783875	15.45168781	37.65836334	
331.91146851	47.9619751	15.38860512	37.16013718	
331.53997803	48.29356384	15.08565807	36.31848145	
331.13589478	48.22936249	14.36895561	35.97005463	
331.06060791	48.45070648	13.9977417	35.1475563	
330.89129639	48.26165009	14.12640095	35.28856659	
330.57324219	48.55316925	13.88716125	35.97436905	
330.06924438	47.54981232	13.36525536	36.85499954	
329.61190796	47.4733429	13.12493706	37.02882004	
329.15570068	49.61690903	13.09169292	35.52523422	
328.47549438	49.47763824	13.01942158	35.79532623	
327.67034912	49.41486359	12.987854	36.07460785	
326.68319702	49.51282883	13.01920509	36.48194122	
325.2991333	50.32169342	13.53128624	35.81126785	
324.31945801	49.41923523	13.35519695	36.6964798	
322.7984314	49.13550568	13.83964348	38.45674896	
321.46398926	49.98483276	14.02936745	38.06600952	
319.82336426	49.09911346	14.29887962	38.13369751	
318.4866333	48.71798706	13.96139812	38.9405098	
317.30926514	48.23887253	13.65778637	39.45139694	
315.77145386	47.25712585	13.50154686	41.99960327	
314.84597778	47.78401566	13.31374168	40.50497055	
313.20629883	46.81977844	13.3679533	40.74757004	
311.8152771	47.48106003	14.00406361	40.81920624	
311.11123657	47.44532394	13.20587444	38.51073837	
310.02246094	47.40494537	12.9611187	37.78845978	
309.07293701	47.11065674	12.71836853	38.86755371	
307.80883789	46.79851913	12.74715137	39.48477173	
306.79199219	46.53691864	12.55274868	40.39557648	
305.49786377	46.98584366	12.59994793	40.42661667	
304.16812134	47.25491714	12.72775555	40.81621552	
302.15618896	47.67398071	13.29179573	39.76197052	
300.74783325	47.82019806	13.0634594	40.15048218	
299.28552246	48.53551102	12.85983086	39.77639389	
297.61825562	48.40690994	12.80554008	39.6450882	
295.62542725	47.61673737	13.36850929	39.92229843	
295.09170532	46.99343109	12.45315361	39.9126358	
293.26150513	46.93662262	13.39077759	40.44794464	
292.23577881	47.11928558	13.23078346	40.2228508	
291.14678955	47.2224884	13.35671997	39.91859436	
290.90908813	47.04587555	12.28410149	38.40366745	
289.36737061	47.57263947	13.28324699	39.69708252	
288.27191162	48.87107468	13.20193195	38.24968338	
287.42700195	48.94412231	12.81284332	38.22545624	
286.3984375	49.40066528	12.6525116	37.1682663	
285.40087891	48.58782196	12.47067738	37.66191483	
284.51898193	48.568367	12.12798595	37.8395462	
282.69247437	48.98125076	12.8197279	37.38855362	
281.23175049	50.38386917	12.71726036	35.89543152	
279.70379639	50.02100372	12.64844227	35.91038132	
277.95840454	49.57865143	13.00120735	36.51012421	
276.45922852	48.98009491	12.68547249	36.41559601	
274.67315674	49.17142487	12.77722931	36.966362	
272.82867432	50.05789185	13.16191673	36.13985443	
271.68255615	49.13510895	13.02355003	36.68144226	
271.16131592	51.3104744	12.68019962	33.69353867	
268.68618774	47.26779938	13.33159161	35.32262039	
268.15731812	48.08465576	13.27555561	35.75979614	
266.81942749	46.77467346	13.14099693	37.25506973	
265.6494751	45.73386383	12.78002453	36.7462883	
264.51211548	45.03913116	12.62298393	37.05210114	
262.54922485	45.04999924	12.78639698	36.60710907	
261.28231812	44.71126556	12.98418617	38.37611008	
260.51034546	44.77796555	13.02861786	39.38481903	
258.67660522	44.59193039	13.58002472	40.25104523	
258.24789429	44.19647217	12.93461323	40.71751022	
257.23101807	43.63555145	13.10395622	42.72664261	
255.24360657	44.74299622	13.1727047	41.50087738	
254.23654175	44.69248581	12.53908062	40.04732513	
252.36909485	46.03367233	12.1767664	39.57054901	
250.55273438	45.81059265	12.49654293	39.69200897	
249.93400574	45.17478943	12.65932846	39.71060181	
249.67036438	45.56030273	12.22738266	37.99344635	
248.69766235	46.19022369	12.45023632	37.9083786	
247.82302856	47.23011398	12.19331264	36.76573944	
246.81282043	47.12126541	12.28161526	35.53194046	
245.77026367	48.12538528	12.18919373	33.61935043	
244.95883179	48.52756119	11.90921116	33.08797073	
243.57662964	47.18727875	12.36559486	36.03586578	
242.33288574	47.12866974	12.37783337	36.77698517	
241.27555847	46.16332626	12.52398872	38.66461182	
240.13728333	46.29663086	12.58436775	38.98468781	
238.97001648	46.85068512	13.11879444	38.22045898	
237.56665039	46.89845657	13.01067066	38.40472794	
236.13529968	46.65503693	13.38555622	38.85868073	
235.16918945	46.09052658	13.19932365	39.23662567	
233.3527832	45.82096863	13.33240509	40.1302948	
231.98323059	45.9367981	13.13297272	40.03233719	
230.48840332	45.34064484	13.24942303	41.45297623	
228.95593262	46.08339691	13.32260323	39.56894684	
227.62890625	45.36349106	13.05523968	39.74919891	
226.59060669	44.10490036	13.13755512	41.35452271	
225.15531921	44.08179474	13.70856953	41.18191528	
224.02241516	43.79476547	13.79103088	40.55729294	
223.54647827	43.77786636	13.62235069	39.9367218	
222.49765015	43.477314	13.12599754	39.78707123	
221.45581055	43.3479805	13.20723915	40.27436066	
220.29391479	42.84521103	13.42902565	40.72353363	
219.31710815	42.42985153	13.43803692	41.43121338	
218.37301636	42.27279282	13.47835827	41.49691772	
216.9283905	42.18759918	13.96354961	41.87551117	
215.98666382	43.45479584	13.64238548	40.5674324	
215.17880249	43.53618622	13.59004688	41.23981857	
214.1385498	44.43707657	13.3558445	40.45722198	
212.83679199	43.26542282	13.29841328	42.82357025	
211.50749207	42.72916031	13.32923698	44.29272842	
209.81852722	42.02518463	12.99328804	45.01207352	
207.92935181	43.44414902	13.18638802	42.19672012	
206.91394043	42.73586655	12.80439949	42.18769836	
205.37142944	43.02241135	13.7628994	42.07988739	
204.17410278	43.58313751	13.43861103	40.29683685	
203.28765869	43.81241226	13.10873413	39.3494873	
201.90061951	42.88085175	14.01185322	40.65895844	
201.28552246	42.45079422	13.72021198	39.94352341	
200.46394348	41.69825363	13.5450058	40.76344299	
199.51615906	41.03466797	13.58186054	41.36636734	
198.35482788	41.39534378	13.96483612	40.88679886	
196.95202637	41.93461227	14.33141041	40.07669067	
195.89924622	41.58076859	14.32888508	39.81435394	
194.20617676	40.91977692	15.06314564	41.1884346	
192.84054565	41.5181694	15.24886322	40.61273956	
191.13601685	41.38637543	15.77148151	41.48571014	
189.27047729	41.31362534	16.07391357	41.74131012	
187.81442261	40.96689987	16.15676498	42.02873611	
186.50828552	40.9295311	16.14041328	42.05406952	
185.14828491	40.44437408	16.24902344	42.79720306	
184.48983765	39.76688385	15.89449024	43.81713486	
183.71699524	39.27696609	16.09256935	43.12545776	
182.61802673	39.34347534	16.52016449	43.89686966	
181.74533081	39.42520905	16.62827873	43.4489975	
180.78300476	39.37132645	16.9287529	44.1674881	
180.08088684	39.14483261	16.19062996	45.3392334	
179.17726135	38.88802719	16.34124565	45.37584686	
178.35223389	38.572155	16.25911522	45.67195511	
177.91348267	38.85474777	16.59939194	45.65269852	
176.93539429	38.65264893	16.31045723	45.54428864	
176.61274719	38.61279678	16.2293396	45.44582367	
175.83088684	38.42871857	16.3087883	45.47431183	
174.80819702	38.49315643	16.6213131	45.49752045	
174.05050659	38.5800705	16.73627853	45.02456665	
173.47868347	37.44707108	16.76342392	46.18572998	
173.16860962	36.81451035	16.97939491	45.72928619	
172.99954224	37.65356827	16.47786522	44.0180397	
172.64472961	37.19705963	16.75753593	44.8635025	
172.29284668	37.16405487	17.0229435	45.29862976	
171.57557678	36.37408829	17.29460907	46.39882278	
171.2772522	35.87937546	17.10104942	46.73990631	
170.70939636	35.56135941	17.40233231	46.70038223	
170.36624146	34.85482025	17.60960388	48.11293793	
170.29003906	34.83496094	17.47822189	47.08279037	
170.01916504	34.69627762	17.58692551	46.80896759	
169.90632629	34.39265823	17.30216599	47.45244598	
169.66567993	33.66023636	17.35261917	48.8125	
169.15731812	33.9030838	17.38542557	47.98786926	
169.10256958	33.75206375	17.1304512	48.12969208	
168.62617493	34.06534195	16.99953079	47.75114059	
167.79136658	34.24555206	17.21715927	47.64972305	
167.48080444	34.0524826	17.05852127	47.56279373	
166.91398621	34.05416107	17.08385277	47.40522385	
166.38967896	33.27318954	17.07109642	47.29334259	
166.48394775	33.39076614	16.40508461	45.96642303	
166.34759521	33.52279663	15.97947216	45.60227203	
165.54577637	32.9308548	16.25473022	46.16389465	
