32.0	21.0	36.0	48.0	
32.27760696	23.02074623	33.85819244	49.19311905	
32.75972366	24.9218483	31.87640381	50.60216522	
32.68553162	27.34912682	30.90529823	50.72846222	
32.35112381	29.2048378	30.26324463	49.71927643	
31.12535667	31.59037399	32.02651596	48.43435669	
29.73934937	32.68964386	34.26953888	48.56702423	
28.93143082	33.61027908	36.36504364	47.91913605	
28.85626602	34.12859726	38.99376678	46.83086014	
28.34112549	34.97343826	40.90855789	46.06342697	
28.69301224	34.71323395	40.49664307	46.78762054	
28.61951828	36.0842247	42.30086899	47.3470993	
28.71060562	38.16944122	42.11247635	46.44425201	
29.40147972	39.2412529	40.63239288	46.6607132	
30.42471695	40.14933395	41.8072052	47.72125244	
31.31864548	40.44420242	41.57026291	47.06224823	
32.81438065	41.11102295	41.76430511	47.15626526	
34.10756683	41.00992584	42.47380829	46.50270081	
35.79548264	40.22259521	43.10324097	46.25870895	
38.52495193	39.09323883	42.99820709	45.73390961	
40.23229218	37.75182724	43.19821167	46.19294357	
42.77820969	36.31362534	42.87909698	45.78380585	
45.86955643	35.65015411	42.85029984	45.05944061	
48.58396912	35.0086441	41.8715744	45.05667114	
51.29334259	34.3327179	41.12459564	45.20956802	
53.85214996	34.3060112	41.55784988	44.45269012	
55.43050003	34.3565712	38.94522858	44.4107399	
56.4171257	33.82912064	37.10327911	44.17689133	
56.58330536	34.18656158	37.2296524	44.61922836	
55.92707443	35.61284637	38.10237885	44.15028	
54.32930374	35.71031952	38.30987167	44.53036499	
52.85302734	37.24628448	37.15692139	43.03964996	
51.98381424	36.88169098	38.38101959	44.32738113	
51.1985321	36.98134232	40.71826553	45.71116257	
51.09760666	38.07711411	40.23682404	45.43940735	
50.75484467	39.38169098	39.97508621	44.88770294	
51.17004395	40.43146515	40.74723434	44.36301422	
51.62099457	41.17011261	39.37651062	44.37968826	
51.8550415	42.78940201	40.07492065	43.52120972	
52.10283279	43.758255	38.04374313	42.20552826	
51.71393967	45.1816597	39.16059113	42.41925812	
51.90674973	46.19283295	39.73490524	41.94692993	
51.63309479	48.11721039	40.64415741	41.40087891	
51.2429924	48.02430344	40.33033752	41.72511292	
50.5124321	48.80067062	40.42687225	42.01649094	
50.51659393	49.08602905	40.19963455	42.42214203	
50.17703247	49.61310577	41.55039978	42.78047943	
49.8756752	50.31069946	41.247612	42.37220764	
50.17697525	51.22572708	41.83022308	42.97729874	
48.65071869	51.82252121	43.50684738	43.62084198	
49.57185745	52.82766724	43.66530609	43.75597	
49.65694046	54.30506516	44.02297211	43.47781372	
51.22768021	55.83705521	43.06160736	43.44992828	
50.1251564	57.4405098	44.08066559	43.50859833	
50.73104477	58.45727539	45.16920853	44.70320511	
52.40125656	59.42063141	44.00911713	44.7568779	
52.3404007	60.16275024	43.81576538	43.29011154	
52.75839233	61.61990356	42.28169632	42.72478485	
51.98598099	62.25654221	42.89919662	42.47603226	
51.59379959	62.51160812	43.84987259	42.76585388	
49.90980148	63.04334259	45.64738083	42.48252106	
51.50917816	62.54438019	43.84407043	42.72626495	
50.22352219	62.68062592	44.24090958	42.27114487	
49.15047455	62.48882294	45.54505539	42.45539856	
49.665802	62.30970383	44.67974091	42.47420883	
49.65823364	62.68775177	44.35746002	42.5830307	
48.0106926	62.03063202	45.29706573	42.53713226	
47.65244293	62.38174438	43.60894775	41.52193832	
47.14844513	61.75857544	45.11448288	41.88014984	
46.86202621	60.79777145	44.91476822	42.9821701	
47.61074829	60.2298584	44.35525513	42.2550087	
47.58798218	58.2514267	35.3670578	47.15608978	
44.96957397	59.36954498	45.37375641	43.08245087	
46.35552216	58.97616577	43.84011078	41.98938751	
45.70265198	58.16636276	45.02065659	42.63825226	
45.11135864	57.89657593	46.01744461	43.44057083	
45.26203537	57.40659332	46.35030365	43.17547607	
45.42870331	57.49151611	44.68771744	41.78299713	
44.5815773	57.50446701	45.76564407	42.84342194	
45.26316452	57.7141037	45.15396881	42.77011871	
43.99955368	58.01854324	46.49740601	43.06331253	
44.12730789	58.38217926	46.31221771	43.41689301	
44.16586304	59.37604904	46.71179962	42.35446167	
45.29474258	59.15175629	46.59859085	43.08185959	
45.42575073	60.50003052	45.77480316	42.80369568	
45.13213348	60.81843185	46.70078659	41.65149689	
45.9131546	61.44878387	45.50456238	40.95537567	
47.30142212	61.89684296	43.78916168	40.3168602	
46.5455513	62.09381104	43.06754303	38.89300919	
47.25836182	62.3547287	42.23882294	39.205513	
48.20447159	62.13708496	41.97063065	39.30387878	
47.38601685	62.04245758	41.12393951	38.15313721	
48.41916275	62.01603317	41.7806778	38.89434052	
47.88113785	61.71960449	42.20917892	39.40096283	
49.18336105	61.89743042	41.63994598	39.07791901	
48.09046936	61.66267014	43.58704758	38.99883652	
49.13787079	61.56574249	42.62661743	38.74095917	
50.54508591	61.8265686	42.39497757	39.24487305	
51.24724197	61.77191162	42.5751152	39.84282684	
51.70432281	61.42389679	43.74098587	39.88183975	
53.81563187	60.80660248	43.40894699	41.98710251	
55.51500702	60.54786301	43.46635056	43.60047531	
57.42376709	61.34931564	42.61555099	43.02762985	
58.27430344	61.20569992	42.55487442	44.22265625	
60.28217697	60.84005737	40.80493164	44.67749786	
62.0923996	61.18894577	39.55578613	44.75084686	
63.24737549	61.31820679	38.7310524	44.41040039	
64.24855042	61.57142258	38.99056244	45.08287811	
65.12085724	61.25622559	38.66532135	44.98157501	
65.37164307	60.91268158	38.22683716	45.30600739	
66.23536682	60.83720779	38.81768417	45.50616074	
66.48101044	59.29157639	38.37214661	47.05400848	
67.08254242	59.04496002	38.89413452	46.29933929	
67.27130127	59.45573044	38.19654083	45.72277069	
67.80420685	59.1313858	37.91223145	45.49089813	
68.184021	58.26406097	37.54195786	45.91069794	
68.44095612	58.52779007	38.10737991	44.79191589	
68.67064667	58.24440765	38.15097046	44.56401443	
69.2587738	58.83238602	37.24291229	43.4087677	
69.65628815	58.09050751	36.84267044	43.57532501	
70.11914062	58.58327103	36.98843765	42.61036301	
70.70998383	58.0987854	36.34783936	43.57637024	
71.2658844	58.10774612	37.26155853	42.4005661	
72.26470947	57.87934494	37.39661407	42.97179413	
73.5236969	57.94983673	37.95171356	43.05369186	
74.81982422	58.05027008	39.37950516	43.14879608	
76.11862946	58.01430511	38.85443115	43.49435425	
78.00993347	57.90985107	40.3703804	44.74360275	
80.41018677	58.14458084	39.81232834	44.55318451	
83.11643982	58.99926758	40.12335587	43.98266983	
84.73155212	58.54368973	41.08045197	45.82662201	
86.44509125	58.43668747	40.57761002	46.21067047	
88.30903625	58.2714119	40.46197891	45.28572845	
89.48304749	57.85860062	40.95937347	45.89136505	
90.32746887	57.64747238	40.94780731	47.71074677	
90.91516876	57.98905182	42.20316315	48.00610352	
91.24737549	58.17946625	42.27909851	45.79211807	
92.90254211	58.36100388	41.65781403	47.08214951	
93.78503418	58.38939667	43.03307343	48.22027588	
94.52906799	58.30974197	41.56819153	46.49711227	
95.38537598	58.3345871	40.70134354	46.60787201	
95.91893005	58.46657181	41.14603424	46.39109039	
95.78196716	57.97050095	42.31165695	46.77310944	
95.66519928	57.82028198	42.02919388	46.84611511	
96.06139374	57.87415695	42.57499695	47.00283813	
96.58808899	58.65969849	41.98975754	46.48140335	
97.06664276	58.58370972	41.94105148	47.08972168	
97.24699402	58.33856201	41.34780121	47.25101471	
97.94535828	58.0447197	41.90864182	47.72358322	
98.30738831	57.97491455	42.21495819	47.99625397	
99.69741058	57.51409912	40.98404312	47.53928757	
100.10838318	56.92998505	40.84257889	47.38156891	
100.47419739	56.52853394	41.39903641	47.82160568	
101.81282043	55.76922607	40.77928543	47.85343552	
102.6097641	53.92998505	41.61710739	48.12511826	
104.07281494	54.76964569	40.90587234	47.27068329	
104.8211441	55.31933594	41.42934799	48.27959442	
105.34220886	54.15575409	41.20137787	47.54340744	
105.15763092	53.2571907	43.2114563	48.13833618	
105.75682068	53.36780548	44.2922287	46.52863312	
106.75498199	53.08721161	42.86108017	45.72032166	
107.42061615	53.21190643	43.28714752	46.06583023	
107.09892273	53.18035889	42.08547974	45.62132645	
107.0337677	52.63224411	41.78026199	45.92336273	
106.60152435	52.44135284	41.60468674	45.46537018	
105.95188904	52.24497223	42.670784	46.35189819	
105.77778625	51.9569397	43.16680908	46.49614334	
106.25439453	53.34039307	42.41681671	45.1228714	
106.45422363	53.14571381	42.18457031	45.24126816	
106.03849792	52.9482193	42.19486618	45.08615875	
106.2401123	52.3596077	43.36847687	45.54177094	
107.34690094	52.51779938	44.2012825	45.71617889	
108.65358734	52.53815842	42.92218018	45.62886047	
109.23179626	53.28531647	42.76563263	45.38247299	
111.22865295	52.17880249	42.41490936	46.32344818	
112.48657227	52.39973068	42.72257614	47.17266846	
113.73421478	51.20465851	44.52569962	48.39884186	
115.25193787	51.16684723	44.3560791	48.52537537	
116.83172607	51.4331131	44.59532166	48.14662933	
117.93513489	51.66036224	45.00321198	47.35695267	
118.94017029	51.33835602	45.1352005	47.24090576	
119.4299469	50.43546677	46.62546539	47.37293243	
120.66674805	50.49675369	44.92222214	45.98053741	
121.93334961	49.80025482	45.57663727	46.93066406	
122.54679871	49.87432098	43.74901581	46.58145142	
123.00578308	49.79682159	43.59012222	46.96679688	
123.43281555	49.77750015	44.30632782	47.45123672	
123.08378601	49.71466827	44.0349617	47.44192886	
124.26092529	49.78119659	44.39890289	47.21143723	
123.30487061	49.53524017	44.80162811	47.45872498	
123.32884216	49.76613617	44.72298813	47.53873444	
123.05506897	49.46291351	44.1489296	47.50482941	
123.11289215	49.06116486	44.9662323	47.3290329	
123.07096863	48.78636551	45.80014801	48.28007507	
123.14994049	48.60176849	45.65796661	48.00702667	
122.96517181	49.7137413	43.86075211	47.42372894	
123.05583191	48.82341385	45.48991013	47.11891937	
124.84362793	49.74355316	44.28234863	47.22845459	
124.75476074	49.58596039	45.43336868	47.00924683	
126.00099182	49.74162674	46.00078583	46.89302444	
126.33087158	50.52920532	45.5947876	46.34650421	
128.29386902	50.50756836	45.75994873	45.86090851	
130.38908386	50.56490326	44.47034454	45.79987717	
130.83595276	50.58669281	44.81241989	46.40529633	
131.33084106	50.33945847	46.84000397	48.47881699	
133.16038513	50.93167114	45.07152176	49.49822235	
132.60110474	50.67103195	45.17224503	49.10964584	
132.40939331	50.7604599	47.10725784	50.51080704	
133.44744873	51.01438522	46.12274933	50.24153519	
132.51301575	50.54351044	47.3608284	49.1608696	
133.29917908	51.84108353	46.52389145	51.53803253	
132.92805481	50.86494064	46.42342377	50.32868195	
133.19104004	51.25798416	45.58794403	50.08864594	
133.26596069	51.04324341	46.31229401	50.80419159	
133.61087036	50.97901535	46.25288773	49.92867661	
133.90921021	50.42413712	46.51698685	48.65187454	
135.89709473	50.93370438	44.88730621	49.48613358	
137.24610901	50.75769806	44.47524261	49.66386795	
138.53425598	50.64995193	44.7232666	50.57925415	
139.32411194	50.51635742	45.59072113	50.70535278	
140.19062805	50.66417313	45.87064362	50.90804291	
141.50569153	50.66562653	44.54951096	50.97757721	
141.65817261	51.41701126	44.9629364	50.54361725	
142.01449585	51.67354584	46.78206253	51.56539154	
142.54130554	52.32489014	46.30820465	52.36325073	
142.50805664	51.52054977	47.3044548	53.03569794	
142.86001587	53.74342728	45.1137619	51.41481781	
143.04588318	53.6579361	44.92236328	51.14419174	
142.27713013	53.68061066	45.4472084	51.35490036	
141.75198364	53.00736237	45.79136276	51.65626907	
141.63760376	52.77187347	44.70862961	51.36791229	
140.47793579	51.30588531	45.88059235	52.01333618	
136.37190247	49.70653534	45.89542389	50.80412674	
137.02218628	49.56352234	46.69742584	51.15003586	
136.23361206	50.25792313	47.05725861	52.24990082	
136.6870575	50.24842072	46.23670578	52.21918488	
137.77101135	51.14871216	44.44864655	51.28245163	
137.81312561	50.95056915	45.10407257	51.7042923	
138.05618286	50.54957581	45.63912964	52.62921906	
137.5801239	50.83626175	46.22105408	52.45483398	
138.03514099	50.88021088	46.5005188	53.23741913	
137.9848938	50.45586395	46.68437195	52.27005768	
138.30912781	49.99383545	47.0540657	53.82566071	
137.68887329	49.19693375	47.52235794	51.89435959	
138.48982239	48.96973038	47.71702957	52.39941406	
140.23652649	48.26218796	45.25922012	49.52630234	
140.81364441	48.20397949	45.17238235	50.07880783	
140.93481445	47.55329895	45.76143646	49.46575928	
141.59342957	47.41490555	46.48230743	50.26906967	
142.85018921	47.30011749	45.49644852	49.53336334	
143.52810669	47.94642258	45.16309357	49.90767288	
144.14559937	48.22853088	45.95039749	49.84801483	
146.5456543	49.75714874	47.01848984	50.50640869	
146.22477722	49.7920723	47.23877716	49.90377045	
147.50221252	50.67739868	45.64561081	49.03514862	
148.10804749	51.32363892	45.96508026	49.24663544	
152.58686829	53.65989304	34.27571869	45.70098877	
148.61065674	53.18610382	44.39688873	48.65238571	
147.48779297	53.06064606	45.64191818	49.225811	
148.12467957	53.93834305	44.84857178	49.05857468	
148.07598877	54.27658081	45.25522995	49.41771317	
147.89875793	54.56425858	45.43700409	49.336689	
148.66870117	56.25068283	43.73514938	48.51509476	
148.24197388	60.76685333	44.50532913	46.5154953	
146.8235321	61.49974823	45.18874359	46.86185455	
147.20773315	62.11952972	44.40943146	46.51114655	
148.26309204	63.17287064	42.70643616	46.47446442	
147.41838074	63.78010941	43.51822281	47.83063507	
146.48155212	63.6636467	44.12436295	48.9955368	
146.1027832	62.70049286	44.57219696	48.84501266	
145.50123596	61.45541382	45.15937805	48.27896881	
145.98918152	60.60668945	44.91363525	47.90535355	
145.68869019	60.84975433	43.95998383	47.24768448	
146.42036438	61.70339203	44.75762939	47.03613281	
147.60531616	62.36844635	44.09898758	45.61415863	
148.3354187	62.96343994	43.56887054	45.55445862	
147.9173584	62.30634308	44.07071686	45.66993332	
148.22033691	61.6116333	43.25548553	44.66477203	
143.37924194	48.65918732	44.96298218	51.20806885	
144.0514679	48.481884	44.15169907	49.27305984	
144.23381042	48.46182632	45.14870453	50.05687332	
143.29376221	48.54154205	46.92443085	50.65007019	
144.44714355	48.77647781	46.44432831	51.9208374	
143.3039856	48.79224777	47.13711548	50.91776657	
142.92456055	49.09541702	47.86446381	52.80866241	
141.04118347	50.39131927	47.37921524	53.1631279	
139.79399109	51.00016785	47.36019135	53.92272186	
135.62002563	51.44426727	47.63100052	52.70719528	
131.46557617	51.74068069	48.13918304	53.10662842	
125.34181976	51.01847076	51.86690521	50.76775742	
123.7395401	50.61889648	47.78591919	48.43723679	
119.99067688	49.07429886	47.05542374	48.57526779	
119.43049622	48.35172272	46.56623077	47.65092087	
119.99104309	48.56864166	47.54104996	47.46297073	
123.59918213	49.37540436	46.44449997	47.98806381	
125.33015442	48.83144379	45.52661514	47.3010788	
125.2179184	46.9940567	46.08084869	47.55217361	
124.91371155	46.56987381	47.84634399	49.57172775	
123.87502289	45.61548996	47.81407928	47.82216644	
123.46500397	45.73413467	46.08218765	46.43799591	
122.14461517	45.87214279	47.95301056	47.00687408	
121.40635681	46.11080551	47.93918228	47.8492012	
120.94539642	45.8302536	47.54620361	47.33723068	
121.57215881	46.49544525	46.63034058	47.89400482	
122.75582123	46.32064056	47.10199738	48.54161072	
123.22348785	46.92192841	46.36121368	48.64502716	
123.93064117	46.85279083	47.07474518	49.53602219	
124.76885986	47.15061951	47.59700394	49.4225235	
125.19264221	47.65795517	47.31384277	48.46590424	
125.66483307	47.63991547	47.97270966	48.78325653	
127.31508636	47.82621765	48.76697922	49.46638107	
128.21652222	47.64037323	46.48865509	46.92433929	
128.44346619	47.741539	45.30475616	45.71398926	
130.16421509	47.36782837	45.52833939	44.74653244	
131.48208618	47.91199493	44.73674774	45.6456337	
132.06045532	47.84946823	44.03744125	44.15467453	
132.34011841	47.77397919	44.93345642	43.78665161	
132.46513367	47.85118866	44.53755951	43.49549866	
134.51907349	47.54586411	42.78047943	42.89331818	
136.53140259	47.21625137	41.91500092	42.27368927	
137.06939697	47.02219772	41.22372055	42.0860405	
136.95491028	47.10334778	41.41880035	41.9044075	
135.88278198	47.39416504	41.55649185	42.89031219	
135.69107056	48.17150879	40.20313263	42.99597168	
135.734375	47.39661789	40.87745285	42.20996094	
135.28414917	48.11750412	40.77907562	42.92842102	
136.51142883	48.80290604	39.35314178	42.7158432	
136.78736877	48.15753555	39.70027924	41.91618729	
137.64154053	48.60728836	38.52950287	41.7710495	
138.92755127	48.94324493	38.72045135	41.27477264	
138.85322571	49.38612366	38.43846512	41.61692047	
140.03453064	48.98513031	38.85192871	40.82255936	
139.47068787	49.82648468	38.22873688	41.82706833	
140.41378784	48.86560059	38.42731857	40.10042191	
140.58061218	50.16028976	37.60872269	41.75516891	
140.54653931	48.99747467	38.25999832	41.32431793	
140.33657837	48.102211	38.16078949	40.9317627	
139.69137573	48.64823532	37.54238892	42.12050247	
139.38685608	46.86621094	38.22993088	41.6916275	
139.39762878	46.43013	38.00971603	41.79970551	
139.52238464	45.65711212	37.48244476	41.81917953	
138.95770264	45.64091492	38.20835876	42.55686188	
139.3808136	45.81879807	37.61525726	42.00079346	
140.12399292	45.99440384	36.3971405	40.65354919	
141.05355835	47.28286743	35.23083878	39.87187958	
140.84957886	48.5358696	35.51689529	39.77496338	
143.83207703	47.3307724	29.409235	39.21237183	
142.99282837	48.93466949	35.35540009	37.8363266	
143.29795837	48.19164276	36.74927902	39.68660736	
144.2477417	47.71218109	36.46982956	38.0285759	
143.21636963	47.94138336	37.36161041	37.94976044	
143.62966919	47.89200974	36.28038788	38.18255234	
143.95779419	46.986763	36.18680573	36.47313309	
143.50622559	46.46016693	36.05671692	36.64739227	
143.52908325	46.68572617	35.51813126	36.56321335	
144.20458984	46.52370071	36.24188995	35.3949852	
143.7406311	46.58691788	35.94080734	36.29299927	
144.81039429	46.27051926	35.15275574	34.57518005	
144.5941925	47.16168976	34.56993866	36.06129837	
144.74209595	47.35327911	34.43920135	35.6276474	
145.64883423	47.05478668	34.2053299	34.64658356	
144.45722961	47.63198853	35.00539398	37.06077194	
143.6723175	48.53314209	34.82644653	38.3847847	
144.27133179	47.15269852	35.66634369	36.15550995	
144.44529724	47.59937286	35.52483368	36.30854416	
144.16950989	47.73649979	35.86017609	36.16330719	
144.03796387	48.45092773	35.22880173	37.16887283	
144.94364929	48.98760223	33.1919136	36.50621414	
144.05645752	48.17719269	34.37482834	36.35382843	
145.03846741	48.13701248	33.72441101	35.24094772	
144.59538269	47.99988556	34.30805206	35.42352676	
144.45849609	48.01210403	33.99718475	35.11460876	
144.20236206	48.69074249	32.78926086	36.9141655	
144.33277893	49.14026642	32.66706085	37.67288971	
143.72671509	49.43225861	33.06910706	38.62075043	
142.48522949	49.38607025	33.79408646	38.81872559	
142.08337402	50.04219818	34.20652008	39.32756424	
141.14733887	49.30446243	35.57373428	39.330513	
140.2371521	50.20920563	35.1584053	40.30242157	
138.54330444	49.41887283	37.29590607	40.70144272	
137.61859131	49.39838409	38.86023712	41.8969841	
135.63322449	49.49736404	40.97009659	42.56998444	
133.47697449	50.0803833	41.37011337	44.30144501	
131.77922058	50.01785278	42.69477844	44.54042816	
131.6862793	50.87413788	41.45782852	44.70860672	
129.85804749	51.11184692	42.92009354	45.623909	
128.36587524	50.99726486	43.92636108	46.16570282	
125.39668274	50.08975601	47.59667206	47.45884323	
125.40608978	50.62819672	46.91576385	47.86594391	
124.35311127	50.68871307	47.24951172	48.45337677	
123.83021545	51.44423294	45.87194061	47.86307526	
123.36773682	51.23164749	46.84368134	48.07534409	
123.77099609	51.61850739	46.06414032	48.56624603	
121.64045715	51.19702911	49.22863007	49.11453629	
121.22770691	51.93972778	48.12643433	48.28144836	
121.14649963	52.01200104	49.26205444	49.41201782	
119.54026794	52.06301117	48.50844574	48.0022316	
118.38615417	51.04378128	49.80611038	48.74103165	
118.7217865	51.94168091	48.91548538	49.11856842	
117.55480957	51.1470108	49.07500076	49.23138428	
116.8228302	51.89077759	49.49931717	49.740242	
115.76643372	52.26647186	47.99497986	48.31211472	
114.57011414	51.237854	46.88485718	47.87751007	
113.70426941	51.11620712	47.58289337	48.8500824	
112.51167297	50.84300613	47.79588699	48.33675003	
111.63645935	51.4723587	45.9674263	47.18972015	
109.92431641	51.09131622	46.86381912	47.66874313	
108.19467926	51.36864471	46.80831146	47.246521	
107.95976257	50.64639664	45.1206665	46.64705658	
107.58082581	51.38021851	44.83104324	46.83974838	
105.68086243	51.35131836	45.31246948	46.27025604	
104.1101532	50.94298553	46.09018707	46.79036331	
104.33288574	51.65940475	43.48339462	45.80931854	
104.48240662	51.6187439	43.00148773	45.9421196	
103.80989075	51.49246979	42.70376205	46.05735397	
103.33699799	51.60455322	42.39624786	45.93707657	
103.41727448	51.3096199	42.2628746	46.22055817	
103.18275452	52.09914398	41.19542313	45.87812805	
103.41151428	51.04037857	42.75769806	46.59336472	
102.68211365	51.44861603	43.06021881	46.19049072	
103.01983643	51.47446823	41.90719223	45.33562088	
102.16690826	51.54991531	42.41558838	45.0259285	
102.17549133	51.90752029	41.60816574	43.91904068	
105.32914734	52.60048676	34.23525238	45.64708328	
106.42121887	55.24570847	33.65425491	44.87241745	
103.01151276	54.54277802	40.81682587	42.51885605	
103.94138336	53.91883469	37.86371613	42.477005	
104.42163086	54.07899857	38.0524826	44.4291687	
104.32619476	54.25647736	37.1307373	44.60786819	
104.16758728	54.28433228	36.39052582	44.34775543	
103.8208847	54.00081635	36.07982254	44.86161804	
104.41023254	53.56432343	35.5338974	45.70436859	
103.74168396	54.69319916	35.36555099	44.37482452	
103.74424744	54.63505936	34.94612503	43.99200821	
104.34698486	54.63692474	35.00728607	44.75521088	
103.75617981	55.21347809	34.82444	43.47057343	
104.15583801	55.04589844	35.1781311	43.97600555	
104.69502258	55.60020828	34.82213593	43.81336212	
104.47015381	56.33435822	35.08375168	43.55421066	
104.82933044	56.480793	35.16174316	44.14694214	
104.87976074	56.7955246	35.08970642	44.16836548	
104.57051849	57.01795578	35.4822464	43.97297287	
104.74086761	56.33154297	35.5302124	44.26026154	
105.11604309	57.51951981	35.34194565	43.30442047	
105.6519165	57.42808914	35.04163742	42.99020767	
105.25093079	56.29091644	35.68172455	42.46881866	
107.15515137	51.80098343	31.16885757	41.55854797	
108.92696381	59.82125854	29.67254639	39.56346512	
114.07099915	61.88967133	29.4103756	39.21390533	
136.40939331	68.08396912	29.1831398	38.91091919	
140.0324707	60.23137283	29.54112625	39.38823318	
141.04719543	56.10747528	30.09750938	40.13007736	
136.78314209	58.22301102	30.8690033	41.158741	
141.46696472	59.79562378	31.34881973	41.79849625	
148.94677734	61.61974335	31.65639687	42.20859909	
156.75798035	55.53295135	32.19037247	42.92057037	
173.92370605	51.50252533	32.31105804	43.08147812	
191.06898499	55.33855057	32.91303253	43.88410187	
191.27563477	52.9401741	33.3619957	44.48271942	
200.64678955	51.83476639	33.20964813	44.27958679	
198.42619324	46.54420471	33.12203217	44.16276169	
198.90475464	44.98459625	32.46410751	43.28553009	
201.87770081	46.87670898	31.56739426	42.08991241	
201.74026489	53.02978516	31.80987167	42.41321564	
202.41177368	48.49924469	32.00711823	42.67621231	
201.80648804	48.65948105	30.96307373	41.28414917	
202.93612671	50.83024597	31.43850136	41.91805267	
201.74057007	47.18519592	31.52243996	42.02996826	
200.51750183	51.33271027	31.67290688	42.23059082	
201.56082153	47.58867645	32.68925858	43.58572006	
201.20988464	44.37808228	32.74483871	43.65982819	
200.88183594	50.44187164	32.56278229	43.41708374	
201.89144897	46.60764313	32.32699203	43.10269928	
202.35165405	48.75746536	32.26438904	43.01922607	
201.32299805	48.15035629	32.59000778	43.4533844	
201.16970825	45.86777878	32.24380493	42.99177933	
202.11454773	45.98683929	31.97147751	42.62867737	
201.73747253	46.30450439	31.81293297	42.41728592	
202.83886719	48.92227936	32.13970947	42.8529892	
200.31355286	46.47205353	32.70572662	43.60767746	
201.23890686	48.9018364	32.6717453	43.5623703	
203.02560425	47.85387421	31.60624313	42.14170074	
201.65744019	48.4587822	32.13424683	42.84569931	
201.19494629	44.45351028	34.22997284	45.64000702	
199.89149475	45.26589966	33.82120514	45.09498215	
199.89169312	42.78748703	35.29472733	47.05967712	
209.41757202	34.87981796	36.03568268	48.04761505	
208.54541016	43.34227753	36.15262985	48.20354462	
200.5007019	43.60269928	35.56417465	47.41893768	
200.13034058	41.94499969	36.23440552	48.31258011	
216.73471069	33.74291229	36.12212372	48.16287231	
213.30075073	41.11035538	35.34099579	47.12136459	
201.15475464	43.46201324	35.46432495	47.28579712	
204.24954224	38.53331757	35.51841354	47.35791779	
200.61300659	43.36467361	34.12990189	45.50656891	
200.15701294	54.4992485	34.61110687	46.14817429	
199.20791626	54.07213593	34.9090004	46.54536819	
199.44816589	49.74753571	34.99734497	46.66315842	
204.21157837	41.31511688	34.83185577	46.44251251	
202.51016235	44.10774231	35.40216827	47.20293427	
217.87199402	35.23794174	36.02824783	48.03770828	
202.6060791	43.09638596	36.59690475	48.79592133	
199.97433472	42.62113571	37.25438309	49.67255402	
210.81074524	40.92862701	38.69449615	51.59269333	
200.45922852	36.75689316	39.3764267	52.50194168	
199.28170776	36.97187424	40.38139343	53.84189606	
215.80375671	28.37903214	40.23035431	53.64051056	
225.03979492	25.30813217	40.61480713	54.15311813	
216.39651489	25.52230263	39.69012451	52.92020416	
203.11564636	36.72159958	39.2844162	52.37926483	
205.11540222	38.75214767	39.3271904	52.43629837	
202.53688049	39.30145264	38.45647812	51.27534866	
200.57289124	38.91753006	38.93913651	51.91889191	
199.20680237	41.85959625	39.45523834	52.60702515	
202.15673828	36.38194656	40.49960327	53.99951935	
203.50759888	36.89003754	40.90036774	54.53387451	
216.12214661	29.2333622	40.28375244	53.71171951	
215.58181763	46.84445953	40.51210403	54.01618576	
216.41860962	29.85407066	39.59408569	52.79215622	
218.84017944	42.54043198	39.63947296	52.85266876	
237.33413696	27.30281639	40.67487717	54.23321533	
238.3293457	37.63961792	40.79042816	54.38729095	
219.73031616	45.32909012	40.47333145	53.96449661	
200.03567505	40.02567673	39.03959274	52.052845	
204.20643616	35.28583527	38.75004959	51.66678619	
219.57730103	45.17113495	37.9185791	50.55815887	
200.68063354	42.33668137	36.39780045	48.53044891	
213.79476929	34.25347137	37.46237564	49.94987869	
218.65483093	32.98891449	38.32707596	51.10281372	
203.89715576	37.54840469	38.07141876	50.76193237	
205.14680481	41.91900253	38.56791306	51.42392731	
209.335495	49.07767868	38.51280975	51.35045242	
213.91069031	39.70798492	38.41662979	51.22220993	
210.25088501	44.70343018	39.1462326	52.19501495	
199.52267456	39.82618332	39.31757355	52.42347336	
235.77079773	19.90467072	39.60413361	52.80555344	
252.49917603	24.85170555	39.97178268	53.29575729	
242.37988281	38.97450256	40.19813919	53.5975647	
260.85702515	34.51296997	38.95754242	51.94342804	
248.14941406	33.4813652	39.98158264	53.30881882	
252.45158386	35.1360054	40.99752426	54.66341019	
251.3359375	10.93430042	42.94687653	57.26255035	
246.8163147	6.97799397	43.00592804	57.34128571	
233.49069214	30.74153709	43.21189117	57.61589813	
234.84841919	29.18346214	42.21775055	56.29036713	
226.27975464	19.67500687	41.50651932	55.34206009	
217.22241211	39.290802	41.45986938	55.27985764	
232.32577515	25.04985809	41.0365715	54.71546173	
234.66767883	25.33031273	42.23256302	56.310112	
243.38113403	11.14336586	41.8533783	55.80452728	
239.99035645	12.77969933	42.3335495	56.44475555	
256.05056763	18.73604202	42.26990891	56.3598938	
255.26870728	10.9647398	37.4542923	65.36705017	
254.27360535	0.0	38.965065	65.21392822	
255.26631165	0.0	37.74452972	65.44091034	
254.13650513	0.0	38.97574615	64.38543701	
254.98054504	0.0	38.29587555	62.96610641	
256.44787598	0.0	36.80378723	62.69274139	
255.53695679	0.0	37.63126373	63.92027664	
255.8581543	0.0	37.1989975	64.03913116	
256.30502319	0.0	36.49633789	62.3494072	
260.059204	0.0569621101	40.0881233	53.4508591	
252.69902039	0.0	40.18873596	63.29644775	
250.41072083	0.0	42.65871048	64.99279785	
252.74380493	0.0	40.24438477	64.6124115	
252.24606323	0.0	40.39304352	63.69309235	
250.86575317	0.0	41.79719543	64.87007904	
251.427948	0.0	41.27088928	65.05658722	
252.08789062	0.0	40.74222183	65.63149261	
251.34700012	0.0	41.57646561	66.60492706	
250.31655884	0.0	42.20010376	67.92866516	
247.84111023	0.0	44.68936157	67.77355957	
247.565399	0.0227197651	45.2252426	69.9814835	
247.60966492	0.0	44.83895111	67.28488159	
250.53459167	0.0	42.28727341	68.36352539	
250.25215149	0.0	42.56813431	69.01563263	
247.76049805	0.0	44.85738754	69.52404022	
244.763672	0.0294691082	47.88657	73.2835541	
244.62985229	0.0	48.37843323	77.92588043	
244.582031	0.0348546989	48.217659	74.4841919	
243.66255188	0.0	49.19685364	76.14659119	
244.51412964	0.0	47.94939804	73.62001801	
245.47897339	0.0	47.51919556	80.07016754	
242.69766235	0.0	49.47957611	76.02259827	
245.66226196	0.0	47.16624832	76.61891174	
244.82402	0.12594986	47.7558746	73.3518143	
245.95285034	0.0	46.51871872	71.87536621	
244.89904785	0.0	48.09290314	74.84654236	
246.52639771	0.0	46.28060913	73.79633331	
245.44265747	0.0	47.51050186	73.91703796	
246.30386353	0.0	46.41146088	70.90419006	
246.929657	0.186131865	46.4050255	74.5700531	
248.813156	0.026640892	43.8211823	69.6539917	
247.660156	0.0289114006	45.2766762	70.5113983	
247.54269409	0.26185855	45.72008514	70.41636658	
248.956787	0.155520245	44.0195885	69.818985	
247.55056763	0.0	45.74755096	72.20825195	
246.01297	0.0663469285	47.0602531	73.8991547	
247.296478	0.0425222404	45.722496	73.0835571	
245.2293396	0.0	47.17915344	73.14810944	
245.134735	0.0707870498	47.3236237	72.5447998	
244.82589722	0.0	47.8554039	73.09486389	
247.98677063	0.0	44.98096848	72.89424133	
245.66098022	0.0	47.27059555	73.39903259	
245.360443	0.0691843033	47.6990356	74.8837357	
245.07502747	0.0	47.65517044	73.81163025	
243.49264526	0.36986789	49.21118927	74.77789307	
246.40127563	0.0	46.65636444	73.04179382	
245.931717	0.234434322	46.9868774	73.3412552	
244.684174	0.0552076325	47.8979149	72.2976608	
245.398239	0.137452319	47.5715332	73.4923096	
244.90783691	0.0	48.19227982	75.01695251	
246.263962	0.15336819	46.9077682	73.0288467	
245.769531	0.0375471115	47.3238258	72.7075119	
246.78085327	0.0	46.19058609	71.15222931	
244.372955	0.138419539	48.4431381	72.223587	
245.83305359	0.0	46.84169769	72.95108032	
247.68637085	0.0	45.34581375	71.82992554	
247.26115417	0.26213741	45.79556656	74.12194061	
245.43855286	0.0	47.51637268	73.44403076	
245.928497	0.059340097	47.3406868	74.1230927	
245.88471985	0.53320086	47.21442032	75.02527618	
244.560883	0.0583679192	48.1741104	73.6951294	
245.48493958	0.0	47.3884201	73.28807831	
245.923187	0.0670194626	47.1253586	73.9645615	
244.88249207	0.0	47.81072235	74.63394928	
246.50439453	0.0	46.63421631	74.74134827	
247.214081	0.224982828	45.9898376	71.8220673	
249.50727844	0.0	43.69496155	69.04151917	
246.980927	0.0771196336	46.1840401	71.980423	
245.89517212	0.35134965	47.30324173	72.87391663	
246.918045	0.181127742	46.3520584	71.1295929	
247.022247	0.0516668335	46.1992188	71.1118774	
246.69560242	0.57628649	46.73710251	71.59473419	
245.574265	0.0657777786	47.4569855	72.7230453	
247.225754	0.120649621	45.9958649	69.6488953	
245.73300171	0.0	47.16872787	71.23405457	
245.271576	0.0239978787	47.4206848	72.0099335	
245.449738	0.0328329094	47.4896545	72.2187881	
244.050095	0.182443231	48.8560333	75.0856857	
245.261185	0.0111824032	47.4332542	71.8868637	
243.976364	0.142231748	48.696537	74.8770599	
244.064743	0.026371574	48.8552475	76.3440323	
245.029144	0.015048027	47.9654083	75.3459015	
245.47817993	0.0	47.44155884	73.18888092	
244.463455	0.101616099	48.4375267	74.2028046	
244.656494	0.0622716919	48.0213661	74.4281921	
243.738922	0.0312313084	48.9693947	74.5084534	
243.883224	0.0244813915	48.6308517	72.7309113	
246.19454956	0.73277414	46.76169586	75.68264771	
249.42855835	0.0	43.40119934	73.66243744	
244.834869	0.04484253	48.1748886	74.9847107	
247.849243	0.0986402482	45.3646698	72.3883438	
246.390305	0.0440343842	46.5771713	70.0195694	
245.686111	0.192610934	47.4145126	71.7175674	
245.3392334	0.0	47.52356339	74.41892242	
244.01223755	0.0	48.67928696	74.20814514	
245.271683	0.105117798	47.6883507	71.3889313	
246.60298157	0.37311953	46.52412033	72.79038239	
246.087128	0.0938684493	46.8047218	72.7669067	
245.461884	0.0263414383	47.300148	73.1160278	
244.273148	0.155742079	48.7000732	75.4813004	
244.664307	0.0346847549	48.1246147	72.9372406	
244.538864	0.0824058503	48.1646194	72.9413147	
245.70402527	0.0	47.10499191	73.81835938	
244.223846	0.174631506	48.2528076	72.5633163	
244.8164978	0.0	48.02431107	75.13108063	
245.683441	0.209513277	47.5208664	75.0974274	
246.20776367	0.0	46.9888916	73.49986267	
244.8717041	0.0	47.82836533	72.27368164	
244.723877	0.143799216	48.2511749	74.2673798	
242.73066711	0.0	49.88573456	75.95123291	
242.97338867	0.0	50.09234619	79.26786804	
242.865067	0.0151918409	49.9612045	77.6680603	
244.933838	0.231639862	48.1331863	75.1713715	
242.38085938	0.0	50.24996948	77.07420349	
243.7170105	0.0	48.80665207	74.70019531	
243.550613	0.101016425	49.0630112	75.6199722	
245.80647278	0.0	47.36685181	76.29776764	
242.77664185	0.0	49.9755249	78.46520996	
246.08374023	0.0	46.87396622	73.71842957	
246.05253601	0.0	46.93885422	72.17302704	
247.701141	0.0296104439	45.4662743	72.2801743	
246.22177124	0.0	47.00205231	73.05741882	
246.641968	0.0922042876	46.476635	72.3694839	
246.6114502	0.0	46.21799469	71.16397095	
246.48213196	0.50341189	46.57818604	72.58680725	
245.33158875	0.0	47.58511353	73.045784	
244.85482788	0.0	47.92056274	72.99216461	
244.139648	0.0351202004	48.9005928	75.753685	
244.82095337	0.0	48.07801819	73.0873642	
243.02200317	0.0	49.49728394	74.98517609	
244.582367	0.0241289139	48.451088	75.540451	
244.216705	0.0778846741	48.6191902	75.9827652	
244.47769165	0.65827483	48.26581573	75.55001831	
243.89465332	0.0	48.88192749	76.56144714	
245.303009	0.0640106201	47.8136635	75.452034	
243.10820007	0.2899521	49.59183121	76.02193451	
245.53186	0.0329605117	47.469368	73.5333481	
243.843674	0.0415887833	48.7671432	72.9393311	
246.895798	0.00167617796	46.0528793	70.411911	
246.549438	0.135753065	46.7433205	73.9539337	
242.916107	0.0794561356	49.6820068	74.6005859	
245.169342	0.0862510651	47.9545441	74.6306381	
244.32929993	0.0	48.34211731	75.15091705	
246.964996	0.0687683076	46.2391014	74.9753418	
245.585602	0.128496736	47.8110313	75.2905197	
244.576462	0.122401997	48.4339523	74.8871384	
245.866699	0.187237352	47.4299507	75.5041275	
243.308441	0.0535715111	49.4261169	74.5485077	
245.94673157	0.0	47.15058517	73.85955048	
245.91500854	0.0	47.21863556	73.68959808	
243.301926	0.0488147736	49.4507103	74.8782349	
245.72380066	0.0	46.96321869	72.342453	
246.64848328	0.0	46.50712204	77.42193604	
243.55793762	0.0	49.1657753	75.40551758	
243.670776	0.0895862579	49.1072655	76.1305313	
245.24739075	0.0	47.68916321	73.03482056	
245.900925	0.053606607	47.1837845	73.8593597	
243.951981	0.109248735	48.8738823	75.0597382	
244.331055	0.0914472565	48.386673	73.099968	
246.36044312	0.0	46.86696625	74.28678131	
245.313141	0.0567560196	47.7456627	74.647583	
244.640289	0.0545989983	48.2079506	71.3530121	
244.331497	0.0137910843	48.6469154	75.1907578	
